"","cond_A_cell1","cond_A_cell2","cond_A_cell3","cond_A_cell4","cond_A_cell5","cond_A_cell6","cond_A_cell7","cond_A_cell8","cond_A_cell9","cond_A_cell10","cond_A_cell11","cond_A_cell12","cond_A_cell13","cond_A_cell14","cond_A_cell15","cond_A_cell16","cond_A_cell17","cond_A_cell18","cond_A_cell19","cond_A_cell20","cond_A_cell21","cond_A_cell22","cond_A_cell23","cond_A_cell24","cond_A_cell25","cond_A_cell26","cond_A_cell27","cond_A_cell28","cond_A_cell29","cond_A_cell30","cond_A_cell31","cond_A_cell32","cond_A_cell33","cond_A_cell34","cond_A_cell35","cond_A_cell36","cond_A_cell37","cond_A_cell38","cond_A_cell39","cond_A_cell40","cond_A_cell41","cond_A_cell42","cond_A_cell43","cond_A_cell44","cond_A_cell45","cond_A_cell46","cond_A_cell47","cond_A_cell48","cond_A_cell49","cond_A_cell50","cond_A_cell51","cond_A_cell52","cond_A_cell53","cond_A_cell54","cond_A_cell55","cond_A_cell56","cond_A_cell57","cond_A_cell58","cond_A_cell59","cond_A_cell60","cond_A_cell61","cond_A_cell62","cond_A_cell63","cond_A_cell64","cond_A_cell65","cond_A_cell66","cond_A_cell67","cond_A_cell68","cond_A_cell69","cond_A_cell70","cond_A_cell71","cond_A_cell72","cond_A_cell73","cond_A_cell74","cond_A_cell75","cond_A_cell76","cond_A_cell77","cond_A_cell78","cond_A_cell79","cond_A_cell80","cond_A_cell81","cond_A_cell82","cond_A_cell83","cond_A_cell84","cond_A_cell85","cond_A_cell86","cond_A_cell87","cond_A_cell88","cond_A_cell89","cond_A_cell90","cond_A_cell91","cond_A_cell92","cond_B_cell1","cond_B_cell2","cond_B_cell3","cond_B_cell4","cond_B_cell5","cond_B_cell6","cond_B_cell7","cond_B_cell8","cond_B_cell9","cond_B_cell10","cond_B_cell11","cond_B_cell12","cond_B_cell13","cond_B_cell14","cond_B_cell15","cond_B_cell16","cond_B_cell17","cond_B_cell18","cond_B_cell19","cond_B_cell20","cond_B_cell21","cond_B_cell22","cond_B_cell23","cond_B_cell24","cond_B_cell25","cond_B_cell26","cond_B_cell27","cond_B_cell28","cond_B_cell29","cond_B_cell30","cond_B_cell31","cond_B_cell32","cond_B_cell33","cond_B_cell34","cond_B_cell35","cond_B_cell36","cond_B_cell37","cond_B_cell38","cond_B_cell39","cond_B_cell40","cond_B_cell41","cond_B_cell42","cond_B_cell43","cond_B_cell44","cond_B_cell45","cond_B_cell46","cond_B_cell47","cond_B_cell48","cond_B_cell49","cond_B_cell50","cond_B_cell51","cond_B_cell52","cond_B_cell53","cond_B_cell54","cond_B_cell55","cond_B_cell56","cond_B_cell57","cond_B_cell58","cond_B_cell59","cond_B_cell60","cond_B_cell61","cond_B_cell62","cond_B_cell63","cond_B_cell64","cond_B_cell65","cond_B_cell66","cond_B_cell67","cond_B_cell68","cond_B_cell69","cond_B_cell70","cond_B_cell71","cond_B_cell72","cond_B_cell73","cond_B_cell74","cond_B_cell75","cond_B_cell76","cond_B_cell77","cond_B_cell78","cond_B_cell79","cond_B_cell80","cond_B_cell81","cond_B_cell82","cond_B_cell83","cond_B_cell84","cond_B_cell85","cond_B_cell86","cond_B_cell87","cond_B_cell88","cond_B_cell89","cond_B_cell90","cond_B_cell91","cond_B_cell92","cond_B_cell93","cond_B_cell94","cond_B_cell95","cond_B_cell96","cond_B_cell97","cond_B_cell98","cond_B_cell99","cond_B_cell100","cond_B_cell101","cond_B_cell102","cond_C_cell1","cond_C_cell2","cond_C_cell3","cond_C_cell4","cond_C_cell5","cond_C_cell6","cond_C_cell7","cond_C_cell8","cond_C_cell9","cond_C_cell10","cond_C_cell11","cond_C_cell12","cond_C_cell13","cond_C_cell14","cond_C_cell15","cond_C_cell16","cond_C_cell17","cond_C_cell18","cond_C_cell19","cond_C_cell20","cond_C_cell21","cond_C_cell22","cond_C_cell23","cond_C_cell24","cond_C_cell25","cond_C_cell26","cond_C_cell27","cond_C_cell28","cond_C_cell29","cond_C_cell30","cond_C_cell31","cond_C_cell32","cond_C_cell33","cond_C_cell34","cond_C_cell35","cond_C_cell36","cond_C_cell37","cond_C_cell38","cond_C_cell39","cond_C_cell40","cond_C_cell41","cond_C_cell42","cond_C_cell43","cond_C_cell44","cond_C_cell45","cond_C_cell46","cond_C_cell47","cond_C_cell48","cond_C_cell49","cond_C_cell50","cond_C_cell51","cond_C_cell52","cond_C_cell53","cond_C_cell54","cond_C_cell55","cond_C_cell56","cond_C_cell57","cond_C_cell58","cond_C_cell59","cond_C_cell60","cond_C_cell61","cond_C_cell62","cond_C_cell63","cond_C_cell64","cond_C_cell65","cond_C_cell66","cond_D_cell1","cond_D_cell2","cond_D_cell3","cond_D_cell4","cond_D_cell5","cond_D_cell6","cond_D_cell7","cond_D_cell8","cond_D_cell9","cond_D_cell10","cond_D_cell11","cond_D_cell12","cond_D_cell13","cond_D_cell14","cond_D_cell15","cond_D_cell16","cond_D_cell17","cond_D_cell18","cond_D_cell19","cond_D_cell20","cond_D_cell21","cond_D_cell22","cond_D_cell23","cond_D_cell24","cond_D_cell25","cond_D_cell26","cond_D_cell27","cond_D_cell28","cond_D_cell29","cond_D_cell30","cond_D_cell31","cond_D_cell32","cond_D_cell33","cond_D_cell34","cond_D_cell35","cond_D_cell36","cond_D_cell37","cond_D_cell38","cond_D_cell39","cond_D_cell40","cond_D_cell41","cond_D_cell42","cond_D_cell43","cond_D_cell44","cond_D_cell45","cond_D_cell46","cond_D_cell47","cond_D_cell48","cond_D_cell49","cond_D_cell50","cond_D_cell51","cond_D_cell52","cond_D_cell53","cond_D_cell54","cond_D_cell55","cond_D_cell56","cond_D_cell57","cond_D_cell58","cond_D_cell59","cond_D_cell60","cond_D_cell61","cond_D_cell62","cond_D_cell63","cond_D_cell64","cond_D_cell65","cond_D_cell66","cond_D_cell67","cond_D_cell68","cond_D_cell69","cond_D_cell70","cond_D_cell71","cond_D_cell72","cond_D_cell73","cond_D_cell74","cond_D_cell75","cond_D_cell76","cond_D_cell77","cond_D_cell78","cond_D_cell79","cond_D_cell80","cond_D_cell81","cond_D_cell82","cond_D_cell83","cond_D_cell84","cond_D_cell85","cond_D_cell86","cond_D_cell87","cond_D_cell88","cond_D_cell89","cond_D_cell90","cond_D_cell91","cond_D_cell92","cond_D_cell93","cond_D_cell94","cond_D_cell95","cond_D_cell96","cond_D_cell97","cond_D_cell98","cond_D_cell99","cond_D_cell100","cond_D_cell101","cond_D_cell102","cond_D_cell103","cond_D_cell104","cond_D_cell105","cond_D_cell106","cond_D_cell107","cond_D_cell108","cond_D_cell109","cond_D_cell110","cond_D_cell111","cond_D_cell112","cond_D_cell113","cond_D_cell114","cond_D_cell115","cond_D_cell116","cond_D_cell117","cond_D_cell118","cond_D_cell119","cond_D_cell120","cond_D_cell121","cond_D_cell122","cond_D_cell123","cond_D_cell124","cond_D_cell125","cond_D_cell126","cond_D_cell127","cond_D_cell128","cond_D_cell129","cond_D_cell130","cond_D_cell131","cond_D_cell132","cond_D_cell133","cond_D_cell134","cond_D_cell135","cond_D_cell136","cond_D_cell137","cond_D_cell138","cond_D_cell139","cond_D_cell140","cond_D_cell141","cond_D_cell142","cond_D_cell143","cond_D_cell144","cond_D_cell145","cond_D_cell146","cond_D_cell147","cond_D_cell148","cond_D_cell149","cond_D_cell150","cond_D_cell151","cond_D_cell152","cond_D_cell153","cond_D_cell154","cond_D_cell155","cond_D_cell156","cond_D_cell157","cond_D_cell158","cond_D_cell159","cond_D_cell160","cond_D_cell161","cond_D_cell162","cond_D_cell163","cond_D_cell164","cond_D_cell165","cond_D_cell166","cond_D_cell167","cond_D_cell168","cond_D_cell169","cond_D_cell170","cond_D_cell171","cond_D_cell172","cond_E_cell1","cond_E_cell2","cond_E_cell3","cond_E_cell4","cond_E_cell5","cond_E_cell6","cond_E_cell7","cond_E_cell8","cond_E_cell9","cond_E_cell10","cond_E_cell11","cond_E_cell12","cond_E_cell13","cond_E_cell14","cond_E_cell15","cond_E_cell16","cond_E_cell17","cond_E_cell18","cond_E_cell19","cond_E_cell20","cond_E_cell21","cond_E_cell22","cond_E_cell23","cond_E_cell24","cond_E_cell25","cond_E_cell26","cond_E_cell27","cond_E_cell28","cond_E_cell29","cond_E_cell30","cond_E_cell31","cond_E_cell32","cond_E_cell33","cond_E_cell34","cond_E_cell35","cond_E_cell36","cond_E_cell37","cond_E_cell38","cond_E_cell39","cond_E_cell40","cond_E_cell41","cond_E_cell42","cond_E_cell43","cond_E_cell44","cond_E_cell45","cond_E_cell46","cond_E_cell47","cond_E_cell48","cond_E_cell49","cond_E_cell50","cond_E_cell51","cond_E_cell52","cond_E_cell53","cond_E_cell54","cond_E_cell55","cond_E_cell56","cond_E_cell57","cond_E_cell58","cond_E_cell59","cond_E_cell60","cond_E_cell61","cond_E_cell62","cond_E_cell63","cond_E_cell64","cond_E_cell65","cond_E_cell66","cond_E_cell67","cond_E_cell68","cond_E_cell69","cond_E_cell70","cond_E_cell71","cond_E_cell72","cond_E_cell73","cond_E_cell74","cond_E_cell75","cond_E_cell76","cond_E_cell77","cond_E_cell78","cond_E_cell79","cond_E_cell80","cond_E_cell81","cond_E_cell82","cond_E_cell83","cond_E_cell84","cond_E_cell85","cond_E_cell86","cond_E_cell87","cond_E_cell88","cond_E_cell89","cond_E_cell90","cond_E_cell91","cond_E_cell92","cond_E_cell93","cond_E_cell94","cond_E_cell95","cond_E_cell96","cond_E_cell97","cond_E_cell98","cond_E_cell99","cond_E_cell100","cond_E_cell101","cond_E_cell102","cond_E_cell103","cond_E_cell104","cond_E_cell105","cond_E_cell106","cond_E_cell107","cond_E_cell108","cond_E_cell109","cond_E_cell110","cond_E_cell111","cond_E_cell112","cond_E_cell113","cond_E_cell114","cond_E_cell115","cond_E_cell116","cond_E_cell117","cond_E_cell118","cond_E_cell119","cond_E_cell120","cond_E_cell121","cond_E_cell122","cond_E_cell123","cond_E_cell124","cond_E_cell125","cond_E_cell126","cond_E_cell127","cond_E_cell128","cond_E_cell129","cond_E_cell130","cond_E_cell131","cond_E_cell132","cond_E_cell133","cond_E_cell134","cond_E_cell135","cond_E_cell136","cond_E_cell137","cond_E_cell138","cond_F_cell1","cond_F_cell2","cond_F_cell3","cond_F_cell4","cond_F_cell5","cond_F_cell6","cond_F_cell7","cond_F_cell8","cond_F_cell9","cond_F_cell10","cond_F_cell11","cond_F_cell12","cond_F_cell13","cond_F_cell14","cond_F_cell15","cond_F_cell16","cond_F_cell17","cond_F_cell18","cond_F_cell19","cond_F_cell20","cond_F_cell21","cond_F_cell22","cond_F_cell23","cond_F_cell24","cond_F_cell25","cond_F_cell26","cond_F_cell27","cond_F_cell28","cond_F_cell29","cond_F_cell30","cond_F_cell31","cond_F_cell32","cond_F_cell33","cond_F_cell34","cond_F_cell35","cond_F_cell36","cond_F_cell37","cond_F_cell38","cond_F_cell39","cond_F_cell40","cond_F_cell41","cond_F_cell42","cond_F_cell43","cond_F_cell44","cond_F_cell45","cond_F_cell46","cond_F_cell47","cond_F_cell48","cond_F_cell49","cond_F_cell50","cond_F_cell51","cond_F_cell52","cond_F_cell53","cond_F_cell54","cond_F_cell55","cond_F_cell56","cond_F_cell57","cond_F_cell58","cond_F_cell59","cond_F_cell60","cond_F_cell61","cond_F_cell62","cond_F_cell63","cond_F_cell64","cond_F_cell65","cond_F_cell66","cond_F_cell67","cond_F_cell68","cond_F_cell69","cond_F_cell70","cond_F_cell71","cond_F_cell72","cond_F_cell73","cond_F_cell74","cond_F_cell75","cond_F_cell76","cond_F_cell77","cond_F_cell78","cond_F_cell79","cond_F_cell80","cond_F_cell81","cond_F_cell82","cond_F_cell83","cond_F_cell84","cond_F_cell85","cond_F_cell86","cond_F_cell87","cond_F_cell88","cond_F_cell89","cond_F_cell90","cond_F_cell91","cond_F_cell92","cond_F_cell93","cond_F_cell94","cond_F_cell95","cond_F_cell96","cond_F_cell97","cond_F_cell98","cond_F_cell99","cond_F_cell100","cond_F_cell101","cond_F_cell102","cond_F_cell103","cond_F_cell104","cond_F_cell105","cond_F_cell106","cond_F_cell107","cond_F_cell108","cond_F_cell109","cond_F_cell110","cond_F_cell111","cond_F_cell112","cond_F_cell113","cond_F_cell114","cond_F_cell115","cond_F_cell116","cond_F_cell117","cond_F_cell118","cond_F_cell119","cond_F_cell120","cond_F_cell121","cond_F_cell122","cond_F_cell123","cond_F_cell124","cond_F_cell125","cond_F_cell126","cond_F_cell127","cond_F_cell128","cond_F_cell129","cond_F_cell130","cond_F_cell131","cond_F_cell132","cond_F_cell133","cond_F_cell134","cond_F_cell135","cond_F_cell136","cond_F_cell137","cond_F_cell138","cond_F_cell139","cond_F_cell140","cond_F_cell141","cond_F_cell142","cond_F_cell143","cond_F_cell144","cond_F_cell145","cond_F_cell146","cond_F_cell147","cond_F_cell148","cond_F_cell149","cond_F_cell150","cond_F_cell151","cond_F_cell152","cond_F_cell153","cond_F_cell154","cond_F_cell155","cond_F_cell156","cond_F_cell157","cond_F_cell158","cond_F_cell159","cond_F_cell160","cond_F_cell161","cond_F_cell162","cond_F_cell163","cond_F_cell164","cond_F_cell165","cond_F_cell166","cond_F_cell167","cond_F_cell168","cond_F_cell169","cond_F_cell170","cond_F_cell171","cond_F_cell172","cond_F_cell173","cond_F_cell174","cond_F_cell175","cond_F_cell176","cond_F_cell177","cond_F_cell178","cond_F_cell179","cond_F_cell180","cond_F_cell181","cond_F_cell182","cond_F_cell183","cond_F_cell184","cond_F_cell185","cond_F_cell186","cond_F_cell187","cond_F_cell188"
"gene_1",232,6,0,0,5,849,60,0,0,139,311,0,55,2704,275,1,207,764,4,7,0,0,1828,0,4141,510,1,0,1,46,1476,0,254,173,117,0,8,23,0,0,0,55,1,1902,0,415,6,3,606,1,0,1,0,37,1,172,46,112,130,0,3,0,0,0,0,0,0,196,912,389,1316,1030,0,3435,0,0,17,5,4,0,31,3,0,403,0,0,749,746,38,29,0,2,1552,11,3488,1164,24,828,12464,397,802,2533,1162,374,2088,1271,10981,2518,112,606,951,1059,40,240,2,196,203,7,928,5478,3546,1158,205,1589,2434,5469,323,1876,969,70,1057,1,2965,2342,46,4586,1619,9821,2890,7739,1198,1211,785,13675,3977,716,5791,1019,22807,8505,14039,2318,970,4627,3389,1909,5342,540,3171,5,1692,11183,1350,1275,1655,3901,2687,6134,258,4318,3213,1262,88,8,18554,9064,1370,409,1877,1710,8067,86,4093,31847,1461,1221,62,809,13363,2496,1142,8870,17583,98,92,5,132,290,177,1247,1777,76,976,4078,2756,2520,3,300,1557,6631,875,118,1663,1116,173,57,19505,316,345,26,194,589,2573,7341,14339,199,2,299,1781,338,398,1782,163,4052,1010,11002,8,1236,110,2112,938,5839,2726,682,6838,3009,772,10016,2960,2800,0,1680,9116,364,1163,5,11679,792,284,5989,4660,109,0,55,578,513,1569,90,163,305,6,0,17649,12,11844,6,3,2498,374,2944,120,561,0,1409,119,4014,1493,29,0,1730,347,13,7,0,101,2156,1111,0,653,343,3656,767,8931,13,255,4,5179,7045,666,903,0,328,614,1077,1385,70,2881,12,0,16,62,0,16,40,333,406,0,228,347,1354,45,61,10038,296,0,66,1,656,1220,3775,72,2090,5,39,66,129,2747,3,154,251,6509,0,77,0,4,465,265,74,606,53,4346,694,1989,363,0,3660,275,8217,0,21,0,989,2937,951,0,1785,656,147,748,29,4492,6,14950,890,590,2943,1547,18670,3,1660,6,148,14900,8824,269,209,6968,1,111,0,1,270,167,716,465,76,614,4017,325,3951,274,9341,24476,170,1979,903,323,8461,58,320,579,0,568,4238,0,1079,2472,505,4142,658,61,1619,9460,17761,266,12018,10392,678,1052,176,31430,28,30588,19182,42,6900,9867,458,26904,26146,3485,3284,265,1384,3272,20532,161141,74633,55,4703,548,42828,95983,780,860,146,145,13405,35113,2248,32863,21,1732,10166,12113,189,6850,21584,47,445,103665,63687,4518,6070,22659,5,3168,2698,2271,3064,20733,127,1811,487,174,6523,191,19129,268,8,7547,1797,4858,830,14590,3250,21,122675,14959,3837,2014,79,40,8,550,204,33027,83068,298,1299,436,22,19520,117070,29076,17172,339,43692,20589,3924,200,12196,7,1348,19218,34504,11123,13590,12761,25043,1072,6461,344,682,93,10396,7016,7615,20109,4,162,186,8027,36283,2183,6390,51194,44409,8869,2270,123,45693,156008,33757,2533,72621,113269,1928,184,721,1,2673,127651,127425,11646,18034,6142,20676,5877,31151,1763,124504,139,22067,8351,1387,37644,2784,37687,0,2,6560,0,44763,568,915,5658,52516,2136,7066,1028,8790,27114,571,16126,12335,8190,11619,426,7367,5792,1478,555,1,37999,717,1042,124,3463,3333,13,0,747,460,10325,161,388,18809,484,473,16042,10760,81403,416,5006,13966,7675,869,14862,19410,13396,60,4584,10286,21775,4,58350,177912,7763,9278,0,96088,5498,2929,9,599,2571,745,43,1,137,25695,0,4267,23935,5992,9380,83630,1110,16743,140,157,754,5306,846,0,2804,66416,31418,37030,774,31989,884,4922,3270,15706,5127,3727,17109,1152,8245,58692,22162,7837,4,8601,0,5750,13429,12028,161445,159250,3089,56091,103596,2390,7703,66,1329,11750,7353,7376,15,847,657,1,1114,9085,6276,19865,1522,2897,19412,3626,57325,12956,10,5542,16237,1,17532,26209,10251,1,721,66,15328,2287,2068,7625,588,515,0,268,23,3626,180,5099,510,3359,4660,515,409,845,2063,6429,9295,26983
"gene_2",0,0,0,0,0,0,0,0,0,0,779,0,0,0,0,0,0,53,256,0,0,0,0,0,0,0,0,0,0,0,0,0,0,0,0,0,0,6,0,0,0,0,0,0,0,0,0,0,0,0,0,0,0,0,0,0,0,0,0,0,0,0,0,0,0,0,0,0,0,0,0,0,0,0,0,0,0,0,0,0,0,0,0,0,0,0,0,0,0,0,0,0,0,0,0,0,0,0,0,0,0,0,0,0,0,0,0,0,0,0,0,0,0,0,0,0,0,0,0,0,0,0,0,0,0,0,0,0,0,0,0,0,0,0,0,0,0,0,0,0,0,0,0,0,0,0,0,0,0,0,0,0,0,0,0,0,0,0,0,0,0,0,0,0,0,0,0,0,0,0,0,0,0,0,0,0,0,0,0,0,0,0,0,0,0,0,0,0,0,0,0,0,0,0,0,0,0,0,0,0,0,0,0,0,0,0,0,0,0,0,0,0,0,0,0,0,0,0,0,0,0,0,0,0,0,0,0,0,0,0,0,0,0,0,0,0,0,0,0,0,0,0,0,0,0,0,0,0,0,0,0,0,0,0,0,0,0,0,0,0,0,0,0,0,2,3,0,0,0,0,0,0,2802,0,101,3233,0,1632,0,0,0,0,1,2615,0,0,0,0,0,0,0,0,0,0,36,57,0,5,0,0,0,3373,0,0,4,0,0,3551,0,0,9,0,316,0,1,0,0,0,0,0,0,20,0,0,0,0,0,0,0,0,0,1006,0,0,0,0,4037,79,0,1,0,0,0,9,0,0,11855,487,2215,0,0,0,0,39,0,10,9,0,0,522,0,71,67,0,0,0,0,0,2587,0,45,0,1474,0,9,0,0,7,0,0,0,0,0,0,0,0,20,0,6,1,0,0,9,37,17,0,7,103,9,1,0,0,2,99,0,378,0,0,0,0,207,0,0,3722,0,0,0,0,0,0,0,0,0,2,0,0,2,0,0,0,7041,53,6314,655,25923,5,10268,1529,50530,22,35,611,35856,1,35941,5188,5750,10,1741,10,5,2581,254,73,601,17961,479,7743,327,79,1520,6747,14349,7104,1784,7,2728,0,0,1567,150,501,1336,0,3376,4,3498,4369,829,2,0,1,310,110,487,369,18,8422,618,49,22,1,11394,265,0,317,7080,364,1104,680,2312,3336,699,0,215,16120,1390,11771,1204,15,0,11,4171,2973,227,65,163,5756,0,0,1,7806,0,678,1,3069,0,4757,2434,120,63521,793,0,1437,953,15,8099,8880,320,0,7,7667,35714,4130,6534,301,8190,60,0,6394,1,74,296,540,2004,635,0,0,1605,442,3966,20,64443,3,12,120,2,4,73,10560,1340,3904,13217,20652,1675,7537,8625,681,7868,26922,722,0,369,2,5346,16785,20869,103,100793,4278,61,61077,19,403,20400,12764,12820,8691,3,12,14027,1060,2,14736,29969,29485,779,167,17709,1605,537,2530,27916,1369,790,19875,8,15577,79688,720,35501,7185,2164,29249,28555,18768,37438,6828,4216,330316,24,136986,38253,59614,61975,18740,1616,13,217,397,147,1052,20363,214,22107,5848,23915,107,0,418,2964,12039,3595,4513,6811,312,21178,0,1,77168,33,316,310,1,10779,1661,17491,229,0,41,3496,25723,2571,1852,17803,1666,5776,272,4464,5375,762,1092,26146,1526,1693,1836,66,10253,144958,7348,34710,563,4303,180792,40935,46093,3962,6572,5427,42954,110853,144275,71,109,3068,925,19766,1692,3626,10,16539,291,21112,2136,0,3122,5153,4462,10003,2754,26792,856,13222,3033,62498,3,1092,1075,1726,55524,213,1721,13851,1764,25,23985,2984,15848,55948,14595,54578,1000,2212,4125,9063,1114,49400,113309,41544,26450,11617,1,1,69641,1347,31228,737,90159
"gene_3",0,0,0,0,0,0,0,0,0,0,0,0,0,0,0,0,0,0,0,0,0,0,0,0,0,0,0,0,0,0,0,0,0,0,0,0,0,0,0,0,0,0,0,0,0,0,0,0,0,0,0,0,0,0,0,0,0,0,0,0,0,0,0,0,0,0,0,0,0,0,0,0,0,0,0,0,0,0,0,0,0,0,0,0,0,0,0,0,0,0,0,0,0,0,0,0,0,0,0,0,0,0,0,0,0,0,0,0,0,0,0,0,0,0,0,0,0,0,0,0,0,0,0,0,0,0,0,0,0,0,0,0,0,0,0,0,0,0,0,0,0,0,0,0,0,0,0,0,0,0,0,0,0,0,0,0,0,0,0,0,0,0,0,0,0,0,0,0,0,0,0,0,0,0,0,0,0,0,0,0,0,0,0,0,0,0,0,0,0,0,0,0,0,0,0,0,0,0,0,0,0,0,0,0,0,0,0,0,0,0,0,0,0,0,0,0,0,0,0,0,0,0,0,0,0,0,0,0,0,0,0,0,0,0,0,0,0,0,0,0,0,0,0,0,0,0,0,0,0,0,0,0,0,0,0,0,0,0,0,0,0,0,0,0,0,0,38,0,0,0,0,0,0,0,0,0,0,0,0,0,0,0,0,0,0,0,0,1,0,77,0,0,0,0,1,0,0,0,0,0,0,0,0,0,1325,0,0,0,0,0,0,37,0,0,0,0,0,0,0,0,0,0,0,0,0,0,0,0,0,0,0,0,0,0,0,0,0,0,0,385,0,0,0,0,0,0,0,0,0,0,0,0,0,0,0,0,0,0,0,0,0,0,0,0,0,0,0,0,0,0,0,0,0,0,0,0,0,0,5,0,0,0,0,0,0,0,0,0,0,0,0,0,0,0,0,0,0,44,0,0,0,2,0,0,0,0,0,0,0,0,0,0,0,0,0,0,0,0,0,0,0,0,0,0,0,416,0,0,0,0,0,0,0,0,2251,0,0,0,0,2,0,0,0,0,0,0,3675,0,0,0,0,0,0,0,0,0,0,0,0,0,0,0,0,0,0,0,0,0,3,0,0,0,0,0,0,0,0,0,0,0,0,0,55,0,0,0,0,0,0,0,101,0,0,0,0,0,136,0,0,0,0,0,9213,0,0,801,0,0,0,0,5,435,0,0,740,128,0,0,0,0,0,0,0,0,1691,0,0,0,9,0,247,0,0,0,0,0,0,0,101,0,41,0,5478,0,0,0,0,0,0,964,0,0,0,660,5,0,0,0,1230,0,1,0,477,243,73,0,0,0,0,0,41240,2204,32,974,709,12736,61664,17381,9096,3,53904,4278,1,18220,0,4248,26,145,9995,2724,64,552,117,1,202,5267,6,638,5081,24181,62699,1500,13180,2,94,1,731,46496,16,3460,1306,73,17796,4179,107,10,2392,925,4217,0,167,5419,171,200,0,18301,143,87,0,18948,2475,0,1404,0,3863,51,115,0,86,2189,132,1647,22345,0,44698,5,459,109,7364,199,12,0,10548,9,382,11791,37199,0,3377,180,0,4211,0,9632,619,2,0,11,195,6,0,772,12,1279,0,0,0,25,7355,12611,0,2231,13743,0,2565,89,159,18,2104,487,75,41422,1,1911,0,963,9,0,3,11,27,0,1,0,0,3025,0,255,10,955,16286,8642,2252,0,783,1,0,200,153,52,0,16,1061,2789,333,1882,0,5911,1689,0,49,3,1,359,50,353,72353,40,3,5,12471,114,46044,0,11353,7,409,353,602,6,59245,154,977,17,26118,306,22825,124
"gene_4",0,0,0,0,0,0,0,0,0,0,0,0,0,0,0,0,0,0,0,0,0,0,0,0,0,0,0,0,0,0,0,0,0,0,0,0,0,0,0,0,0,0,0,0,0,0,0,0,0,0,0,0,0,0,0,0,0,0,0,0,0,0,0,0,0,0,0,0,0,0,0,0,0,0,0,0,0,0,0,0,0,0,0,0,0,0,0,0,0,0,0,0,0,0,0,0,0,0,0,0,0,0,0,0,0,0,0,0,0,0,0,0,0,0,0,0,0,0,0,0,0,0,0,0,0,0,0,0,0,0,0,0,0,9,16,0,0,0,0,0,0,0,0,0,0,0,1,0,0,0,0,0,0,5654,0,0,0,0,0,0,0,0,0,81,0,0,0,0,0,0,0,0,0,0,0,0,0,0,0,0,0,0,0,0,0,0,0,0,0,0,0,0,0,0,0,614,0,41,2286,0,0,0,0,0,0,0,0,0,0,0,0,2110,0,0,0,76,5,1,0,0,0,4099,2540,0,0,5,208,1,0,0,0,0,0,22,0,0,829,0,211,0,1,0,0,1503,0,0,0,23,128,0,0,0,0,0,80,0,0,4,0,0,0,3,0,2853,31,1,2,0,0,1499,0,57,0,0,0,0,0,0,851,0,17,0,0,0,1591,2106,3865,0,0,5,0,11,122,107,0,2,0,3840,63,0,0,51,2036,1833,0,3,0,3,0,43,0,0,1485,0,4,2,0,0,0,284,9,0,0,0,3632,0,8774,6,5963,124,0,0,0,378,195,0,2371,517,0,8547,2,4643,0,4040,7,56,0,0,1,0,0,4682,1065,0,0,2374,4278,0,7023,0,0,0,0,0,0,0,8,661,9,618,97,0,0,399,48,0,0,38,5397,0,0,0,0,13282,0,0,0,12689,3,0,589,1,0,225,1,0,819,2904,0,52,0,3,55,33,0,2226,0,0,5,214,24,573,182,689,45424,0,0,431,0,0,0,1672,297,4186,0,0,0,0,1,230,1448,0,30220,37682,20798,43265,12265,3406,89196,14007,28230,6764,87554,41733,17074,24883,32116,4567,3390,2264,182631,1150,15132,246,31890,76571,2427,66259,2886,17253,18092,44550,26069,2287,13332,48200,134,949,115233,56867,86877,7317,3446,12982,42891,1683,5071,37304,30614,15596,32945,3926,25734,9788,17979,876,19525,56318,9981,14640,357,14202,105789,17631,24179,8370,22462,23758,30643,38274,5767,50002,48896,9576,7384,11142,8611,9958,29198,45053,3119,12951,44418,109704,9920,26987,3398,24891,44448,7770,3960,37778,44720,6480,21978,141857,24284,6716,21020,75655,10705,2201,21973,1577,28904,2632,18518,105,1738,21691,3044,136709,17929,195758,55304,54133,2955,574,10799,4740,3445,4187,550,2346,12722,80302,8205,51874,65391,16394,22477,23388,56841,44137,8177,60890,8608,59946,14475,18508,0,17647,9857,1094,111,968,10628,3069,5055,2882,827,785,14746,31,61,5,527,2472,4575,7580,1838,520,202,43366,3668,2637,865,47725,17292,24422,20087,487,7,2,571,6,18665,0,14090,3311,33091,1606,2217,603,13530,2991,64,6494,8721,8073,156,1040,10832,10021,34,347,2397,6017,10222,25608,7647,360,0,54521,1862,830,147578,221,6361,81,11643,7,7602,291,426,1020,36368,10,770,6,322,697,1988,13,2,3,181,139,479,65817,9288,20,37,7,24106,54,83023,1065,239,20881,4442,283,540,13932,0,26724,44,2569,5072,1385,100676,13078,79,82,656,21834,5,55,49955,7745,3186,10142,0,80608,8286,10290,50,7907,2154,7192,577,2821,777,35,4507,29,20344,27661,35228,7948,8309,366,4601,0,24268,16419,4484,3,8903,0,1434,12760,53,26,715,61600,3,6,138,2,1,10202,0,688,135,3616,384,12,2004,151,61759,318,36842,12,68,5713,379,41925,7077,936,19197,8749,548,0,637,2366,959,5691
"gene_5",199,2783,0,995,2,1,1,6,1191,0,82,60,1589,419,47,0,481,0,215,134,0,0,419,750,22,4,3,31,981,56,0,31,2,0,2551,3936,0,15,4,2,120,0,0,66,109,0,0,205,4,15,255,488,814,372,518,1,0,0,18,0,2,0,29,4,0,14,9,1353,0,0,0,134,4,118,0,1,0,28,0,0,0,147,0,21,0,273,118,3,303,0,32,0,0,0,53,658,551,4,23,1858,0,0,0,0,87,8,4,1,3,0,31,0,0,2516,400,0,48,64,0,0,437,186,2,5,0,0,3,19,13,437,0,130,0,34,0,60,86,1,3,261,8,8247,12,2589,2139,219,1,686,161,325,0,0,1062,4,0,0,2,233,491,0,81,3342,4253,543,0,0,1,0,0,0,5523,0,11,0,0,1348,129,0,0,0,0,0,0,0,1476,7159,40,0,9547,163,274,0,18,1919,0,14,35,1217,38,2,100,0,0,3744,6,3440,51,0,0,926,361,1511,130,0,0,203,887,986,99,2,178,1940,18,37,1069,0,1827,0,79,6113,34,0,0,3787,0,0,4,209,4092,10,93,6,4,41,0,3023,13,0,2854,6537,6,0,0,3,2,39,232,6,0,0,3,0,86,184,1,128,4,0,293,1,1555,0,18,0,819,839,4567,3,947,0,1170,1971,1830,1306,24,10670,461,1299,1740,1428,5199,1257,5473,2,56,9,57,2218,14,0,0,19,217,8,166,798,0,66,0,3261,34,11,0,56,3,8,51,91,1154,103,2,860,21,12,1207,42,3,2391,873,3,23,3,29,114,1,754,5,0,1837,54,9,8,9,4274,401,80,3939,0,0,405,24,0,553,5972,75,348,2,0,57,88,457,5658,10072,57,2,627,93,67,122,11,4,0,2221,4,6654,1,3094,1876,51,8368,27,614,420,0,81,38,0,8,2271,33,1793,1993,2,10,5864,0,0,11,1483,2015,8651,204,0,0,125,21,4,502,0,1061,31,2395,54,0,1813,2549,30,70,13684,0,2448,1333,222,24,0,0,4535,1,1157,0,2782,0,4781,1413,12689,378,1085,9704,822,3932,28232,0,2914,2858,1521,12765,13033,177,825,446,3163,198,165,3,84,3,343,9712,13931,153,4714,34,1430,1534,4,3774,157,1035,425,5207,21636,7368,5356,7824,10743,948,5028,5153,387,7071,29059,18088,10661,700,5641,3005,1721,16,723,12096,879,75,26645,13334,20531,771,46,1646,1214,2590,2000,4532,916,174,128,22,56121,16107,2309,4,11192,747,3484,41928,457,11073,955,1507,36270,377,0,2698,10254,390,9701,377,610,1403,1091,709,7133,798,477,8665,8187,2667,0,1624,8075,9859,6,178,14321,10045,3435,27181,764,1894,34,25,846,2005,17027,8628,87,10056,0,6848,64,19618,4339,8345,10380,155,1935,5730,11178,1402,983,662,14065,277,3510,112577,1138,1989,129,31519,114,90120,117339,536,180310,0,596,14782,18889,79,7377,282,17583,10915,25772,5124,1223,266,0,4989,3743,1973,58322,6668,146,5636,747,15,9730,8576,8626,634,15,18101,4508,104062,1025,56759,15,120,0,1326,3714,9,84156,129,8518,0,4713,9049,10842,36611,3161,1790,6,20094,5031,99377,50982,15332,25,8770,46614,152070,80682,83740,10594,67382,724,215,1092,32011,1410,3696,10693,6993,23639,1234,1350,56,41,36905,38010,31,149,6627,34421,27854,829,36910,5422,139,0,9412,3890,15078,824,26140,178,5559,3353,1217,18412,28722,20334,21511,2978,1,1084,3135,6223,9763,15236,1787,25251,1137,3419,71830,28513,1866,423,18636,366,87,168,22673,60,6354,127,14,6799,374,15231,2423,1857,1854,4132,23484,49929,899,82,138,2,0,1673,12618,88,14752,11603,55801,61080,22963,3460,0,895,2777,2261,129,34680,460,11422,6,9826,504,12,432,19,304,2210,19,14623,1213,942,50875,4077,167,216,151228,22049,0
"gene_6",0,0,0,0,0,0,3512,0,0,0,0,0,0,0,0,0,0,0,0,0,0,0,0,0,0,0,0,0,0,0,0,0,0,0,0,0,0,0,0,0,0,31,0,0,0,0,0,0,0,0,0,0,0,0,0,0,2,0,0,0,0,0,512,0,0,0,0,15,0,0,0,0,0,0,0,0,0,0,0,0,0,0,0,0,0,0,0,0,0,0,0,0,0,0,0,0,0,0,0,0,0,0,0,0,0,0,0,0,0,0,0,0,0,0,0,0,0,0,0,0,0,0,0,0,0,0,0,0,0,0,0,0,0,0,0,0,0,0,0,0,0,0,0,0,0,0,0,0,0,0,0,0,0,0,0,0,0,0,0,0,0,0,0,0,0,0,0,0,0,0,0,0,0,0,0,0,0,0,0,0,0,0,0,0,0,0,0,0,0,0,0,0,0,0,0,0,3,3,0,0,9,0,1,5,2,0,6,0,2,0,0,2,0,0,0,3,5,1,0,0,0,0,0,2,0,0,0,0,0,0,1,0,0,25,0,0,3,5,2,1,2,0,18,1,2,12,1,6,0,0,0,0,0,0,0,1,0,14,0,9,0,0,0,0,0,0,0,0,0,0,0,0,0,0,0,0,0,0,0,0,0,0,0,0,0,0,0,0,0,0,0,0,0,0,0,0,188,0,0,0,0,0,0,0,0,0,0,0,21,0,0,0,0,0,0,0,0,0,0,0,0,0,0,0,0,0,0,0,0,0,0,0,0,0,0,2,0,0,0,0,0,0,0,0,0,0,0,0,0,0,0,0,0,0,0,0,0,0,0,0,0,0,0,0,0,0,0,0,0,0,0,0,0,0,0,0,0,0,0,0,0,0,0,0,0,0,0,0,0,0,0,0,0,0,0,0,0,0,0,0,0,0,0,0,0,0,0,0,0,0,0,0,0,0,0,0,0,0,0,0,0,0,0,0,0,0,0,0,0,0,0,0,0,160,0,0,0,0,0,0,0,0,0,0,0,0,0,0,0,0,0,0,0,2,0,2103,0,0,7,0,190,0,0,0,0,0,0,0,0,0,0,0,0,0,0,0,0,5,0,0,0,0,0,0,0,0,0,0,0,0,0,0,0,0,0,0,1,0,0,0,0,0,0,0,0,0,0,0,0,0,0,0,0,0,0,0,0,0,0,0,0,0,0,7,0,0,0,0,1,0,0,0,0,0,0,0,0,9,0,0,0,0,0,0,0,0,0,0,0,0,0,0,0,0,0,0,0,0,1,0,0,0,0,0,0,0,0,0,0,0,647,0,0,0,0,2,0,0,0,0,0,0,81,0,455,0,0,1,0,9375,0,57,0,640,45,860,0,6083,0,0,5,0,2000,0,0,0,8,0,242,21,1046,1,14,89,0,0,0,0,0,129,0,0,519,0,30336,87,576,0,43,0,0,0,0,5966,0,119,0,1992,0,0,0,2,0,2,0,0,3966,0,0,0,814,15092,0,0,0,52789,0,10193,2968,0,18,7,277,0,23,1,0,1627,0,13490,5,73,24107,77,0,0,6027,0,174,0,0,156,0,1,0,587,7,4,0,4,0,478,0,107,0,0,323,0,0,0,5,0,0,0,0,49,0,5,64,0,0,0,0,778,0,0,0,0,0,0,1,4,0,28157,0,0,39,0,197,0,0,0,50,0,2704,18,0,0,0,22,0,1,0,1,0,0,155,65,0,0,0,289,0,1,0,586,0,0
"gene_7",0,77,0,208,0,0,2,0,0,0,0,886,96,0,0,0,0,432,0,3,0,120,0,0,0,1219,0,0,2,0,0,42,0,0,159,1060,2,0,357,0,2850,42,0,0,54,0,15,0,1268,233,0,0,0,34,0,153,496,0,0,114,20,0,71,0,0,0,252,0,0,0,0,39,0,3800,0,0,0,0,15,2,0,17,372,111,0,41,0,19,0,0,0,562,0,5,0,0,0,0,0,13,0,0,0,0,0,0,1648,0,0,0,1,1,0,0,0,0,0,0,1,0,0,0,0,0,0,117,1,0,0,6,0,0,535,0,0,166,0,0,0,0,233,0,0,0,694,0,0,0,2,0,39,5,0,0,1348,1,0,0,153,0,0,42,0,0,0,0,0,0,0,0,0,0,168,0,0,0,1,0,0,0,0,141,0,1,0,0,22,0,49,1,0,15,0,0,0,0,0,0,0,0,0,0,0,0,0,0,0,0,0,0,0,0,0,0,0,0,0,0,0,0,0,974,3,0,0,0,0,0,0,0,1,0,0,0,0,0,0,0,0,0,0,0,0,24,0,0,0,13,0,0,0,224,0,0,0,0,0,0,0,0,0,0,359,0,0,0,0,0,0,0,0,0,0,0,0,0,0,0,0,0,0,0,0,0,0,0,0,0,0,0,0,0,0,0,0,0,0,0,0,0,0,0,0,0,0,0,0,0,0,0,0,0,0,0,0,0,0,0,0,0,0,0,0,0,0,0,0,0,0,0,0,0,0,0,0,0,0,0,0,0,0,0,0,0,0,0,34,0,10,0,0,0,0,0,0,0,0,0,0,0,0,0,0,0,0,0,0,0,0,0,0,0,0,0,0,0,0,0,0,0,0,0,0,0,0,0,0,0,0,0,0,0,0,0,0,0,0,0,0,0,0,0,0,0,0,0,0,0,0,0,0,0,0,0,0,0,0,0,0,0,0,0,0,0,0,0,0,0,0,0,0,0,0,0,0,0,0,0,0,0,0,0,0,0,0,0,0,0,448,0,0,0,0,0,6610,0,0,0,0,0,0,0,0,0,0,0,0,0,2934,0,310,0,619,0,0,0,0,27,0,0,0,37,0,9,0,0,15,0,0,0,0,0,0,0,2453,0,302,0,0,0,0,0,0,0,0,0,0,0,2324,0,0,0,0,0,0,0,0,1642,0,0,0,0,0,0,0,0,0,0,0,0,0,0,1,0,0,0,4634,0,0,0,4225,0,0,0,0,1,0,0,0,0,0,0,24,0,0,0,0,0,0,0,0,0,0,0,0,1,0,0,0,0,260,1,0,0,0,0,0,7,4,2099,59,1,0,1,0,0,0,1081,991,2855,1,25,0,57,9,1178,0,435,0,191,4112,0,602,1,0,3756,80,6321,0,0,0,0,3188,1061,7075,950,0,41,31,8,23,0,365,2503,4,3,0,11,225,4052,0,7108,1331,81,53,0,2,76,7687,7736,21988,0,123,0,0,0,2,0,816,1302,0,767,1162,49,3756,0,0,0,0,0,157,0,7,1,66,0,0,0,4,0,0,16,0,343,1229,18,0,13,0,4249,0,0,3584,0,0,1,1,0,227,0,2,0,3,0,63,2435,0,25,0,858,0,0,0,5842,96,1,0,4,0,0,1,1001,0,0,19,0,0,0,0,13472,3616,4,0,0,0,437,2,21112,5135,121,1552,3733,4759,0,0,64,0,0,0,47,0,4103,0,0,0,0,2707,66,0,0,1345,407,4,125,0,1246,0,0
"gene_8",180,832,4,1007,96,55,539,92,2297,3739,5071,1329,166,709,22,2744,1005,129,0,505,15,1369,113,88,237,622,290,10,148,7109,460,8832,976,15,44,446,3,561,2074,2148,10,625,3,1426,1770,5451,348,16,4,2560,34,3809,50,257,2,1089,14,4,793,632,21,4,1056,6,2,712,35,87,0,1564,2229,46,41,832,1101,866,78,153,1709,4700,107,112,718,48,2735,6500,261,1649,721,46,2,4671,134,12669,311,7,7,48,950,9617,85,9225,8273,41,99,72,4594,963,1,117,298,0,171,43,4574,2804,2793,0,775,2650,41,33,2219,623,465,3676,435,514,442,222,0,4178,1370,0,140,1318,254,778,2310,1622,2015,131,63,10954,1708,0,2,10,18624,94,4,6230,0,1167,7212,5728,3616,3,9515,50,0,2,10628,94,6245,1,21169,188,927,1270,0,674,2295,161,60,64,5497,11323,256,205,8720,2411,12979,4515,1275,4454,763,216,2789,3370,563,3185,1798,16032,248,15104,442,618,15577,17339,14953,8127,38,12857,384,2408,5893,6911,1695,353,718,314,503,1197,23772,6718,35,1192,10191,804,4543,3206,2806,5865,8363,5,1818,2405,3951,1828,869,52,144,424,77,1115,128,719,17762,1,24367,191,3378,12231,8208,22,663,106,1571,0,5093,368,133,1050,2452,5895,1041,91,0,21220,1681,6526,1614,582,1490,9802,17598,404,8529,2414,9516,6416,1014,6161,4828,16770,4505,4526,4123,3222,1747,1002,8391,2433,1804,8311,15483,151,5249,886,1128,1064,22355,1081,21402,5808,7260,9709,680,4500,7237,2833,656,11134,1750,7890,1730,1035,1817,4130,306,2389,1044,2996,2639,12223,2176,3185,19887,6765,1325,3326,316,2447,814,3813,13680,6010,24781,1575,464,89,4230,2591,330,4772,4175,4385,3989,1082,3726,381,10702,3161,4297,1690,14921,11750,2033,532,911,22009,368,6922,707,5576,3988,12976,6650,17871,4816,5432,6280,6392,21467,1498,7968,10011,3849,7853,7275,1191,10274,1112,5660,8181,8383,3985,4628,11339,5996,4275,9553,8955,9216,275,1254,37041,21302,8146,2746,4267,4233,7411,763,15859,6181,11386,1359,2276,1663,7971,16646,55,2744,882,1477,17776,68,277,10684,15705,18075,6243,8401,23397,6177,3881,6414,12912,6295,5762,3034,14298,93,4037,4604,1197,13413,1206,6581,4758,53,1447,12195,10194,1969,5151,33,14356,2718,5375,11438,15146,36386,257,2612,5750,1310,9610,16414,350,2026,802,7803,2264,608,1564,3102,9832,5675,8905,5282,108,46,21185,5859,470,12700,1152,6108,1068,99,4247,3307,1075,190,3286,13375,41,12617,3444,143,16809,377,5084,9335,1424,2418,2786,10361,266,18102,3569,3475,8525,797,767,14048,3941,1138,652,3056,20240,13021,796,72,1718,3946,13978,1560,178,14453,7745,2274,167,5826,17126,4362,541,3091,9765,7514,685,5481,1840,7751,3635,389,4415,5493,5424,9828,1737,1514,3341,54,7431,2104,2503,3742,3993,1326,4406,2443,6051,173,1239,1586,3797,187,13501,5074,4270,3148,4437,69,1223,3752,1443,2273,1817,8847,902,2550,4806,13498,7581,14124,1112,12662,2509,15134,18232,689,9421,13482,7366,31295,27,1235,6909,104634,10287,31029,53699,2144,2724,19804,143,7183,1910,11045,9582,76919,158366,8713,178,54,4956,1082,261,8044,25546,8287,14103,656,6724,397,3458,1718,346,5136,37015,22104,1386,1838,20885,3253,43562,14996,27343,4590,2521,2909,3084,709,8621,1079,3198,31346,2997,23630,60400,2762,1628,98478,7193,228,2718,9447,8618,6140,20,3295,18616,39938,10940,82945,1579,46563,443,110462,1202,79,12,24527,9224,3729,13112,4534,20773,17330,8911,8023,29244,354,61325,4631,13705,16898,15633,32015,766,3043,1712,2984,7349,11242,1867,3233,14305,32619,9797,4407,16576,10846,6316,15032,31009,16909,1780,795,1227,32828,6143,14132,1446,2098,518,1945,15,20410,5471,4720,450,4783,19342,20831,12915,33632,2217,18742,7607,18249,61649,3723,3118,11919,113,30748,3580,175,2753,3287,157995,664,248,4,17291,13,31296,3482,11677,80925,222,21354,76440,155,54395,11036,76446,120,44199,4621,6445,5002,5299,4814,91320,12293,3361,1,12549,15298,45719,38880,3584
"gene_9",0,0,0,0,0,0,2170,0,0,0,0,0,0,158,0,0,0,0,0,0,0,0,0,0,0,0,0,34,0,0,1423,1,0,0,0,0,0,0,0,0,1,0,1,3,0,6941,3,0,22,6,24,258,0,0,0,0,0,0,0,0,0,2,0,0,0,0,461,0,0,11051,2,4,0,4600,0,0,0,0,0,0,0,0,0,0,4,0,0,0,0,0,0,0,0,0,0,0,0,1,3,0,0,0,0,0,0,0,0,36,723,0,0,0,9,0,0,0,0,113,0,0,0,0,0,0,0,0,0,0,0,0,0,0,0,2,0,0,0,0,0,662,0,332,0,0,0,0,0,0,0,0,106,0,0,0,0,0,0,0,0,0,0,0,0,0,3,0,0,163,0,0,0,1,0,0,0,0,0,0,0,0,0,0,0,0,0,0,706,0,391,0,0,0,1981,0,0,83,0,0,0,0,5,0,0,0,0,0,13,0,0,0,0,0,0,0,0,0,2,0,0,0,0,0,0,1,0,0,0,0,0,0,0,0,0,0,1,0,0,0,0,0,0,0,0,15,0,0,3,0,0,0,0,0,0,3,0,0,0,0,0,0,0,0,0,0,0,0,0,0,0,17,0,226,0,0,0,0,0,0,0,1,0,0,0,0,0,3810,0,0,0,0,0,8,0,0,1,0,0,0,2,0,68,0,0,0,0,0,0,0,0,0,0,496,2,0,0,0,0,0,0,15,0,0,8014,0,0,0,0,0,0,0,0,0,0,0,0,0,0,0,242,40818,3,1008,0,501,0,0,9,0,0,0,1,0,0,9,0,29,2181,0,0,0,0,0,634,0,0,0,3,24,0,264,0,0,1644,0,0,0,0,0,0,0,0,0,2,67,0,6,0,0,401,0,0,0,0,0,0,0,0,0,0,0,0,0,0,0,0,0,0,0,0,0,213,0,0,0,158,0,0,0,0,22,0,0,0,0,0,0,234,0,3,0,0,0,1946,1687,0,0,2803,0,81,142,0,2,0,0,0,0,512,0,0,95,0,0,5,442,0,0,5,0,86,0,0,0,32,0,158,4087,0,0,0,55,0,1,0,39,0,0,0,0,283,0,1239,1201,0,2560,0,47,51,0,0,18,0,0,0,0,0,118,0,0,0,0,18,66,4,14,947,0,0,0,0,25,2475,0,351,0,0,0,0,2346,16195,66,0,1,4,4,0,0,1275,23,20,0,0,2601,0,459,3,0,25,0,0,0,0,0,63,21,1100,2739,0,2,642,0,0,0,0,2147,0,3646,0,328,0,0,0,172,0,0,0,0,162,4870,1123,240,1102,0,17466,3443,40,25,23953,1321,0,491,542,3,0,2588,0,0,41405,284,21808,3802,0,90,3165,66452,688,98,9,1090,1,183,11971,4010,4,0,12777,4,129,972,310,15046,848,2,0,3583,175,111,0,528,1468,141,12825,0,625,0,12,18,1,3,48,744,1616,1,1330,93,18,4976,5567,11,0,99,13264,5691,4530,118,1219,35773,4144,525,17,0,162,30,519,64,1,5,318,44,0,193,617,2522,384,774,18117,98,4200,539,407,5,13061,1772,0,1261,3,0,82,0,2122,426,1229,182,4519,3,12855,58512,843,2226,1063,71,136,1,953,2729,49230,43,1,186,0,6435,231,2344,14148,1955,50,203,571,0,8,0,176,0,31787,27565,4870,1535,0,19120,1,32579,1193,170,4,4244,47,224,0,485,510,2712,16,0,8,9280,401,0,4,5721,0,278,527,0,0,49932,0,0,7,14532,0,4671,2732,0,12,2,74,3,13,0
"gene_10",0,0,0,0,0,0,0,0,0,0,0,0,0,0,0,0,0,0,0,0,0,0,0,0,0,0,0,0,0,0,0,0,0,0,0,0,0,0,0,0,0,0,0,0,0,0,0,0,0,0,0,0,0,0,0,0,0,0,0,0,0,0,0,0,0,0,0,0,0,0,0,0,0,0,0,0,0,0,0,0,0,0,0,0,0,0,0,0,0,0,0,0,0,0,0,0,0,0,0,0,0,0,0,0,0,0,0,0,0,0,0,0,0,0,0,0,0,0,0,0,0,0,0,0,0,0,0,0,0,0,0,0,0,0,0,0,0,0,0,0,0,0,0,0,0,0,0,0,0,0,0,0,0,0,0,0,0,0,0,0,0,0,0,0,0,0,0,0,0,0,0,0,0,0,0,0,0,0,0,0,0,0,0,0,0,0,0,0,0,0,0,0,0,0,0,0,0,0,0,0,0,0,0,0,0,0,0,0,0,0,0,0,0,0,0,0,0,0,0,0,0,0,0,0,0,0,0,0,0,0,0,0,0,0,0,0,0,0,0,0,0,0,0,0,0,0,0,0,0,0,0,0,0,0,0,0,0,0,0,0,9416,113,2155,0,157,1516,4594,0,0,488,162,254,2,678,21,44,316,123,1,9148,0,0,1452,327,0,0,8128,613,0,6665,1718,9,10184,189,1776,204,5450,0,555,1693,2320,0,0,6749,189,805,2010,2,168,67,0,36254,0,14,696,364,0,30,656,257,7078,148,3,530,22935,8696,1,0,2856,0,1732,2245,5,1030,84,43,9,112,15475,16046,12,0,51,3,1119,181,0,38,2,5618,1,339,40,8,0,974,195,0,1,5,9233,482,31,0,0,521,3371,24341,851,0,5398,12,2,134,26057,29850,94,791,17307,21354,0,8757,0,36,2015,590,624,0,41150,1766,0,784,1,15206,0,366,211,4082,333,18913,993,23,3,0,230,0,3997,769,0,5935,60,11941,9,0,3977,13,26,673,14336,0,1636,522,11,6301,84,1393,3,73,0,0,0,243,830,12554,34712,80,23817,873,1841,6096,4,758,5808,688,877,469,44398,3778,4643,2483,187,30194,23371,225,7697,56041,9878,24589,27547,13098,5228,3273,447,6648,12299,52318,166042,15576,9133,209,10416,681,35678,1762,1932,30,318,1623,20756,3768,816,6216,4450,8386,9661,8059,22,9,12612,761,7151,39405,135,1439,5784,10642,11306,6305,4407,12130,3295,243,5524,36382,920,5048,1547,83349,58628,1446,6725,4823,4525,10643,23129,1841,6158,101952,42358,26868,3173,4,7042,768,2214,18141,257,2508,19234,6795,3589,8933,11000,58,20071,3542,13296,21079,4197,37639,4263,9853,8699,906,51597,5909,16983,4033,631,511,7713,1296,3285,55106,2421,3314,468,10606,684,13,17351,10867,21564,62830,109609,12290,31822,38634,5684,10118,6559,6,6389,365,162,13149,6,8466,16468,5,129,501,1682,4255,0,1815,1801,14127,106,25526,0,5267,755,1905,6584,48632,4580,49,1510,7168,28,7521,191,870,44398,264,21372,268,1777,1136,1,570,768,17134,213,0,750,12056,9266,546,8485,23,79,0,25511,10105,15525,8,444,3809,100157,17822,36,229,407,0,23841,4843,0,5815,5392,0,1342,2058,9895,13516,11946,46164,3235,8137,5377,9170,0,13188,44,3796,1937,0,9,990,618,155,318,350,497,8421,9406,11,0,1270,52,21159,10822,2227,2,6938,409,285,7577,18619,3982,3436,26480,7858,1307,15426,0,22,40,4935,155,25941,2249,14188,11146,166,111,9009,13900,19960,23,173092,1289,8137,229,30,40281,25356,21262,1951,193,1551,0,12382,5461,2284,3326,228,479,1942,38377,6784,15975,3370,46,3047,531,7,31115,25,791,0,3875,253,1,1179,8070,982,2208,3766,17711,756,432,35,4111,124,77,0,103,1677,2612,74,130,225,2625,28518,562,266
"gene_11",0,0,0,0,0,0,0,0,0,0,0,18,0,0,0,0,311,0,0,0,0,0,0,0,0,0,0,0,0,0,0,0,0,0,0,0,0,0,0,0,0,0,0,0,0,0,0,0,0,281,0,0,0,0,0,0,0,0,0,0,0,0,0,0,0,0,0,0,0,0,0,0,0,0,0,0,0,0,0,0,0,0,0,0,0,0,0,0,0,0,0,0,0,0,0,0,0,0,0,0,0,0,0,0,0,0,0,0,0,0,0,0,0,0,0,0,0,0,0,0,0,0,0,0,0,0,0,0,0,0,0,0,0,0,0,0,0,0,0,0,0,0,0,0,0,0,0,0,0,0,0,0,0,0,0,0,0,0,0,0,0,0,0,0,0,0,0,0,0,0,0,0,0,0,0,0,0,0,0,0,0,0,0,0,0,0,0,0,0,0,0,0,0,0,0,0,0,0,0,0,0,0,0,0,0,0,0,13,354,0,0,0,0,0,0,0,0,0,0,0,0,0,0,0,0,0,0,0,0,0,0,0,0,0,0,0,0,0,0,0,0,0,0,0,0,0,0,1628,0,0,0,0,31,14,0,0,0,0,0,0,733,342,3638,1115,5,1339,4964,2,155,1009,45709,3987,19,19819,151,801,30580,133,5304,1249,8,607,4355,9204,23,5598,8999,308,3012,4674,133,0,77,1,52,105,7271,73,3086,1909,14605,0,374,529,9379,3441,2785,61,93,31,14556,6367,464,29583,5416,4,27,7104,10241,2165,5,2343,1224,44,170,2821,5649,1981,235,350,39426,69,88,8828,19478,3083,180,11,9027,165,117,963,473,11416,216,240,3665,660,3712,507,902,36411,6702,3172,183,24063,5677,5,1245,725,12066,4240,66,3181,10469,202,96,2299,53,1338,4778,651,2515,90,179,412,20884,95,11,3717,24132,6352,1206,8879,0,863,149,11,42763,114,2,334,18996,158,5435,4305,17302,1286,7617,10258,16,8582,2926,8754,17084,0,107,32073,47,3,7525,4874,3395,341,2608,286,111,8743,920,9775,71,1552,2822,6092,61,10882,1041,6365,3689,97,607,1836,1597,32446,7224,87180,175480,17462,45651,131323,68885,3146,7875,6854,37836,92821,87,3264,18100,2656,9856,973,2359,321,4260,39145,2898,89636,376,24257,22186,18737,170794,19740,91457,21826,72122,11428,96048,4508,10853,80218,21025,10711,13870,2622,5,6736,45806,33027,65311,19618,68235,56593,54733,116720,1072,3069,464,7596,38105,5615,233728,381,66903,48454,8102,21744,219479,122432,19509,1247,72335,99759,149506,29698,4745,29078,2981,50677,52605,6375,19194,75838,31434,9373,9616,8455,18716,72477,238,4751,18557,23242,3818,22825,57498,47319,54162,1103,2829,7505,18129,31406,92845,27808,23188,89317,106519,8232,41839,65856,23395,3191,23201,44847,12897,68219,204,31243,3914,55514,10454,2152,42445,89543,52038,44187,21887,44539,58146,8122,32127,38516,645,23474,5392,29117,10082,1652,65241,2985,2555,29199,15529,13768,9364,24905,21289,25518,15049,110868,33855,58988,370,15640,9135,57324,70558,34889,152811,31072,13539,59971,47630,101,3393,10597,103749,7439,18023,56619,35395,33946,54052,66740,5446,74227,53354,18625,33992,44099,8261,10553,29769,30581,17430,140468,8517,28638,36984,24462,37284,113551,1655,80942,50516,8114,2024,14117,74569,55320,22830,77346,20658,9137,155656,67481,7982,62483,34583,254760,152121,23679,14382,14010,186165,32226,25589,88092,17605,8028,190634,1275,22808,123394,9083,316798,7973,18197,47059,33332,59871,1351,116721,12031,758,24551,1049,2367,17686,10460,5429,4890,59849,13205,58696,14062,74743,3610,23589,43027,98457,43568,4826,1559,4978,35098,9488,54752,31392,56180,12742,54222,29267,85146,40720,12206,2907,27296,63061,52057,1798,140145,50562,33826,13604,25228,10045,10170,14140,35881,40446,40300,288,19647,25391,9889,29117,104378,2157,5978,82072,9050,3780,50690,121927,146062,8970,22308,7375,18422,57474,6159,96046,18525,2304,55487,99687,240213,95495,134386,2116,40056,269,29876,64809,7754,5305,26874,6656,29973,15042,19076,25474,28118,1600,56630
"gene_12",0,1,0,29,329,196,0,0,0,0,0,0,1459,0,0,0,136,6752,1,0,0,0,7192,1439,0,452,6,5838,0,304,0,37,0,125,0,0,0,0,11,0,0,0,0,0,0,73,0,13,0,0,0,0,5,0,38,0,3492,0,11,3878,0,0,0,0,0,33,263,1857,145,12947,0,174,0,0,0,0,160,0,39,0,0,0,456,1757,0,426,0,5,0,0,0,0,0,0,0,0,0,0,0,0,0,0,0,131,0,29,0,0,0,0,0,0,0,0,0,96,0,0,0,0,0,85,0,0,58,0,0,0,0,0,0,0,0,0,0,0,0,0,0,0,1,0,0,0,0,0,71,0,0,0,0,0,0,0,0,0,0,0,0,0,0,0,0,0,0,0,0,0,0,0,0,0,0,0,1,0,0,5,0,0,0,0,0,0,0,0,0,0,1,0,0,0,0,0,0,0,0,0,0,0,0,0,0,0,0,0,0,0,0,0,0,0,0,0,0,0,0,0,0,0,0,0,0,0,0,0,0,0,0,0,0,0,0,0,0,0,0,0,0,0,0,0,0,0,0,0,0,0,0,0,0,0,0,0,0,0,0,0,0,0,0,0,0,0,0,0,0,0,0,0,0,0,0,0,0,0,0,0,0,0,0,0,0,2715,0,0,0,0,0,0,0,0,0,3,0,0,0,0,0,0,0,0,189,0,0,0,0,0,0,0,0,0,0,0,1730,0,0,0,0,0,0,0,0,0,0,0,0,0,0,0,0,0,0,1,0,0,0,0,0,0,0,0,0,0,0,0,0,0,0,0,0,0,0,0,0,0,0,0,0,0,0,0,0,0,0,0,0,0,0,0,0,0,0,0,0,0,0,0,0,0,0,0,0,0,0,0,0,0,0,0,0,0,0,0,0,0,0,0,0,0,0,0,0,0,0,0,0,0,0,0,0,0,39,0,0,0,0,0,0,0,0,0,0,0,0,0,0,0,0,0,0,0,0,0,16,2278,0,0,212,0,0,0,0,391,0,10,0,0,120,0,0,7,0,0,0,0,0,0,0,0,0,0,0,0,0,0,0,1001,41,0,0,0,0,3,0,0,0,0,0,3,0,0,7,0,0,0,0,7,770,4,0,0,145,25,0,1,0,0,0,16,0,2152,0,2,0,0,0,5,0,0,0,0,0,12,260,0,220,0,2,0,0,412,0,3,0,0,0,0,0,16,0,0,433,199,31,1,0,0,0,1071,689,0,0,0,0,0,0,0,0,0,109,4,1178,0,0,2,564,12,0,0,298,0,0,0,0,0,0,0,1152,0,1,3155,0,19,1,0,48104,3041,4,1,0,0,0,10,0,23652,0,1272,2841,0,25,0,0,0,0,18830,0,4335,0,0,0,551,0,8195,12,0,0,9643,59,4,0,0,1,4,229,472,0,8209,750,0,38,0,0,259,0,0,4499,0,0,3,113,7469,332,2,0,0,879,4310,0,1147,0,6019,0,0,3196,0,0,0,0,0,0,0,0,285,59,0,2327,269,0,0,772,906,0,0,677,2528,1,18,81,118,88,0,0,7759,0,0,0,0,0,6,5218,0,3,0,0,0,0,0,0,0,0,0,0,137,0,166,0,14,0,0,0,0,0,2483,10,3,0,3168,69,121,0,497,67,26764,1638,170,7,0,0,0,5,3,3,0,0,0,1,0,0,0,1179,9209,0,6,9392,0,1,33272,0,0,0,74,1062,0,570,1212,0,8,4,0,0,9,1,225,0,23,0,0
"gene_13",0,0,0,0,0,0,71,0,0,0,0,0,0,28,0,0,0,0,0,0,0,0,0,0,0,1,0,0,0,0,0,0,25,0,0,0,1,0,0,0,0,0,0,3,0,0,0,0,0,0,0,0,0,0,0,0,0,41,0,0,0,0,0,0,0,290,0,7,0,0,0,0,0,0,0,0,0,101,0,0,0,0,0,0,0,0,63,0,1,0,0,108,297,0,0,0,0,0,0,0,0,0,144,0,0,0,0,0,0,0,0,0,0,0,0,0,0,0,0,0,0,0,0,0,0,0,0,0,0,0,0,0,0,0,0,2,0,0,0,0,0,0,1026,0,0,0,0,0,0,0,885,0,0,0,0,0,0,0,0,0,0,0,0,0,0,0,19,0,0,0,0,0,7,201,0,3,0,0,0,0,0,0,0,0,0,0,0,0,0,0,0,0,0,0,0,0,0,0,0,0,0,4,0,0,0,0,0,0,0,0,0,0,2,55,0,0,0,0,0,0,3,0,0,0,0,0,0,0,0,0,0,0,4,0,101,0,0,0,4,0,5,0,0,1,0,0,0,0,0,0,3088,0,0,0,0,0,0,0,0,0,0,0,0,0,0,0,0,0,0,0,0,0,0,0,0,0,0,0,0,0,0,0,0,0,0,0,0,0,0,0,0,0,0,0,0,0,0,0,0,0,0,0,0,0,0,0,0,0,0,0,0,0,0,0,0,0,0,0,0,0,0,0,0,0,0,0,0,0,0,0,0,0,0,0,0,0,0,0,0,0,0,0,0,0,0,0,0,0,0,0,0,0,0,0,0,0,0,0,0,0,0,0,0,0,0,0,0,0,0,0,0,0,0,0,0,0,0,0,0,0,0,0,0,0,0,0,0,0,0,0,0,0,0,0,0,0,0,0,0,0,0,0,0,0,0,0,0,0,0,0,0,0,0,0,0,0,0,0,0,0,0,0,0,0,0,0,0,0,0,0,0,855,0,0,0,0,0,0,0,0,0,0,0,0,0,0,0,0,0,0,4,0,0,0,20,0,0,0,0,0,0,0,0,0,0,0,0,0,0,0,0,0,0,0,0,0,0,0,2,0,0,4,0,0,0,0,0,0,0,0,0,0,0,0,0,0,0,0,0,0,0,0,0,0,0,0,0,0,0,0,0,0,0,227,0,0,0,47,0,0,0,0,0,0,0,0,0,1,0,0,0,0,0,0,0,0,0,0,0,0,0,0,403,4,0,0,0,0,0,0,0,48,0,0,0,0,0,157,0,173,0,0,0,0,0,0,0,0,0,0,0,937,0,8,21,0,0,700,0,0,0,9085,215,403,0,0,0,3544,0,1708,0,2,16,41,29,473,982,0,0,11,0,0,0,0,30,7,119,0,565,0,0,3536,124,308,0,365,7,0,8,1212,105,3,0,11,14922,9,0,832,0,0,21,2,14,0,23494,2,0,17,0,128,0,0,0,1047,0,1245,0,109,0,729,4,3,0,0,217,0,0,5,0,1839,1158,0,325,0,0,4972,0,184,0,0,0,347,0,74,0,766,0,0,0,0,0,0,0,0,1585,0,37,268,6109,0,41,1853,31,5599,0,0,24,0,18765,668,3,296,1,6,36,2751,0,0,383,0,1372,0,294,453,8,0,3,0,596,18824,0,0,619,0,0,0,0,619,0,12318,209,5725,0,10,0,0,0,0,10,0,2728,3893,2344,676,0,0,0,225,40,0,0,0,1,769,16,0,0,11
"gene_14",20,2,5003,0,1148,2,0,0,1,72,1,0,491,0,0,3662,879,148,561,61,0,47,2466,2198,0,0,62,17,0,4324,0,116,2,5,3224,0,0,118,208,22,0,1,82,661,0,141,0,0,116,2,0,0,1,486,107,777,92,6,14409,1,472,2,79,83,152,25,0,700,0,7,48,2870,0,0,244,420,0,0,0,216,374,0,0,0,0,1,0,25,1,2,6104,0,135,0,248,3432,28,0,0,3,84370,23,199,4179,0,0,408,0,0,168,0,0,0,2964,27220,0,11,0,7,0,1618,296,0,0,1,73,0,0,40,256,48,0,0,0,1154,272,0,30,0,0,0,0,92,0,28219,845,0,11771,25935,90,1349,359,66,0,0,1,276,0,5700,0,989,161,0,866,2768,0,4354,6135,742,6,2738,0,28990,0,5,0,8,43,2,797,19,2,0,0,3191,7231,2501,4359,5087,0,0,1,0,0,0,2,0,0,0,0,0,0,0,0,0,0,0,0,2,0,0,0,0,0,2,0,0,1628,0,1067,0,0,0,0,472,0,0,0,0,0,0,0,0,0,0,0,235,0,25,0,910,0,0,3,82,0,1061,0,0,0,28,0,0,0,1059,0,0,253,0,0,0,0,0,0,0,0,0,0,0,0,0,0,0,0,0,0,0,0,0,0,0,2835,0,0,0,0,0,0,447,0,0,0,0,0,0,0,0,0,0,0,0,0,0,0,0,269,0,1,0,0,0,61,0,0,0,0,0,0,0,0,0,0,0,0,0,2,0,295,0,0,0,0,0,0,0,0,0,0,0,16,0,0,0,0,0,0,0,0,0,0,0,0,0,0,0,0,0,0,0,0,0,0,0,0,0,0,0,0,0,0,0,0,0,0,0,0,0,0,0,0,0,0,0,0,0,0,0,0,0,0,0,0,0,0,0,0,0,0,0,0,0,0,47,0,0,0,0,0,0,0,0,0,0,0,0,0,0,0,0,0,0,0,0,0,0,0,0,0,0,0,0,0,0,0,0,14,0,0,0,0,0,0,0,0,0,0,0,0,0,0,0,167,0,0,70,3,0,0,0,0,7,0,2589,0,0,4,0,0,0,0,0,0,0,0,0,0,0,0,0,0,0,0,0,0,0,0,0,0,0,0,0,0,0,0,0,0,0,0,0,0,0,0,0,0,0,0,0,0,0,0,0,0,0,0,0,0,0,0,61,0,0,7,0,3,0,0,0,0,0,0,0,0,0,0,5,0,0,0,0,33,0,0,0,0,0,0,0,0,0,0,0,0,0,0,350,0,0,0,0,0,0,0,0,0,0,0,0,0,0,0,0,1113,0,0,0,0,0,0,0,0,0,0,0,0,0,0,0,0,0,46,0,0,0,0,0,0,6,0,0,0,0,0,0,0,0,0,0,0,0,0,0,1289,0,0,0,0,0,0,0,0,0,0,0,0,0,0,0,0,0,0,0,0,0,0,0,0,0,0,0,0,0,0,0,0,68,0,0,0,0,0,0,0,1740,0,0,0,0,0,0,197,0,0,0,0,0,0,0,0,0,0,0,0,0,0,0,0,0,0,0,0,0,0,0,0,0,0,0,0,0,0,0,0,0,1005,0,0,0,75,0,0,0,0,0,1,0,0,0,0,0,0,0,0,0,0,0,0,0,0,0,0,0,0,0,0,0,0,0,0,0,0,0,0,0,0,0,0,0,0,214,0,0,0,1,0,0,0,0,0,0,0,0,0,0,0,97,0,0,0
"gene_15",0,0,0,0,0,0,0,0,0,0,0,0,0,0,0,0,0,0,0,0,0,0,0,0,0,0,0,0,0,0,0,0,0,0,0,0,0,0,0,0,0,0,0,0,0,0,0,0,0,0,0,0,0,0,0,0,0,0,0,0,0,0,0,0,0,0,0,0,0,0,0,0,0,0,0,0,0,0,0,0,0,0,0,0,0,0,0,0,0,0,0,0,0,0,0,0,0,0,0,0,0,0,0,0,0,0,0,0,0,0,0,0,0,0,0,0,0,0,0,0,0,0,0,0,0,0,0,0,0,0,0,0,0,0,0,0,0,0,0,0,0,0,0,0,0,0,0,0,0,0,0,0,0,0,0,0,0,0,0,0,0,0,0,0,0,0,0,0,0,0,0,0,0,0,0,0,0,0,0,0,0,0,0,0,0,0,0,0,0,0,0,0,0,0,0,0,0,0,0,0,0,0,0,0,0,0,0,0,0,0,0,0,0,0,0,1,0,0,0,0,0,0,0,0,0,0,0,0,0,0,15,0,0,0,0,0,0,0,0,0,0,0,0,0,0,0,0,0,0,0,0,0,0,0,0,0,0,0,0,0,0,0,0,0,0,402,0,0,0,0,0,0,0,0,0,0,0,0,0,0,0,0,0,0,0,0,0,0,0,0,0,0,0,0,0,0,0,0,0,0,0,0,0,0,0,0,0,0,0,0,0,0,0,0,0,0,0,0,0,0,0,0,0,0,4,0,0,0,0,0,0,0,0,0,0,0,0,0,0,0,0,0,0,0,0,0,0,0,0,0,3,0,0,0,0,23,0,0,0,0,0,0,0,0,0,0,0,0,0,0,0,0,0,0,1,0,3844,0,0,0,0,0,0,112,0,0,0,0,0,0,0,0,0,0,0,0,0,0,0,0,0,0,0,0,0,0,0,0,0,0,0,0,0,0,0,0,0,0,0,0,0,0,0,0,0,0,0,0,0,0,0,0,0,0,0,0,0,0,0,0,0,0,0,0,0,0,0,0,0,0,0,0,0,0,0,0,0,0,0,0,0,0,0,0,0,0,0,0,0,0,0,0,0,0,0,0,0,0,0,0,0,0,0,0,0,0,0,0,0,0,0,0,0,0,0,0,0,0,0,0,0,0,0,0,0,0,0,0,0,0,0,0,0,0,0,0,0,0,0,0,0,0,0,0,0,0,0,0,0,0,0,0,0,0,0,0,0,0,0,0,0,0,0,0,0,0,0,0,0,0,0,0,0,0,0,0,0,0,0,0,0,0,0,0,0,0,0,0,0,0,0,0,0,0,0,0,0,0,501,0,0,0,0,1,0,1,0,229,0,0,28,0,0,41,704,0,0,0,444,82,0,0,0,0,0,0,8,0,0,2801,0,0,0,0,0,0,0,0,0,0,0,0,0,0,0,0,0,0,0,0,0,0,0,0,0,0,7003,531,0,21154,0,0,0,0,0,15740,0,0,0,0,0,0,0,50,0,3,0,0,0,0,0,0,511,3850,8051,0,0,172,0,0,2,0,22,0,0,0,0,6554,0,0,0,0,0,1941,0,14,0,13,0,3751,0,0,0,0,0,755,0,7,2269,0,0,32,22,4849,0,2,0,0,0,0,0,0,0,0,0,0,0,0,0,0,0,84,0,0,0,1,22012,33,0,41,1,0,759,342,1,6,0,0,0,0,0,0,0,0,1253,0,0,0,1,0,0,0,0,0,0,1327,0,0
"gene_16",2976,0,91,0,1,430,174,1,32,239,207,349,466,45,7,75,998,11,124,23,767,136,408,6,0,16,206,11,985,96,57,127,0,2342,0,186,433,406,485,0,106,276,1,15,203,3922,281,25,2,256,1,88,0,217,31,278,1836,117,375,265,1,127,0,1130,3,0,0,200,621,11661,0,638,0,0,14,0,50,730,1212,1854,497,882,0,30,0,642,9,1130,2,0,357,4,93,193,1,1,19,0,4,150,1469,2998,10,107,0,0,0,5630,1110,35,323,54,25,30,519,12,24,3077,5530,2,0,625,115,84,539,0,110,1,4,1,0,142,956,5700,1,54,0,2200,4357,224,298,9425,4194,5,4215,5363,1226,4953,807,11004,825,35,409,33,14,681,4,3454,929,16,67,11,194,131,75,0,1130,0,1885,10,16728,62,1875,1319,217,25,3945,1,3,0,6625,4600,3576,136,984,1003,0,11932,137,328,7537,14,14861,3327,7818,102,0,0,59,232,0,626,0,171,131,51,0,206,28,0,0,60,1440,0,11933,206,112,0,1546,0,1723,0,2201,852,24,1,0,17,94,7541,277,30,12,2337,3,1780,707,0,593,0,1575,3,18055,704,36,5827,22,0,157,546,9889,85,2,182,3,1303,10,1077,173,35,1732,484,14,891,157,649,1658,107,60,792,9,10674,7246,3353,2795,5,311,83,9773,73,1173,250,2088,600,83,6310,1121,3889,405,24,153,1284,7,1996,704,312,1862,52,0,22,16,68,7385,3602,31,975,3248,2432,2400,935,232,354,2994,773,850,85,511,2054,4745,5946,1112,59,801,624,1578,6139,6654,945,2629,63,7491,77,3633,441,3,465,182,809,1646,1025,660,88,36,196,1907,147,23231,614,160,697,222,2350,906,952,600,218,900,292,267,1950,775,161,1062,6807,791,416,3508,21,40,193,9359,61,3211,3604,618,2947,8183,8486,492,5916,340,23,1550,880,5621,1126,144,262,5509,3807,1960,63,435,6178,51,1159,199,273,193,508,16,457,216,957,898,941,199,1085,1935,298,237,2605,782,6692,6222,392,4245,600,3651,7397,362,33,763,5321,82,10978,4021,79,96,1579,383,7589,4094,2644,3444,8702,1764,397,1724,3962,870,2247,1390,3241,10325,13409,3332,2333,7982,1380,246,1517,977,813,3262,11832,728,10043,5492,1641,4560,1483,9507,790,2534,2164,4466,2761,4328,6292,38,3040,1273,5202,4615,9783,2105,8281,3972,257,916,4488,5159,1151,8133,4618,14516,6134,3920,180,1498,4426,22719,6059,1925,3117,603,963,4184,953,583,1570,4720,908,678,1568,916,677,6433,484,3079,2089,9443,801,2015,309,471,3913,853,2226,591,7469,9352,4998,1214,2289,5858,7828,3043,16391,4013,3218,5597,2652,3167,8380,4279,3277,3645,2197,352,2621,5531,3283,2255,3522,3885,2766,811,128,2701,7020,348,269,6009,2516,216,7212,0,14258,2532,401,905,571,10465,1000,4184,2411,2648,455,4834,6553,8201,10966,957,10941,16038,14213,15760,2525,186,11063,2108,3089,815,1412,0,12779,22943,2143,11421,3391,41323,105,15895,17865,6266,3539,13533,1182,4217,6437,14188,23318,20115,1020,4550,34229,250,47737,2260,1719,10197,9003,34360,1400,3302,10242,633,5317,6622,7760,11506,4166,44425,18709,7480,11351,3945,28103,3797,10895,15535,5355,17430,15793,21906,4343,4543,3710,236,4143,121,11678,20927,33328,656,36543,39073,24049,15223,99,2396,827,12204,1154,6778,11536,347,71269,4927,806,3293,5364,4114,8596,3995,19553,30820,20461,3803,1725,1530,893,26861,129,9123,55281,1220,4793,5297,11415,34244,4114,11488,23911,4622,3172,35314,28573,3699,2483,31444,4329,2334,10758,2190,8443,2395,25581,7065,4038,20943,6290,25383,974,14153,9948,10991,5663,4367,965,9868,3786,4268,4270,12501,14201,15373,6870,5578,17688,16783,9641,10461,7114,10367,5267,695,33091,14709,2142,19563,13633,4546,1642,2234,7552,10295,4736,41374,2837,22790,5856,1123,23093,97,1778,5687,13688,434,15889,1344,14867,391,11509,3531,216
"gene_17",0,0,0,0,0,5,0,0,18,0,0,27,0,91,0,0,0,68,0,54,0,2,0,0,0,0,0,0,0,0,93,1169,0,5,0,0,2,0,11,0,0,0,116,0,77,76,0,0,0,0,1,4810,306,0,0,1078,0,0,0,44,213,0,0,0,0,0,0,3,0,0,0,0,22,0,20,0,0,1,60,0,0,0,0,0,0,66,0,0,0,0,0,0,0,0,0,0,133,317,0,4,8,0,0,0,0,0,0,0,90,0,0,0,1,0,0,0,0,2,0,0,0,0,18,0,0,0,0,52,0,0,0,0,39,0,0,0,0,0,0,22,946,0,0,0,0,0,0,0,0,0,0,0,0,0,0,155,0,0,0,0,0,0,0,0,0,0,0,0,0,0,0,0,0,0,0,1009,0,30,0,0,0,3,0,0,0,0,0,1,0,0,0,0,0,0,15,1,313,0,0,0,665,0,0,1240,0,0,0,1007,0,5,1720,582,29,0,0,0,0,0,0,2238,0,2,567,0,154,2,8,0,0,0,0,302,610,2360,28,0,0,2778,0,0,0,59,0,0,14,0,0,0,0,0,29007,0,0,0,3,0,53,255,2,0,11945,53,2102,244,909,1513,61,14,4,708,1800,13504,7,92,380,296,14,10,31,177,1028,71,45,16,119,0,889,17,1080,504,14,2295,532,1518,6746,1369,108,643,18,569,388,244,1108,7,121,1,3068,18,739,57,141,5281,4531,923,23,1438,68,1123,200,312,182,4860,185,32,1000,20,58,61,430,2,11027,0,673,6973,477,20,38,1125,45,30,436,345,208,2,11554,55,609,388,4597,864,340,0,63,29,82,2254,916,13874,12,1363,2186,0,408,1385,693,7501,18691,131,7484,22,126,3,7123,631,1461,0,3176,1,0,352,4865,7573,1608,11810,13,166,4,6722,24,351,152,997,12,5662,400,985,2539,3628,31,533,1476,381,1204,1194,215,21,1,2239,294,327,20,3491,122,1,131,2417,71,4,22,3583,3544,1482,525,999,16,417,17177,0,1889,15789,388,6,4859,17725,9,16458,2847,3158,1896,8865,2053,39,4877,13944,8546,4042,7851,33,4647,4404,4630,1675,4078,3377,9640,13255,1899,1486,7955,7422,2741,17353,24122,3106,2964,3868,10386,12390,12573,122,5062,7747,10143,3514,931,10962,19081,4019,386,12406,1602,11447,1846,5831,96,2326,440,1432,460,642,6549,5610,17926,9984,2918,9093,7434,712,125,513,547,2925,7135,39194,8434,1211,4554,4785,3279,9909,2256,7607,8519,11852,7506,785,9555,12043,7064,39370,733,181,5078,451,1220,14537,3053,13854,887,5127,2843,13140,1290,3659,384,1616,349,3909,19515,2627,8363,4444,2482,2198,2095,19129,1942,2855,639,3603,26867,2596,5943,7883,1026,2290,3293,4774,13961,1204,1816,11446,4910,6761,1556,3872,7269,18616,9227,688,25841,9,8481,988,893,3064,1535,51435,49824,11860,181,1491,15202,1458,1651,141,2576,16254,31531,3639,9244,1433,2080,78612,19307,130,7040,5537,9781,3547,16300,36981,8371,74,4098,16351,3910,2764,23432,1862,6439,52178,1765,262,34694,17835,36519,40227,14326,8826,21201,7326,25038,567,50,30,2084,288,1812,2238,3318,538,45458,12362,35334,39953,21926,3987,6,731,3530,296,27036,7296,1964,11761,5322,2767,62806,48343,5434,20658,34112,806,5546,3015,28007,1692,3631,364,2593,4744,3788,309,1282,11700,44744,1106,6876,554,4105,34525,54229,9064,7432,14544,118,20377,60,1501,677,14593,2713,4334,397,1398,10,8760,624,3928,5459,3267,15921,141,22481,23041,8,15432,7111,408,2695,167,3119,6398,13340,2224,490,2827,2405,50474,12424,5535,9478,5326,559,2094,5375,1013,3200,13672,1373,3,5202,13870,2629,13916,538,1495,7187,7206,53240,11943,78,2303,18430,11417,42463,11335,1171,1568,25553,20483,78,35565,5836,1106,93024,0,5216,3608,21742,1321,71,2635,142,13517,3499,52723
"gene_18",0,0,0,0,0,0,0,0,0,0,0,0,0,0,0,0,0,0,0,0,0,0,0,0,0,0,0,0,0,0,0,0,0,0,0,0,1,0,0,0,0,0,0,0,0,0,0,0,0,0,0,0,0,0,0,0,0,0,0,0,0,0,0,0,1,0,5,0,0,2,0,0,0,0,0,0,0,0,0,0,0,0,0,0,0,0,0,0,0,0,0,0,0,0,0,0,0,0,0,0,0,0,0,0,0,0,0,0,0,26,0,0,48,0,0,0,0,0,0,0,0,0,0,0,0,0,0,0,0,0,0,0,0,0,0,0,0,0,0,0,0,0,0,0,0,0,0,0,0,0,0,0,0,0,0,0,264,0,0,0,0,0,113,0,0,0,0,0,0,0,0,0,0,0,0,0,0,364,0,0,0,0,0,0,0,0,0,0,0,0,0,0,5,0,0,0,0,0,0,0,0,0,0,0,0,0,0,0,0,0,246,0,0,0,0,0,0,0,0,0,0,0,0,0,0,0,0,0,0,0,0,0,0,0,0,0,0,0,0,0,0,0,0,0,0,0,0,0,0,0,0,0,900,0,0,0,0,0,0,0,0,0,0,0,0,0,0,0,0,0,16,0,0,0,0,0,0,0,0,0,0,1470,0,0,0,0,0,0,0,0,0,0,0,0,0,0,1,0,0,0,0,0,0,0,0,0,0,0,0,0,0,0,1754,0,0,0,0,0,0,0,0,0,0,0,0,0,0,7,0,0,0,0,0,0,0,0,0,0,0,0,0,0,0,0,0,0,0,0,0,0,0,0,1243,0,66,0,0,0,0,0,0,0,0,0,0,6,0,0,0,0,0,0,0,0,114,1189,0,0,1,0,0,7,0,0,0,0,0,0,0,0,0,0,0,0,0,0,0,0,0,0,0,0,0,0,0,0,0,0,0,0,0,0,0,0,0,0,2,0,0,0,0,0,0,0,0,0,0,0,0,0,0,0,495,2,9,0,0,0,657,0,37,614,6,0,0,0,0,0,0,0,0,0,0,0,0,0,0,0,0,0,0,15,0,1012,20,0,0,957,0,10,0,0,0,26,0,0,0,0,0,0,0,0,0,2,0,0,9,2199,0,2387,2472,0,0,0,3277,10322,0,0,16,25,0,0,2118,967,329,478,1563,2,151,0,0,0,0,136,0,3047,0,6457,37,0,0,0,1025,0,0,0,0,0,0,0,731,0,0,0,0,6,3,830,0,0,1816,0,9,0,1406,0,0,0,5,0,83,0,8584,0,330,5,0,0,0,0,105,0,860,0,0,0,358,499,77,0,1488,1035,0,8157,1307,324,5,1278,7,1877,14,0,0,374,9615,0,5,2626,0,0,149,0,575,0,0,1,0,1570,1454,7,4563,0,0,0,0,304,0,0,0,0,0,0,0,61,0,0,4,0,0,3,0,23,67,93,1863,7,0,0,0,0,0,0,451,0,574,469,48,0,0,9,0,92,5163,0,0,3907,0,7267,1,965,1814,0,0,12,14,1547,90,0,0,0,0,0,0,935,8,0,0,0,0,1860,0,175,0,0,0,2,23453,1,0,706,41867,0,0,621,0,5,1821,11,936,0,0,5,0,0,0,1,8,0,0,17,1,0,51,27,7670,0,0,204,59,0,3676,53,99,0,9741,0,0,6261,0,0,1351,3,0,0,1,0,39,0,0,9,74,14838,160,13,0,1192,0,1994,928,0,0,0,0,269,3150,0,0,37,6949,0,0,1,1,0,0,0,2,0
"gene_19",0,5,0,0,0,0,0,16,10,0,117,1174,20,1,68,7,0,0,0,0,0,1,0,0,0,0,0,7,20,0,0,0,0,447,2,0,0,45,0,0,0,0,119,4,0,0,4,25,0,0,0,0,0,8,0,23,540,420,2171,0,0,1,0,0,0,0,0,0,0,0,0,0,0,59,0,265,0,37,212,0,0,0,0,54,0,31,0,0,0,0,0,30,1295,0,0,0,688,0,23,0,439,1,1071,20,0,0,0,3644,52,0,0,0,0,0,0,0,0,2885,0,0,0,0,0,13,0,0,0,3,145,73,0,0,0,0,0,210,0,0,0,0,0,0,0,0,0,0,0,0,29,0,0,0,0,0,0,0,0,0,0,21,0,2,1,0,138,22,80,0,0,0,0,0,0,0,0,454,0,0,215,2,1095,0,0,0,0,0,0,0,863,0,4014,600,0,0,7,14,1345,0,19092,57,1828,0,26,1141,1,5833,0,0,955,0,0,0,0,0,0,176,0,68,0,0,0,4,0,0,62,144,0,0,0,276,0,0,2,0,0,125,6252,139,11,49,0,2451,1166,0,15,0,0,162,0,0,0,11,3,0,39,0,0,0,11,0,0,0,0,0,0,0,0,0,0,111,0,0,0,0,0,0,0,0,0,0,0,0,0,0,0,1,0,0,48,63,0,0,98,0,0,33,96,79,0,0,0,0,0,0,0,0,0,0,11,0,0,0,0,0,0,0,172,283,0,0,0,0,0,0,1,0,107,0,0,0,37,0,0,0,0,0,0,0,0,0,0,7,0,0,0,0,746,0,0,0,0,0,0,0,0,0,0,0,0,0,0,0,18,0,0,0,0,0,431,0,0,0,69,0,0,664,3,0,0,1034,0,0,0,0,0,0,0,0,0,27,0,0,0,0,0,0,0,0,3,0,0,0,0,0,0,0,0,0,0,0,0,0,0,0,0,0,4,0,0,0,0,0,122,0,0,0,0,0,0,0,0,0,0,0,0,0,0,67,0,537,3,0,0,0,0,0,0,0,0,0,0,0,0,0,0,0,0,0,0,0,0,0,0,0,0,0,0,0,0,0,24,0,0,0,0,0,0,0,0,0,34,0,0,0,0,0,0,0,0,0,0,0,0,0,0,16,0,0,0,0,0,0,0,138,0,1,0,126,0,0,0,0,0,43,0,0,0,0,0,0,0,0,0,0,0,0,0,0,0,0,0,82,0,0,0,86,0,209,0,0,0,0,0,0,0,0,0,1204,0,0,0,0,0,0,0,0,0,0,0,0,126,0,0,0,0,1,0,0,0,0,0,0,0,0,0,0,0,0,0,0,0,0,0,0,0,0,514,0,5815,36,527,0,0,0,0,0,0,2907,0,0,4345,0,0,0,0,0,0,0,0,0,0,0,0,0,0,0,0,0,0,0,14934,0,0,0,24,0,0,0,0,0,0,0,0,0,519,0,0,0,0,0,0,0,0,0,0,0,0,0,0,0,0,1,0,0,0,0,0,0,0,0,0,0,0,0,0,0,0,0,0,0,0,0,0,0,3,0,5108,0,0,0,0,2,0,0,0,0,0,0,0,0,0,0,0,0,0,0,0,0,0,0,0,0,0,0,0,0,0,0,0,0,0,1786,0,0,0,0,0,0,0,0,0,0,0,0,0,7,0,0,0,0,0,1026,0,0,0,0,0,0,0,0,0,0,1,0,0,0,0,3,0,0,0,0,0,0,0,0,0,0
"gene_20",0,49,0,0,0,0,0,0,0,0,0,1,0,0,0,0,0,0,0,0,0,0,0,0,0,0,0,0,0,0,0,0,0,0,0,0,0,0,0,0,0,0,0,0,0,0,0,0,0,0,0,0,0,0,0,0,0,0,0,0,0,0,0,0,0,0,0,0,0,0,0,0,0,0,0,0,0,0,0,0,30,0,0,0,0,0,0,0,0,0,0,0,0,0,0,0,0,0,0,0,0,0,0,0,0,0,0,0,0,0,0,0,0,0,0,0,0,0,0,0,0,0,0,0,0,0,0,0,0,0,0,0,0,0,0,0,0,0,0,0,0,0,0,0,0,0,0,0,0,0,0,0,0,0,0,0,0,0,0,0,0,0,0,0,0,0,0,0,0,0,0,0,0,0,0,0,0,0,0,0,0,0,0,0,0,0,0,0,0,0,0,0,0,0,0,0,0,0,0,0,0,0,0,0,0,0,0,0,0,0,0,0,0,0,0,0,0,0,0,0,0,0,0,0,0,0,0,0,0,0,0,0,0,0,0,0,0,0,0,0,0,0,0,0,0,0,0,0,0,0,0,0,0,0,0,0,0,0,0,0,0,0,0,0,0,0,0,0,0,0,0,0,0,0,0,0,0,0,0,0,0,0,0,0,0,0,0,0,0,0,0,0,0,0,0,0,0,0,0,0,0,0,0,0,0,0,0,0,0,0,0,0,0,0,0,0,0,0,0,0,0,0,0,0,0,0,0,0,0,0,0,0,0,0,0,0,0,0,0,0,0,0,0,0,0,0,0,0,0,0,0,0,0,0,0,0,0,0,0,0,0,0,0,0,0,0,0,0,0,0,0,0,0,0,0,0,0,0,0,0,0,0,0,0,0,0,0,0,0,0,0,0,0,0,0,0,0,0,0,0,0,0,0,0,0,0,0,0,0,0,0,0,0,0,0,0,0,0,0,0,0,0,0,0,0,0,0,0,0,0,0,0,0,0,0,0,0,0,0,0,0,0,0,0,0,0,0,0,0,0,0,0,0,0,0,0,0,0,0,0,0,0,0,0,0,0,0,0,0,0,0,0,0,0,0,0,0,0,0,0,0,0,0,0,0,0,0,0,0,0,0,0,0,0,0,0,0,0,0,0,0,0,0,0,0,0,0,0,0,0,0,0,0,0,0,0,0,0,0,0,0,0,0,0,0,0,0,0,0,0,0,0,0,0,0,0,0,0,0,0,0,0,0,0,0,0,0,0,0,0,0,0,0,0,0,0,0,0,0,0,0,0,0,0,0,0,0,0,0,0,241,0,2,59,0,0,3,1,0,136,0,0,0,0,0,0,0,0,3791,1,234,0,1,6,0,32,0,0,0,8217,0,0,0,3,0,0,322,168,0,682,0,0,0,0,1,0,11,2509,0,298,0,1,6,0,0,1,1608,3,0,44,0,21,0,0,1,0,0,0,0,0,0,11391,0,111,0,0,11,0,14693,1,0,219,8422,0,0,0,0,0,0,100,1720,1,0,1,8,0,0,0,0,0,0,0,0,36,0,0,0,6,58,0,0,0,13,0,0,73,0,0,0,0,0,422,1,0,116,0,0,10,983,0,59,81,0,17021,0,0,11,0,0,14,5,0,3669,0,1,0,0,0,0,0,0,167,1,0,0,0,0,223,0,0,7,2,0,0,0,0,12781,0,0,0,3,0,1892,4,4597,0,0,0,0,0,38,0,0,2,6,936,19,0
"gene_21",0,0,0,0,0,0,0,0,0,0,0,0,0,0,0,0,0,0,0,0,0,0,0,0,0,0,0,0,0,0,0,0,0,0,0,0,0,0,0,0,0,0,0,0,0,0,0,0,0,0,0,0,0,0,0,0,0,0,0,0,0,0,0,0,0,0,0,0,0,0,0,0,0,0,0,0,0,0,0,0,0,0,0,0,0,0,0,0,0,0,0,0,15,0,4596,0,0,0,413,0,0,0,0,353,0,0,272,0,19,0,0,0,0,1,11,0,0,0,0,0,2202,0,0,2,26,0,241,67,0,0,0,0,0,52,0,1215,131,146,0,0,0,0,0,0,0,0,0,18,0,0,0,0,0,2,0,3,0,0,0,0,0,0,0,0,0,0,21,0,0,0,0,0,0,0,38301,0,0,0,0,0,0,1911,4,3,334,0,0,2928,0,0,890,29882,0,0,19740,4383,690,591,2404,82,138,743,27505,4725,5933,12348,3291,183,129,0,15511,325,5142,938,14916,3491,8689,52147,626,57576,23,11917,16988,1,655,15405,33642,38915,967,15838,9509,859,18061,22760,13121,46902,1,7442,15757,10,67,78,192,12900,30063,85391,128834,2520,153,37874,58880,1243,62744,1962,60470,4108,1819,2026,54834,1008,8579,0,0,80,0,3,0,34,0,49,4146,333,1786,1120,58,1736,666,2,11,107,13,5120,12198,2565,159,4298,1986,3962,81,37,1362,0,7,3369,7,191,3922,4664,117,2294,10,0,0,478,1691,110,350,2287,21,48,1848,1004,29,125,0,194,5,3560,0,0,0,377,0,9,0,172,0,35,13436,137,985,22,37,26,2392,7,6491,16,1,0,20,48,1307,39,0,2,0,383,306,40,3704,3625,20,0,9443,0,0,36,433,1007,603,518,2343,2,640,484,0,0,204,112,15853,346,6787,1170,13,100,3009,0,214,5,0,3,2070,4444,0,0,4877,5012,0,4,5,0,0,0,421,3,143,0,18,2,1707,160,61,98,414,31,0,7496,5823,155,9,4297,910,2886,104,21,9210,41,0,191,6229,63,3219,2643,723,10662,0,5,346,0,330,1489,118,8252,8254,5512,36103,3195,747,5844,3785,3355,540,28607,7544,51205,78,15099,1462,2149,148,329,43,68,17063,1,491,10640,29054,1207,2250,1246,4994,30,9149,8646,23248,708,285,1,482,295,24823,12386,1495,9820,12223,40957,525,6523,4177,10537,716,142,195,6970,32815,238,36,2170,414,2,6714,149,0,816,2256,22,3040,6806,427,138,10204,14306,310,15496,8660,7327,16697,6,15892,532,5,17417,32491,1,46,1324,9317,9390,1062,15837,735,1341,5,1752,27779,571,11,9363,1814,1218,2358,10667,2529,2,28727,4837,2389,5865,14654,3392,5606,60,376,6,3389,21862,516,27644,150,3365,1232,42,38036,11019,33033,3736,811,5562,21975,43538,6802,17379,46,49077,25513,1520,89,15239,11421,7655,12199,0,27,3283,1889,17,1,12633,399,14138,14,16817,32605,0,9187,329,1341,0,5989,59,193,4,809,659,0,0,48,1002,8354,0,2,13995,875,56,49767,3985,1764,1049,203,20,2,7,7889,18863,691,205,1564,0,311,11615,7,24461,34114,1486,12047,2175,12992,1,30262,32333,14520,329,4,80,257,16929,229,7486,964,0,69667,120,7111,443,1250,16385,11095,0,24919,1425,14182,12,438,14346,39620,557,194,31102,9289,64203,703,18619,115,7454,5449,0,6242,661,210,1090,0,93,366,4705,56749,17414,1351,678,29407,0,5,10010,4793,0,3260,1535,3642,815,0,1520,4259,5,8,39,1,19236,2735,54,12,17,10871,1307,13631,273,124,23444,1902,317,1,3305,1072,5424,94,4,602,3368,10,2,12,10082,2421,1812,320,1674,173,3669,9,6207,1378,2229,2678,136,1,1589,25380,295,9,978,145493,2602,469,0,73,522,11,0,513,0,24084,841,7,1952,6156,0,2530,10641
"gene_22",0,0,0,0,0,0,0,0,0,0,0,0,0,0,0,0,0,0,0,0,0,0,0,0,0,0,0,0,0,0,0,0,0,0,0,0,0,0,0,0,0,0,0,0,0,0,0,0,0,0,0,0,0,0,0,0,0,0,0,0,0,0,0,0,0,0,0,0,0,0,0,0,0,0,0,0,0,0,0,0,0,0,0,0,0,0,0,0,0,0,0,0,0,0,0,0,0,0,0,0,0,0,0,0,0,0,0,0,0,0,0,0,0,0,0,0,0,0,0,0,0,0,0,0,0,0,0,0,0,0,0,0,0,0,0,0,0,0,0,0,0,0,0,0,0,0,0,0,0,0,0,0,0,0,0,0,0,0,0,0,0,0,0,0,0,0,0,0,0,0,0,0,0,0,0,0,0,0,0,0,0,0,0,0,0,0,0,0,0,0,0,0,0,0,0,0,0,0,0,0,0,0,0,0,0,0,0,0,0,0,0,0,0,0,0,0,0,0,0,0,0,0,0,0,0,0,0,0,0,0,0,0,0,0,0,0,0,0,0,0,0,0,0,0,0,0,0,0,0,0,0,0,0,0,0,0,0,0,0,0,0,0,0,0,0,0,0,0,0,0,0,0,0,0,0,2,0,0,0,0,0,0,45,0,0,0,0,0,0,0,0,0,0,1,0,0,1575,0,0,0,0,0,0,0,0,0,0,0,0,0,0,0,0,0,0,0,0,0,0,0,0,0,0,0,0,0,0,0,0,0,0,0,0,0,0,0,0,0,0,0,0,0,0,0,0,0,0,0,1,0,0,0,0,0,3,0,721,0,0,0,0,0,0,0,0,0,0,0,0,0,0,0,0,0,2028,0,0,0,0,0,0,0,0,0,0,0,0,0,0,0,0,0,0,0,0,0,202,0,0,0,0,0,0,0,0,0,0,0,1,0,0,0,0,0,0,0,0,0,0,0,0,0,0,0,0,0,0,0,0,0,0,0,1324,2,14,1262,25,6093,113,4114,8,21,0,7639,96,1050,125,14,9936,1531,495,9,177,2401,2,538,250,7053,19192,2334,0,1729,3,274,28,421,14804,5,8501,605,27,0,210,188,2,49,0,337,330,1755,429,5586,4064,7,745,313,3,94,0,16660,30,0,2475,182,1,5380,685,157,169,0,77,534,2491,3,1562,240,0,39,7835,0,313,2209,10,187,1226,1208,583,5871,8324,7558,668,1,245,59,38,17846,0,8,4579,50,13,200,3182,6985,776,1007,9930,9,1237,6144,3966,319,189,14840,126,2526,17539,309,12,13317,4,5834,789,4296,569,10976,4335,727,1385,11120,2115,575,3,14,3159,27725,4538,92,9893,4222,0,234,2,21,68,24,5,0,1,1015,9604,0,0,111,677,31999,3,752,0,0,394,58,0,101,6794,246,0,23,16524,48,0,0,1431,1921,855,0,37770,0,74,4,222,0,5324,10206,7056,17027,1687,42,14168,0,1564,188,0,3,6,1229,0,0,0,0,69,837,2863,0,21477,3,0,10,1,14805,2385,4,2886,7291,646,0,85004,80,205,0,8936,317,28544,0,4024,1,0,747,1310,0,42,1333,305,1,1509,190,24,671,1,20,0,13,15,13008,7183,3,0,0,0,14,4693,2711,8,3442,7,14214,3,10033,20,2005,1,23,0,0,0,722,80,0,0,68,548,144,0,1624,1,0,2251,3,77,878,43111,782,0,1289,92,2298,45,0,35,0,15,798,9,0,2921,15613,3,12001,0,326,319,122,582,0,0,0,15394,3323,72,0,73,36,900,44,936,80,0,6497,3171,1005,0,13,1,158,0,411,71,271
"gene_23",4101,179,2930,512,163,5720,7147,43,2968,544,2219,9664,265,246,1524,2147,708,1620,26,583,710,1064,855,692,379,3759,22,62,312,1536,105,3317,84,352,1127,654,2648,218,577,693,699,4,0,295,3217,845,0,8,270,112,472,1441,1099,446,74,1556,250,513,34,2025,67,38,985,1155,349,203,904,733,322,1370,32,94,5,112,1070,11,1314,113,299,2220,3,369,341,901,152,6000,3,233,3834,137,134,567,15252,42,59,61,0,28,175,0,260,0,2851,0,390,62,95,137,2,465,14,22,82,1189,9334,287,8,34,4,200,86,14,5,799,2383,1400,64,0,63,21,1120,3,177,39,30,142,372,7569,270,339,54,5,308,731,493,7,48,9702,2757,56,384,2,0,12,4246,562,1683,1102,11223,64,366,54,34,6,1,724,507,1967,2,2083,145,0,1417,12,181,4,20686,0,86,257,12,21,64,7,572,0,350,434,68,109,1210,1432,7,2092,8202,0,204,4,1440,603,7,240,0,5,41,116,1505,32,27,41,2,3752,8,107,4449,0,300,56,4995,5853,742,518,1143,1,3868,542,168,1805,0,11,1921,0,135,2573,20201,3,217,71,243,110,0,54,65,51,5,3511,3775,1,0,25,12,1042,80,62,0,0,174,785,915,1872,13496,2407,2092,1138,223,969,4760,3977,117,288,491,4226,6195,1480,216,288,825,381,139,29,633,10426,420,3145,1690,3868,2464,1895,265,13343,1577,1884,258,2083,1603,1103,641,47,396,4172,322,2153,83,9647,1524,721,705,889,1491,6871,3929,1296,141,416,1322,243,4039,464,795,444,3081,2563,2213,2409,648,7,2679,4918,11950,1149,4979,121,253,5828,1635,478,55,280,1545,424,192,3068,9677,39,6551,205,588,822,1686,976,420,59,3055,5103,616,955,125,964,1902,4714,5,1953,2262,1968,1470,3125,984,1074,1203,2356,168,11402,2192,195,782,3179,2876,244,9442,1115,8378,14214,1537,148,4301,1572,32,7916,1573,4081,338,985,273,4364,47,620,1652,250,4588,3369,14740,1284,3254,6458,1038,3321,1968,718,4072,7456,369,488,82,4001,2265,2154,1384,6320,2823,3134,2707,223,1864,2753,191,3364,9294,39,6229,1954,5976,49,724,2445,1825,3964,4239,901,3003,5612,1614,129,2229,20661,5408,2597,2594,188,1982,7337,7593,5264,759,314,2514,2,12591,370,3349,5258,1699,6677,9230,3663,2476,915,10311,5379,1,1443,36,1460,4496,1055,1006,5474,1914,2418,157,1873,11421,4965,10921,1646,901,698,1689,3902,16204,1115,4217,1070,143,3642,87,4563,15580,850,17183,8241,3424,4116,1039,4798,25347,2604,324,6326,4140,206,3543,554,1996,341,1949,608,1361,17300,2121,855,126,1489,7316,9769,1349,19302,37,17630,2717,210,2202,328,1731,8366,295,2817,2264,3134,125,1936,404,6205,2451,4596,12484,2344,5406,10817,128,5972,7124,585,9308,749,668,881,840,725,1528,428,5571,2996,3394,6337,327,3915,951,1292,17,3796,7388,3275,397,51,3530,235,17356,229,5548,15114,2445,6016,10762,377,689,2828,3204,301,7865,7481,55,28,483,3809,12636,11178,1230,10190,13579,41398,4790,11430,2767,9466,9390,1222,20640,891,840,57,3649,1584,2457,300,2120,14662,27172,3832,12772,6166,14653,8531,1578,7123,5267,711,9436,172,20158,7252,4192,19516,16352,6010,5968,883,4697,414,407,1986,1237,4935,9121,23786,1524,12506,32473,31179,1900,21766,2688,1655,5949,1867,849,1144,25061,18885,616,11982,5743,3402,1325,817,13123,1026,1957,448,1984,6854,8252,27090,37909,13604,2931,15848,6692,4792,154,3937,12606,11182,77,1455,9564,8439,789,2984,4666,2429,19297,1584,1088,19567,7374,52,2758,872,1572,9270,28299,13517,14413,13079,8182,5729,783,1009,796,278,10070,33985,280,8638,5439,1299,2031,451,35409,1185,779,5331,8313,2720,4588,501,923,18195,460,151,235,30679,8927,6786,67,40964,28797,8444,21706,14156,183,4238,226,449,2739,285,105,8602,1092,4983,12111,17,7244,10260,1736,1616,187,3859
"gene_24",0,0,102,35,0,53,0,0,0,0,0,0,0,0,0,1,0,0,0,0,0,16,0,0,0,0,0,0,0,0,2,0,0,0,0,0,0,0,0,0,0,0,0,0,0,0,0,0,0,0,0,0,0,0,0,0,0,0,0,0,0,0,0,0,0,0,0,0,0,0,0,0,0,0,0,0,0,0,0,0,0,0,0,0,0,0,0,0,0,0,0,0,1,0,0,0,0,0,2,0,0,0,2,3,0,15,1,0,1,2,1,0,0,0,0,0,0,0,1,0,1,0,0,0,0,0,3,0,0,1,0,0,0,0,0,0,1,0,0,0,0,0,0,0,3,4,1,0,0,6,0,8,0,0,6,0,0,0,0,0,5,3,0,2,6,5,19,0,0,3,0,0,0,0,20,6,0,0,1,3,15,0,0,10,6,5,4,0,0,0,3,1,0,0,0,0,0,0,5,0,2,0,0,0,0,0,0,0,3,1,0,0,0,0,0,0,1,0,6,0,0,0,1,5,8,0,0,0,0,2,0,2,0,5,1,1,0,0,0,0,0,0,0,0,0,0,0,0,0,0,0,0,0,1,1,3,0,0,0,3,0,0,0,0,0,0,0,0,0,0,0,0,0,0,0,0,0,0,0,0,0,0,0,0,0,0,0,0,0,0,0,0,0,0,0,0,0,61,0,0,0,64,0,0,0,0,0,0,0,0,0,0,2,0,0,0,0,0,0,0,0,0,0,0,0,0,0,0,1,191,0,0,0,0,28,0,0,0,0,0,0,0,0,0,0,0,0,0,0,0,0,15,0,0,0,0,2,0,0,0,0,0,0,0,0,0,0,0,0,0,0,0,0,0,0,0,0,0,0,0,0,0,2,0,0,0,0,6,0,0,0,0,0,0,0,0,0,0,0,0,0,0,0,0,0,0,0,0,0,0,0,0,0,0,0,114,0,0,0,0,0,0,0,0,0,185,0,0,0,0,0,0,66,1093,108,0,0,0,185,816,0,0,0,0,0,0,3,50,0,0,0,2,0,0,0,0,0,134,0,0,438,264,0,0,0,0,0,0,2507,0,0,66,0,0,0,0,0,0,0,3,9976,313,1,0,0,0,3,0,0,0,1405,0,1,0,0,0,0,714,0,144,0,0,0,52,1,0,0,215,0,0,0,10420,0,0,0,0,0,0,0,0,680,0,0,0,0,0,0,0,0,0,1658,348,0,0,0,0,0,0,0,0,0,0,0,0,0,14,0,0,0,0,12,0,0,0,0,0,193,0,0,44,0,0,0,3724,0,0,7502,0,4,0,0,0,0,0,0,7935,0,675,1,0,180,15297,16329,1946,6,0,11,1707,0,9,0,4699,39,54,0,0,0,0,0,0,0,0,0,12867,0,0,0,1,9,55,4,0,0,0,20,3522,0,7,25,0,0,156,0,0,0,789,1269,0,0,131,1,164,0,591,0,3403,0,7500,0,365,0,0,0,0,0,0,0,24,0,707,0,0,0,533,202,2,0,1,7,0,2793,3,15,0,2,0,0,0,0,1355,0,19330,0,0,0,0,946,0,15812,0,10,0,996,1602,12087,2141,0,0,0,0,0,0,0,453,0,8371,0,0,3,6361,10741,1,0,3674,4,3,0,6360,0,0,1,0,0,0,0,0,0,1,108,28,0,0,0,0,0,6,0,0,0,48,70,0,0,22,0,835,58341,2,0,1,0,0,17,2451,161,10226,11991,7260,0,0,0,1617,2,52,845,7094,18,1471
"gene_25",0,3,0,0,0,0,1140,0,0,48,697,0,2437,12,619,3450,173,0,2375,2553,15,0,24,0,0,0,0,1208,0,6,7,0,0,34744,0,1,0,0,0,0,0,0,0,68,55,0,18,1003,5,0,2,0,84,0,0,0,0,0,131,8434,1,689,11,9000,200,0,0,0,203,0,0,9546,0,0,2243,10,1111,541,2562,326,895,757,14,0,0,37,19,1,0,170,34034,1,743,0,0,0,0,0,0,0,0,0,0,0,0,0,0,0,0,0,0,13,0,3,0,0,0,1,0,0,22,0,0,0,0,0,0,0,1,0,0,0,2,0,0,0,0,0,0,0,0,0,0,0,0,0,0,10,39,0,0,0,0,0,0,0,0,0,54,9,0,0,0,0,0,0,0,0,0,0,0,0,0,165,0,5211,0,0,0,0,0,207,0,0,0,0,0,0,0,0,0,0,0,0,0,0,0,0,0,419,0,0,0,0,9,0,27,0,0,848,151,0,0,0,46,0,0,0,0,0,0,6,0,0,21,0,0,0,0,0,0,0,0,0,0,312,0,384,1,0,232,21,12,214,0,0,0,1,0,0,1614,9,0,0,6,0,0,0,0,0,6,607,1,53,0,237,924,0,15,0,0,997,7,280,0,4204,0,1114,13,872,0,0,364,0,1743,8,23159,0,93,0,610,1430,44,18,120,8320,468,0,2955,867,0,97,199,9,160,1,12,0,0,15,0,0,229,5,133,0,58,5852,2273,314,5,980,649,0,1,2,19,2489,176,0,560,20,41,0,4978,1351,457,0,897,0,4,424,1995,1314,0,379,647,1045,1,0,228,8,320,84,440,0,0,1197,2364,3230,0,49,17,0,1577,3654,0,48,54,0,370,6230,4,269,15,3320,82,0,0,36,2,577,702,0,1128,1,6666,19,1204,338,2358,18,998,12406,3253,1,235,0,159,0,0,8,3317,175,0,496,0,458,255,4,0,1,9781,93,264,12565,173,12,7378,5,10,1717,0,1,91,201,123,0,221,0,14,42,0,447,0,49,0,48,21,1978,85,846,3,121,0,4514,45,482,315,749,150,0,1,0,232,7,0,2,1,1115,205,1381,2408,0,1001,0,315,1,2808,158,7416,20,14,581,0,130,4,0,1257,3099,601,1,1366,608,1216,811,8,617,3,0,52,18099,130,1895,0,0,1198,1990,334,3706,37,2467,926,6252,2450,57,7851,3193,6,200,5928,1,11,243,2669,0,0,245,1454,1,129,1,218,3404,5514,0,975,0,0,2,8,46,23,326,5,5815,0,1038,2994,10075,213,90,29,4090,269,1851,3052,8389,0,45,8074,852,5155,24,1446,1044,0,2775,196,1530,840,853,1075,3590,19,1116,0,1,190,676,17418,6,0,32,147,3198,46,38552,6,4,86,0,353,4301,3521,48,563,281,1,6,1618,77,20034,1432,2005,17,6181,1675,2,36729,4,7038,11,0,0,37,3304,1,379,3151,13511,0,1720,256,66601,0,1577,178,43,344,78,10,1,5192,3,2,2967,33,11649,0,734,5351,10584,1,826,936,30,23635,2457,2077,136,1585,18,621,86,0,1841,1,2178,321,4,0,1,0,25,280,40703,365,15,9421,0,1,9,20,0,323,2455,245,19180,1033,0,3528,6,1860,8265,152,762,96,6,260,1009,5,57,1491,214,12,187,1040,0,26,0,27,0,1067,4,20,0,434,1645,4039,366,1821,4643,0,14,8610,376,857,7041,292,95,1475,0,308,34,955,0,1364,706,23,319,1042,2,0,1426,1,6652,44,0,46,924,1094,531,0,2888,5968,212,3956,34,47,28996,20891,94,73,5,449,372,0,11522,1,11639,1507,3493,706,1,493,869,0
"gene_26",1519,1226,364,292,6372,1964,300,2099,925,522,10762,14139,6726,5194,1461,5952,5705,2037,392,713,220,1697,5682,2383,786,1346,517,9299,5659,7022,603,1435,2684,3002,2707,1500,1742,48,6157,6125,1697,3404,3501,1832,7293,284,1422,1348,744,1493,291,2242,7399,1662,406,5606,379,3283,3651,279,5005,6076,5260,2367,2052,11195,2288,7533,1640,8727,8646,601,123,6941,1316,10909,661,3282,817,3028,795,1002,636,1171,6365,2279,5,1819,1809,117,9112,5224,14153,3782,14939,1026,1155,1332,16077,155,9554,1435,17794,649,6395,3595,1813,1375,3888,94,9,4677,522,131,7319,182,6782,1475,196,449,5078,2534,669,170,462,5669,173,2417,7768,26,2158,8019,1582,43,3583,4272,2572,3125,2703,942,29277,20509,2209,2802,10697,382,7314,10479,41324,316,34689,16195,6385,11217,3333,32691,2237,738,4765,156,7636,14194,479,19606,3845,3546,13424,1885,1828,0,23295,5046,45206,578,89087,19592,491,459,509,12143,7256,346,3006,22759,7143,2808,3473,1137,4630,2182,16597,2834,8780,525,12162,26996,12864,1373,51940,38090,32234,1861,96603,7364,13925,42362,36402,8067,12112,43410,4236,17072,21197,4604,26213,10279,22994,1796,20093,23494,5602,7771,12167,18457,63659,14177,9281,12221,89502,42403,11518,14443,28141,17024,3284,3715,32479,29477,39043,3437,14524,20613,15176,19677,13130,10014,20036,54914,29162,55302,3804,36066,17817,1080,13131,11062,24738,14828,27773,30390,38601,14382,13593,4049,692,3718,11933,4266,1671,7502,22296,36178,16312,7509,23109,2740,9320,1149,5720,8212,379,5366,14360,39227,12352,24827,39275,5549,6102,47536,20768,9544,14047,14582,12350,2853,3470,14085,28237,47532,7599,11973,6354,8518,8340,1246,7933,29193,3474,19374,17607,6907,5369,7188,3271,5655,16577,45303,16025,4611,3299,10336,6356,1160,27637,10470,25480,30741,12886,3262,19908,1587,9337,1692,8484,6652,3591,3434,11992,19376,876,6374,21913,27963,4581,781,22558,24664,31744,5052,1227,70479,18340,15359,8709,545,15351,2753,11000,20291,2941,9746,9787,14197,7684,2546,44726,4277,1174,13836,12328,14588,1590,8369,7031,20446,9571,18588,6566,41508,13835,11868,23966,9315,32502,21721,16478,35752,5591,8989,4630,29249,8391,6903,53887,10106,8196,22061,18057,18397,9979,5591,6505,14008,21529,25076,47750,18280,11201,6697,13771,17848,4175,23022,28564,6987,10794,20598,11817,11957,15880,3975,7844,1976,4890,24806,29558,2923,14594,277,65,5035,7746,10807,25473,31196,11823,12431,52934,62852,9706,22762,23429,8660,31985,51776,18231,28066,32082,9921,26654,4109,33167,2627,27545,6551,2706,23680,19425,18733,12558,14197,28378,8374,31882,49836,28408,50407,18752,40457,21140,54819,16087,16643,2574,3750,22283,16798,11605,25311,22387,19103,12163,4663,3639,35385,8897,15033,7710,10695,27284,47362,61494,34044,16045,3824,25563,12384,91562,24770,10878,14237,44387,86424,63133,80434,9984,51071,49722,66337,22021,12504,13446,44858,32439,4944,17323,63940,9622,109565,9201,38355,11150,5637,19597,60243,48400,17062,16927,529,40794,14745,45161,52929,20119,33417,30823,4798,9889,64072,41513,10913,28154,51354,79049,17393,42941,10412,4643,4502,12610,1656,22380,6379,12676,46331,30295,27842,67511,59148,16359,43347,19586,18939,15031,30125,79884,53236,15625,19467,2564,39260,84666,55964,59248,50267,65453,68874,173936,53062,82041,1550,61512,20508,45461,2290,132665,15217,20012,52342,109971,30423,13826,26848,6819,24479,69402,87774,116570,143173,60152,35211,49716,65995,144636,41227,80247,54922,19985,98412,78547,41006,26110,25007,12396,77240,134018,7738,79922,822,8546,58971,92820,71177,10750,91111,2157,74246,35451,86362,3292,26570,87252,183736,43926,268209,20414,26501,30199,15980,80831,35563,4706,19946,59680,8112,36472,47107,68921,6557,224915,6266,46443,13802,8669,25429,12889,14085,19815,31577,135594,73451,50817,98062,9929,64836,37954,67552,9281,26208,23744,79131,2559,42699,12474,25558,169594,8284,71681,73552,398279,12615,38373,51544,3871,31042,14715,34043,149032,26696,11303,3457,68603,143423,5842,21386,99244,1923,54403,202407,23422,46063,60775,2993,103865,5597,30881,49969,10075,1359,133609,17830,52722,8289,58167,33743,24689,8849,62699,36616,22472,38837,59392,30903,225488,111003,19377,61839,48590,57863,124170,88738,117231,7503,24413,34788,101556,51004,187984,27524,78265,16729,23287,63124,24077,14740,64769,63183,18606,23603,5252,61529,15654,57793,92991,143853,9339,31149
"gene_27",0,0,0,0,0,0,0,0,0,0,0,0,0,0,0,0,0,0,0,0,0,0,0,0,0,0,0,0,0,0,0,0,0,0,0,0,0,0,0,0,0,0,14,0,0,0,0,0,0,0,0,0,0,0,0,0,0,0,0,0,0,0,0,0,0,0,0,0,1,0,0,0,0,0,0,0,0,0,0,0,0,0,0,0,0,0,0,0,0,0,0,0,0,0,0,0,0,0,0,0,0,0,0,0,0,0,0,0,0,0,0,432,0,0,0,0,0,0,0,0,0,0,0,0,0,0,0,4,0,16,0,1932,0,177,0,0,0,18337,0,0,0,0,0,4,0,0,0,0,0,1,0,0,0,0,0,0,0,0,0,0,0,0,0,0,0,0,0,6211,0,0,0,0,0,0,0,0,0,2,0,0,0,0,0,0,0,0,0,0,0,0,0,0,0,0,246,0,1631,0,0,0,110,6,282,9153,142,1438,0,7389,0,464,7066,25112,0,0,1019,491,0,0,1057,133,3224,6747,14,0,9,1,0,8,0,2,0,0,6826,755,0,0,0,2549,33762,0,9,0,5,56,106,0,267,0,0,7712,8,11873,2,0,623,0,1,0,17,176,4509,0,133,0,0,1105,612,0,0,405,52,2,0,0,3072,20,571,7,2,0,55,5231,96,756,501,109,390,1,14,0,20,3,5,2,10,556,0,0,389,795,0,0,5,4,1435,695,10,129,1,445,0,145,1,0,2183,5516,4,0,0,60,25,544,267,1818,35,236,8,0,0,28,0,24,83,1025,1,1,401,292,1768,60,0,529,0,0,116,0,1453,9446,163,404,0,109,0,2,151,2,533,0,0,532,0,26,0,28,1963,1469,26,3,0,0,139,18,6026,925,125,655,1024,911,10787,1572,0,6411,282,87,15,0,5,1441,4975,3201,4,9,1247,757,0,0,0,2166,3846,0,1465,430,36,0,0,13,41,22,23,154,0,0,2001,1217,1,39,3474,521,892,31,0,0,49,78,11,1,2,0,361,6,0,411,3,3575,6234,28,119,11007,1032,18484,1767,855,25724,47086,12379,9340,544,1415,4710,16966,514,1123,4194,203,1421,5488,0,4,1287,319,11277,723,2714,4,2321,3505,959,371,20,21020,10,47,80,9621,5248,20332,0,751,787,1198,16152,4794,1,11304,16715,19900,10613,7320,1409,151,4514,5349,23,40505,15002,1575,3492,1574,72,1187,1736,1011,1618,7894,1426,7468,55,11320,33226,539,653,6422,4199,11426,0,64,498,69986,134,12282,2264,10037,1429,15977,223,842,4,31969,339,31556,1079,6649,9234,3205,278,5282,482,54805,753,3416,72,29445,4683,5107,11,530,3937,737,1451,1518,669,745,85,3667,3514,5685,10982,449,3131,587,12194,15388,2600,8024,14110,7543,51271,2299,576,97,11786,3583,33721,535,1686,35,30235,4207,426,12922,268,411,707,20429,8271,2297,11733,9668,33977,121,1592,21151,5209,0,40280,155,7936,99827,14436,358,21653,3341,3076,1818,90,9,2452,10202,30305,7151,1122,3810,2,8194,6872,65,167,3579,0,19295,52591,1592,33286,13889,55720,565,495,30240,289,1081,6640,29644,62711,206,16079,427,136489,72,5108,11082,9141,935,7621,71680,28965,58961,52398,30,34833,11856,31466,70,169,919,2531,6197,354,11647,8030,15621,530,92,7119,0,110,8813,25212,1767,239,1903,2814,3119,12354,110,30565,4174,143,1365,5620,538,748,47,564,2686,560,1064,5780,689,114,71908,47942,19041,389,83313,260,2,2338,23006,17,235,47477,9201,13,182,9346,18029,2124,230,4042,36,11203,1002,2420,3106,29,15287,3405,10099,1273,14,6112,2909,2995,5,60,6761,6218,4698,1839,88,1588,2663,0,2,16927,43778,19667,885,3800,4051,23211,2554,5571,150,3562,4574,1371,10,852,1806,448,30463,869,1279,6597,8,88,13797
"gene_28",0,0,0,0,0,0,0,0,0,0,1,0,0,0,0,0,0,0,0,0,0,0,0,0,0,0,0,0,0,0,0,0,0,0,0,0,0,0,0,0,0,0,0,0,0,0,0,0,0,0,0,0,0,0,0,23,0,0,0,0,0,0,0,0,0,0,0,0,0,0,0,0,0,0,0,0,0,0,0,0,51,0,0,0,0,0,0,0,0,0,0,0,1,0,0,0,1,0,0,4,0,0,1,1,0,0,0,8,0,0,0,0,0,2,0,8,1,0,0,1,2,8,0,0,1,0,0,0,5,0,0,0,2,0,0,2,0,1,0,0,0,2,5,0,0,6,0,0,1,0,1,0,0,13,0,0,0,1,1,0,0,0,3,0,0,4,0,0,0,0,7,1,0,3,8,0,24,0,0,5,4,3,1,0,0,0,0,0,0,0,0,1,4,1,0,0,0,0,0,0,0,0,0,0,0,0,0,0,0,0,0,0,0,0,0,0,0,0,0,0,0,0,0,0,0,0,0,0,0,0,0,0,0,0,0,0,0,0,0,0,0,0,0,0,0,0,0,0,0,0,0,0,0,0,0,0,0,0,0,0,0,0,0,0,0,0,0,0,0,0,0,1,0,0,0,0,0,0,0,0,0,4,0,0,0,0,0,0,2208,0,0,0,0,14,0,219,0,0,0,345,0,0,0,0,0,0,0,0,0,0,0,0,1,0,0,0,0,1608,0,0,0,0,0,8,0,0,0,0,0,0,0,1,0,0,0,0,0,0,0,0,0,0,0,0,0,0,0,0,0,0,0,0,0,0,0,258,0,7,0,0,0,0,0,2,0,0,0,0,0,0,0,0,0,0,0,0,0,0,0,0,0,0,1,0,0,0,0,0,18,0,2383,0,0,0,0,0,0,0,0,0,0,0,1,0,0,708,0,0,0,0,0,0,0,0,0,0,0,0,0,0,0,0,0,0,0,0,0,0,0,0,0,0,0,0,0,0,0,0,0,0,0,0,0,0,0,0,0,0,0,0,0,0,0,0,0,0,0,0,56,0,0,230,172,0,1,0,0,0,0,0,0,4,0,0,0,0,0,80,0,0,0,0,0,0,0,1,0,0,0,0,0,0,657,0,0,0,0,5,0,0,10,0,0,0,0,0,0,0,424,0,0,0,0,0,0,0,681,0,0,13,1,0,0,0,0,0,0,1,0,0,0,19,0,0,0,8,0,0,0,0,0,0,0,0,0,0,2,0,0,0,1058,0,0,0,0,0,0,0,0,0,0,0,0,0,0,0,0,0,0,0,0,0,0,3538,2,0,74,0,32683,0,0,0,0,0,0,0,0,0,0,0,0,0,0,0,0,0,0,0,23233,0,0,0,58,0,0,0,0,0,0,6,0,0,0,0,0,0,0,0,0,0,0,0,0,27,0,0,0,4,0,0,0,31,0,0,0,0,0,0,0,0,0,0,0,0,0,0,0,0,0,0,0,0,0,166,0,0,0,0,0,0,0,0,0,1638,0,0,0,0,0,0,0,0,0,0,0,0,0,0,0,0,0,0,0,0,0,21,0,0,0,0,0,2,0,10,0,0,0,1145,0,0,0,0,0,0,0,520,0,0,0,0,0,2,0,0,0,0,105,0,0,0,0,0,0,0,0,0,0,0,0,0,0,0,0,4454,0,0,9,0,0,0,0,0,1617,0,0,0,0,0,0,0,0,0,0,0,0,257,3,3675
"gene_29",132,374,659,11,126,1193,1615,1517,146,286,2,288,2074,276,196,72,274,909,650,159,187,86,539,764,357,104,9,417,107,37,44,114,43,314,4,0,176,582,392,16,656,361,348,950,505,821,41,132,167,2191,1174,283,201,58,103,5,126,21,447,342,30,12,127,2506,443,212,220,410,132,1758,974,209,6,1397,2038,86,191,54,78,123,393,254,172,254,189,55,0,102,87,110,1093,63,7,14,1,0,12,0,186,6,4,3,0,0,0,74,0,2,60,32,22,1,0,1,48,45,7,0,14,0,38,4,1,71,2,24,1,6,3,0,0,12,3,31,128,34,0,567,2,2,0,0,5,0,142,0,3,1,54,0,113,9,0,0,0,1,4,133,8,5,218,3,0,126,21,1,0,15,0,39,92,96,0,19,1,128,640,0,395,12,5,12,30,0,0,273,9,2,147,671,0,190,43,64,225,208,45,14,534,161,735,24,415,16,20,106,66,54,87,27,788,85,16,118,233,9,258,158,117,143,226,47,184,169,155,92,474,92,179,67,8,148,38,47,22,474,1335,155,118,7,26,552,567,69,118,175,44,48,94,86,138,110,126,0,83,18,8,28,1809,1336,204,690,802,898,324,27,3294,743,786,184,362,544,117,455,705,1515,1807,180,53,142,172,218,221,1809,1372,1279,503,1135,2085,474,890,743,234,652,164,271,745,603,17,45,288,26,250,11,443,552,121,32,77,143,1043,19,102,303,99,103,240,477,417,523,355,875,1182,27,577,1136,628,723,960,1091,1089,17,356,1295,2132,1573,297,683,286,974,129,37,340,194,1288,69,2254,1017,56,131,296,977,645,517,96,88,53,1085,945,383,656,841,1382,609,1915,643,518,421,267,856,542,1858,185,587,16,767,52,45,1315,1741,814,1568,926,41,589,811,1548,623,2038,132,30,734,565,517,3842,969,136,447,64,151,7,858,522,608,50,144,378,463,223,260,1000,108,677,1861,1419,1483,164,905,491,404,422,796,736,307,0,291,26,375,453,101,744,413,257,403,0,1,9336,1686,532,787,40,319,86,427,1814,4641,1,6,45,5347,14,1807,803,92,3293,4384,411,250,43,738,2464,567,107,48,267,272,19837,324,2047,0,1343,1290,7504,44,38,442,117,1029,58,87,41,65,2961,0,604,49,19,32,74,1276,5857,130,6352,33,28,15,716,11,1,1891,13,510,4582,6,19,112,3,3634,293,341,181,10,5602,33,1017,3,31,14,3309,6,45,457,3,315,448,603,23,269,21,1086,518,7147,17,80,621,825,57,27,584,2863,31,3777,2261,1180,232,7367,2,1318,1253,33,1215,943,1141,0,1282,92,84,185,392,1529,1227,8,0,1038,52,16,5003,11360,1477,4072,2918,3600,0,88,0,0,0,55,12,3,1468,117,1362,183,134,86,62,38,8,0,2,6,0,0,2401,1318,1984,0,0,1092,62,1094,204,852,135,82,14,4,67,438,34,178,4576,26,157,134,491,3005,654,1239,755,456,1827,32,16,1139,66,308,72,7383,0,8482,8287,296,39,5076,4790,409,297,119,0,834,154,590,171,85,23,59,24,2508,21,4999,2921,22,58,79,3946,48,17,1300,3094,387,501,190,1754,3145,940,191,871,0,1384,5638,572,3060,848,0,749,2,600,55,10,419,3396,3343,1314,646,319,3,537,525,674,736,1246,2343,6,1,1040,641,1160,1789,11672,575,0,29,8285,253,19,0,48,2,21,24,5,0,19,1875,0,1372,711,2397,7605,103,1942,1,17,3,5861,1321,1059,4606,344,6,2456,221,2382,1207,3,3380,343,4848,0,607,0,2,783,996,19,9680,2,3803,308,43,0,44,14,11618,4419,1767
"gene_30",0,8,0,1,26,0,57,0,0,0,35,4273,8,0,3219,1,0,0,0,16,0,0,446,0,0,468,105,0,0,0,0,54,6,1,0,0,422,1,638,0,4,0,46,0,441,4,2291,0,599,0,0,36,1,168,0,1309,0,0,1,0,0,0,1377,2139,0,0,1023,0,0,5,0,0,0,1,406,0,311,2,0,55,52,3,181,0,0,1,0,6518,0,0,0,0,0,0,0,0,0,0,0,12777,0,0,0,0,0,1,0,0,0,0,0,0,0,5,0,1049,0,0,3,0,3,0,0,64,0,2,282,3,0,0,0,0,0,69,113,0,0,0,0,0,0,0,0,0,0,0,0,0,0,0,0,2332,0,0,0,0,0,0,0,0,914,0,0,0,0,0,0,0,0,4224,0,0,0,0,0,0,0,0,0,122,84,0,0,0,0,0,0,0,0,0,0,18,600,1631,0,0,0,0,0,0,0,0,0,0,0,0,0,0,0,0,0,0,0,0,0,0,0,0,0,0,0,0,0,0,0,0,0,0,0,0,0,0,0,0,0,0,0,0,0,0,0,0,0,0,0,0,0,0,0,0,0,0,0,0,0,0,0,0,0,0,0,0,0,0,0,1,0,0,0,0,0,0,1,2,1,0,0,0,0,0,0,0,0,0,0,0,0,0,0,0,0,0,0,1,0,0,0,0,0,0,0,0,0,0,0,0,0,0,0,2,0,0,0,1,0,0,0,0,0,0,0,0,0,0,0,0,0,0,0,0,0,0,0,0,0,0,0,2,0,0,0,0,0,1,2,0,1,0,0,0,0,0,0,0,0,0,0,0,0,0,0,0,0,0,0,0,0,0,0,0,0,0,0,0,0,1,0,0,1,0,0,0,0,1,0,0,0,0,0,0,1,0,0,0,0,0,0,0,0,0,0,0,1,0,0,0,0,0,0,0,0,0,0,1,0,0,0,0,0,0,0,0,0,2,0,0,0,0,0,0,0,1,0,0,0,0,0,0,0,0,0,0,0,1,14,0,0,3,0,0,0,0,0,0,0,0,0,0,0,0,0,0,0,0,0,0,0,0,0,0,0,0,0,0,0,0,0,0,0,0,0,0,0,0,0,0,0,0,0,0,0,0,0,0,0,0,0,0,0,0,0,0,0,0,0,0,0,0,0,0,0,0,0,0,0,0,0,0,0,0,0,0,0,69,0,0,0,0,0,0,0,0,0,0,0,0,0,0,0,0,0,0,0,0,8,0,0,0,0,0,0,0,0,0,0,0,0,0,0,0,0,18,0,0,0,0,0,0,0,0,0,5770,0,138,0,0,0,0,0,0,0,0,7,8,0,0,0,28,286,0,0,0,0,1206,0,7,0,0,0,0,0,0,334,0,0,0,0,3,4467,0,1550,0,4,0,4,1019,0,6,0,3,6493,0,0,0,0,5181,0,32652,0,0,0,0,1,29,0,0,0,0,0,0,0,0,0,0,2,0,1,0,0,0,0,46,0,0,3,7,0,0,0,0,0,0,0,0,0,0,0,1908,0,52,0,0,0,0,0,8,1,0,0,0,0,0,0,0,0,0,0,0,0,0,0,0,20,0,0,12,0,0,0,0,181,5777,0,0,3812,0,2839,0,8,153,0,0,0,0,0,0,0,0,1,21,0,0,0,0,0,0,0,0,0,0,0,0,0,0,0,0,0,0,12057,1,0,0,0,0,0,0,0,0,0,180,0,5,0,11824,0,0,0,0
"gene_31",4,0,0,0,4076,0,210,729,1559,18,0,1,0,0,0,0,0,0,0,5,56,479,0,9122,147,0,3,0,14774,0,165,0,4736,189,650,0,176,0,0,177,0,16,0,0,0,0,0,0,156,9934,7,447,0,0,0,1,517,1,2,0,2,32,5887,0,2015,204,7,422,604,0,973,0,428,0,0,60,10770,0,0,0,1088,250,1,0,8657,0,0,1,0,5,0,164,0,0,0,0,0,0,0,0,8,0,0,1441,442,0,0,0,0,0,0,0,4218,0,103,643,16,688,0,0,0,0,0,1532,537,2855,0,649,0,0,0,0,3,0,0,0,0,0,130,1419,0,0,0,0,0,0,0,0,0,0,0,0,0,68,0,0,6279,2945,0,0,0,0,0,0,0,336,0,0,0,0,54,0,22384,0,1000,38,0,0,0,74,12,0,0,4572,0,0,318,0,0,0,0,0,0,0,796,0,1213,0,0,0,1,0,0,0,0,0,0,0,0,18,0,0,98,0,0,0,12,264,1961,0,0,0,0,2,4,0,0,0,0,0,14,0,0,0,0,0,0,0,115,0,0,0,0,0,539,334,574,262,7,0,0,0,0,0,4,0,0,283,0,170,760,5677,239,8,0,42,0,0,113,3215,0,416,1860,5118,0,9,0,465,0,1199,65,94,115,51,15,0,24,0,15,72,2,686,546,8154,364,314,487,169,981,9,813,192,1894,15,4412,809,490,718,3476,0,1005,0,33,14,70,61,72,7508,203,16,2889,595,1806,336,234,2253,7252,625,0,152,3168,1,620,22,728,0,0,0,0,1154,76,2743,12,3311,0,78,504,4,0,3,1487,22,223,417,0,233,0,3,2,2,766,1586,0,2,80,4722,0,1722,887,4,0,106,0,2586,1,304,37,1637,224,292,10,1879,0,0,14061,0,1,0,61,3,4276,119,2059,1,0,7,0,2623,2,12184,0,825,123,0,0,19,275,38,3,0,1006,0,906,2127,0,0,8,252,57,0,1,7,22,2366,59,37,0,0,1673,0,4,6,0,480,100,45,510,13,1471,67,0,106,0,0,1358,1348,15,815,1618,0,12,4,75,219,130,5307,0,74,26,0,3,2,11,1,0,2,215,260,0,1056,77,0,3580,777,141,0,0,33,0,0,3,2867,2743,0,0,10806,131,4,18,1,108,16,1980,149,0,0,1749,1,0,0,0,5,11,519,126,15244,393,4,0,274,3,1,135,3,1302,81,14,191,116,0,90,2033,864,0,429,0,117,4,893,2,63,5,4127,5,445,9,646,139,1,0,16,7,0,12190,0,31,301,0,2082,0,30,1,20,1391,0,118,0,385,7,843,3387,35,6,216,82,1,629,7313,1110,486,0,2,1,2358,6978,0,18,535,282,24128,0,0,0,413,30,7400,1775,13,0,0,0,922,351,1212,0,0,1583,328,3,2,746,18902,0,93,7864,0,0,0,4665,624,72,2,0,849,0,0,2326,271,4114,2219,9,2604,6,0,133,229,0,0,0,0,22,0,197,0,8,0,1578,85,1,1,0,11158,0,0,82,0,5753,0,184,0,6178,233,24,139,114,220,900,30,4763,30,4,48,895,2907,0,0,6497,0,15634,3,723,0,0,236,49,1966,1,0,105,437,72,0,184,8489,0,0,0,4,3,0,0,236,0,101,546,0,2,1,0,13,6075,2052,0,0,0,159,722,0,0,6102,573,0,1,1149,0,3462,0,1328,5,1739,15846,0,0,0,0,140,19098,1,33,0,4889,5244,1,4,172,1916,2224,0,97,3480,0,4364,417,11,1108,0,0,0,0,0,175,0,14,2823,0,2466,3717,0
"gene_32",130,0,0,75,0,101,0,2,0,0,0,173,14,42,19,0,8385,0,0,0,0,963,1102,438,0,36,0,105,0,5226,0,0,0,0,0,0,506,14,2,0,36,0,0,2874,128,0,0,0,462,0,311,0,0,0,1,6,4,0,6,1,851,50,0,3695,0,0,1,0,0,0,0,0,0,564,0,1235,0,4,0,1,4657,0,30,47,0,73,7,31,0,0,0,84,0,0,0,0,0,0,0,0,0,0,0,2,0,0,0,5,0,0,0,0,0,578,141,0,0,41,0,0,0,0,0,0,0,0,0,0,0,0,0,0,0,0,0,0,0,0,0,0,0,0,0,0,0,0,0,0,0,0,7,0,0,0,0,0,0,0,0,0,0,0,87,0,1963,0,0,0,0,0,0,0,0,2494,0,0,49,0,0,0,1234,0,0,0,0,0,0,0,0,7773,0,0,0,0,0,0,0,0,0,0,1,0,0,0,0,7,0,0,0,0,0,0,21,0,37,0,0,0,0,0,0,0,0,7,0,0,0,8545,0,0,0,0,0,0,0,0,0,0,0,0,0,244,0,0,0,0,21,0,9,0,0,0,0,0,0,0,0,0,0,0,0,0,0,0,0,0,0,0,0,0,0,0,0,0,0,0,0,0,0,0,0,0,0,0,0,0,0,0,0,0,0,0,0,0,0,0,0,0,0,0,0,0,0,0,0,0,9,0,0,1,0,0,0,0,0,1673,0,0,12,9,0,11,0,0,0,0,0,0,0,0,0,0,1497,0,0,0,0,0,0,0,0,0,0,1936,0,0,0,838,0,0,0,0,0,0,0,0,0,0,0,0,0,0,0,0,0,0,0,0,0,0,0,0,0,0,0,0,0,0,0,0,0,0,0,0,0,0,0,0,0,0,0,0,29,0,0,0,0,0,0,0,0,0,0,86,0,809,0,0,0,0,0,0,0,0,68,0,0,0,0,0,0,60,0,0,0,0,0,390,0,0,0,0,0,0,0,0,0,0,0,0,0,0,0,0,0,0,0,0,0,0,0,0,0,0,0,0,0,0,2,0,0,0,0,0,0,0,0,0,0,0,0,0,0,0,0,0,0,0,0,0,0,0,0,0,0,0,0,0,0,0,0,0,0,0,0,0,0,0,0,0,0,0,0,0,0,0,0,0,0,0,0,0,0,0,0,0,0,0,0,0,0,0,0,0,0,0,0,0,0,0,0,0,419,0,0,0,0,0,0,0,0,0,0,0,0,0,0,0,0,0,0,0,0,1136,0,0,0,0,0,0,113,0,0,0,0,0,0,0,0,0,0,70,0,0,3,2669,131,107,0,7,0,0,0,0,0,0,0,11,0,35,0,0,0,0,0,0,0,0,0,0,0,0,65,0,0,0,0,0,21,0,0,0,30,1803,0,0,0,0,0,0,0,541,43,1443,0,0,0,0,1879,0,0,8,0,534,0,0,0,0,0,0,0,0,0,3,0,1,0,0,0,0,1154,0,11113,5,0,0,0,0,0,0,0,0,0,0,0,0,0,0,0,0,0,0,0,0,422,2878,0,0,0,0,0,0,0,0,0,0,0,0,0,0,0,0,0,0,0,915,0,0,0,0,0,72,0,0,0,0,0,0,0,0,0,0,0,0,0,14,0,218,0,0,0,60,0,11168,0,0,0,3675,0,157,0,0,0,0,0,0,125,4,0,0,496,0,0,0,0,0,0,105,0,0,0,1392,0,0,1,0,0,0
"gene_33",0,0,0,0,0,0,0,0,0,0,0,0,0,0,0,0,0,0,0,0,0,0,0,0,0,0,0,0,0,0,0,0,0,0,0,0,24,0,0,0,0,0,1,0,0,0,0,0,0,0,0,0,0,0,0,0,137,0,0,0,0,0,0,0,0,0,0,0,0,0,0,0,0,192,0,0,0,0,0,11,0,0,0,0,0,0,0,0,0,0,0,0,0,0,0,0,0,0,0,0,0,0,0,0,0,0,0,0,0,0,0,0,0,0,0,0,0,0,0,0,0,0,0,0,0,0,0,0,0,0,0,0,0,0,0,0,0,0,0,0,0,0,0,0,0,0,0,0,0,0,0,0,0,0,0,0,0,0,0,0,0,0,0,0,0,0,0,0,0,0,0,0,0,0,0,0,0,0,0,0,0,0,0,0,0,0,0,0,0,0,0,0,0,0,0,0,0,0,0,0,0,0,0,0,0,0,0,0,0,0,0,0,0,0,0,0,0,0,0,0,0,0,0,0,0,0,0,0,0,0,0,0,0,0,0,0,0,0,0,0,0,0,0,0,0,0,0,0,0,0,0,0,0,0,0,0,0,0,0,0,0,0,0,0,0,0,0,0,0,0,2619,0,0,0,0,1895,0,0,0,0,6,0,0,212,0,0,2989,0,5,0,0,18,0,174,0,0,0,0,15,0,0,0,0,0,0,0,0,0,0,0,199,0,0,0,0,0,376,1,0,0,0,0,197,0,0,0,0,1,52,0,0,75,0,0,0,0,14,1,3,394,0,0,63,0,0,0,0,0,0,0,0,0,0,0,2,0,1607,86,0,0,0,0,0,1135,0,0,0,0,0,0,0,0,0,0,1,0,0,0,0,0,0,0,0,149,0,0,0,0,0,0,3,21,1,0,155,7,0,0,0,1,0,0,0,0,0,202,71,56,0,0,1,0,0,0,0,0,0,0,0,1,0,0,0,0,0,0,0,0,0,0,0,871,0,0,0,0,0,0,0,0,0,0,0,0,0,49,0,0,0,0,0,0,0,0,0,0,0,0,0,0,0,214,0,0,0,0,136,0,0,0,0,0,0,0,0,0,0,0,0,81,0,0,0,0,0,0,212,0,0,48,0,0,0,0,0,0,0,0,0,0,0,0,0,0,0,0,0,0,0,0,0,0,1,72,0,0,0,0,0,0,0,0,172,0,0,0,0,0,0,0,0,0,0,0,0,3,0,0,0,0,0,257,0,0,0,0,0,0,0,3,56,1,0,0,0,0,0,16,2,0,0,0,0,0,0,0,412,0,0,0,74,0,0,0,0,0,0,1,0,0,0,0,0,0,0,0,0,0,0,0,0,0,0,0,0,0,0,2517,0,3,0,0,0,0,0,110,0,0,0,0,0,0,1573,44,0,0,0,0,0,0,0,5,3009,3434,0,2036,0,0,0,0,0,0,0,0,1,0,0,0,0,0,74,0,1,0,97,41,0,0,0,9,0,176,7,0,1278,0,0,0,0,0,0,0,0,0,0,21,0,0,0,0,3,0,1052,5,0,0,0,0,0,0,0,0,0,1,936,249,1,0,34,0,0,0,265,0,0,8,1407,70,0,13,0,0,1,431,0,0,0,0,2503,0,0,0,979,0,0,0,0,0,0,18,18,0,0,0,4486,0,361,0,0,516,0,0,152,0,0,0,1,0,0,0,0,0,0,0,0,0,0,0,0,0,0,134,0,0,0,0,415,0
"gene_34",28,1,315,69,0,6,0,0,120,11,231,49,0,100,0,823,0,405,0,10,0,0,4020,0,14,3782,1,30,0,0,0,12,0,0,5,6737,0,84,323,0,147,0,9,21,0,0,143,73,453,207,0,26,0,0,49,1,3,0,10,0,938,0,249,0,5,0,19,59,3356,696,0,340,0,2,0,0,0,57,8,1312,0,1259,0,0,60,9,0,0,0,6,716,1,0,33,0,0,0,0,86,517,0,0,904,0,79526,0,0,40,1,0,0,0,0,0,0,21815,0,0,0,1728,0,2553,0,0,49,0,0,0,0,0,0,3444,0,0,0,99,0,0,0,0,0,0,183,6412,975,0,0,0,0,0,0,0,0,101,0,0,0,0,6,0,0,0,0,0,0,0,0,0,0,4757,0,0,17974,0,0,0,0,0,0,0,29384,0,0,0,0,0,0,0,17558,0,2,0,1,0,0,0,0,0,0,0,0,0,0,4955,0,0,0,0,0,0,0,0,0,0,0,0,0,0,464,0,0,0,0,0,0,0,0,0,0,0,0,0,0,0,0,0,0,0,0,0,0,0,5,0,0,0,0,0,0,0,0,0,0,0,0,0,0,0,0,0,10,0,0,0,138,48,208,683,615,15,0,2,236,1,171,27,0,0,0,56,0,2091,0,6,0,339,0,797,1882,0,3,0,0,26,292,5,124,21,7,1,5,3,99,0,1152,0,27,0,0,75,1249,138,0,0,0,325,0,0,0,4,305,0,0,32,5,0,518,155,1339,624,14,10,311,0,6,0,0,43,37,0,0,120,60,567,6,0,0,3,0,0,0,50,0,2,18,0,0,0,940,87,0,51,4,183,370,16,449,91,304,664,0,0,0,680,640,0,0,968,1,2,4,3611,1,2862,61,93,217,850,2,14,1,0,358,149,136,30,0,40,54,59,64,0,149,1,1584,11,669,3,28,67,4410,179,3,0,287,165,139,8,7,126,1665,60,1,48,0,0,0,17,947,15,0,3,211,9,0,0,2,0,0,0,1663,204,0,0,0,6196,169,120,185,3277,8,0,1003,1,109,0,0,0,0,3,4444,0,4262,1,89,2,70,240,565,9,0,6266,237,32,0,0,0,44,1,2675,0,3796,38,0,163,0,76,0,26,56,1382,3222,0,293,77,279,4,77,725,21,0,1132,0,0,72,5,574,120,0,6021,0,3,0,0,0,0,7,0,0,158,0,0,86,143,1736,742,152,26,0,0,43,0,80,392,0,0,87,0,0,0,0,0,0,1166,6167,3331,7860,0,0,5,0,3684,0,0,0,9,0,0,20,0,0,1,20,194,0,393,253,0,2,2,3,0,0,16185,0,150,37,0,2,199,0,0,636,1,11,0,401,0,2169,1786,5,235,39338,1,3325,1,0,0,9190,353,25,0,2107,0,2713,126,2722,3747,482,0,0,0,10,3898,0,0,0,1049,3279,5410,0,212,156,0,4543,22,2570,733,26,0,4,0,0,35,0,0,0,44,0,0,442,7283,0,116,0,0,0,0,111,0,1,18,1674,0,1234,47,0,7374,0,7,0,1,0,7561,2,233,1,43,938,0,3134,102,0,14082,121,1,0,0,540,2091,0,5975,538,62,0,12,789,1160,1007,173,0,0,224,171,9,415,0,0,977,1440,0,435,2137,12,0,155,2394,0,2018,69,48,0,866,0,0,8,8,180,0,146,11,4,188,5967,8548,0,2,1994,0,238,4,0,47,8,0,0,155,737,0,32,116,44,0,8,2,557,485,0,2937,0,0,1990,0,801,0,15,0,63
"gene_35",6084,0,377,1700,1632,0,11309,491,589,0,710,0,59,86,268,335,1570,936,847,115,802,185,276,0,9,16,1648,20,827,27,1,1231,119,7,0,0,0,337,145,21,140,1340,3,847,306,3058,13,286,0,0,3114,59,1058,0,1968,7937,8,6021,2191,4,99,31,932,11,733,134,392,0,574,1012,6362,13,5,1,329,217,0,15,108,0,0,1625,5,0,0,0,1,2216,692,0,1622,2081,2687,3,231,2059,0,0,3,6327,3282,1238,9,0,6470,2,14707,1027,3,80,3449,0,5894,4859,0,5277,225,15,401,0,0,4,1,0,7,6204,37,207,860,27,47,2240,0,607,20586,1440,11024,3,11762,10917,205,2321,152,0,42,0,465,4715,3690,4105,777,343,13,15,95,16,3253,1831,7061,8,43,58048,538,0,0,17210,0,0,9,1,5,17350,0,4977,18770,63,99,15,2561,1470,0,155,1690,575,14,15784,5655,3841,16,2191,35,1892,0,47,1125,4096,0,7015,6,0,0,10,2108,1483,896,935,0,101,0,0,77,16835,2327,0,106,0,0,6,47872,449,3915,1,1808,0,0,1146,0,0,24,0,0,1585,0,1,1,17,7955,837,0,145,0,5657,7,83,2,4,0,0,127,0,47,2156,519,8740,9,0,1504,244,846,3419,33,8398,58,0,1286,93,382,76,946,0,1,0,1419,11,23,337,0,0,1991,89,1,212,0,8,0,4379,177,6,52,1373,2,9,86,199,0,15,29,110,53,0,0,118,4682,328,0,54,0,20,6,9,248,70,0,11,490,31,104,0,0,2334,5,2245,0,0,458,1195,60,4668,0,9946,0,0,0,56,0,1115,463,243,0,0,313,325,1532,0,70,0,0,0,3973,0,264,1309,0,0,19,0,5,275,403,105,6,2,579,12439,7397,148,21,20511,73,214,133,122,1376,1283,1362,10,285,588,3759,15,2,7,8,642,0,331,174,0,0,0,65,0,507,0,4,416,34,441,50,0,5891,4,121,26,0,59,3213,3,450,0,1550,1957,260,0,682,0,0,10,133,44,198,1204,19,6,11,405,0,73,6000,1320,485,0,0,26,0,0,0,2517,0,0,558,0,0,0,0,0,0,0,71811,233,6109,0,0,1589,4,6,98282,8453,7,0,0,15015,4,0,0,0,0,21529,261,0,0,571,0,0,150,0,0,0,35448,0,993,2364,0,0,0,0,0,572,0,0,80594,0,0,0,0,0,0,0,0,0,85,401,0,0,724,0,0,0,0,0,0,0,0,0,0,1,0,0,1,0,0,0,0,0,0,0,0,1534,5771,0,46630,0,0,64961,25202,1210,0,42,0,0,1020,0,0,0,376,130,6235,4414,11,0,0,0,0,0,0,3,6170,0,5,6644,94,0,2,0,0,0,1,0,29,0,10,1500,0,30,0,0,0,0,51,0,0,0,0,16791,5,0,5,0,0,0,5,785,0,0,18244,0,0,0,10591,0,428,9,4,21670,7228,314,0,23,0,6918,0,0,0,0,0,0,1323,1,0,102,0,0,0,2,0,19,2,21279,0,231,23274,0,88,0,0,0,0,17,0,0,63,0,0,6577,0,0,0,0,1,104,0,288,63,0,13312,0,2,0,0,4305,435,91,171,1,19421,1066,0,68,0,11,0,0,0,0,0,15006,6,634,0,0,0,1,1577,0,0,70,0,4,23,0,0,5,0,0,220,0,0,0,0,0,104,0,0,1,12278,0,0,69,0,0,0,0,0,0,0,0,0,26,0,0,1,1,18969,0,0,98,8954,0,2,3,17,0,0,0,0,0,2,0,0,56,2386,0,33,0,0,60,17,0,0,1805,4,0,0,0,0,0,0,0
"gene_36",0,0,0,7625,0,0,0,0,0,0,0,0,0,0,12,2,0,0,0,0,1062,0,0,0,854,0,1488,2,0,0,0,0,1593,0,2,0,0,0,0,0,410,0,0,0,17,0,7,0,0,1,0,7233,2280,1,0,0,4,0,0,0,1,0,0,4,3,0,19,2,0,0,0,0,0,0,0,136,2,0,0,0,0,80,0,0,0,0,0,1305,0,1,13,240,0,0,0,0,0,1,7,0,0,224,0,0,43,0,0,0,91,0,0,0,0,0,0,0,0,29,0,0,0,998,0,0,0,0,73,1,120,0,1079,0,577,255,0,0,0,0,0,0,11318,0,7,2,0,0,2230,2909,2,0,0,0,0,11,4,0,0,5137,0,17,0,0,0,1919,0,0,0,21230,0,0,0,1,0,0,272,0,0,0,22,0,0,0,1220,0,0,0,0,0,2,199,8,5,33852,0,0,0,8619,0,0,6288,0,0,556,33,0,0,0,0,0,30,60,0,0,761,455,3450,272,1,0,0,0,0,1,77,0,0,0,17140,12148,10,0,0,14756,2012,1672,111,1,0,0,34,0,7,0,0,1912,9024,0,1,0,432,2249,0,0,0,0,1501,4,0,10585,0,4,0,266,1458,0,2,3,0,0,3919,0,800,464,38,19,0,26,0,1524,0,9,1775,792,0,0,0,113,5094,0,117,39,582,6,942,12,190,1,0,37,896,1,0,9,0,0,15,6,15,11,0,8,0,2,0,0,0,7948,0,1,20,0,2716,19,0,1,0,1521,1,0,3296,0,105,434,0,0,0,19,2,0,1541,22,72,0,0,2370,1,0,0,1542,55,15,0,0,0,31,0,55,0,0,0,44,1048,0,14,13317,0,993,0,0,940,7470,65,0,196,0,1146,2,266,1845,0,0,0,87,0,22,0,8,680,0,26,0,14209,2656,10,0,0,41,2898,0,0,0,0,0,27,0,20,0,0,339,72,248,0,0,1194,359,367,0,419,0,0,7,0,0,0,0,1411,0,0,0,0,0,0,0,59,0,0,0,0,0,0,0,67,0,1616,262,2416,8,0,0,0,0,607,0,0,0,0,0,0,12,0,0,0,348,0,257,0,0,0,470,52,0,0,0,575,0,30,0,0,0,0,0,0,0,0,933,6,0,161,0,0,1173,0,0,84,0,1,0,0,0,0,239,3,334,0,170,113,0,81,0,0,103,0,0,2,0,0,0,0,2,0,1,108,0,0,603,23,0,0,0,0,2,150,0,130,0,0,0,8,0,0,0,0,0,0,1128,0,53,0,0,173,59,4,0,19,0,1,0,1212,0,2,0,0,0,1,0,0,0,0,16,168,0,0,0,0,0,22,0,0,0,0,0,0,0,0,0,209,0,0,0,0,0,0,0,0,0,0,0,0,0,0,0,0,0,0,0,0,0,0,0,1,0,0,0,164,0,27,0,0,0,0,8396,0,0,0,0,0,0,1,0,0,0,0,0,0,0,226,0,0,22,0,0,0,0,5588,0,4,0,6436,0,133,0,0,0,0,0,1,326,0,0,0,0,3855,0,0,0,0,0,0,0,0,0,0,0,0,0,2,0,0,0,0,0,0,64,0,0,0,0,0,708,0,0,0,0,0,0,0,0,0,0,204,0,0,0,0,0,3,58,0,0,0,0,0,0,0,0,0,0,0,0,0,0,0,167,0,0,0,0,4,0,0,0,0,0,32,0,0,0,0,0,9,0,0,0,0,0,0,0,0,0,0,0,0,0,0,0,0,0,0
"gene_37",0,0,0,0,35,8,1,6,0,0,0,94,10,0,0,0,23,0,64,8,0,0,0,0,0,0,0,0,0,0,32,0,0,0,0,0,0,134,0,3,2,0,0,0,0,0,33,0,0,0,0,0,0,0,0,0,0,9,0,0,0,7,0,0,0,0,24,0,0,0,0,0,0,0,0,0,0,0,21,0,0,0,0,0,0,1,0,10,0,0,0,0,0,0,2,0,1,0,0,0,0,0,0,0,0,1,4,2,0,0,2,0,0,0,0,0,1,0,0,1,0,0,0,0,0,1,0,0,0,1,0,0,0,2,0,0,0,0,0,0,0,0,1,0,0,1,0,2,0,0,2,0,0,0,1,0,0,0,1,0,0,0,0,2,0,0,0,0,0,0,0,0,0,0,0,0,4,0,0,0,0,1,0,0,0,0,0,0,0,0,0,0,0,0,0,0,0,0,0,0,0,0,0,0,0,0,0,0,0,0,0,0,0,0,0,0,0,0,0,0,0,0,0,0,0,0,0,0,0,0,0,0,0,0,0,0,0,0,0,0,0,0,0,0,0,0,0,0,0,0,0,0,0,0,0,0,0,0,0,0,0,0,0,21,35,0,2,0,36,1,56,0,0,0,18,0,0,0,26,0,110,0,0,0,0,0,0,0,105,0,0,82,0,0,0,0,18,0,0,0,0,1,186,0,116,0,0,4,0,4,0,30,137,2,4,0,0,1,0,0,338,1,0,1,0,0,1,125,0,0,233,0,43,0,0,0,165,0,0,0,0,0,0,1549,0,0,0,12,0,17,315,105,310,0,0,0,0,4,1955,108,2,0,0,0,0,0,0,0,0,3,38,30,1,0,0,0,0,289,0,2,1,0,0,375,0,0,10,33,0,12,0,3,0,50,277,1,32,200,1,21,188,0,0,143,3,0,1,0,797,0,0,0,0,0,0,0,65,2944,0,0,1,0,0,1,7,0,298,93,35,115,0,3169,1,21,150,0,57,3,0,451,0,3,138,0,606,0,0,293,0,0,267,384,1,0,12,0,0,31,0,767,0,0,0,0,0,30,1189,39,0,0,0,0,0,0,2,0,3,0,0,229,0,0,2233,3,0,4,0,0,0,0,4,0,94,90,31,0,0,0,1,10,0,0,0,36,0,0,0,0,0,0,106,0,124,0,0,3,0,0,275,567,0,0,0,31,158,0,26,0,1,734,2,0,0,0,13,0,198,0,0,1457,6,0,138,0,0,1,0,0,0,32,152,1123,8,0,0,802,0,267,0,365,0,684,0,32,36,0,1,5,0,1,0,0,886,436,14130,9420,11815,1,1,1120,453,2217,152,0,0,1865,0,0,811,0,5,0,0,17,0,40,0,6,2652,302,0,0,0,0,1860,0,15,0,1278,8655,0,0,1035,16,0,233,3,0,1521,0,5,33,644,0,16,1676,0,10,0,81,0,13,0,25,0,0,0,6,2,1,0,0,0,2888,0,0,9,233,32,2,1,67,619,678,3270,0,2605,0,0,0,0,5131,862,0,2750,3502,191,1,0,40,5322,1360,5,446,0,9,0,1033,8,0,12,4396,0,0,0,2,62,0,955,0,2987,0,0,913,45,0,50,645,1,0,0,0,0,0,0,6323,1,8,1763,142,0,0,3801,9050,0,1708,9,0,659,0,1,50,3564,0,2706,0,10,610,0,0,673,3495,0,17,6,32517,4,0,0,1,0,7654,177,147,0,5,0,1,945,369,837,0,42,0,0,0,0,0
"gene_38",0,0,258,6,0,8,0,0,0,109,0,0,0,5,0,29,0,27,0,0,0,0,0,0,10,0,0,0,5,0,0,54,0,0,0,0,0,0,0,1,0,0,0,0,0,10,12,0,0,0,0,0,0,0,0,0,0,0,0,0,0,7,0,0,0,0,0,0,0,0,0,0,0,28,0,0,0,0,0,0,0,0,0,0,0,0,0,0,0,0,0,0,0,0,0,0,0,0,0,0,0,0,0,0,0,0,0,0,0,0,0,0,0,0,0,0,0,0,0,0,0,0,0,1,0,0,0,0,0,0,0,0,0,0,0,0,0,0,0,0,0,0,0,0,0,0,0,0,0,0,0,0,0,0,0,0,0,0,0,0,0,0,0,0,0,0,0,0,0,0,0,0,1,0,0,0,0,0,0,0,0,0,0,0,0,0,0,0,0,0,0,0,0,0,0,0,0,0,0,0,0,0,0,0,0,0,0,0,0,0,0,0,0,0,0,0,0,169,0,0,0,967,0,0,0,0,0,0,3087,0,0,0,0,0,0,0,0,0,0,0,2614,0,0,0,0,0,0,0,0,0,0,0,1,1,0,0,0,0,0,0,0,43,0,0,0,111,0,0,0,0,0,0,0,0,0,0,0,0,1,219,0,0,0,0,0,547,10,0,109,5,535,0,0,0,0,0,18,0,0,6,70,11,0,0,10,0,167,0,0,17,0,2,0,0,0,0,0,4,0,0,31,0,0,0,0,25,0,0,0,0,0,0,0,0,0,0,8,0,0,19,0,0,2,0,0,0,436,1574,247,0,28,0,173,0,0,15,0,0,76,0,0,0,0,0,0,46,0,0,0,0,0,0,0,0,0,7,0,109,919,4,0,0,0,0,0,0,0,0,1,0,0,1242,0,0,0,0,0,221,0,0,0,0,0,0,0,0,0,0,0,9,0,0,7,18,223,15,0,0,103,0,0,0,18,0,0,0,8,0,0,0,0,0,0,701,0,0,0,0,0,8,0,0,0,0,0,0,0,0,0,0,0,0,15,0,462,7712,167,0,160,0,0,0,0,0,28,336,0,0,0,132,1409,0,0,610,0,0,0,0,3,0,0,1,62,0,858,0,0,0,0,0,23,0,18,0,0,0,0,0,19,0,18,0,0,13,2831,0,0,11,0,0,0,0,1019,0,0,0,53,0,0,1,0,11,0,0,0,0,0,45,0,0,10,0,9,0,0,246,0,0,0,0,0,0,0,151,34,0,0,0,0,0,46,532,0,0,0,0,0,0,0,1663,5,19,0,0,0,40,12,1200,0,0,2,216,0,511,1869,0,0,0,0,0,0,711,0,0,7,0,5,0,0,0,0,0,0,0,0,9,0,9,0,0,1843,0,2964,49,0,0,1,0,279,0,0,0,0,0,0,0,0,0,2256,0,0,0,16,0,0,0,0,0,0,1,0,0,0,0,0,0,0,1,0,0,235,63,11,0,0,5612,1,3964,0,0,0,0,0,1,0,0,25,0,0,0,1,0,0,3615,97,268,0,0,0,0,5,0,0,6,4,0,0,0,0,0,34,0,0,0,1776,0,0,0,345,0,0,0,69,0,0,0,18,508,30,265,0,0,12,3,0,28,0,0,0,24,0,0,0,2248,0,73,0,244,88,0,0,54,0,0,2030,1,0,0,0,0,0,0,99,0,239,0,179,75,1013,0,3,134,0,18,0,0,0,0,80,0,0,0,31,3729,0,18,0,0
"gene_39",0,0,0,0,0,0,0,0,0,0,0,0,0,0,0,0,0,0,0,0,0,0,0,0,0,0,0,0,0,0,0,0,0,0,0,0,0,0,0,0,0,0,0,0,0,0,0,0,0,0,0,0,0,0,0,0,0,0,0,0,0,0,0,0,0,0,0,0,0,0,0,0,0,0,0,0,0,0,0,0,0,0,0,0,0,0,0,0,0,0,0,0,0,2,0,1,0,0,0,0,0,0,6,2,5,0,0,0,0,0,0,0,0,0,0,0,0,0,0,0,0,1,0,0,0,0,0,1,1,0,0,0,0,0,0,2,2,0,0,0,0,0,0,0,20,0,0,0,2,6,0,0,0,1,0,0,0,0,0,0,1,0,0,0,2,2,1,0,0,0,1,0,0,0,0,0,1,5,0,1,2,0,0,1,1,0,0,0,1,0,0,3,0,1,0,0,0,0,0,13,0,0,117,0,0,0,0,5,0,0,0,0,0,0,0,0,0,0,0,0,0,1,0,0,0,0,0,0,0,0,0,0,3,0,0,0,11,0,3192,0,0,0,1,0,0,0,0,0,0,0,0,0,0,0,0,0,0,0,0,0,0,0,0,0,0,0,0,0,0,0,0,0,0,0,0,0,0,0,0,0,0,0,0,0,0,0,0,0,0,0,0,0,0,0,0,0,0,0,0,0,0,0,0,0,0,0,0,0,0,0,1,0,0,0,0,0,0,0,0,0,0,0,0,0,0,4,0,0,1,44,0,0,0,6,0,0,0,0,0,0,0,0,0,0,0,0,0,0,0,0,0,0,0,0,0,0,0,0,0,0,0,0,0,0,0,0,0,0,0,0,0,0,0,0,0,0,0,0,0,0,1,0,0,77,0,0,0,5,0,0,0,0,0,0,0,0,0,0,3,0,0,0,0,0,0,0,0,0,0,0,0,0,0,0,0,0,0,0,0,0,0,0,0,0,0,0,0,0,20,0,0,0,0,0,2,0,0,0,0,0,0,0,1,0,0,0,0,0,0,0,0,2,0,126,0,0,558,0,0,0,0,0,2532,0,0,0,3203,0,111,0,0,0,0,95,0,6,3,0,0,0,0,0,0,0,0,0,442,0,0,0,0,0,0,0,0,0,0,0,0,0,0,0,0,383,0,0,0,0,0,0,0,0,0,0,0,0,0,0,0,0,0,0,0,0,0,83,0,0,0,0,5,0,0,0,0,0,0,0,0,0,3318,20,0,0,1,0,92,96,0,0,0,0,0,0,0,0,0,0,0,0,0,0,0,2,0,0,0,0,0,12,0,22,0,0,0,353,0,10,0,0,0,0,2,27323,0,93,0,0,18327,0,21,0,2233,0,0,0,0,0,0,0,0,0,0,0,0,0,0,0,0,0,0,10866,67,0,0,0,0,0,0,9,0,0,0,0,0,0,0,1,0,0,0,0,0,0,0,89,0,14,87,2,0,0,0,1,0,0,0,44776,117,0,0,0,0,0,0,0,0,0,0,74,2,0,0,0,0,0,121,6,0,18,0,10,0,0,1,0,0,0,0,0,0,0,0,1,0,0,0,0,0,0,2,3172,0,0,0,0,0,87,0,0,1245,0,0,0,49,0,0,0,0,0,0,27837,0,0,0,0,0,0,0,0,0,0,0,0,0,0,0,0,0,0,78,0,0,0,0,0,0,0,4,0,0,0,0,219,0,0,0,0,0,196,0,0,0,732,0,197,0,0
"gene_40",4,0,0,4,83,0,0,0,2,0,0,0,0,0,0,0,0,156,0,0,1,0,0,0,0,0,0,0,0,0,0,262,0,0,0,0,0,0,0,0,0,0,0,0,0,0,331,0,0,0,0,4,0,0,177,0,0,0,0,0,0,0,0,0,0,0,0,0,0,0,0,19,0,0,0,0,0,0,82,0,0,0,62,0,5,0,0,0,1052,0,0,23,0,0,0,0,0,0,0,0,0,0,18208,0,0,0,0,0,0,0,0,14,0,0,428,0,6,0,0,0,0,0,0,0,3,0,0,0,8,0,0,0,0,0,0,0,0,14,0,0,0,0,0,44,3,0,0,1497,0,0,0,0,0,0,0,0,0,0,0,0,0,1195,0,0,0,0,0,0,0,4614,0,0,0,0,0,0,0,0,0,125,0,3694,0,0,0,0,0,0,0,1,0,1,0,0,0,0,0,0,0,0,1,0,36,50,0,1,0,0,0,0,0,0,0,0,0,0,19,0,0,0,0,0,0,64,7,0,0,0,0,1,0,0,17,0,0,0,15,1,6,0,9,0,0,205,4,64,0,98,0,0,7,0,39,0,0,0,0,0,0,0,4,0,0,0,0,0,0,0,0,0,2,0,0,0,0,0,2,0,0,0,0,2,0,0,0,0,0,0,0,4,0,0,0,2,0,0,3,0,0,3,2,0,0,0,0,3,0,0,0,0,0,0,1,0,0,0,0,0,0,0,0,0,0,2,0,0,1,0,10,0,0,0,0,1,2,1,0,1,0,1,0,0,1,0,2,0,9,0,0,0,0,5,0,0,0,0,0,0,0,0,0,0,0,0,2,1,0,0,0,1,2,1,0,0,0,0,0,0,1,1,0,3,1,4,0,0,0,0,1,0,0,0,1,0,0,0,0,0,0,0,0,0,3,0,1,0,0,0,1,0,0,0,0,0,0,0,1,0,0,1,5,0,0,1,0,0,0,0,0,1,0,0,0,0,0,0,0,0,1,0,0,0,0,0,0,0,0,0,0,0,0,0,144,0,0,0,0,0,0,0,0,0,0,0,174,0,0,0,0,0,0,0,0,0,0,0,0,0,0,0,0,0,0,0,0,0,0,0,0,0,0,0,0,0,0,0,0,0,0,0,0,0,0,0,0,0,0,0,0,175,0,0,0,0,0,0,0,1,0,0,0,0,0,0,0,0,0,0,0,0,0,0,0,0,0,0,0,0,0,0,0,0,0,0,0,0,0,0,0,0,0,0,0,0,0,0,0,0,0,0,0,0,1,0,0,0,0,0,0,0,0,0,0,0,0,0,0,26,0,0,0,0,0,0,0,0,0,0,0,0,0,0,0,0,0,0,0,0,0,0,0,0,0,0,0,0,0,0,0,0,0,0,0,0,0,0,0,15,0,0,0,0,0,0,0,0,0,0,0,0,1,188,0,0,0,0,0,0,0,0,0,0,0,0,31,0,0,0,0,0,0,0,0,0,0,0,0,0,0,0,0,0,0,0,0,0,0,0,0,0,7,0,0,0,0,0,0,0,0,0,0,0,1185,0,0,0,0,0,0,0,0,0,0,0,0,0,0,0,0,0,0,0,0,0,0,0,0,0,0,0,0,0,0,0,0,0,0,84,0,0,0,0,0,0,0,0,0,346,1,0,0,0,0,0,0,0,0,0,0,0,0,0,0,0,0,0,0,0,0,0,14,0,0,0,0,0,0,0
"gene_41",0,2,0,0,0,0,6,0,0,12,54,0,18,0,1,0,0,1,0,3,12,0,0,0,0,1,0,0,0,1,3,0,0,5,6,0,0,0,1,0,9,5,0,0,2,0,5,8,2,0,0,0,0,0,0,1,0,0,0,3,4,2,0,30,0,7,2,0,0,74,1,0,0,2,5,6,0,0,0,2,0,0,0,0,4,5,0,2,0,0,8,0,0,0,0,0,0,0,0,0,0,0,0,0,0,0,0,0,0,0,0,0,1,0,0,0,11,0,0,0,0,0,0,0,0,0,0,0,0,0,0,0,22,0,0,0,0,272,0,0,0,0,0,0,0,0,0,0,0,0,16,0,0,0,0,0,0,0,0,0,7,0,0,0,0,0,0,0,0,0,0,0,0,0,0,0,0,0,0,0,0,0,0,0,0,0,0,0,0,0,0,0,714,0,0,0,0,0,3,0,0,0,0,0,4,0,0,1,0,0,0,0,0,78,0,0,0,0,0,0,0,170,0,0,0,0,1663,0,90,0,0,0,0,586,0,0,0,0,0,277,0,0,0,0,2,0,657,0,0,0,0,0,18,0,0,2,0,223,0,0,0,0,0,0,0,0,0,0,0,0,0,0,0,0,0,0,0,0,0,0,0,0,0,0,0,0,0,0,0,0,0,0,0,0,0,0,0,0,0,0,0,0,0,0,0,0,0,0,0,0,0,0,0,0,0,0,0,0,0,0,0,0,0,0,0,0,0,0,0,0,0,0,0,0,0,0,0,0,0,0,1,0,0,234,0,0,0,0,0,0,0,0,0,0,0,0,0,0,0,0,0,0,0,0,0,0,0,0,0,0,0,0,0,4,0,0,0,0,0,0,0,0,0,0,19,0,0,0,0,0,0,0,0,24,0,0,0,0,0,0,0,0,0,0,0,0,0,0,0,0,0,0,7,0,0,0,0,0,15,0,0,1,0,0,0,0,0,0,0,0,0,0,0,13,0,0,452,0,190,0,0,0,0,0,0,0,0,0,0,0,250,0,0,0,0,0,2807,14,0,0,0,0,15,0,0,0,0,5,0,0,0,1105,0,0,19,0,4,0,0,2044,5,0,0,0,0,0,0,53,0,0,32,0,0,0,0,0,0,2,0,0,0,0,0,1743,0,0,0,0,0,0,7,0,0,0,0,0,0,0,0,0,0,0,0,0,0,0,2348,0,0,0,0,0,1,0,0,0,0,0,0,1,0,0,0,0,0,0,985,144,0,0,8,0,0,27,0,3709,0,190,0,802,0,1,3977,0,0,0,0,0,0,0,0,0,0,0,1,0,0,788,0,1118,0,0,0,0,141,0,0,0,11258,0,0,0,0,0,122,0,49,0,0,0,0,18,0,367,0,0,1142,0,628,0,74,0,0,0,0,0,0,1,153,61,0,10,0,158,0,0,0,1,0,0,4297,0,0,0,0,10535,0,0,0,0,0,7280,299,0,0,0,0,0,0,0,27,0,0,0,0,501,3,281,0,0,0,1325,0,0,5,0,571,0,9,843,396,3,0,0,0,6646,0,0,85,4,0,107,11,0,0,0,0,11,34,0,0,2,0,0,0,456,1971,4,770,5,3185,0,0,1,779,0,0,0,4061,0,0,0,0,0,8,13,10,0,0,0,0,0,130,0,437,0,0,0,0,207,0,0,126,1741,0,0,0,0,0,72,0,0,0,0,0,0,0,3,0,0,0,0,0,23,0,0,0,0
"gene_42",0,0,0,0,0,0,0,0,0,0,0,0,0,0,0,0,0,0,0,0,0,0,0,0,0,0,0,0,0,0,0,0,0,0,0,0,0,0,0,0,0,0,0,0,0,0,0,0,0,0,0,0,0,0,0,0,0,0,0,0,0,0,0,0,0,0,0,0,0,0,0,0,0,0,0,0,0,0,0,0,0,0,0,0,0,0,0,0,0,0,0,0,0,0,0,0,0,0,0,0,0,0,0,0,0,0,3,0,0,0,0,0,0,0,0,0,0,0,0,0,0,0,0,0,0,0,0,0,0,0,0,0,0,5,0,0,0,0,0,0,0,0,0,0,0,0,0,0,0,0,0,0,0,0,0,0,0,0,0,0,0,0,0,0,0,0,0,0,0,0,0,0,0,0,0,0,0,0,0,0,0,0,0,0,0,0,0,0,911,0,0,0,0,0,0,0,0,0,0,0,0,0,0,0,0,0,0,0,0,0,0,0,0,0,0,0,0,0,0,0,0,0,0,0,0,0,0,0,0,0,0,0,0,0,0,0,0,0,0,0,0,0,0,0,0,0,0,0,0,0,0,0,0,0,0,0,0,0,0,0,0,0,0,0,0,0,0,0,0,0,0,0,0,0,0,0,0,0,0,0,165,0,0,0,0,0,0,0,0,0,0,0,0,0,0,0,0,0,0,0,0,0,0,0,0,0,0,0,0,0,0,0,0,0,0,0,0,0,0,0,0,0,0,0,0,0,0,0,0,0,0,0,0,0,0,0,0,0,5,0,0,0,0,0,0,0,0,0,0,0,0,0,0,0,0,0,0,0,0,0,0,0,0,0,43,0,0,0,0,0,0,0,0,0,0,0,0,0,0,0,0,0,235,0,0,0,0,0,0,0,0,0,0,0,0,0,0,0,0,3,0,0,0,0,0,0,0,0,0,0,0,0,30,0,0,0,0,0,0,0,0,0,6,0,0,0,0,49,0,0,30,0,0,0,0,0,0,0,1,0,1,13,0,0,0,0,0,0,0,0,0,0,0,23,0,0,0,0,0,0,0,0,0,0,6,0,0,1,0,0,0,0,53,0,0,2,22,634,1568,0,0,0,0,0,0,0,0,0,0,0,0,0,42,0,0,0,0,0,0,0,3,0,0,0,0,0,0,0,0,0,9,590,0,0,0,0,0,0,0,82,4,0,0,0,0,13,0,0,0,0,0,0,0,0,0,0,555,0,0,0,0,5,0,0,0,0,0,0,0,0,0,4,242,0,0,0,0,0,7,0,0,0,0,0,0,845,0,2,0,1,423,0,9175,6190,0,1,0,732,14,0,25,62,0,1002,98,0,0,98,0,481,0,309,0,0,0,0,1,998,0,788,17,0,0,4,4431,398,16523,0,68,3,99,0,2341,31,26,0,38,0,3005,947,365,15,0,1618,0,0,32,0,0,476,0,0,1130,2,0,0,28,0,984,1127,16,4,0,0,5,0,20,3,0,1356,0,0,0,130,918,0,0,125,0,0,1588,7864,612,0,0,1030,0,0,0,5255,26,60,356,0,0,0,1553,26,0,36,0,0,0,132,291,42,1721,0,0,0,0,20,1,0,0,1508,0,22,0,0,0,1410,0,312,0,0,90,279,1719,100,0,0,182,0,0,0,13,0,0,69,0,217,14,0,0,0,0,20,0,0,0,1151,6,191,52,0,3,2057,3237,0,0,0,0,0,0,3,15,1,41,0,936,26,0,0,0,0,0,0
"gene_43",0,0,0,0,0,0,0,0,0,0,0,0,0,2,0,0,0,0,0,0,0,0,30,0,0,0,0,0,0,0,0,9,0,0,0,0,0,0,39,0,0,0,0,0,0,1019,0,9,353,0,1,0,0,30,0,0,0,0,0,5,0,0,0,0,0,0,0,7,6,1,0,0,0,0,0,0,0,0,0,0,0,0,0,0,0,0,0,0,0,1,0,0,0,0,0,0,0,0,0,0,0,0,0,0,0,0,0,0,12,0,1,0,0,0,154,0,0,0,0,0,0,1,0,0,4,0,0,0,0,203,0,0,0,0,0,0,0,0,0,0,0,0,0,0,0,0,0,0,0,0,0,0,0,0,0,0,0,492,0,0,0,0,0,0,0,0,0,0,0,0,0,0,0,9,0,0,0,0,0,0,1,0,0,0,0,0,0,0,0,0,0,0,0,0,0,0,0,0,0,0,0,0,0,0,0,0,0,0,0,0,250,0,0,0,0,0,0,0,0,0,0,0,0,0,0,0,0,0,0,0,0,0,0,0,0,0,0,0,0,0,0,0,0,0,0,0,0,0,0,0,0,0,0,0,0,0,0,0,0,0,0,0,0,0,0,0,0,0,0,0,186,0,0,0,4,6,0,0,6,0,0,0,0,0,0,0,0,0,0,0,0,0,0,0,0,0,0,0,0,0,0,0,0,0,909,0,0,0,0,0,0,0,0,0,0,0,0,0,0,0,0,247,0,0,0,2,8,0,0,0,0,0,0,0,0,0,4,0,190,0,12,0,0,0,0,0,0,0,0,0,0,0,0,0,0,0,0,0,0,3,0,0,0,0,0,0,0,377,0,0,191,0,0,0,0,0,0,0,0,0,659,0,0,0,0,0,0,0,0,0,0,0,0,0,0,0,0,0,0,0,0,0,0,0,0,0,0,0,0,0,0,0,0,0,0,0,0,0,0,0,0,0,0,0,0,0,0,0,0,0,0,0,0,40,0,0,0,0,0,0,0,0,41,0,136,0,6,0,0,0,0,41,0,0,564,0,0,0,0,0,0,0,10,0,0,0,0,0,0,0,0,0,21,0,0,0,0,57,2926,0,0,0,0,0,0,0,1,0,0,0,6,0,0,485,0,0,0,1,0,1616,0,42,64,0,0,0,0,0,0,1266,0,28,0,0,0,0,0,0,163,0,0,0,0,20,398,0,0,2197,0,0,0,0,0,0,0,0,0,0,0,0,0,0,1365,843,26,0,0,0,0,0,5,0,0,0,0,9082,0,0,0,0,0,3952,0,0,0,0,0,30,0,0,38,0,248,0,115,19,145,0,63,0,94,77,2464,0,829,289,0,10,8,11,0,1952,11532,283,10,18,0,1199,3060,202,194,9935,4,250,0,0,51,530,0,0,6791,0,21,128,0,5118,0,1213,0,8,5668,224,1,22,3390,17024,9003,1412,591,145,2917,2,19,310,0,721,1125,0,1,0,3,7564,2136,1,1025,9838,1355,2053,0,4530,2384,1,1,0,1214,718,14,571,1371,0,0,2616,403,542,4,32301,1717,332,0,625,10784,16,0,117,16528,4,9,11,13,594,3,131,0,0,0,1,2,94,30,0,0,18,0,2799,3274,6648,0,3205,85,8,0,13297,8,2113,0,0,0,21232,3,0,1,269,5,0,44,0,3,0,11,385,1144,8100,0,0,877,18363,3284,14322,2092,0,0,43,2134,0,4153,136,339,64,211,106,0,0,0,10,2219,10385,185,0,0,36,21,2406,6,13,652,12284,135,11218
"gene_44",317,47,334,1297,5336,467,915,201,541,1788,128,432,24,325,725,465,173,929,80,1607,0,142,207,470,696,3571,202,1054,417,647,563,2169,146,237,2445,3670,64,135,39,385,4878,15,1,573,464,265,1815,199,2260,1901,1202,2814,2637,321,549,3759,13,1138,1305,2622,2207,5151,107,368,41,54,27,1103,934,5762,655,119,28,1488,34,20,1041,3257,1471,82,2496,495,2576,31,979,267,118,1933,1010,508,3878,1298,45,0,0,0,0,0,0,0,0,0,0,0,0,0,0,0,0,0,0,0,0,0,24,0,0,0,0,0,14,0,0,0,20,0,0,0,0,0,0,0,0,0,0,0,0,0,0,0,0,0,89,627,0,0,0,0,0,0,0,0,0,0,0,0,0,0,0,22,0,0,0,521,0,8,0,0,0,0,0,0,0,0,0,0,0,80,0,0,0,0,0,0,0,0,0,265,0,425,0,0,0,0,0,0,0,0,710,105,0,0,0,0,215,0,0,0,0,45,0,0,0,0,2,0,0,164,1,0,0,0,46,3,66,0,166,0,0,345,14,0,2,0,109,0,157,0,0,12,177,0,0,85,3,220,1,27,1,0,0,162,0,11,0,0,0,163,76,3,0,11,0,0,84,846,4925,0,2234,67,0,248,686,1286,466,68,575,0,4,742,0,1218,144,325,439,495,24,1957,434,95,2910,10,90,0,2095,0,153,3,831,251,34,284,280,5751,1878,27,45,245,70,6624,2646,88,1016,122,116,93,0,0,0,415,99,265,15,0,0,2491,0,3403,4760,255,18,4,214,3,2044,623,0,0,240,0,267,10,2433,0,1470,48,0,2503,844,12,1028,4487,778,572,1200,97,306,19,0,62,1115,0,465,0,692,55,1,63,64,0,697,1263,5036,11,1084,2894,0,900,3895,15,116,0,0,0,1447,1550,6,0,6697,0,1123,7608,1532,3148,14,0,409,3,0,1678,0,10462,1,0,13,131,2,0,149,2,2129,3372,34260,0,113,484,257,28,1,0,10,240,0,18047,90,0,28,0,1323,0,2,3,3149,3265,1707,24,11527,11030,420,521,102,10197,2997,1180,8094,1741,7,36,3337,1362,2219,607,283,216,51,36905,13130,0,7,2756,7,2284,567,1664,38,3560,20458,4899,42,6401,6,829,7,98,398,1199,177,0,1329,9221,5218,1660,637,63,6169,2931,422,6,131,346,13,0,506,851,0,612,13187,5,302,539,66,1000,6271,4873,9443,5783,117,9871,647,1685,1100,2027,4,2,1008,430,151,7112,6614,13,36,2425,2848,1826,1007,7790,12635,1374,677,12038,2183,3161,2412,1288,4369,1033,1211,2128,9389,152,133,45,4483,34,101,828,193,594,10918,15,0,25,18761,909,1609,4090,0,9206,1181,520,53,15442,1176,6106,2747,179,7610,88,2523,163,42056,518,12215,382,12267,12331,2554,13204,1298,225,2717,40922,1317,2383,16284,47,6190,93,3613,5710,51,360,9497,6264,521,100,489,4417,8801,5064,21,2187,3259,12167,1856,49,4152,3547,4240,28343,59,6089,3973,3314,2362,6789,252,21264,13134,9676,835,2880,2088,1123,8001,2939,10091,2118,16302,5186,11376,245,31857,7713,22120,7135,12903,10308,11948,47348,169,1662,50,21374,61178,33688,2887,1233,51822,2784,396,883,48037,1435,527,5859,2127,1385,5,418,44964,6190,570,907,7929,100,18851,1991,571,33233,12793,3446,10389,300,1,6993,8057,2348,4277,8323,11726,69794,30760,550,794,4440,89,474,435,25343,2675,9847,632,11670,13059,468,9,14106,18563,1046,1525,261,3710,33420,159,1609,4773,17028,61,2530,1508,4476,8,267,2639,20330,426,5965,5248,10019,5,8951,2697,2221,30531,1320,18211,784,3223,78,20318,16261,4767,22,1087,1670,3500,2107,19087,1672,4332,2612,14166,9509,465,10146,33683,10689,72,449,34392,15783,838,571,644,4375,131,15628
"gene_45",0,0,0,0,0,0,0,0,0,0,0,0,0,0,0,0,0,0,0,0,0,0,0,0,0,0,0,0,0,0,0,0,0,0,0,0,0,0,0,0,0,0,0,0,0,0,0,0,0,0,0,0,0,0,0,0,0,0,0,0,0,0,0,0,0,0,0,0,0,0,0,0,0,0,0,0,0,0,0,0,0,0,0,0,0,0,0,0,0,0,0,0,0,0,0,0,0,0,0,0,0,0,0,0,0,0,0,0,0,0,0,0,0,0,0,0,0,0,0,0,0,0,0,0,0,0,0,0,0,0,0,0,0,0,0,0,0,0,0,0,0,0,0,0,0,0,0,0,0,0,0,0,0,0,0,0,0,0,0,0,0,0,0,0,0,0,0,0,0,0,0,0,0,0,0,0,0,0,0,0,0,0,0,0,0,0,0,0,0,0,0,0,0,0,0,0,0,0,0,0,0,0,0,0,0,0,0,0,0,0,0,0,0,0,0,0,0,0,0,0,0,0,0,0,0,0,0,0,0,0,0,0,0,0,0,0,0,0,0,0,0,0,0,0,0,0,0,0,0,0,0,0,0,0,0,0,0,0,0,0,0,0,0,0,0,0,0,0,0,0,0,0,0,0,0,0,0,0,0,0,0,0,0,0,11,0,0,0,0,0,0,0,1,0,0,0,0,0,0,0,0,0,0,0,0,0,0,0,0,101,0,0,0,0,0,0,0,0,0,0,0,0,0,0,0,0,0,0,0,0,0,0,0,0,0,0,0,0,0,0,0,0,0,0,0,0,0,0,0,0,0,0,0,0,0,0,0,0,0,0,0,0,0,0,0,0,0,49,0,0,0,0,0,0,0,0,0,0,0,0,0,0,0,0,0,15,0,0,0,0,0,0,0,0,0,0,0,0,0,0,0,0,0,0,0,0,0,0,0,0,0,0,0,0,0,0,0,0,51,0,0,0,0,0,0,0,0,0,0,0,0,0,0,0,2,0,0,0,0,109,0,0,0,0,164,227,2,0,10516,0,200,0,0,2,58,0,0,0,1,0,0,0,0,3845,2493,0,0,0,0,0,0,0,4,120,0,0,0,781,0,0,0,16,0,0,0,0,0,0,221,0,0,0,0,0,0,0,0,0,77,29,0,911,0,0,0,278,28,0,0,0,87,156,0,3402,0,0,425,0,0,448,0,2,0,9956,1,298,0,74,9134,0,0,0,0,0,0,121,0,0,0,5,0,0,0,434,0,0,0,0,0,0,28,0,2179,1208,0,0,10,0,5,0,0,0,74,3391,0,3102,0,0,0,0,10,0,0,0,0,0,4682,346,0,0,3,0,248,959,1,136,767,0,4471,0,0,0,231,0,214,13860,23,0,36,5,0,0,0,643,0,518,0,0,2173,909,0,0,1,0,173,0,0,3816,0,0,1,236,7,0,0,0,5,90,3,31,0,0,0,36,1047,0,1,0,0,1,2,0,3,415,0,6,0,0,0,1,0,0,0,0,0,0,11537,0,1315,3388,1521,0,17,12,0,0,0,0,329,0,10512,0,0,20,1,60,0,0,6,0,55,8,87,0,0,0,2,0,4919,0,3,0,394,0,84,2014,0,1,1,0,0,0,0,5,0,0,0,10,0,0,1025,6,0,9,0,60,0,0,11,0,11482,0,0,3118,38,0,0,12,6,0,0,3,0,0,0,0,0,35186,268,0,0,0,0,57,0,0,74,0,487,3089,0,1412,0,0,3683,3377,0,327
"gene_46",0,0,0,0,9,0,2,0,0,0,0,0,0,0,0,0,22,0,0,0,0,632,0,0,0,0,0,0,0,0,0,0,0,0,0,0,0,0,0,1917,0,22,0,0,0,0,0,0,0,0,0,0,0,0,0,0,0,0,0,15,0,11,0,0,0,0,0,0,0,0,0,0,26,0,141,0,0,0,0,17,0,0,0,649,0,0,0,0,1,0,0,34,0,0,0,0,0,0,0,0,0,0,0,0,0,0,0,0,0,0,11748,0,0,0,0,0,0,0,0,0,1,0,0,0,0,0,0,0,0,0,16,0,0,0,0,3,0,0,0,0,0,0,0,0,0,0,0,87007,0,0,0,0,0,0,0,0,0,0,0,0,0,0,0,0,0,0,0,0,0,0,0,0,0,0,0,0,0,0,0,0,0,0,0,0,2,0,0,0,0,397,0,0,0,3,0,0,0,0,0,313,0,54,0,0,0,0,0,0,0,0,0,0,0,0,0,0,36,0,0,0,643,0,0,0,0,0,0,0,0,0,0,0,0,0,2,0,0,0,0,0,0,0,0,0,5,0,0,0,0,0,0,0,0,0,0,0,1974,39,0,0,0,0,0,0,0,0,0,5,0,0,0,0,43,0,0,0,0,0,0,0,0,0,395,0,0,0,0,0,0,0,0,0,0,0,0,0,1,0,0,0,1343,0,0,0,0,5,0,0,171,1,0,0,0,0,0,0,0,0,392,0,8,0,149,0,0,0,0,0,0,14,0,0,0,146,977,0,34,0,12,301,0,0,0,0,0,16,0,0,0,0,0,1168,0,0,0,0,0,0,0,0,0,0,46,0,0,0,0,0,0,0,0,7,0,0,0,2,0,0,43,0,0,0,0,0,0,0,0,0,0,0,0,0,0,1,0,0,0,0,0,0,0,0,0,0,0,0,0,0,0,0,4,0,0,0,0,0,0,81,0,0,0,0,0,0,0,0,11,81,0,0,0,0,0,0,0,0,0,155,0,0,31,0,111,0,0,0,0,0,0,0,0,0,0,18,0,0,0,0,0,0,0,0,0,0,0,25,0,0,0,0,0,0,2497,0,1,0,0,0,0,9,0,0,9,0,0,0,0,0,0,0,0,0,0,0,0,0,0,0,0,0,0,33,0,1,0,0,0,0,0,1,0,0,0,0,0,0,0,0,0,0,0,0,0,0,0,0,0,0,0,0,0,0,0,0,0,0,0,0,0,0,0,0,0,0,0,0,0,0,0,41,0,0,0,0,0,0,0,0,0,0,0,0,0,0,0,0,0,0,0,0,0,0,0,0,0,0,0,3020,0,16,0,630,0,0,1276,0,0,0,0,0,2582,0,0,0,0,0,1555,0,0,0,0,0,0,0,1682,0,0,0,0,0,0,0,0,0,181,0,0,0,0,0,0,1,0,0,5,1873,0,0,0,0,0,0,0,0,0,0,0,0,213,0,1,0,0,0,0,0,0,2527,140,0,0,598,5886,0,0,0,0,0,0,1039,0,0,0,0,0,0,0,0,0,0,2987,0,1,0,0,0,0,0,6,0,315,0,0,0,0,0,0,283,0,0,185,10,0,0,0,1,0,0,0,0,0,0,0,0,0,0,0,0,0,0,0,0,0,0,60,0,7,0,0,0,792,0,0,0,0,0,0,0,0,0,0,570,6650,1,0,0,0,0,0,0,0,0,0,0,0,0,0,0,0,0,0,193,0,0,58,0,0,0
"gene_47",0,0,0,0,1,0,7,0,1,0,1,0,0,0,0,0,0,0,0,0,7,0,0,1,0,0,55,0,0,0,0,228,0,0,0,0,0,0,0,0,129,0,0,0,0,0,0,35,0,0,0,0,0,0,11,0,0,0,1152,0,1,318,0,0,0,0,0,0,0,0,5,0,0,0,0,0,331,0,0,0,0,0,0,108,98,0,0,0,0,0,0,0,0,0,0,0,0,5,0,0,1,1,130,52,0,0,0,0,41,22974,8,0,0,0,2,0,0,0,0,0,0,0,8,0,0,0,11,6683,0,0,0,0,105,0,0,0,11,0,22,0,244,0,1781,0,0,0,0,3863,0,5030,0,0,2,5,4,2200,0,0,282,0,0,0,0,0,192,132,0,21412,0,0,0,0,29,0,21,0,0,0,1301,707,0,0,0,0,0,0,0,0,4283,4322,0,390,272,138,9,0,0,2613,87,0,2626,0,1,0,3332,365,0,0,0,0,0,111,7793,237,456,0,2177,0,61,7,1836,0,29,2576,0,333,5,199,1350,636,10,0,0,301,0,863,4,125,2172,0,4687,0,1,0,1796,6,2363,0,0,0,0,274,0,4,0,668,25162,71,243,9,0,0,0,0,0,0,0,0,0,0,0,0,1,0,0,0,0,0,7,0,0,0,1,51,0,0,0,0,0,0,0,0,0,2,0,2,0,0,95,0,0,0,0,0,0,0,0,0,0,0,0,0,0,0,3,13,0,0,0,0,0,0,0,0,0,0,0,0,0,0,0,0,0,0,0,0,0,673,0,0,0,7,0,0,0,0,0,0,0,0,0,0,0,0,0,0,0,0,0,369,0,4,83,0,0,0,0,0,0,0,0,11,0,0,0,0,1438,0,0,0,1391,0,0,0,0,0,0,0,0,1,0,0,0,0,0,0,0,43,0,0,0,0,0,0,0,0,0,0,443,0,0,13,0,0,0,0,0,0,0,0,0,0,0,0,0,0,0,0,0,0,0,0,0,0,0,0,1622,0,0,0,0,47,0,0,0,0,0,0,0,0,0,0,0,33,0,0,0,0,1,7,0,0,0,0,0,0,0,0,0,0,0,0,0,0,0,0,0,0,0,7,0,0,0,0,0,0,0,0,0,0,74,0,0,0,0,1,368,0,7,0,0,0,0,0,0,0,1,0,0,0,0,0,0,0,214,0,0,14,10,0,0,0,0,0,0,251,0,17,0,0,0,0,0,325,0,0,588,0,3,0,0,0,0,0,1,0,0,0,0,0,0,232,0,0,0,0,0,0,0,0,161,1001,1,0,0,16,0,0,0,0,0,0,0,0,0,0,0,0,0,0,264,0,0,0,0,0,0,0,1927,0,0,0,0,0,0,0,0,0,0,0,0,4,0,0,0,0,0,0,0,0,0,9788,0,0,2,4496,157,0,0,0,0,0,0,0,0,0,0,0,0,0,0,0,0,0,0,0,0,5,0,0,0,0,0,0,0,0,0,0,0,0,0,0,0,0,585,0,0,0,202,0,0,0,0,29,0,1,0,0,0,0,0,27,0,0,0,0,0,0,0,0,0,0,0,0,0,0,0,0,0,0,0,0,0,0,0,0,0,0,0,0,0,0,0,0,0,0,0,0,0,0,0,0,0,0,0,10,0,0,0,0,0,0,0,0,0,0,0,0,0,0,0,0,0,0,0,0,0,0,0,4010,0,0,0,0,0,1457,0,0,0,0,0,0,0,27420,0,0,0,0
"gene_48",0,0,0,0,0,0,0,0,356,0,0,908,0,0,0,0,0,1,0,0,154,0,0,155,0,0,0,0,669,0,0,0,0,0,0,4,60,0,0,0,0,0,0,0,0,59,1581,0,635,0,22,0,0,0,0,0,0,0,0,0,0,0,4,0,0,0,0,0,0,0,0,0,0,0,0,0,0,0,0,0,0,0,11,0,0,0,24,0,0,0,0,3,0,0,0,0,0,0,0,0,0,0,0,0,0,0,0,4556,0,0,0,0,0,0,0,0,0,0,0,0,0,101,0,0,0,0,0,0,0,0,0,0,0,0,0,0,0,0,0,0,0,0,0,0,0,0,2,4,0,0,0,3,0,0,0,0,0,0,18,0,0,0,0,0,0,216,6562,0,0,0,12,0,0,0,0,1830,0,0,0,0,117,0,0,0,0,0,2,53,0,0,0,0,0,13,1,0,0,3,0,3,0,2,1,0,0,0,0,0,0,0,41,0,0,0,4,2,8,0,0,1,0,0,1,0,0,0,11,0,0,1,0,0,0,6,2,12,0,3,0,0,2,0,0,0,0,0,1,0,0,0,0,0,0,0,3,30,1,0,0,0,0,0,528,653,271,0,1596,0,0,0,0,0,0,0,0,0,0,10165,0,0,90,2418,0,0,0,0,0,5,0,0,9,1,0,0,0,0,0,24,0,207,0,0,0,0,0,0,0,0,0,0,0,2108,0,0,0,0,4319,0,51,0,0,2043,5,0,0,0,0,0,0,0,0,0,91,0,0,0,1,0,0,0,0,678,0,0,0,89,0,0,1,1,424,1,0,0,1,0,46,0,0,0,0,4,5,0,0,0,0,0,0,0,2,0,16,0,1304,0,0,0,0,6258,0,0,619,99,5,0,3,0,41,0,0,0,0,0,369,0,0,100,0,0,0,355,0,3,10092,0,0,241,0,0,0,0,0,0,10,4,1040,0,2,0,0,0,0,0,0,6,71,0,2,0,0,0,39,0,207,4,3,0,1,0,0,0,899,0,113,1,0,6,0,2,1985,0,0,0,0,0,0,0,0,0,0,0,1,9,574,0,0,0,393,0,0,0,0,0,0,0,0,0,232,0,0,0,0,0,0,0,0,0,0,0,0,0,0,0,0,0,0,0,0,0,0,0,137,0,0,0,0,215,1,0,0,0,2,769,20,0,0,0,0,35,2,0,0,3,0,289,0,0,0,28,0,218,0,0,0,0,334,0,0,0,8,0,492,3,0,6,0,4,0,0,0,0,59,0,0,0,0,0,0,0,27,0,0,0,0,0,0,0,0,0,0,0,0,103,27,0,0,247,0,0,0,0,0,0,117,0,0,0,0,0,0,0,0,0,0,0,0,0,0,671,0,0,0,0,0,0,36,0,0,0,0,158,0,0,0,253,0,0,0,0,0,0,0,0,0,0,0,0,0,6,0,0,0,0,0,0,0,0,0,143,0,0,54,0,0,0,0,0,1,1,0,0,0,0,0,1,2,0,0,0,0,445,0,0,0,0,0,0,0,0,0,0,0,0,7,0,0,0,0,0,0,0,0,0,3,0,31,0,0,0,0,0,0,0,0,0,0,68,0,0,0,0,3632,0,0,0,0,0,0,0,0,0,8,0,0,0,0,0,0,447,0,0,0,0,4,3,0,0,0,0,0,0,0,1,0,0,0,3,1,0,0,0,0,0,0,44,0,201,1894,1,0,0,0,0,0,0,0,0
"gene_49",0,784,3023,2,0,0,39,0,123,0,0,0,0,0,12166,5,205,0,36,2,2,16,0,0,0,6,0,0,0,0,0,332,2,55,0,0,0,1430,66,3,0,0,0,1268,0,29,0,0,138,0,1271,133,0,2,1,0,24,1,36,0,12,0,14,157,6,0,13,0,3432,0,3,8167,0,1,0,85,0,0,28,0,12,631,0,383,0,3320,0,0,0,0,795,0,0,0,0,0,0,0,0,0,35,0,0,0,0,0,0,0,0,0,200,0,0,0,0,0,0,0,0,0,0,0,0,0,34,0,0,0,0,0,0,0,0,0,0,0,0,0,13,0,0,0,0,0,0,0,0,0,0,0,0,0,0,0,0,0,0,0,0,0,0,0,0,0,0,0,0,0,0,0,291,0,191,0,0,0,0,0,0,0,0,0,0,0,0,0,0,0,0,0,0,0,0,0,0,0,0,0,0,0,0,0,0,0,0,0,0,0,0,0,0,0,0,0,0,0,0,0,0,0,0,0,0,0,0,0,0,0,0,0,0,0,0,0,0,0,0,0,0,0,0,0,0,0,0,0,0,0,0,0,0,0,0,0,0,0,0,0,0,0,0,0,0,0,0,0,0,0,0,0,1,0,0,0,0,0,0,0,0,0,0,0,0,0,0,0,0,0,0,0,0,0,0,0,0,0,0,0,0,0,0,0,0,0,0,0,0,0,0,0,0,0,0,0,0,0,0,0,0,0,0,0,0,0,0,0,0,0,0,0,0,0,0,0,0,0,0,0,0,0,0,0,0,0,0,0,0,0,0,0,0,0,0,0,0,0,0,0,28,0,0,0,0,0,0,0,0,0,0,0,0,0,0,0,0,0,0,0,0,0,0,0,0,0,85,0,0,0,0,0,0,5925,0,0,0,0,0,0,0,0,0,0,0,0,0,0,0,0,0,0,0,0,0,0,0,0,0,0,0,0,0,0,0,0,0,0,0,0,0,0,0,0,0,0,0,158,0,0,0,0,0,0,0,0,0,0,0,0,0,0,0,0,0,0,0,0,0,0,0,0,0,0,0,0,0,0,0,0,11,0,0,0,14,0,0,13,0,0,0,0,0,0,0,0,0,0,0,0,0,0,0,0,0,0,0,0,0,0,0,0,0,0,0,0,0,311,275,0,0,0,0,0,0,30,0,0,0,0,0,0,0,0,0,0,0,0,0,0,0,0,4982,0,296,0,0,0,0,0,0,0,0,0,0,0,0,0,128,0,0,1,0,0,0,0,0,0,0,6,0,0,0,0,0,0,0,0,0,0,0,0,0,0,0,0,0,0,0,0,0,0,0,0,0,0,0,0,0,0,0,796,0,0,0,0,0,0,0,0,0,0,0,0,0,0,0,0,0,0,0,0,0,0,0,0,0,0,0,0,0,0,0,0,0,0,0,0,0,0,0,0,0,0,0,0,0,0,0,0,0,0,0,1,0,0,0,100,0,0,0,0,0,0,0,0,0,0,0,0,0,842,0,0,0,0,0,0,0,0,0,0,0,0,0,0,0,0,0,0,0,0,0,0,0,0,0,0,0,0,0,0,0,0,0,0,0,0,0,0,0,0,0,0,0,0,0,0,0,0,0,0,0,0,0,0,0,0,0,0,0,0,0,0,0,1236,0,0,0,463,0,0,0,0,0,0,0,0,0,0,0,0,0,7,0,0,0,0,0,0,0,0,0,0,0,0,0,0,0,0
"gene_50",0,0,0,0,0,0,0,0,0,0,0,0,0,0,0,0,0,0,0,0,0,0,0,0,0,0,0,0,0,0,0,0,0,0,0,0,0,0,0,0,0,0,0,0,0,0,0,0,0,0,0,0,0,0,0,0,0,0,0,0,0,0,0,0,0,0,0,0,0,0,0,0,0,0,0,0,0,0,0,0,0,0,0,0,0,0,0,0,0,0,0,0,0,0,6,0,0,0,0,0,0,0,0,0,0,0,0,0,0,0,0,0,0,1,0,0,0,0,0,1,0,0,1,0,0,0,0,0,0,0,0,0,0,0,0,0,0,0,0,0,0,0,0,0,0,0,0,0,0,0,0,0,0,0,0,1,0,0,0,0,0,0,0,0,2,0,1,0,0,0,0,1,0,0,0,0,1,0,1,0,0,0,0,0,0,0,0,0,0,0,0,0,2,0,0,0,5,271,156,0,0,563,0,0,0,1,102,0,104,3,0,1774,0,109,1763,0,0,0,0,0,0,303,0,0,0,0,0,0,0,892,0,11,21,2262,0,0,0,21,178,0,222,0,0,0,0,0,25,193,458,0,0,0,104,18,1321,0,0,0,9,1,0,3194,0,0,4458,168,31,0,0,0,33,10,0,0,3296,0,125,2,0,0,0,0,1067,58,0,23,0,113,2,5746,638,0,0,0,3,675,176,56,41,0,0,83,2,0,0,8,0,0,0,298,0,0,0,363,2115,109,439,414,0,0,0,0,1,0,140,0,0,168,0,70,5,0,0,0,9149,0,0,0,0,0,338,0,0,115,35,0,2,0,0,0,90,0,0,20,0,0,5258,3969,0,0,0,0,664,0,450,6,18,0,38,7,2556,193,11,0,7,192,2,10,0,2554,2,0,60,67,0,50,0,208,2968,0,0,0,86,3020,0,88,239,48,352,0,4644,672,0,368,0,3,0,325,0,0,0,0,0,0,0,0,37,152,0,6,0,922,1925,1661,23,0,19,0,2,0,1,1387,319,70,584,753,141,0,0,8660,0,13856,0,3360,255,2153,48,3,261,0,185,406,324,54,66,1428,1087,164,365,222,221,683,0,39,4905,215,3108,54,4293,310,7334,5,6267,0,1228,52,2,747,6194,2,5523,7,1874,0,2,9197,633,87,0,23,1,0,2095,0,2,0,8342,0,0,10261,42,1044,2088,7324,0,4,0,1128,3274,0,2961,879,0,6,54,91,30,2349,58,6,6,270,56,0,5648,24,0,0,3541,8,1,2,515,1287,70,416,0,17,261,867,10803,0,258,0,43,619,957,0,6144,1263,1061,18220,12,0,1292,724,0,1818,291,119,172,50,534,5402,104,451,89,2,0,12321,13,0,87,135,776,660,0,2,0,97,1406,147,2,392,153,2,2044,1115,249,6653,3230,320,1834,52,532,6,0,51,3,340,30,943,79,21,3,104,0,1235,4,187,3565,3,74,38,2614,2590,7,5658,864,580,451,0,20133,1468,140,18833,1,0,0,317,296,2531,43087,6617,0,203,3428,6363,1128,11,28,1435,7,30,1627,919,7884,2098,1784,81,0,311,0,96,1,621,4657,133,28,1,323,65,1711,25,40840,602,0,203,0,3318,1053,0,3,0,0,0,0,24,4,174,3712,5812,8801,13,66,4,0,33912,4951,172,1287,892,6872,24,90,6025,4786,212,72,1885,822,827,61,37,375,1,1,1,266,4,0,2118,27,377,0,15604,0,36,1,1,17967,2837,1393,22107,0,3538,0,0,3,1,0,111,317,2,1820,236,0,145,0,1,2,57227,1,0,163,2712,983,0,174,80,521,47,0,44,469,10602,571,8259
"gene_51",0,0,84,0,0,3,0,289,0,0,2,29,0,0,0,49,0,1,0,0,0,0,0,0,0,0,232,0,14,4805,1,167,0,54,0,0,0,0,4,0,0,215,0,9,0,16,1,0,0,0,0,101,0,0,0,0,0,0,0,0,0,0,378,0,16,0,0,31,0,0,4190,0,0,0,1,0,0,0,0,0,0,0,0,0,0,4146,0,0,1019,8,0,151,0,0,161,0,1,0,0,0,0,0,0,0,18,5931,515,0,0,0,0,0,9,0,0,13,1458,0,640,0,0,0,0,0,0,0,1,0,8,0,0,449,0,4,0,13272,0,1,0,192,144,825,506,7,1,0,0,0,317,2545,15321,0,0,0,0,0,0,0,10767,2,0,0,2,0,0,0,0,58,0,48,1703,5538,206,35,0,0,3,0,0,10007,5,0,0,9579,0,15036,134,11047,0,0,7,0,0,0,0,0,0,0,0,0,0,0,0,0,0,0,0,329,0,0,0,18,0,95,1029,0,0,176,27,4784,0,0,0,0,0,0,8,0,1,0,0,0,0,0,0,1777,0,4,8,2,0,0,0,0,957,0,0,0,0,2914,14,0,0,0,0,31,0,0,0,0,0,0,97,0,2206,3,143,7,55,0,0,0,16220,45,0,12,3,17,0,0,0,0,0,14,37,132,0,4,2,0,495,4,0,145,0,1460,0,58,0,0,500,16,0,43,0,2,1075,184,71,0,5,0,0,0,0,0,12,736,12,129,63,0,4,0,0,0,83,338,5491,0,0,0,416,0,2899,21,0,1635,1,0,22,0,1,0,0,39,1,4783,0,0,0,713,114,0,11,0,26,49,0,2,8442,0,132,0,4124,26,0,92,184,0,0,0,86,1910,0,0,922,0,734,0,0,5482,90,0,20,4,211,0,0,0,0,0,29,1139,0,2,0,25,2025,234,216,0,33,0,16,0,0,0,3,0,0,561,0,4486,46,6925,1232,1,0,239,4557,11,278,8,86,4428,1329,4,0,0,0,4,1,0,0,0,0,7,0,850,2,0,0,0,0,0,0,0,0,268,0,1,0,1569,0,0,1,141,0,1554,28,0,0,0,0,0,0,0,0,0,153,0,18,0,0,3,0,466,0,0,6,0,0,513,5831,0,1,361,1,0,0,1575,0,0,11,0,12,0,24,1,0,0,0,152,0,0,15,0,0,0,0,83,0,0,0,0,0,0,45,15,0,125,0,0,0,0,386,0,0,0,0,2,2907,2509,0,94,355,0,2103,0,0,1,0,0,0,0,130,0,21,135,0,55,150,0,0,0,1435,0,0,1,0,0,0,0,0,0,0,0,0,0,595,93,0,546,47,135,0,0,2937,2,1,0,0,201,645,118,0,0,0,0,0,9,0,0,21,0,0,103,0,9,43,235,0,879,24,0,1484,270,0,0,0,70,2948,0,4502,0,0,0,0,0,222,836,17,1,0,152,270,0,0,0,0,14,0,0,0,0,0,0,0,3,0,4,17,0,275,0,1520,0,2,1301,0,2,0,618,0,0,0,0,487,0,53,51,0,743,0,64,0,0,0,1,0,689,0,0,1,2,0,0,0,0,0,0,0,3,309,12,0,0,65,2356,135,0,0,0,322,0,303,8003,0,0,0,0,5,358,0,0,0,0,0,49,0,794,47,3,937,278,0,0,38,4,10,47,33,2,0,0,0,0,0,0,0,1442,264,447,2,0,0,5,0,17784,0,0,0,0,21,0,0,0,0,0,0,130,80,0,0,310,0,0
"gene_52",0,0,0,0,0,0,0,0,0,0,0,0,0,0,0,0,0,0,0,0,0,0,0,0,0,0,0,0,0,0,0,0,0,0,0,0,0,0,0,0,0,1,0,0,0,0,0,0,0,0,0,0,0,0,0,0,0,0,0,0,0,2,0,0,0,0,2,0,0,0,0,0,0,0,0,0,0,0,0,0,0,0,0,0,0,0,0,0,0,0,0,0,68,0,0,0,113,0,0,1186,0,0,0,0,180,0,0,0,0,0,0,13,0,0,0,0,0,0,0,0,0,0,0,0,3203,1,0,0,15,3,0,0,1363,0,1,0,0,0,0,0,0,2,0,0,0,0,0,0,0,0,0,944,0,0,0,0,0,72,0,0,0,0,0,501,183,3,195,0,511,0,1830,0,0,0,0,0,64,0,0,0,0,0,0,0,0,78,0,451,0,0,4142,0,0,0,6,113,0,0,0,0,0,0,0,0,10612,0,577,0,0,0,0,0,0,0,0,0,0,81,26,0,0,0,603,0,27,0,0,0,255,160,0,0,0,547,0,421,0,0,0,0,0,0,0,0,0,0,0,0,64,0,0,0,134,0,0,1,0,0,5,94,2,1,51,28,2113,0,164,0,0,104,108,0,1898,0,0,0,0,2,4,6,13,0,0,0,4,7,628,9,35,0,26,233,0,1,0,812,3,665,538,0,9,96,0,0,42,0,0,238,1796,6,0,0,0,0,1290,686,0,207,0,13,0,0,281,0,896,112,315,0,0,0,0,0,70,400,85,0,0,22,5,0,0,46,51,0,0,0,70,0,2,5,0,1,2,3,0,0,0,0,3,0,5,5,0,0,0,0,0,1,0,0,0,0,118,0,32,0,0,8,4055,327,2,8,44,0,0,1,0,0,0,0,1005,0,0,4,0,1,4,0,81,9,1,1,0,3,0,0,0,0,0,11,0,0,2244,0,1894,343,0,4,0,325,0,579,0,0,0,9,0,0,291,892,2,1995,0,0,0,3442,1055,0,1787,0,0,13,4948,0,0,0,0,4,0,0,3,23,0,34,0,0,1524,0,0,0,0,0,7575,0,0,2391,0,0,0,0,52,0,0,37,0,399,0,0,225,0,0,0,62,3,539,43,144,0,2794,0,0,0,0,0,0,0,0,0,0,0,0,0,0,0,1097,0,965,0,8,0,7,0,3,0,0,0,0,0,0,0,0,2,0,0,0,0,0,0,0,0,0,11494,0,0,0,274,0,50,0,0,34,0,0,0,0,0,0,0,0,0,1,44,9,0,0,2,0,614,0,2875,0,8,105,0,34,0,146,0,1825,0,0,0,1124,7540,753,0,0,0,0,0,0,0,0,1137,140,0,0,0,0,10,0,1,0,0,45,0,0,0,318,456,0,0,0,5634,14,0,0,0,0,0,125,172,0,0,0,9763,0,2671,67,1,0,0,157,27,0,504,1,0,0,0,0,196,0,0,0,0,5,0,0,6763,403,2641,0,41,0,0,3011,487,0,1,8,0,0,0,0,2233,0,0,4,0,0,781,0,12291,331,0,1153,0,474,0,20,143,0,185,0,230,1397,217,0,0,0,0,42,0,0,89,0,0,930,0,0,0,50,0,0,16,0,593,0,0,753,0,1160,1,0,14,0,0,0,0,0,0,0,1713,0,0,0,0,0,0,6,5,0,24,0,0,32,128,5107,0,0,0,0,0,51,2,6,0,0,0,13711,0,0,0,0,26,0,0,1,0,0,6,108,21,0,0,1841,4
"gene_53",44115,29494,32446,3274,14793,66304,22161,7258,12723,8042,14550,42585,77308,20663,9297,35124,3250,24963,3932,8067,6801,4779,35096,11076,27745,2905,18245,5251,24358,22242,3364,16581,8316,43831,24494,41102,10950,3350,5625,8471,13488,8632,28860,9936,32014,45771,8286,13445,14350,13266,14869,21409,29156,12722,18367,8014,9231,91435,38901,23748,22407,31563,57674,361,4472,10720,7550,48008,30221,56888,15791,4171,2535,62481,39797,7930,11930,6150,8995,25431,30077,6373,13509,59319,37671,24181,5515,18884,66370,17737,5741,19060,74,0,0,0,30,0,2,7,1,0,386,163,263,431,104,0,0,0,0,1,0,0,0,2,0,0,0,0,0,0,0,3,0,0,2,103,0,0,0,0,298,0,62,6,0,0,517,1,0,0,15,7,0,0,1,36,30,0,0,1203,108,5,461,153,205,0,0,0,2,0,3,9,414,783,0,62,0,12,0,33,0,0,2222,0,1560,0,12,37,1676,0,278,202,0,2,290,732,2,6,1658,0,727,0,116,19,0,0,0,635,0,1,0,3,1,105,110,549,0,0,85,602,16966,0,27897,17339,52,34,2870,10,1997,97,7,100,10979,2335,23,4986,5899,300,138,7,88,2,3287,17620,719,0,2,41,4000,3307,0,74,33493,166,1053,1200,233,0,59,0,8124,2,15,3,55,1,0,344,65526,3562,5178,741,16140,458,54228,15336,1195,141,7797,65223,32114,48533,22111,3082,444,9851,38978,450,206,2154,4758,81032,2438,12637,18595,20699,18035,451,8134,4584,5003,1169,9607,5800,0,3132,8253,18875,4210,15451,3678,724,955,11489,132,7840,25,2608,3106,4607,13404,18238,59,3103,3065,4579,471,29053,7201,240,22526,11205,1228,41,1522,48459,6085,4028,2883,77,8139,8331,4649,15473,7382,931,95,80890,2029,1570,441,5112,702,2288,21815,1438,1047,21037,25962,8458,3883,1889,442,640,113,1018,51621,29685,28242,10336,18933,33082,12558,1271,1184,554,347,7086,13617,9982,2024,597,4756,28649,21135,269,881,2671,291,13079,3203,172,20320,5437,2698,4058,25083,15622,6713,362,20259,24108,25507,20,716,10555,20876,574,38079,3299,4427,48,4440,7290,57888,740,5,1522,714,1879,820,15275,3627,403,3917,17294,2434,24289,91,18329,1764,34,457,12634,5883,888,14450,28266,32695,10606,104,14018,203,7,14822,4384,5451,117,8092,6361,304,1024,10080,896,0,1490,388,6800,27126,687,7866,1645,17261,4791,4734,3481,23307,4493,12,12384,11256,549,12156,1073,758,2058,871,27372,42032,8491,3056,4051,13682,102,6615,2434,5738,5242,173,12251,362,828,14911,980,3306,5029,2003,2211,2696,2093,1043,4599,2059,3269,2810,572,9135,2164,3799,1463,17190,638,53324,52,4317,54994,26183,26669,481,3287,179,2610,8346,142,9090,2474,147,3309,408,12889,19129,5714,13649,9104,36334,1417,2509,404,6265,20920,21176,12096,16076,8630,22437,16759,24276,12,7232,4140,791,59,1353,99,14517,824,4634,3886,7435,2887,75,679,2352,3190,2849,7535,4266,17023,5255,5510,4957,1,11178,6472,2942,5743,370,1101,2777,224,4080,1639,19,4080,4085,15187,82,3336,5,1465,0,6748,10255,32347,480,6,35649,5024,18732,0,80,738,0,12993,7891,1189,1464,776,46851,1303,46,826,2668,1,18770,0,0,4828,0,0,0,134,7145,0,427,2202,0,7100,490,5239,112,921,1,7260,0,0,7,8235,35922,36,0,13033,1725,1082,0,2,470,79,10491,438,161,2019,0,4307,392,457,119,12505,162,9888,4130,0,2711,3,9818,10,2,1043,807,0,29,8,534,5638,1485,9500,852,165,1,636,43,0,8,4578,191,1268,1,79,12246,581,93,0,357,0,1416,504,3,2219,112,650,158,727,0,970,12,2433,3764,2,1268,0,333,3286,928,7623,1,1831,1154,9328,6480,3117,101,44,46,22936,681,4,0,0,1,169,3761,0,24,31389,1062,6488,16894,13040,2466,3,27843,5,1048,1514,2801,27441,9802,231,39,14679,1959,8859,6250,459,3372,1130,0,198,207,0,1867,6,17155,350,11772,46
"gene_54",0,0,0,0,0,0,0,0,0,0,0,0,0,0,0,0,0,0,0,0,0,0,0,0,0,0,0,0,0,0,0,0,0,0,0,0,0,0,0,0,0,0,23,0,0,0,0,0,0,0,0,0,0,0,0,0,0,0,0,0,0,0,0,0,0,0,0,0,0,0,0,0,0,0,0,0,0,0,0,0,0,0,0,0,0,0,0,0,0,0,0,0,0,0,0,0,0,0,0,0,0,0,0,0,0,0,0,0,0,0,0,0,0,0,0,0,0,0,0,0,0,0,0,0,0,0,0,0,0,0,0,0,0,0,0,0,0,0,0,0,0,0,0,0,0,0,0,0,0,0,0,0,0,0,0,0,0,0,0,0,0,0,0,0,0,0,0,0,0,0,0,0,0,0,0,0,0,0,0,0,0,0,0,0,0,0,0,0,0,0,0,0,0,0,0,0,5,0,0,0,0,0,388,0,0,0,0,1,0,0,0,0,0,0,0,0,0,0,0,0,0,0,0,0,0,0,0,0,0,0,0,0,0,0,0,0,0,0,0,0,0,0,0,0,0,0,0,0,0,0,0,0,0,0,0,0,0,0,0,0,0,0,0,0,0,0,0,0,0,0,0,0,0,0,0,0,0,0,0,0,0,0,0,0,0,0,0,0,0,0,0,0,0,0,0,0,0,0,0,0,0,0,0,0,0,0,0,0,0,0,0,0,0,0,0,0,0,0,0,0,0,0,0,0,0,0,0,0,0,0,0,0,0,0,0,0,0,0,0,0,0,0,0,0,0,0,0,0,0,0,0,0,0,0,0,0,0,0,0,0,0,0,0,0,0,0,0,0,0,0,0,0,0,0,0,0,0,0,0,0,0,0,0,0,0,0,0,0,0,0,0,0,0,0,0,0,0,0,0,0,0,0,0,0,0,0,0,0,0,0,0,0,0,0,0,0,0,0,0,0,0,0,0,0,0,0,0,0,0,0,0,0,141,0,4,0,0,0,0,0,518,0,74,0,0,0,0,0,0,0,4803,0,0,0,0,3,810,9,9,0,0,0,0,0,347,0,0,0,0,0,6,1,0,0,1,0,0,0,1,0,518,0,26,0,0,0,0,0,0,0,0,0,0,160,0,0,0,0,0,0,20,692,0,0,0,0,77,0,0,0,0,0,0,0,0,0,8,2,0,0,0,0,0,0,4,0,0,0,0,0,0,670,0,0,0,193,0,0,0,1,0,0,0,0,0,0,87,0,0,0,0,0,0,0,0,0,2547,0,900,0,0,0,0,0,63,0,0,0,0,0,0,0,0,78,0,0,0,0,0,2,0,0,0,0,0,0,5,6692,0,0,0,0,0,0,0,0,0,0,0,0,64,0,1,0,0,0,0,0,0,0,0,52,0,0,0,0,0,121,0,0,0,0,0,0,0,0,0,0,0,3775,0,0,0,0,0,0,0,0,0,0,0,0,0,0,0,0,1,0,0,0,0,0,2353,0,0,0,0,0,0,0,0,0,0,0,0,31,0,0,1132,0,0,0,0,0,0,0,0,0,0,0,0,0,0,0,0,0,0,0,0,86,1,0,0,0,0,3,0,0,0,0,0,0,0,0,0,0,0,0,0,0,0,0,0,3212,0,0,0,0,0,0,0,0,0,0,0,0,0,0,0,0,0,0,0,0,3,0,0,0,0,0,0,0,12,0,0,64,0,0,0,0,0,0,0,0,0,0,0,1
"gene_55",39,0,0,0,0,0,0,0,0,0,0,0,0,0,0,9,0,151,395,0,0,19,0,0,0,0,0,0,0,0,0,324,0,0,0,0,0,0,0,0,0,0,44,41,0,0,0,0,0,3,397,0,0,0,0,0,1,0,0,0,0,0,0,4897,0,0,0,0,0,0,0,0,0,0,81,0,0,0,0,2,0,7,0,65,0,0,0,0,0,0,0,0,0,0,0,0,0,0,0,926,0,0,0,0,1917,0,13607,0,0,0,0,0,0,0,0,0,0,0,0,0,849,0,0,0,0,0,0,0,0,0,350,0,0,0,0,0,0,0,0,0,0,0,0,0,0,305,16,152,6,0,0,0,1,2,0,0,0,0,0,0,0,0,0,0,0,0,0,0,0,2,0,0,0,0,95240,0,0,0,0,0,0,0,0,0,57,0,0,0,0,0,0,0,0,0,0,0,0,367,726,241,858,1629,696,3452,35,0,10,45,0,0,1,0,292,10,73,0,3911,0,1,4194,0,0,0,0,1005,1,38,16,0,39,16,88,0,0,0,0,104,8,3277,9,276,0,279,0,4,0,13827,358,43,0,0,14,6292,0,1709,5068,0,0,3649,15338,0,0,0,0,0,0,0,2,0,0,0,0,0,0,0,0,0,0,0,0,0,0,0,0,0,0,0,0,0,0,0,0,0,0,0,0,0,0,0,0,0,0,0,0,0,0,0,0,0,0,0,0,0,0,0,0,0,0,0,0,0,0,0,0,0,0,0,0,0,0,0,0,0,0,0,0,153,0,0,0,0,0,0,0,0,0,0,0,0,0,0,0,0,0,0,0,0,0,0,0,0,0,0,0,0,0,0,0,0,0,0,0,3,0,0,0,0,0,0,0,0,0,0,0,0,0,0,0,0,0,0,0,0,0,0,0,0,0,0,0,0,0,0,0,0,0,0,0,0,0,0,0,0,0,0,0,0,0,0,0,0,0,0,0,0,0,0,0,0,0,0,0,0,102,0,0,0,0,0,0,38,0,0,0,0,0,0,0,0,0,0,0,0,0,0,0,0,0,0,0,0,0,0,0,0,0,0,0,0,0,0,0,0,0,0,0,0,6,0,0,0,23,0,0,0,0,1,0,0,0,0,0,0,0,0,0,0,0,0,0,0,0,0,0,0,0,0,0,0,0,0,0,0,0,0,0,0,0,0,0,0,0,0,0,0,0,0,0,0,0,0,0,0,4,0,0,0,0,0,0,0,0,0,0,0,0,0,0,0,0,0,0,0,0,0,0,0,0,0,0,0,0,0,0,0,0,0,0,0,0,0,0,0,0,0,0,0,0,0,0,0,0,0,0,0,0,0,0,0,0,0,0,0,0,0,0,0,0,0,0,0,0,0,0,0,0,0,0,0,0,0,0,0,0,0,0,0,0,0,0,0,0,0,0,0,0,0,0,0,0,0,0,0,0,0,0,0,0,0,0,0,0,0,0,0,0,0,0,0,0,0,0,0,0,0,0,0,0,0,0,0,0,0,0,0,0,0,0,0,0,0,0,0,0,0,0,0,0,0,0,0,0,0,0,0,0,0,0,0,0,0,0,0,0,0,0,0,0,0,0,0,0,0,0,0,0,0,0,0,0,0,0,0,0,0,0,0,0,0,0,0,0,0,0,0,0,0,0,0,0,0,0,0,0,0,0,0,0,0,0,0,0,0,0,0,0,0,0,0,0,0,0,0,0,0,0,0,0
"gene_56",0,0,0,0,0,110,12,0,847,0,0,0,0,87,0,0,593,0,0,5,0,0,0,44,2,0,27,0,1,0,0,0,0,11,0,2,0,1031,0,186,0,2,0,118,0,0,0,0,0,0,362,0,0,0,10,0,0,278,0,0,10,23,5,0,0,0,0,0,0,0,20,0,0,4,0,30,50,0,1,12,784,0,0,0,0,0,0,0,0,0,4,0,0,0,0,0,0,0,0,0,0,0,0,0,0,0,0,0,0,0,0,0,0,0,0,0,0,0,0,0,0,0,0,0,0,0,0,0,0,0,0,0,0,0,0,0,0,0,0,0,0,0,0,0,0,0,0,0,0,0,0,0,0,0,0,0,0,0,0,0,0,0,0,0,0,0,0,0,0,0,0,0,0,0,0,0,0,0,0,0,0,0,0,0,0,0,0,0,0,0,0,0,0,0,0,0,0,0,0,0,0,0,0,0,0,0,0,0,0,0,0,0,0,0,0,0,0,0,0,0,0,0,0,0,0,0,0,0,0,0,0,0,0,0,0,0,0,0,0,0,0,0,0,0,0,0,0,0,0,0,0,0,0,0,0,0,0,0,0,0,13,0,0,0,0,0,0,0,0,0,0,0,0,0,0,0,0,0,0,0,0,0,0,0,0,0,0,0,0,0,23,0,0,0,0,2,0,0,0,0,0,0,0,0,0,38,0,0,0,0,0,0,120,0,0,2084,0,0,0,0,0,0,0,0,0,0,0,0,0,0,104,0,0,0,0,0,0,0,0,0,283,0,0,1663,0,0,0,0,0,0,0,0,1,0,0,0,0,0,0,0,0,0,0,0,0,0,0,0,0,0,0,3,100,0,0,0,0,0,0,0,0,0,0,0,0,0,0,0,0,0,0,0,0,0,0,0,0,10,0,0,0,0,0,2425,0,0,0,0,0,0,0,255,0,1139,0,0,0,0,0,0,81,0,0,28145,0,0,1,5,0,0,0,0,0,0,6706,0,0,0,34,0,0,7,0,1963,2246,0,135,0,0,0,0,0,0,4,0,0,0,0,0,176,0,0,240,0,0,0,0,0,0,0,0,0,0,32,0,0,0,0,0,0,30,899,0,0,2935,1,0,0,0,0,0,0,0,0,0,0,0,0,0,9,0,0,0,13278,63,0,0,0,0,0,0,0,0,120,0,0,0,0,0,0,0,0,0,25,133,0,0,0,0,0,1142,0,0,0,0,18,2,0,0,366,0,0,0,0,0,0,0,1838,0,1,0,0,39,14,0,1700,0,0,58,0,0,0,0,0,0,0,0,0,0,80,308,0,9,0,0,0,0,0,0,0,0,34,0,0,0,0,0,0,0,0,0,0,47,0,2,10,0,0,0,0,0,4,0,0,0,0,0,0,0,1278,0,0,0,0,0,14,0,0,0,0,0,0,0,1,0,4,0,0,0,0,0,24,0,15,0,0,0,0,0,0,13,274,0,0,41,0,0,0,0,0,0,0,0,0,0,0,0,0,0,0,0,0,0,0,0,3383,0,0,0,0,0,0,0,0,47,0,0,0,0,0,0,0,0,0,0,0,0,0,0,0,0,0,0,0,0,0,0,0,0,0,0,0,0,0,0,0,11,0,0,0,0,0,18,0,0,0,0,0,0,0,0,0,0,0,24,0,0,0,0,0,0,0,0,0,0,0,0,1,0,0,1,0,0,0,0,2,1047,0,0,0,0,0,0,0,0,0,0,0
"gene_57",0,0,0,0,0,0,0,0,0,0,0,0,0,0,0,0,0,0,0,0,0,0,0,0,0,0,0,0,0,0,0,0,0,0,0,0,0,0,0,0,0,0,0,0,0,0,0,0,0,0,0,0,0,0,0,0,0,0,0,0,0,0,0,0,0,0,0,0,0,0,0,0,0,0,0,0,0,0,0,0,0,0,0,0,0,0,0,0,0,0,0,0,0,0,0,0,0,0,0,0,0,0,0,0,0,0,0,0,0,0,0,0,0,0,0,0,0,0,0,0,0,0,0,0,0,0,0,0,0,0,0,0,0,0,0,0,0,0,0,0,0,0,0,0,0,0,0,0,0,0,0,0,0,0,0,0,0,0,0,0,0,0,0,0,0,0,0,0,0,0,0,0,0,0,0,0,0,0,0,0,0,0,0,0,0,0,0,0,0,0,0,0,0,0,0,0,0,0,0,0,0,0,0,0,0,0,0,0,0,0,0,0,0,0,0,0,0,0,0,0,0,0,0,0,0,0,0,0,0,0,0,0,0,0,0,0,0,0,0,0,0,0,0,0,0,0,0,0,0,0,0,0,0,0,0,0,0,0,0,0,0,1,0,0,0,0,0,0,0,0,0,9,0,0,0,0,0,0,0,0,1,0,0,0,474,0,0,0,0,0,0,0,7,0,0,0,0,0,0,0,0,0,0,0,0,0,0,0,0,0,0,0,0,0,0,6577,1041,0,0,0,0,0,0,0,0,0,0,0,0,0,0,0,5,0,0,0,0,0,0,0,0,0,0,0,0,0,0,0,0,0,0,0,0,0,0,0,0,0,0,0,0,0,1316,4,2,0,0,0,0,0,0,0,0,0,0,0,0,0,0,0,0,0,1,0,0,0,0,0,0,0,0,810,0,0,0,0,0,0,0,0,0,0,0,0,0,87,1364,0,0,0,0,0,0,0,0,0,0,0,0,0,0,0,0,0,0,0,2704,0,0,0,0,0,0,0,0,0,43,0,0,0,13,8,0,0,0,3,1,0,0,0,0,0,0,1,0,0,608,0,0,0,0,0,0,0,0,2,0,0,0,0,0,0,2,0,0,0,0,0,0,0,0,0,0,518,0,0,0,0,0,0,0,0,0,0,0,0,31,0,0,0,0,0,0,0,0,0,0,0,6,0,18,0,0,0,0,0,376,0,0,0,0,0,0,1,947,0,0,0,0,0,0,0,0,0,0,0,0,268,0,0,0,0,0,0,0,0,133,0,0,0,0,0,0,0,0,0,4,0,0,0,0,0,0,0,0,0,0,1,0,95,0,0,0,0,0,0,0,0,0,738,116,0,0,424,2,0,0,0,1583,0,0,0,0,0,0,0,16,0,1,0,4,0,39,19,0,0,0,0,0,0,0,0,1,0,0,0,0,2316,0,0,793,0,0,0,1316,0,0,1021,0,19,11435,0,0,0,0,1578,10,0,0,0,0,0,0,0,109,0,0,0,0,1113,0,9587,0,0,0,1853,0,0,0,0,258,0,0,1,0,0,0,0,0,52,463,0,8,33,0,1328,2,2,0,0,113,253,0,0,46,0,0,0,0,72,0,0,0,561,0,4323,0,0,25,0,0,0,0,0,0,0,3721,525,14,0,1,0,0,0,0,376,0,0,0,53,0,0,0,7097,0,6114,0,0,0,0,0,0,0,0,0,0,1,0,0,0,1,3,141,1,642,0,0,0,638,0,0,0,0,0,0,0,0,0
"gene_58",3714,5736,171,1051,2426,8,124,1642,2357,2154,9930,1500,11162,233,173,230,6,3170,4960,70,84,3,5953,246,2107,997,91,45,8240,37,805,2331,1588,17387,0,303,0,8,562,7667,234,5,2052,11,6063,4839,192,83,9799,1458,3,293,265,1,22529,470,2530,16,1516,50,822,702,32868,947,0,568,3,10810,0,23710,758,1542,165,314,3860,13776,66,269,9,28453,12,43,6568,698,396,193,430,77,2302,6403,41359,632,1,423,0,13,0,63,174,351,151,962,0,24133,7785,555,1499,7,3222,64,350,0,1767,94,30,0,0,46,41,0,0,0,0,0,267,26,20,1953,117,0,0,3,23,0,3,79,6,542,0,34,0,17,0,36,35,0,3,74,33,15608,238,147,9798,6,8,1,0,0,383,10,3250,117,0,0,482,1041,0,1881,146,76,41,128,729,61,0,0,238,0,4522,0,17,743,61,48,15916,33,250,584,0,8370,162,0,0,4005,0,180,0,78,0,1,2,1296,149,0,4280,0,20,341,0,164,6024,0,0,1,0,234,296,787,29,3592,0,820,410,229,7819,0,0,75,3915,0,0,0,0,0,392,1124,363,8,8,0,18,894,1,0,315,834,0,721,4,82,28,0,54,75,1114,0,0,60,0,0,0,47,1,88,3961,370,2233,24,372,4537,49945,15,1261,43,36,6694,116,17,109,92,13,3935,0,9200,316,374,414,4525,50594,1418,363,1,14500,11,67,3685,402,428,0,58,1298,0,21750,5227,9279,2,2,3074,332,0,3,4,10,991,14,4742,60,3,27,2,98,85,559,17620,13845,144,53,8126,107,22,837,82,2733,146,17798,814,4933,4376,0,12344,0,2,1083,1949,0,4,4097,78,82,1096,5112,6,0,2,8685,618,1,1325,11906,254,956,168,0,249,12670,4120,0,20859,348,1,863,5132,532,3698,884,402,15427,507,4351,6,3300,4184,659,254,2965,496,11,57,4429,15475,142,3389,10813,50263,0,526,1892,15468,4944,1431,3861,17189,38,2489,128,11213,36,3266,1212,7548,3637,33,6,97,5973,1487,14185,901,12672,3896,2600,7416,6791,4335,0,1,202,294,5,0,42,713,81,3204,0,2557,2231,330,0,0,1,8354,20,117,5046,1120,354,46,0,27914,3573,989,4,1416,16,7437,5150,3072,1539,832,1487,40,209,38722,24,3539,4249,5870,3,781,41008,34,5536,16,37577,28,2,10478,9117,22025,29,2768,0,118,3,6,2126,17,691,759,19882,56,27,997,27891,70,1,18425,14092,0,8396,6192,267,39,29,2,77,39,3338,17785,1075,3115,0,58536,273,1584,189,47763,7911,19719,4,1149,6008,966,1,17,76123,1389,2686,0,77,5190,52461,6301,11245,0,2951,3660,0,403,49240,272,1,183,125,998,1364,1247,22,72,1719,0,6514,2721,0,218,0,513,72,17137,2933,10652,11168,70,1174,4439,5775,16452,6086,5760,24412,57,8141,0,4520,5616,81854,8764,65139,7712,13313,195,960,2911,34929,0,26200,101,84458,7197,0,16687,2363,3428,47041,0,1292,120,587,276,3237,6387,2496,5603,1067,20770,56588,37,40,0,13,1961,1289,3076,10762,5817,2808,94819,632,9,1196,171,2866,800,26744,106818,11,4081,16985,2,88,36837,252,81,11518,289,6599,3,183,283,3,4649,47,43570,31496,28247,191755,433,4710,0,18723,338,2,817,2,2,1251,13,13,56466,2412,1536,302,4,179,15865,87,13,904,10563,1150,4930,67,35,11579,36607,3,392,2257,15530,134,52053,24,838,43724,2224,430,0,51192,183,66,1503,130,1661,0,14,5728,3315,27,651,2192,2453,30,18,0,62759,267,3,19654,7540,953,50,0,45555,4075,9,32,39925,16,10,164,3326,1669,362,24307,6468,260,235,3539,0,12705,19003,196,16,2300,148,903,971,5208,1,553,4507,38472,48648,2757,0,1,306,7,0,7370,0,1032,30387,5513,1032,8171,0
"gene_59",0,0,0,0,4,0,0,0,20,0,0,0,25,0,0,0,0,0,0,0,0,0,0,0,36,0,1,0,0,0,0,0,0,0,7,0,0,0,0,0,0,0,0,0,0,0,0,0,0,0,0,0,0,0,0,0,0,0,0,142,0,0,0,0,0,0,102,0,0,0,0,0,0,0,0,0,0,0,0,195,0,0,0,0,0,0,0,0,0,1,0,0,0,0,5,0,20,1,0,0,0,6,0,0,5,11,9,0,0,0,2,0,0,0,6,0,10,0,0,7,3,0,0,0,4,11,1,0,0,4,0,0,5,0,1,0,2,0,0,27,14,0,3,0,3,0,2,1,5,0,0,0,0,12,0,3,2,3,0,1,17,0,6,6,8,32,0,32,0,2,10,22,1,0,8,2,8,2,0,1,1,0,0,18,0,8,0,0,4,0,6,0,19,0,0,1,0,0,0,0,0,0,0,0,1,0,0,0,2,2,1,0,0,1,0,3,6,0,0,1,0,2,2,0,0,0,0,0,0,0,0,0,0,0,0,2,0,1,0,0,0,2,0,1,1,0,0,3,0,2,0,1,0,0,0,0,0,0,0,0,0,0,0,0,0,0,0,7,0,0,0,0,13,0,16,0,0,0,0,0,0,0,0,0,314,55,0,1,0,4,0,0,0,0,299,0,0,0,0,0,0,0,0,0,0,0,0,0,0,0,86,0,0,0,0,0,0,0,3,0,0,0,23,3,10,0,5,0,3,0,14,0,0,0,16,0,0,0,0,0,0,0,0,0,20,0,0,0,0,182,0,0,0,6,0,0,0,0,0,0,0,0,41,1,230,2,0,0,0,0,0,370,0,0,0,0,0,0,0,0,0,0,0,0,0,0,0,0,0,1,12,0,6,0,0,140,0,0,0,0,0,0,0,0,0,0,0,0,0,20,0,0,0,0,0,0,14,0,90,0,0,0,0,0,0,0,0,0,0,0,656,0,0,0,0,0,80,0,34,0,0,0,0,0,0,3,0,0,0,0,0,0,13,0,0,0,0,0,116,0,0,0,0,233,0,0,0,0,0,0,0,0,1379,0,0,0,0,0,0,0,16,0,0,3,0,0,0,0,0,0,0,0,0,0,0,0,0,0,0,0,0,0,0,0,339,0,0,0,279,0,0,0,0,0,0,0,0,0,0,0,0,0,158,0,0,17825,0,1,0,0,0,0,339,77,0,1,0,0,1,0,0,0,206,2913,0,0,1161,0,0,0,302,0,0,0,0,0,0,0,0,7,8,0,0,0,0,13,0,0,0,0,1618,0,1781,0,0,0,0,0,2,0,3,0,6,0,0,0,0,495,37,2,0,0,0,0,0,2591,0,5682,0,0,0,1,0,0,0,4,0,0,0,0,0,0,0,0,0,0,0,0,19,4,0,0,0,0,0,0,0,0,1992,0,1132,12,949,0,2,0,0,490,8,0,0,66,0,0,541,0,0,0,0,1,51,0,0,0,0,2,0,0,0,0,0,0,0,0,0,9983,0,4,1,26,0,0,0,547,0,1807,14,3,0,0,7673,0,0,0,37,194,0,0,2891,0,0,0,3,0,499,0,0,127,0,0,0,0,0,0,0,0,0,0,0,0,0,0,120,0,0,0,17,12,0,0,18,0,3,0,5,0,1,247,0,0,46,3874,0,0,8,731,0,0,0,0,0,0,0,4812,905,0,2,16,0,0,0,0,66,0,0,0,0,49
"gene_60",0,0,0,0,0,0,0,0,0,0,0,0,0,0,0,0,0,0,0,0,0,0,0,0,0,0,0,0,0,0,0,0,0,0,0,0,0,0,0,0,0,0,0,0,0,0,0,0,0,0,0,0,0,0,0,0,0,0,0,0,0,0,0,0,0,0,0,0,0,0,0,0,0,0,0,0,0,0,0,0,0,0,0,0,0,0,0,0,0,0,0,0,0,0,0,0,0,0,0,0,0,0,0,0,0,0,0,0,0,0,0,0,0,0,0,0,0,0,0,0,0,0,0,0,0,0,0,0,0,0,0,0,0,0,0,0,0,0,0,0,0,0,0,0,0,0,0,0,0,0,0,0,0,0,0,0,0,0,0,0,0,0,0,0,0,0,0,0,0,0,0,0,0,0,0,0,0,0,0,0,0,0,0,0,0,0,0,0,0,0,0,0,0,0,0,0,0,0,0,0,0,0,0,0,0,0,0,0,0,0,0,0,0,0,0,0,0,0,0,0,0,0,0,0,0,0,0,0,0,0,0,0,0,0,0,0,0,0,0,0,0,0,0,0,0,0,0,0,0,0,0,0,0,0,0,0,0,0,0,0,0,0,0,0,0,1,0,0,0,0,0,0,0,0,0,0,307,0,0,0,0,13,0,0,0,0,65,0,0,0,0,0,0,0,0,0,0,0,0,0,175,29,0,0,1097,0,1,0,0,0,0,0,0,0,0,637,0,0,0,82,0,0,0,0,0,0,0,0,0,0,0,0,0,10,24,0,0,0,0,0,0,0,0,0,0,0,0,1,1,0,0,0,0,0,0,0,0,0,0,0,0,0,0,1,0,10,0,0,0,0,0,0,25,0,0,0,0,0,0,0,0,0,0,0,0,0,0,1,0,0,0,0,0,51,0,15,0,0,0,0,9,2,0,0,0,0,0,0,3,0,444,0,0,2642,0,0,0,64,0,0,0,0,0,0,0,0,0,0,0,20,24,1,0,0,0,0,0,3133,770,0,0,0,0,0,1,0,0,0,6731,0,0,0,0,0,1045,17,4421,0,0,0,0,0,2,0,0,7,0,0,9,0,0,0,13,0,0,76,0,0,0,0,0,0,0,0,0,146,0,0,0,0,0,0,0,0,122,0,0,2,0,0,0,0,0,0,0,0,0,0,1357,0,0,0,0,0,2,0,0,0,0,0,0,75,0,11,0,42,0,0,0,0,6,7,0,0,3,0,0,0,0,0,1,0,0,0,0,0,0,1,0,0,0,0,0,2,0,0,66,1,0,0,0,0,565,0,0,0,0,0,0,134,0,18,0,0,1033,0,25,2,0,0,0,5333,0,0,0,0,0,0,0,0,0,125,71,0,0,448,0,0,479,0,745,0,0,0,0,0,0,0,0,0,0,0,0,0,0,0,0,0,0,79,0,0,0,18,0,0,0,0,0,0,0,0,0,0,4165,0,0,0,0,12,0,0,0,0,0,199,0,1,0,1300,0,0,8,0,0,0,0,7251,0,0,3,0,158,24,0,0,0,0,0,30,2498,0,0,0,411,1,0,0,32,0,0,0,0,2167,0,0,0,0,0,0,2931,15,0,0,0,3,0,0,0,0,0,0,189,0,0,54,0,0,0,0,43,0,0,0,0,0,0,0,0,4,0,0,0,0,0,0,10,0,14,0,25,0,0,0,0,0,0,1,0,0,162,0,0,0,0,0,25,0,0,0,0,0,0,0,81,48,2,0
"gene_61",0,0,0,0,0,0,0,0,0,0,0,0,0,0,0,0,0,0,0,0,4,0,0,0,0,0,0,0,0,0,0,0,0,0,0,0,0,0,0,0,0,0,0,0,939,0,0,0,0,0,0,0,0,0,0,0,0,0,0,0,0,0,0,0,0,0,0,0,0,0,0,0,0,0,0,0,0,0,0,0,0,0,139,0,0,0,0,0,0,0,0,0,1,0,0,0,0,0,0,0,0,0,0,0,0,0,0,4,1,0,0,0,0,2,0,0,0,0,0,0,0,0,0,0,0,0,0,1,1,1,0,1,0,2,0,0,0,3,0,0,1,0,0,0,0,0,2,1,0,9,1,0,0,0,1,0,0,0,0,0,4,2,0,1,0,2,0,0,0,0,0,0,0,1,0,2,8,0,1,0,0,0,0,1,0,0,0,1,0,0,2,0,0,0,0,0,0,0,0,0,0,0,0,0,0,0,0,0,0,0,0,0,0,0,0,0,0,0,0,0,0,0,0,0,0,0,0,0,0,0,0,0,0,0,0,0,0,0,0,0,0,0,0,0,0,0,0,0,0,0,0,0,0,0,0,0,0,0,0,0,0,0,0,0,0,0,0,1,1,0,0,2,0,0,0,1,0,3,0,1,0,1,2,0,0,0,0,0,1,0,0,0,0,0,6,0,0,0,0,1,0,0,0,0,2,0,1,0,1,0,0,0,0,0,0,1,2,0,3,0,0,0,0,1,0,0,0,0,0,0,0,0,0,0,0,0,0,0,0,0,0,0,0,1,0,0,0,0,0,0,0,0,0,0,0,0,0,0,0,0,0,0,0,1,0,0,0,0,0,0,0,0,0,0,1,0,0,0,0,1,0,0,0,0,1,1,0,0,0,4,0,0,0,0,0,0,0,1,0,5,0,0,0,0,0,0,0,0,0,0,0,1,0,0,0,0,0,0,0,0,0,0,0,0,0,1,0,0,1,0,0,0,0,0,0,0,0,0,0,0,3,0,0,0,0,109,0,0,0,0,0,5,0,0,399,4,0,0,0,0,0,0,151,0,0,0,57,0,0,0,0,0,0,0,0,0,0,0,0,0,0,0,0,0,0,0,0,0,0,0,0,0,0,0,0,144,0,0,0,0,7,80,0,0,0,0,0,0,97,0,0,0,0,0,0,0,0,0,0,0,0,0,0,0,386,4,0,0,351,0,0,0,1,0,72,0,0,0,289,0,723,673,0,0,0,0,0,0,0,0,0,5,0,0,0,0,0,0,0,0,0,0,0,0,0,0,0,0,18,0,0,0,4147,47,0,0,0,0,0,0,0,0,0,0,14,0,0,0,7,0,0,0,0,0,0,0,0,5,1,0,0,0,2,0,0,0,0,0,0,0,161,78,5,0,0,0,0,0,0,0,0,0,0,0,0,0,41,0,0,0,154,0,0,0,4,0,0,0,0,0,0,437,0,0,0,0,0,0,0,338,0,0,0,0,0,0,0,0,0,0,0,0,0,0,0,0,0,0,0,0,0,0,399,0,1,5,0,0,0,0,0,0,0,0,4,0,0,0,0,0,0,0,15,0,0,0,0,0,0,0,0,0,0,0,0,0,32,0,0,0,0,0,0,0,0,0,0,364,60,0,0,0,0,0,0,67,0,0,0,0,0,0,0,0,0,0,0,0,0,0,0,0,4,78,0,0,0,5075,0,0,0,3,0,1,231,0,0,0
"gene_62",0,0,0,6,0,0,0,0,0,15986,0,2,0,0,0,0,0,1111,0,0,0,0,16,0,38,0,0,2811,0,4048,0,0,304,95,1,0,2783,5,5,0,0,159,0,0,301,0,0,0,0,56,0,6132,2,0,3,6,0,0,0,1,0,0,222,0,0,0,0,0,0,5268,2,0,267,83,12287,0,0,0,3,0,0,0,0,0,1159,1737,0,449,161,203,0,0,1857,0,58,0,0,3277,0,1,0,0,0,0,0,0,0,0,0,0,0,0,68,0,10816,0,0,0,0,0,0,1,0,0,0,0,1,0,0,22,0,0,0,0,1,0,0,2747,82,0,0,0,2502,0,70,0,39,1,0,0,0,0,0,0,0,0,0,0,7200,1495,0,0,0,0,318,0,0,0,0,0,0,0,0,29,0,0,727,0,0,0,0,0,0,0,0,235,3953,1006,377,0,0,0,0,0,5,0,1,0,0,27,0,0,0,0,9,0,0,0,0,4985,0,0,0,0,0,0,56,652,0,0,0,0,3,11,0,0,0,0,395,0,0,0,4,0,1,0,0,0,50,0,76,0,0,0,1550,0,70,0,0,0,612,0,0,0,1,0,2408,0,0,443,0,0,0,0,0,0,0,0,0,499,0,0,0,0,0,0,0,0,1366,0,0,0,7,1,7,521,0,0,0,0,0,129,88,0,0,0,0,0,0,0,0,0,0,0,0,0,0,0,0,0,0,0,16,0,0,0,0,0,0,0,0,0,0,0,0,0,103,0,0,0,86,0,0,0,0,0,0,0,0,0,0,0,0,0,0,0,0,0,0,0,0,0,0,0,1,0,0,0,0,0,7,0,0,0,0,0,384,201,0,0,0,0,0,0,0,0,0,1,0,0,0,0,1,0,0,0,0,0,913,0,0,0,0,0,0,33,2,0,0,0,0,0,0,0,33,0,0,0,0,0,0,0,0,0,0,0,0,170,0,0,0,0,0,0,0,0,0,0,0,0,0,0,0,0,0,0,0,0,0,0,0,0,10,0,0,0,0,0,0,13,0,792,0,0,0,0,0,0,0,0,0,0,0,0,0,923,0,60,0,0,0,0,0,0,0,0,0,0,0,23,0,0,0,0,0,0,0,0,0,0,0,0,30,0,0,1,0,0,0,0,6,0,639,0,0,9,0,0,0,0,0,0,0,0,0,0,0,0,857,318,0,0,0,0,0,0,0,145,0,0,0,0,0,0,0,0,0,0,0,0,61,0,0,0,0,0,0,26,0,0,0,0,0,7,0,179,1,0,0,1,0,0,0,0,0,0,11,0,0,55,0,0,0,0,262,2,0,0,0,0,0,0,0,0,0,0,0,0,0,0,0,0,0,0,0,4896,0,6027,0,1499,0,0,0,0,0,0,0,0,0,0,0,0,0,0,0,0,0,0,0,0,0,0,0,0,0,0,0,164,0,0,0,0,0,0,0,0,0,0,0,0,0,2254,0,0,3,7,0,0,0,0,0,0,0,0,0,0,0,0,0,0,0,0,0,0,0,0,0,0,0,2,0,0,0,0,0,0,187,0,0,0,0,0,0,0,0,198,0,1,0,0,0,0,0,0,0,0,0,0,0,0,0,0,0,0,0,0,0,0,0,0,0,0,0,0,0,0,0,0,0,4,0,0,0,0,0,0,0,0,0,0,0,0,0,0,0,69,0,0,0,0,0,0,0,0,0,0,0,0,0,0,0,2908,0,0,0,0,0,0
"gene_63",0,60,2,0,4,7,50,0,1,12,14,1,39,9,0,7,26,6,7,36,4,2,0,15,0,2,0,0,0,0,0,0,0,3,36,0,0,43,1,1,0,0,7,23,4,6,0,3,2,0,0,2,1,20,7,16,7,8,0,4,0,8,9,0,1,0,10,32,1,78,3,1,0,0,0,2,1,0,4,3,19,2,15,2,32,58,0,51,2,2,46,0,1,28,0,1,0,0,0,0,0,0,0,17,12,0,1,0,0,0,0,0,0,0,0,2,0,0,0,3,0,0,0,0,9,0,0,0,1,0,0,3,0,5,0,0,1,0,2,1,8,0,0,0,5,0,0,0,0,0,3,0,1,0,0,0,3,0,0,0,0,0,1,0,0,0,0,2,0,0,8,0,0,2,3,2,3,0,0,0,0,7,0,0,0,1,0,0,0,0,0,2,0,2,0,0,0,0,3,0,1,0,0,131,0,4,0,0,6,0,0,0,0,0,0,0,6,0,0,0,0,0,0,3,92,0,13,0,0,0,0,0,0,18,0,0,0,0,1,1,19,0,7,0,0,14,2,0,0,0,106,0,0,0,0,0,0,4,29,0,3,9,0,176,28,33,17,91,30,132,39,24,0,23,87,5,10,193,209,11,0,56,3,47,5,278,0,198,81,39,12,7,20,30,36,94,120,70,213,2,51,181,0,2,209,33,201,58,7,1,0,239,0,8,18,0,19,4,6,42,1,84,56,45,31,0,617,3,140,174,6,43,2,10,4,10,6,8,24,1,30,104,10,26,245,0,150,231,122,32,169,38,52,73,26,21,8,8,82,1,3,3,8,18,169,63,61,123,36,21,98,13,302,8,94,0,0,52,137,12,2,2,21,0,3,48,68,0,0,92,8,23,1,1,99,169,10,0,4,11,4,7,116,1,82,1,7,23,15,4,0,5,258,15,172,273,76,36,0,3,5,16,7,16,4,15,24,4,27,33,32,78,29,417,191,0,25,0,0,9,0,9,174,4,5,3,134,65,2,11,6,31,0,4,0,11,182,44,0,11,321,0,357,55,104,33,386,0,29,0,0,0,28,25,13,1,161,0,32,6,0,0,1,207,12,0,35,273,0,0,138,91,175,63,0,702,0,1064,4,1,74,42,2,1177,0,30,274,18,0,0,0,3,51,0,0,82,124,0,92,528,1,1144,23,31,14,2,89,0,21,144,8,1,65,271,774,0,15,7,91,1059,3,57,1,2,5,57,0,375,109,217,1,226,0,12,10,8,0,58,1,486,1,0,3,0,2,14,4,13,0,0,0,0,0,6634,0,0,463,3309,0,3,103,144,562,0,0,76,0,0,0,1129,0,1,0,0,0,10,197,593,407,0,1,18,24,227,8,1379,4511,3256,0,0,441,2733,0,6588,203,56,0,1502,386,2242,1497,0,2,10,0,86,0,1,137,10,84,382,7133,0,6466,19330,1049,0,0,728,25,0,0,154,4,10529,0,4,0,0,0,2499,456,0,0,152,10219,30,22,0,0,6,699,30,49,1,38,260,2852,0,4355,1946,0,0,0,68,3901,8,0,0,0,5772,25,0,156,143,0,7107,0,2935,84,156,26,0,6458,0,0,3639,0,0,5,1079,0,85,17,25,278,120,486,92,109,535,0,6,6,24,19,0,1913,308,4,1181,0,18579,157,0,0,1598,1,0,543,4002,1,0,2,120,0,382,19,3477,6,0,1000,19,104,3961,4,0,183,0,86,9,0,6,2119,0,0,0
"gene_64",0,0,711,0,0,0,0,10,0,0,1100,0,0,0,42,0,0,0,0,0,0,126,0,0,0,7,0,0,0,0,260,0,0,0,25,0,438,1020,0,0,0,0,163,0,0,2,0,22,0,7,0,0,0,0,0,0,1,0,0,0,0,2,54,0,0,0,0,0,0,0,0,0,0,0,0,9,7,1,0,48,1,155,0,2217,0,0,0,0,0,0,0,0,0,0,0,0,0,0,0,0,0,0,0,0,6749,0,0,3,0,0,0,0,0,0,0,0,0,0,0,0,0,0,0,0,6,19,0,0,0,0,0,0,1,4,0,0,0,0,0,105,0,0,0,0,1,34,0,0,0,27,0,0,0,0,1,0,0,0,224,0,0,0,0,2,98,490,196,0,0,0,0,0,44,0,0,0,0,0,17,0,166,0,41,0,0,181,4211,0,438,0,0,0,0,0,0,16,0,0,128,752,3,1564,0,0,0,0,14,0,0,1480,0,0,0,0,0,0,0,0,0,0,826,0,0,0,0,14,0,0,66,4760,1,0,0,37,1,0,963,0,0,5,0,0,0,3,0,4,2,0,0,0,0,36,0,0,0,0,0,3,0,4,0,0,0,0,0,0,0,0,0,0,0,0,0,0,0,0,0,0,5,0,0,1,0,0,0,0,88,0,0,0,1512,5,6,0,0,0,0,0,0,0,0,0,1,0,0,0,0,0,0,0,0,0,217,0,0,0,0,0,0,0,0,0,0,0,0,0,0,0,213,0,3794,0,0,0,0,0,0,0,24,0,0,0,0,0,0,5,0,0,0,0,0,0,0,0,0,0,0,1423,0,0,0,0,0,0,0,0,0,0,0,0,0,0,0,0,0,0,0,0,0,0,0,0,0,0,0,0,284,0,0,0,0,0,0,0,0,0,0,0,0,0,0,0,0,0,0,0,0,0,0,0,319,0,0,0,0,721,23,0,0,0,0,96,0,0,0,0,0,0,14135,0,0,0,0,1611,636,0,0,0,996,0,0,0,8,0,8,0,0,0,0,0,0,0,2,0,0,0,0,0,0,0,0,32,206,0,0,389,0,0,0,34,0,0,2,0,505,0,4970,0,0,0,282,0,5235,0,0,0,452,64,12,0,4,2298,1,0,0,0,0,23,0,1,1,0,0,13258,0,0,0,0,544,0,0,4868,0,0,0,27,0,0,0,0,5,0,0,0,0,0,0,0,6,0,84,2414,1,0,0,1738,0,0,0,1,0,0,0,1163,0,0,1,0,0,27,395,0,63,288,0,0,0,0,0,14,10,17,253,0,0,0,0,13,0,20,0,29,2,0,0,0,0,0,0,4,0,0,7,0,510,0,0,0,0,0,0,0,0,286,733,0,0,275,1118,0,0,1,0,0,0,364,0,0,1,0,702,0,0,46,0,0,0,0,173,0,0,0,0,2830,0,0,21,0,10369,248,5,0,1,0,0,1069,0,0,0,0,1004,78,0,176,0,0,0,0,0,0,0,0,0,632,0,1615,0,0,0,1,0,0,870,0,0,421,0,0,27,1,0,0,0,0,0,0,2765,0,0,0,1174,0,264,4,0,0,0,0,517,0,0,8344,22,1,0,338,1,677,0,0,0,0,85,445,0,0,0,0,1,0,1763,0,0,0,0,0,0,104,0,0,0,0,0,0,0,0,0,0,0,0,0,0,1840,0,0,0,0,0,0,0,0,2,0,0,1438,0,0,0,0,7,0,0,6,0,0,7,0,53
"gene_65",3,0,5,17,10,48,162,53,0,0,0,0,1,4574,18,2486,11,0,520,42,2276,535,53,53,1,11,124,2984,1201,757,0,3852,79,1860,133,8,10,267,660,618,1810,15,0,0,4246,8537,19,1590,69,1382,0,3773,10,0,0,1284,1209,0,11,28,0,165,23,86,0,950,94,0,0,10913,2802,313,0,0,14,0,0,1634,0,0,1,0,0,1,11,668,21,633,1,7,3,0,0,27,1,0,34,36,4199,689,1682,49,0,0,2031,989,0,0,0,0,1,9,359,3,0,4064,89,66,40,5,423,0,0,734,554,43,439,2201,14,0,88,0,3370,0,1533,5925,0,14,132,0,0,0,2,0,0,2,943,497,3199,0,0,314,3156,0,0,0,42,43,0,151,623,674,6,268,1,0,38,0,0,0,7,6793,0,0,255,0,1244,12,6704,0,0,16412,0,0,0,1,117,0,2620,454,469,0,13473,0,0,0,0,0,45,0,78,0,137,114,5,458,525,29,2683,138,4314,6,14,0,1947,1881,1,0,2,0,74,1142,43,797,0,8,0,3301,0,0,6,0,0,592,0,1960,5,38,0,163,176,0,43,4,8,0,2258,951,731,0,44,708,403,215,0,73,2836,3051,121,5,0,8,0,130,0,0,0,48,108,0,0,5,0,0,0,0,1,0,862,0,0,1,0,6,420,15,97,0,0,0,3,119,0,6,0,0,0,0,0,2,9,0,0,0,0,74,0,0,0,1,0,0,0,1,83,36,0,147,1,0,38,0,36,0,0,5,0,0,0,38,0,237,3226,776,184,0,61,0,0,0,0,0,0,9,1,4,0,0,11,0,0,290,892,1973,0,1752,0,0,0,0,0,529,0,187,0,370,0,0,0,470,0,0,0,32,106,3737,0,0,5,0,0,0,139,0,0,0,0,7,89,58,0,0,0,0,258,0,0,8,60,0,0,0,0,3450,0,542,28,0,0,172,0,0,2,0,1098,124,0,29,0,0,0,1802,0,0,16,0,133,0,8930,0,184,0,1,0,1,144,0,0,0,0,48,0,0,25,0,0,0,0,0,0,0,375,0,0,123,1,0,0,5,0,4,0,0,0,731,0,2,0,2,86,0,0,0,0,0,0,0,507,0,106,0,1,0,0,0,0,19,0,67,0,0,1,1,387,193,5,603,0,0,226,145,535,0,0,0,0,0,159,0,0,0,1116,0,39,0,0,8,0,0,0,0,4,0,0,0,3,0,156,0,183,0,0,0,0,0,6,0,0,0,0,0,0,0,92,0,0,0,0,0,0,0,14,1,0,85,0,0,0,2,0,0,5,0,368,25,8,719,502,0,236,0,33942,0,0,0,53,0,0,0,0,0,0,0,0,2244,0,5755,0,2257,0,7,1,0,0,0,0,0,0,0,3420,0,38,6,0,24,444,0,0,2505,0,3,0,0,0,0,0,0,0,45,0,4257,0,0,0,10662,3191,0,99,0,0,0,12,2981,0,0,0,0,0,0,811,0,0,747,0,0,0,0,0,0,409,0,0,0,0,0,0,0,0,10,0,0,0,0,0,0,0,54,0,0,1,0,0,0,329,0,0,0,0,0,0,0,0,0,0,0,0,351,0,5907,0,0,0,0,53,0,0,0,6,0,0,14304,0,143,0,73,0,0,0,104,0,0,0,0,1101,0,1,145,1,0,0,3,0,0,0,1,23,0,0,0,0,0,0,0,0,32,213,0,0,0,8923,0,1221,0,367,0,38,0,1,0,0,0,0,0,5093,0,0,0,290
"gene_66",0,0,0,0,0,0,0,0,0,0,0,0,0,0,0,0,0,0,0,0,0,0,0,0,0,0,0,0,0,0,0,0,0,0,0,0,0,0,0,0,0,0,0,0,0,0,0,0,0,0,0,0,0,0,0,0,0,0,0,0,0,0,0,0,0,0,0,0,0,0,0,0,0,0,0,0,0,0,0,0,0,0,0,0,0,0,0,0,0,0,0,0,0,0,0,0,0,0,0,0,0,0,0,0,0,0,0,0,0,0,0,0,0,0,0,0,0,0,0,0,0,0,0,0,0,0,0,0,0,0,0,0,0,0,0,0,0,0,0,0,0,0,0,0,0,0,0,0,0,0,0,0,0,0,0,0,0,0,0,0,0,0,0,0,0,0,0,0,0,0,0,0,0,0,0,0,0,0,0,0,0,0,0,0,0,0,0,0,0,0,0,0,0,0,0,0,0,0,0,0,0,0,0,0,0,0,0,0,0,0,0,0,0,0,0,0,0,0,0,0,0,0,0,0,0,0,0,0,0,0,0,0,0,0,0,0,0,0,0,0,0,0,0,0,0,0,0,0,0,0,0,0,0,0,0,0,0,0,0,0,0,0,0,0,0,0,0,1,0,0,0,1086,0,0,24,1,0,0,0,0,1,0,0,28,0,0,0,0,0,0,0,0,0,1,0,3,52,9,0,0,7,2,2,0,0,11,0,0,108,0,48,0,0,0,0,0,654,0,776,0,193,0,0,0,0,489,98,1284,86,0,15,14,0,0,0,0,0,0,0,0,0,0,0,0,0,0,976,0,100,0,4,342,0,1,0,0,0,0,0,0,1,0,202,555,0,0,0,8,1,2000,0,1,0,13,0,1,0,0,0,0,647,0,0,45,0,0,0,278,1,0,8,238,0,392,0,197,17,0,738,0,0,0,0,118,0,0,6,40,0,0,0,0,0,11,0,0,0,38,0,0,19,0,32,0,0,0,9,0,0,0,0,89,0,0,0,1,0,0,0,0,56,0,91,176,5,1,0,0,0,0,0,0,0,0,0,0,2,0,5548,0,41,0,0,0,0,0,0,0,8,0,22,0,1,0,0,0,0,0,0,0,0,0,1934,0,0,1,0,0,0,0,0,0,0,0,0,37,593,2,0,0,16,0,0,0,10,0,1,0,0,0,0,0,0,0,0,0,1030,0,0,46,261,0,0,0,0,0,0,0,0,0,0,0,0,0,0,0,0,0,0,0,0,0,0,0,0,0,0,0,0,0,0,0,0,0,0,44,8,0,181,0,29,0,3414,0,0,190,88,106,0,680,26356,0,0,0,1,0,0,4560,5764,1060,0,0,0,2,220,0,322,879,0,0,1009,0,21,0,1,0,0,703,0,0,0,1,5286,0,0,0,1,11,1610,0,0,4,7038,0,0,0,0,1797,438,0,0,0,0,0,0,0,0,0,0,0,0,0,0,0,2,3066,6707,3,3,0,841,0,4,9259,0,0,30,0,0,0,1,0,0,0,0,0,0,0,0,1,0,910,0,0,0,0,0,317,888,261,6,0,0,0,1,0,0,0,0,0,376,0,0,212,0,0,0,5,0,20973,33,0,0,0,0,0,0,0,13,0,2591,0,4,0,1335,347,0,0,0,0,0,0,106,0,0,59,0,0,0,0,358,0,0,0,0,1,0,0,4,0,0,0,0,0,0,0,0,1391,0,0,0,16,0,0,132,1,0,0,0,0,0,0,858,0,0,0,0,0
"gene_67",0,0,0,63,1801,5,0,0,0,0,58,0,0,0,298,0,0,0,0,0,0,0,9,0,0,0,906,0,0,0,1,926,925,0,1216,60,83,158,2,280,1,0,0,0,1,0,0,0,0,0,7216,0,0,0,1,0,52,0,0,3,0,0,0,0,0,0,0,511,0,0,9,0,0,0,0,0,0,0,0,0,0,350,0,0,0,89,0,69,0,0,0,0,0,0,0,0,0,0,0,0,0,0,21,0,0,0,0,0,0,0,0,0,0,0,0,0,0,0,0,0,0,0,0,0,0,0,0,0,0,0,0,1,0,0,0,0,6,0,0,0,0,0,38,0,0,0,0,0,0,0,0,0,0,0,0,0,0,0,0,3160,0,1,0,0,0,0,0,0,0,0,0,0,0,0,0,0,0,0,0,0,0,0,0,0,0,0,711,0,0,0,0,0,11463,0,0,0,0,0,0,0,0,0,0,0,0,0,0,0,0,0,0,0,0,0,0,0,0,0,0,0,0,0,0,0,0,0,0,0,0,0,0,0,0,0,0,0,0,0,0,0,0,0,0,0,0,0,0,0,0,0,0,0,0,0,0,0,0,0,0,0,0,0,0,60,0,2,0,0,0,0,0,0,0,0,23,0,0,0,0,0,0,0,0,0,0,0,0,0,132,0,115,0,2,0,6,0,1,0,0,6,0,0,0,0,3771,0,30,310,0,369,0,4,0,0,71,0,0,0,0,2,0,0,7998,0,0,0,0,0,0,0,8,0,1,0,0,0,0,0,0,0,0,0,0,0,461,0,0,0,0,82,1452,0,0,2,0,0,0,0,0,1,0,0,18,3,61,0,0,0,0,0,0,3776,0,0,0,0,0,0,8,10,0,420,0,0,519,0,0,0,0,0,0,0,1,0,0,0,0,0,0,0,0,2,0,197,7,648,0,0,999,1116,0,0,0,46,0,0,0,0,0,0,20,0,0,0,10,0,0,0,0,0,0,0,0,0,11,114,0,1018,420,0,1300,0,0,0,0,7309,399,1,0,0,0,0,4155,0,0,0,2601,661,1,26,2,0,26,38,51,0,0,0,294,1111,0,0,853,28,0,0,3945,959,16,0,0,0,0,0,0,0,0,0,0,25,2505,0,0,0,57,0,0,0,1279,89,0,113,648,1244,0,0,0,1,2,1,0,0,5,0,0,0,6,6,16,0,0,0,0,0,296,0,0,0,0,0,0,0,8,106,3,0,2899,0,0,0,640,236,0,0,286,4,5838,0,4222,0,0,0,1,0,3,1026,17,399,0,0,0,0,1,0,0,0,0,1278,0,0,4366,2,1,10068,0,4663,6,26,175,0,72,274,1733,4,3278,1,13416,24174,3003,3,45,155,19611,67,1633,730,0,29535,10,29,672,4,437,7330,1269,19,0,5288,78,0,20,3961,2,1631,7388,2848,0,11127,7060,0,0,5722,109,0,14560,1312,1149,0,396,2671,103,249,94,0,5,132,1898,4249,0,0,73,459,22028,280,1777,16753,36,2958,2,0,158,28,18787,7998,96,4079,253,160,0,435,0,1,4763,184,0,948,0,0,242,208,12,54,6814,38,112,12002,47,25,21,1489,0,17888,2565,280,52,36,1,46,79,1,10917,1,129,90,376,0,2,276,174,44,0,404,8,0,187,0,0,7088,0,10350,30,79,17,4,0,2372,5561,163,4,14548,13,7199,262,2,1217,6384,0,42,0,379,0,157,114,0,26,116,14,62,11307,9,0,7316,8,33,1803,1097,8,16783,1047,1191,15350,1,113,5006,1,177,11372,2
"gene_68",0,1654,207,0,0,5170,638,0,58,42,235,0,3,0,0,0,157,0,0,1247,0,58,4,0,0,0,0,16,1,172,0,232,0,39,58,0,90,545,0,0,0,0,0,0,0,135,44,54,0,103,0,625,153,0,0,348,0,5240,38,6,1722,0,3,1,0,0,327,462,66,0,0,0,0,0,1,1,1,4,44,56,20,2100,0,0,0,0,0,2,0,0,0,77,0,0,0,0,0,0,0,0,0,0,0,0,1,0,34,0,0,0,0,0,537,0,439,34,0,0,0,0,0,0,0,0,0,0,0,0,19,0,0,0,11,0,0,0,0,0,0,0,0,0,0,0,0,0,0,62,0,0,0,0,0,0,0,0,0,0,0,95,0,0,0,0,203,0,5568,0,0,0,0,0,0,0,0,0,52,11,5,1,0,0,0,0,0,3016,0,117,0,0,2157,0,8,0,0,0,85,0,0,0,0,2038,3081,0,2,0,0,5,0,0,0,0,23627,0,790,0,93,0,0,0,0,0,0,0,0,0,34487,0,0,0,0,0,0,0,1035,23,187,10790,28,0,0,0,0,0,0,0,300,0,0,0,127,0,0,0,0,0,0,0,0,0,0,0,0,0,422,0,0,0,87,970,0,48,2,0,0,0,13,2811,0,0,0,171,0,1,2,0,519,31,0,0,0,1,0,0,1190,0,0,0,0,451,6,76,69,0,0,3205,0,1,0,0,0,0,21,0,2,0,0,0,0,0,0,66,3575,233,0,1,0,83,0,85,0,0,10543,27,0,0,112,0,0,100,0,0,398,0,0,0,0,5674,8,0,10,0,203,0,0,157,0,110,0,1,0,9,0,109,30,0,0,183,0,1739,0,0,3663,0,0,0,0,9,0,0,0,0,0,6,99,0,0,0,0,0,0,0,12,5964,0,0,0,0,10046,0,0,0,0,72,7,917,0,0,25995,1753,0,16,9,0,0,11,0,0,289,0,0,0,0,514,0,0,383,0,0,0,4,0,0,0,0,0,0,0,0,0,0,0,0,7641,7140,0,0,0,0,0,0,0,12,3,20,0,0,0,0,16,0,0,0,0,300,0,0,0,0,0,0,183,1465,0,0,0,0,26,6,0,7086,0,0,0,0,0,69,0,0,0,0,1412,0,239,0,0,0,0,0,0,0,1033,28,0,0,3,0,0,0,0,0,0,0,201,0,0,0,0,0,0,0,0,0,0,0,0,0,9,0,0,0,0,0,0,0,3,0,7001,0,0,0,0,0,0,12,0,458,0,0,0,0,0,47,0,1221,47,0,0,24,0,0,0,0,0,0,1001,0,0,0,1,27,0,0,0,0,0,0,0,5,2,522,0,0,0,0,0,21,0,0,0,0,0,0,0,0,0,0,0,361,0,0,0,1068,250,0,0,0,1785,0,0,0,0,0,0,0,2,0,0,2712,0,0,98,1,193,0,0,0,0,0,0,127,0,570,0,0,0,0,299,0,0,0,0,0,8,1480,4243,0,0,0,6251,0,0,324,0,0,0,0,198,16,1,0,0,0,53,0,784,0,4,0,0,30,0,0,0,41,0,0,0,1473,0,0,0,0,0,0,0,0,0,0,2020,193,4222,0,0,0,0,55,415,0,0,0,0,0,0,0,0,0,51,0,0,0,0,0,0,0,0,1,40,0,170,0,0,0,1057,20,0,0,5,0,2201,0,1,11,209,0,59,0,1,0,0,0,9670,12,0,0,0,0,0,5,0,0,7256,0,190,0,10,0,798
"gene_69",0,0,0,0,0,0,0,0,0,0,3824,0,0,0,10,1953,190,0,0,0,0,3,0,2,132,4,0,1,0,0,555,52,0,2190,0,0,0,2,0,7,1,0,45,453,118,17,0,0,6,0,1500,0,0,625,1886,0,205,538,0,0,0,0,8583,0,132,12,0,4,0,0,0,0,0,466,0,24,3,0,34,0,715,0,0,0,0,0,0,16,67,1865,0,0,0,33,0,0,0,0,0,0,0,0,0,0,0,0,0,0,0,0,0,0,0,0,261,0,0,0,0,0,0,0,0,0,0,1,0,43,0,0,0,0,0,0,20,3,0,0,0,1,0,0,0,0,0,0,0,1908,0,0,0,0,0,0,0,0,0,0,97,0,0,0,0,0,0,0,0,0,0,0,0,0,94,0,0,0,0,0,0,1,0,0,0,0,0,0,0,0,0,0,0,0,2,0,0,0,0,0,0,0,0,0,0,0,0,0,377,249,132,0,0,2830,0,0,0,0,0,0,0,0,0,0,0,0,0,0,0,0,0,0,0,9,0,0,0,0,0,0,0,0,0,0,0,0,0,0,0,0,0,0,0,0,0,0,0,0,0,0,0,0,0,1348,274,8,1,5,0,1,22,0,0,0,9,8,1211,0,2,0,36,52,34,0,315,9,496,0,0,106,2268,1,0,3,146,808,103,0,660,0,0,20,0,0,0,11,89,21,1,0,0,0,42,344,0,280,938,13,117,0,5,433,0,1,0,0,130,118,8,0,2435,0,0,0,0,0,48,5,0,0,2,12,11,75,69,3,0,0,1473,549,0,0,0,1860,182,0,11,415,0,0,33,13,2864,0,4129,0,0,0,0,0,77,1232,2,0,92,12,43,0,1052,3,3,0,1992,223,0,0,0,0,704,0,4,151,0,0,927,499,0,1,0,164,1,884,0,151,788,121,9,0,136,0,0,0,467,0,1022,0,356,0,0,0,913,303,49,190,0,2332,3,0,0,30,0,0,355,0,0,1,0,1,0,0,0,0,0,0,0,0,16,181,28,0,0,0,0,676,0,6,0,23,0,0,4,0,0,0,30,0,0,51,78,292,0,89,0,0,0,2050,59,0,0,7,55,0,4836,42,2,0,0,5899,142,0,0,158,0,70,0,0,0,304,4,1,4484,0,0,3,0,79,0,0,0,0,0,0,0,0,0,1230,0,42,53,0,0,2037,1,0,14,23,102,70,0,4324,0,0,0,0,41,19,48,0,1662,0,0,0,207,484,1,13,0,0,0,0,12,270,12,0,0,0,0,0,150,0,20,7,0,5,0,2,0,3435,0,0,187,4615,0,0,0,0,4,0,59,551,0,0,0,0,6,0,0,0,0,0,0,1065,109,0,0,0,0,0,0,0,0,0,244,7,0,2186,0,0,789,0,128,0,0,33,0,0,0,1,0,0,0,0,0,0,5421,0,1631,10174,1357,19,0,502,452,0,0,0,0,0,0,133,44,2972,0,0,0,4289,0,56,4,0,0,0,0,0,1,2,0,0,0,0,0,0,0,4997,0,2,0,0,56,0,0,1,0,0,0,0,0,2,26,265,0,7083,0,0,0,0,0,0,0,0,29,0,0,693,0,0,1979,0,0,0,0,0,0,0,0,30,0,0,0,8517,0,2,76,0,386,0,574,0,10,0,912,0,1619,3,0,19,0,0,0,0,0,0,0,155,0,0,0,640,3,0,0,2,996,8,0,19,0,0,0,42,0,2,0,63,0,0,0,0,138,6
"gene_70",2,0,1,64,0,0,0,142,1,0,2,0,0,0,0,110,0,0,0,0,0,0,0,0,0,0,0,0,0,0,29,0,0,0,0,0,0,0,0,24,0,0,0,0,0,0,0,0,0,0,4,0,0,0,0,0,0,0,0,0,17,0,0,0,0,0,0,0,0,0,0,0,0,0,0,0,0,0,0,0,0,0,0,0,0,16,0,0,0,0,17,0,0,0,0,0,0,0,0,0,0,0,0,0,0,0,0,0,0,0,0,0,0,0,0,0,0,0,0,0,0,0,0,0,0,0,0,0,0,0,0,0,0,0,0,0,0,0,0,0,0,0,0,0,0,0,0,0,0,0,0,0,0,0,0,0,0,0,0,0,0,0,0,0,0,0,0,0,0,0,0,0,0,0,0,0,0,0,0,0,0,0,0,0,0,0,0,0,0,0,0,0,0,0,0,0,4,0,0,0,0,0,0,0,0,1,0,0,1,0,5,1,0,0,4,0,1,2,1,0,1,0,4,1,0,0,1,0,0,3,0,0,0,6,1,0,0,1,7,0,2,0,0,2,1,1,2,0,0,0,10,1,0,0,0,7,3,0,0,3,511,0,0,0,0,0,0,0,0,0,0,2,0,0,1,166,0,0,0,0,0,0,0,0,0,0,0,0,102,0,0,0,0,0,0,0,110,0,0,0,0,0,0,0,0,3,0,0,0,0,0,0,61,0,0,0,0,0,0,0,0,0,0,0,0,0,0,0,0,0,0,0,0,0,0,0,0,0,0,0,0,4,0,0,0,0,0,0,0,0,0,0,0,0,0,0,0,0,1,0,0,0,0,9,0,0,0,4,0,0,0,0,0,0,0,0,0,0,0,0,0,0,163,0,0,0,0,0,0,0,0,0,0,0,0,0,0,0,0,0,0,0,0,0,0,0,0,0,0,0,0,0,0,0,0,0,0,131,0,0,0,0,0,0,0,0,0,0,0,0,0,0,549,0,0,0,0,0,0,0,0,0,0,0,0,0,0,0,0,16,0,22,0,134,0,0,0,0,0,0,0,0,0,3,0,0,0,1,0,0,0,0,0,0,0,0,0,0,0,1,0,0,0,0,23,0,0,0,0,306,0,1,0,0,0,0,0,1,0,0,15,0,0,0,0,0,0,0,0,0,0,0,0,0,267,0,0,1,0,0,0,0,7,0,0,0,0,0,0,255,342,504,0,0,0,0,2,0,0,0,33,0,0,0,0,0,0,0,0,0,0,0,0,0,0,0,0,0,0,0,0,0,2,0,0,1,0,0,0,0,0,0,0,0,0,0,0,1127,2531,0,548,0,0,0,0,0,0,0,6383,0,0,0,177,11,0,0,0,0,0,75,0,0,0,0,0,0,0,0,0,0,190,0,0,0,13898,0,0,0,0,97,0,0,750,0,0,413,0,655,17,292,0,0,0,0,0,0,0,0,43,0,0,0,0,2,115,0,0,0,0,191,1044,0,0,2,0,0,5,1,0,9458,3,0,0,2,2058,0,0,0,0,0,0,260,0,0,609,0,743,0,0,0,0,56,9013,0,0,5932,0,270,0,0,0,0,0,0,0,11,0,0,0,0,0,0,0,0,0,0,0,0,0,0,11796,0,0,0,63,5346,3092,0,0,246,21,50,1660,0,374,11,0,0,0,0,0,0,8,0,0,8,10,17,6,15984,190,0,5,4,760,0,0,5492,340,0,1470,2,0,0,131,939,0,1
"gene_71",0,0,0,0,1571,0,0,0,0,0,0,0,0,0,0,0,0,0,0,0,0,0,0,0,0,3079,0,0,0,0,0,0,0,0,0,0,0,0,0,0,0,0,0,0,0,0,0,0,0,0,0,0,0,0,0,0,0,0,38,7,35,0,0,0,0,0,0,0,0,0,1186,0,0,0,0,0,0,0,0,0,0,0,0,0,0,0,0,222,0,0,0,0,0,0,248,0,4,0,0,0,0,0,0,0,0,0,0,0,4,0,261,0,0,0,0,0,0,0,0,0,0,0,0,0,0,273,0,0,0,0,0,0,0,0,0,0,0,0,0,0,0,0,0,0,0,0,23,0,0,0,0,0,0,0,0,0,0,0,0,0,0,0,0,0,0,0,0,0,0,0,0,0,0,0,0,0,0,0,697,0,0,0,188,0,0,0,0,0,0,0,0,0,0,0,0,0,0,48,0,0,0,37,0,95,0,0,0,0,0,0,0,0,0,0,0,0,0,0,0,0,0,0,0,0,0,0,0,0,0,0,0,0,0,2,0,0,0,0,0,42,0,0,0,0,0,0,0,0,0,0,0,0,0,0,0,0,0,0,0,0,0,0,0,0,0,0,0,0,0,0,0,0,0,0,0,0,0,0,0,0,0,0,0,0,0,0,0,0,0,0,0,0,0,0,0,0,0,0,0,0,0,95,0,0,0,425,0,0,0,0,0,0,0,0,0,0,0,0,0,0,0,0,0,0,0,0,0,0,0,0,0,0,0,0,356,0,0,0,0,0,0,0,0,0,0,0,0,0,0,0,0,0,0,0,0,0,0,0,0,0,0,0,0,0,0,0,0,0,0,0,0,0,0,0,0,0,0,0,0,0,0,0,0,0,0,0,0,0,0,0,0,0,0,0,0,0,0,0,0,0,0,0,0,0,0,0,0,0,0,0,0,0,0,0,0,0,0,1,0,0,0,0,0,0,0,0,0,0,0,0,0,0,0,0,0,0,0,0,0,0,0,0,0,0,0,0,0,0,0,0,118,0,0,0,0,0,0,0,0,0,0,0,37,0,0,0,0,6,0,0,0,0,0,0,0,0,0,0,0,0,0,0,0,0,0,0,147,0,0,0,0,0,0,0,0,0,0,0,0,0,0,0,0,0,0,0,0,0,0,0,0,0,0,0,0,0,0,0,0,0,0,0,0,0,0,0,0,0,0,0,0,0,0,0,0,0,0,0,0,0,0,0,0,0,0,48,0,0,0,0,0,0,0,0,0,0,0,53,0,0,0,151,0,0,0,23,0,0,0,0,0,0,10,0,0,0,0,0,0,0,0,0,0,0,0,0,0,0,0,0,0,0,0,0,1468,0,1782,32,0,5387,0,1655,0,0,0,4626,0,0,0,0,0,0,0,0,0,0,0,0,0,0,0,0,0,0,0,0,65,0,0,0,0,0,0,0,0,0,0,0,0,0,0,0,13,0,0,0,0,0,0,0,0,0,0,1,0,0,0,0,0,28,18,1,0,0,0,0,168,0,0,0,0,0,136,0,0,0,0,0,0,0,0,0,777,0,17,0,0,1,0,0,0,0,0,605,0,277,0,0,0,0,0,0,0,0,0,0,0,0,0,1,0,0,0,0,835,0,99,9,0,0,0,0,0,0,0,0,0,1219,0,0,0,16,0,0,0,0,0,0,0,0,0,0,0,0,0,0,0,0,0,0,0,0,2,0,0,0,0,0
"gene_72",146,585,1277,65,2493,3406,195,78,251,320,443,659,666,4165,1528,2076,3684,8291,677,0,183,542,501,454,101,1802,2294,612,7485,25,903,438,383,30,7,1622,139,126,121,5,397,7,30,577,2621,1074,900,1347,587,1560,74,982,54,528,4,180,185,17,707,2312,1786,62,0,20,1798,941,1020,4315,935,3836,0,550,33,436,66,882,1,445,3,1,4201,27,4936,176,955,545,747,3256,811,41,1571,3913,1386,4609,798,46,8272,98,1,26,4941,5426,13,7864,2268,6031,163,6869,27,1766,0,6,64,1553,19,4,10,11981,6330,646,382,0,12036,394,2,0,1934,6492,5243,2743,367,9684,1,34673,3044,6014,32,154,5311,2715,5107,797,4,2624,1132,0,63329,194,0,103396,12430,15220,4704,484,20,541,24076,4180,38570,264,216,23813,2692,217,443,4,6272,15482,0,194,1638,38471,42351,2690,19064,21376,18882,0,8548,47,844,3417,24177,14,2190,525,3,20,566,17858,7600,22226,967,90578,968,1951,93,0,696,2161,277,1963,9,33444,4873,71,1220,8,10,771,17905,303,151,108,4646,165,301,1049,420,4508,1307,774,4192,424,9756,8166,18363,1804,9,10058,880,26,4291,8314,218,29932,3196,7530,5094,80,0,172,42,1712,0,365,184,7686,52,3338,12703,2707,70,604,4447,203,10226,870,5366,2189,1883,564,449,155,275,1562,2894,359,125,266,2042,1871,801,163,3038,827,717,1386,1482,1101,144,190,2624,1177,34,454,1412,2486,253,389,2052,247,639,2131,41,290,35,223,423,290,63,1711,320,1290,1672,756,414,970,2447,56,280,777,344,26,833,313,3656,179,1615,3096,364,449,42,206,21,64,184,287,286,489,2107,14,410,11,1549,1601,171,234,2484,2126,951,925,126,5914,1829,163,1385,4870,506,74,4256,5325,126,80,201,1293,1049,2535,3999,1194,2218,222,1951,137,581,991,127,47,192,1329,175,1509,110,543,6,5906,1,3627,1183,818,807,147,171,594,682,28,292,1688,4167,942,225,503,135,1392,5382,756,1263,1309,413,43,836,8011,2791,1078,679,10,699,568,1284,765,87,2850,3498,1229,86,582,6204,3784,674,452,161,331,2281,3362,361,35,459,188,2437,562,1100,1662,75,347,1763,292,409,744,240,16,0,753,837,469,843,6,363,33,0,44,32,257,189,28,1,104,4,627,5,11,20,805,122,202,260,0,757,1,116,294,702,154,40,83,655,24,50,5,7,10,38,16,197,381,1104,151,44,0,248,10,2976,909,303,939,8,0,724,53,18,4,83,38,808,14,2,167,87,305,347,1,118,8,105,72,285,3,97,245,14,363,43,58,1189,618,19,295,558,583,100,426,1331,254,1,4,1047,2308,1015,1057,5,8,70,222,469,3,579,3973,20,1688,801,72,144,354,290,33,9,2636,712,174,88,1762,89,71,17,927,11,9,1653,108,693,113,3182,1269,27,1541,49,1732,0,1,384,698,21,553,1892,426,107,551,499,766,1585,23,2075,390,465,23,5823,64,3014,279,2389,74,300,1,0,718,233,471,39,259,824,17,185,535,115,0,2967,4056,13744,4243,1,179,143,1982,32,561,4601,1650,34,157,57,715,8,6,57,288,252,349,52,0,534,84,0,514,170,0,236,1754,32,1090,14,5054,1649,202,1006,2183,393,4396,0,3179,66,1840,193,1915,29,27,327,10,39,262,1,4,152,0,588,3,1127,2141,2159,2578,559,1598,387,2543,30,1219,274,646,46,26,286,318,3,51,19,203,2,1096,10,1169,56,62,189,1394,1471,9,3,342,231,144,1124,324,17,21,92,4136,159,1917,3,258,1125,1651,1295,872,553,1450,0,297,20,2986,5345,1,0,1079,374,0,2941,1556,454,1032,0,5117,1998,9867,0,4,2,2379,1453,151,45,13954,54,463,0,314,378,25,194,3
"gene_73",0,0,0,0,0,0,0,0,43,3,0,0,0,0,0,0,8,0,208,0,0,1,0,0,71,0,0,71,14,0,0,0,0,278,0,0,0,135,0,0,0,0,0,0,0,0,0,0,0,0,0,0,0,62,0,0,0,0,0,0,0,0,0,304,0,0,0,3585,0,0,0,4,0,6,0,6,0,0,0,0,0,0,0,0,0,6,0,0,0,0,199,0,0,0,0,0,0,0,0,0,0,0,0,0,0,0,0,0,0,0,0,0,0,0,0,0,0,0,0,0,0,0,0,0,0,0,0,0,0,0,0,0,0,0,0,0,0,0,0,0,0,0,0,0,0,0,0,0,0,0,0,0,0,0,0,0,0,0,0,0,0,0,2750,0,0,0,0,0,0,0,0,0,0,0,0,0,0,0,0,0,0,0,0,0,0,8,0,0,0,0,0,0,690,0,0,69,0,0,0,0,0,0,0,0,0,0,0,0,0,0,0,1130,37,0,0,11,0,0,180,13,4,3052,0,0,0,0,0,0,0,0,0,0,0,0,0,0,0,0,0,0,0,0,0,0,0,0,0,0,0,0,0,0,0,0,12,0,0,0,0,0,0,0,0,0,334,0,16,32,0,0,210,5,1,128,0,0,0,0,0,0,0,0,0,43,2,0,0,0,565,0,0,0,0,0,0,0,0,0,0,105,331,0,0,65,0,1,0,0,0,0,0,10,0,0,0,0,0,22,0,21,72,0,0,0,0,0,3,0,0,0,0,0,0,2,0,0,0,0,0,60,0,0,197,0,0,10,1,0,0,0,60,0,0,429,0,0,0,0,343,0,0,76,0,0,0,0,0,280,0,0,26,0,169,0,0,0,0,0,0,0,44,1,0,0,0,0,138,0,13,0,0,0,0,0,65,0,4,0,113,0,5,204,20,6,0,0,0,0,22,0,0,0,1,0,0,209,34,0,4,10,18,0,0,0,0,0,0,0,0,0,0,269,8,0,0,1,0,0,0,0,0,3,1514,0,11,0,1,1644,126,0,116,0,0,21,0,0,12,0,0,22,0,0,79,0,19,0,3,1,0,0,0,0,0,0,0,0,1,0,313,91,8,0,63,0,0,0,0,930,44,0,3,0,271,0,13,0,0,1,47,0,8,0,155,6,5116,0,0,0,1,8,7080,0,0,0,3,5,0,0,388,1539,0,0,13,0,0,0,1761,0,18,0,0,0,7,0,5636,778,10,51,587,0,2577,0,0,0,0,1668,8,0,5,0,1105,0,0,0,13,0,0,0,0,0,1,487,0,0,3924,0,0,19,0,0,0,221,0,0,0,0,0,0,0,0,0,0,0,0,0,0,0,0,0,0,0,0,0,0,0,147,0,0,0,77,0,0,589,0,5,2271,6,0,219,0,0,296,0,0,0,0,0,0,0,0,0,0,0,0,0,0,0,17,0,0,0,0,0,0,0,0,0,0,87,3,0,0,67,191,74,2,0,0,0,0,0,0,0,0,0,0,0,1189,0,0,0,0,0,18,468,0,0,0,8,0,0,0,0,0,0,27,0,0,0,0,0,0,0,0,19,0,0,0,0,0,6,0,8,4,174,1921,0,0,0,104,0,0,0,2732,0,5,0,271,0,1460,0,0,11,0,0,0,0,238,0,0,1,0,0,0,0,1382,0,0,0,0,0,0,0,0,0,1,1,0,0,0,0,0,0,0,0,0,0,0,7,169,0,1,224,0,0,1,3,0
"gene_74",28,125,0,0,2453,0,0,1,2478,0,155,505,0,0,10,42,0,0,54,0,6,13,46,0,0,70,0,1,0,119,35,0,0,24,290,1,45,373,0,403,0,0,0,0,1230,3,14,16,0,0,0,0,39,225,2,2678,0,0,1,279,0,0,1747,0,0,497,53,25,1635,27,0,0,0,36,753,17,19,7,0,156,854,0,1189,103,0,0,160,0,3,0,0,0,0,0,0,0,3,21,0,7,130,6823,0,0,11593,0,18431,293,470,0,14715,0,1,1930,0,0,0,0,396,0,828,0,0,0,0,20,1,0,0,3017,0,0,0,0,148,0,886,4872,1,1729,3,0,0,615,2306,3,0,7,1,0,0,0,7,0,57,4643,0,12,0,0,1,183,1,0,1,0,5,0,0,0,1053,0,1,0,48,25104,13741,0,547,0,18463,4,0,3,23,14009,14834,1,0,11681,0,0,0,15782,15064,0,0,1040,0,0,0,8,0,136,1,0,239,0,0,265,4870,26,0,0,0,2,0,0,0,1,0,313,1916,0,0,1637,35,44,0,0,620,1,591,18,16471,0,0,0,73,0,0,0,0,0,0,0,198,5700,10,0,0,1,0,1,0,1,0,0,222,0,0,0,3,266,0,0,64,0,0,0,6,0,2,28,0,0,0,0,267,0,0,0,14,22,0,327,4,0,5,0,0,0,0,0,0,0,687,0,104,0,1,0,0,0,0,0,2,0,0,7,213,0,49,0,0,38,0,0,0,0,0,0,0,0,0,0,0,0,0,0,5,0,147,0,0,0,0,0,0,2,0,0,718,0,0,0,0,4,4,0,0,56,0,7,183,0,17,0,0,81,0,0,0,1,747,0,2,0,0,0,6,0,0,0,0,0,9,0,0,0,0,0,138,0,0,0,9,0,3,0,0,0,0,0,0,0,0,0,0,0,0,0,107,0,0,0,0,0,0,0,0,0,0,0,0,12,41,2,48,0,0,0,2,0,0,0,0,0,0,0,0,0,13,0,0,0,0,0,0,0,0,0,0,0,0,51,0,4,0,0,0,0,0,0,0,0,0,0,0,103,0,0,0,0,0,1,0,0,0,0,0,0,0,0,0,0,0,0,0,0,0,0,0,139,0,0,0,0,0,0,0,0,0,0,0,0,0,0,0,0,0,0,0,10,0,0,0,0,0,0,3,0,0,0,0,0,0,0,0,0,0,0,0,0,0,0,0,0,0,0,6,0,0,0,0,0,0,0,0,0,0,0,0,0,0,0,0,0,0,0,0,0,0,0,0,0,0,0,0,0,0,0,0,0,0,0,0,0,0,0,0,60,58,0,0,0,0,0,0,0,0,0,0,0,0,0,0,0,2202,0,0,22,0,0,0,0,0,0,0,0,0,1,0,0,0,0,0,0,0,0,0,0,0,0,0,0,0,0,0,0,0,0,0,0,0,0,0,0,0,0,0,2887,0,10,0,0,0,0,0,0,0,0,0,0,0,0,0,1,0,0,0,0,0,0,0,0,0,0,0,0,0,0,0,1,0,0,0,1,0,0,1,0,0,0,0,0,0,0,0,0,0,0,0,0,0,0,0,0,0,0,0,0,0,0,0,0,0,0,0,0,0,0,0,0,0,0,0,0,0,0,0,0,0,0,0,0,0,0,20,0,0,0,0,0,0,17,0,0,0,0,167,0,0,0,0,0,0,0,0,0,1,0,0,0,0,0,0,0,0,0,0,0,0,0,0,0,0,0
"gene_75",0,0,0,0,0,0,0,0,0,808,0,0,0,0,0,0,0,0,0,0,0,2373,0,0,0,0,0,0,0,0,0,0,0,0,0,0,3,24,0,0,0,0,0,0,0,0,0,0,0,0,0,0,0,0,0,0,3,0,0,0,0,0,7528,0,0,9,0,73,0,0,0,0,0,0,0,3,0,0,0,0,0,0,0,0,6817,0,434,0,0,0,0,0,0,0,0,0,3,0,0,0,0,10426,0,0,0,0,6472,0,1062,0,0,0,152,5,0,0,0,0,0,0,0,185,0,0,0,0,0,0,0,0,0,0,0,0,0,0,0,0,0,0,0,0,0,0,0,0,0,0,0,3927,0,0,9,0,0,0,0,0,0,0,0,0,0,9,0,0,0,0,0,0,0,0,0,8677,0,0,0,0,0,0,0,0,0,0,0,0,0,0,7,0,0,0,0,0,3,1453,0,0,15,0,0,0,0,0,0,0,0,0,8,0,0,0,0,0,0,0,0,0,0,7019,0,0,1004,0,0,525,0,0,0,0,0,0,6,0,0,0,0,0,0,0,0,0,0,0,0,0,0,0,0,0,3033,0,1088,0,0,0,0,0,0,0,0,0,0,0,0,0,0,0,0,0,0,0,0,0,0,364,0,0,0,0,0,0,21,0,0,62,0,0,5,0,0,0,0,0,0,0,0,0,0,0,0,0,0,0,0,0,0,0,0,0,0,0,0,0,0,0,0,0,0,0,0,0,0,0,0,0,878,0,7864,0,5477,0,0,0,0,0,0,3906,0,0,314,2,0,0,0,0,0,157,0,0,0,0,0,0,0,0,0,0,0,0,0,0,0,0,0,0,0,0,0,0,0,0,2,0,0,0,0,0,0,194,0,0,1453,0,0,0,0,0,0,0,0,0,0,0,0,2,0,0,0,0,0,0,0,0,0,0,0,0,0,0,0,90,0,1232,0,0,0,0,139,0,0,0,0,0,208,0,816,0,0,0,0,0,0,0,0,0,0,0,0,94,0,966,92,0,0,0,0,0,0,0,0,0,0,0,0,0,0,0,0,0,0,0,0,0,0,0,0,0,0,0,15,8,0,71,0,0,1,0,0,0,0,0,0,0,2,0,0,0,0,0,550,0,0,0,0,1,0,0,0,0,0,0,0,0,0,1,0,402,0,0,0,0,0,61,0,0,0,0,1950,0,0,0,0,0,0,0,0,0,6,0,29,0,0,0,3657,18,0,2,0,0,0,166,0,0,0,0,0,163,0,0,0,0,502,0,0,0,0,0,0,20,0,0,0,0,0,0,6373,0,0,0,0,0,213,0,0,0,0,0,0,0,0,0,0,0,0,0,0,0,0,0,0,1611,0,0,0,0,0,0,0,0,0,0,0,0,0,0,0,0,0,0,0,0,0,0,0,0,0,0,0,0,0,0,0,4453,0,0,0,0,0,0,0,0,0,0,0,0,0,0,0,0,0,0,0,0,983,0,0,0,0,0,0,0,0,0,0,0,0,0,0,0,0,0,0,0,0,0,0,0,0,0,0,0,0,0,0,0,0,0,0,0,0,0,0,1481,0,0,0,0,1,0,0,0,0,0,0,0,0,0,0,0,0,0,0,0,0,0,0,0,0,0,0,0,0,0,0,0,0,0,0,0,0,0,0,0,0,0,586,78,0,0,0,0,0,0,0,0,0,0,17726,0,0,0,0,0,0,0,0,0,0,234,0,0,0,0,0,0,0,0
"gene_76",0,0,0,0,0,0,0,0,0,0,0,0,0,0,0,0,0,0,0,0,0,0,0,0,0,0,0,0,0,0,0,0,0,0,0,0,0,0,0,0,0,0,0,0,0,0,0,0,0,0,0,0,0,0,0,0,0,362,0,0,0,0,4,0,0,0,0,0,0,6,25,0,0,0,0,0,0,0,0,0,0,0,0,0,0,0,0,0,0,0,0,0,0,0,0,0,0,0,0,15892,0,0,0,0,0,0,0,0,0,0,0,0,0,0,0,2,0,0,0,0,0,1,0,0,0,0,0,0,0,0,0,0,0,0,0,0,0,0,1,0,0,0,0,0,0,0,0,0,0,0,0,0,0,0,0,0,0,0,0,0,0,0,0,0,0,0,0,0,0,0,0,646,0,0,1208,1,0,0,0,0,0,12776,516,4858,0,0,0,0,0,0,28745,0,0,10096,0,0,0,0,2845,0,0,0,0,0,67,0,0,0,857,0,0,0,0,0,0,0,0,9,0,0,1,0,0,0,0,17,0,0,1,0,8,0,0,0,0,0,0,114,1,0,0,36,0,0,0,0,0,0,0,2,9,0,0,44,14,0,0,0,0,0,73,1109,0,15,43,145,10,2195,242,4359,0,229,2,0,630,12,4,970,48,8,135,0,41,224,747,8094,0,12,559,5814,0,0,15,1176,1,281,1618,2323,28,16,6784,5326,0,0,17297,0,123,71,2,609,5,3,2,7,0,1188,330,182,98,2,2166,3536,16,0,11143,217,128,364,6598,0,0,57,25,42,985,0,142,0,4172,294,0,2868,214,137,53,29,3713,291,6873,0,0,0,0,10,8843,102,635,6,1035,1420,375,165,154,9650,3884,0,78,129,659,1928,37,158,17,269,87,1321,3372,2,4138,68,0,482,705,0,1,1046,613,49,674,15,88,87,0,320,869,224,687,15,4,4646,59,202,45,0,840,43,83,1327,3,5860,0,219,141,1,88,40,984,0,1057,17,68,190,2,345,7,252,7,1000,0,5,33536,0,50,0,0,2149,1794,0,328,633,2299,12,239,3365,0,50,4368,36,3106,1,780,26,1,72,103,2,0,917,132,138,1072,56,37,0,98,25,1232,234,2,218,8,324,1,51,0,4745,0,2589,89,398,22182,39,2460,77,2,0,4845,20561,339,1,0,18,1689,0,0,3951,1268,2,3699,395,67,59,1192,343,88,40,6212,48,2,23,148,87,9392,0,2140,0,24,1,5,8073,0,14,4309,1215,1349,225,6,0,9222,12,1238,1979,4693,7456,3989,187,0,674,0,128,0,0,9,5539,20683,0,264,18,1848,0,0,1392,4188,1930,3734,5442,592,17512,1162,2860,132,0,2175,111,4,2339,3,14907,0,386,0,0,0,0,1877,12,0,1638,1,0,2,413,0,0,0,72,2423,1547,67,1713,0,7,0,142,0,3,0,88,412,980,115,219,1079,3517,919,30,964,0,10885,0,6925,7,3933,7,0,0,16,0,46,2929,0,0,0,1,18,12,0,148,0,4281,343,0,259,10,0,7241,16336,0,181,0,2,1901,8,0,1,0,94,887,0,1134,3,0,0,535,200,2607,0,24,1393,0,9,2171,0,25,0,0,2,6,0,1,4840,6,171,2924,0,0,134,6112,0,0,1,9,0,0,12,989,0,2,350,0,0,0,0,1,103,1992,554,0,0,932,0,0,1550,2592,5,0,81,3,7,157,0,2577,37,3,75,465,2,75,71,28,4520,1199,0,11205,0,0,337,0,0,192,3665,85,7,113,52,179,0,1,0,3,1432,0,0,0,5,2,140,939,64,341,397,66,3,4368,2400,768,22,2
"gene_77",0,0,0,0,0,0,0,0,0,0,0,0,0,0,0,0,0,0,0,0,0,0,0,0,0,0,0,0,0,0,0,0,0,0,0,0,0,0,0,0,0,0,0,0,0,0,0,0,0,0,0,0,0,0,0,0,0,0,0,0,0,0,0,0,0,0,0,0,0,0,0,0,0,0,0,0,0,0,0,0,0,0,0,0,0,0,0,0,0,0,0,0,0,0,0,0,0,0,0,0,0,0,0,0,0,0,0,0,0,0,0,0,0,0,0,0,0,0,0,0,0,0,0,0,0,0,0,0,0,0,0,0,0,0,0,0,0,0,0,0,0,0,0,0,0,0,0,0,0,0,0,0,0,0,0,0,0,0,0,0,0,0,0,0,0,0,0,0,0,0,0,0,0,0,0,0,0,0,0,0,0,0,0,0,0,0,0,0,0,0,0,0,0,0,0,0,0,0,0,0,0,0,0,0,0,0,0,0,0,0,0,0,0,0,0,0,0,0,0,0,0,0,0,0,0,0,0,0,0,0,0,0,0,0,0,0,0,0,0,0,0,0,0,0,0,0,0,0,0,0,0,0,0,0,0,0,0,0,0,0,0,0,0,0,0,0,0,0,0,0,0,0,0,0,0,0,0,0,0,0,0,0,0,0,0,0,0,0,0,0,0,0,0,0,0,0,0,0,0,0,0,0,0,0,0,0,0,0,0,0,0,0,0,0,0,0,0,0,0,0,0,0,0,0,0,0,0,0,0,0,0,0,0,0,0,0,0,0,0,0,0,0,0,0,0,0,0,0,0,0,0,0,0,0,0,0,0,0,0,0,0,0,0,0,0,0,0,0,0,0,0,0,0,0,0,0,0,0,0,0,0,0,0,0,0,0,0,0,0,0,0,0,0,0,0,0,0,0,0,0,0,0,0,0,0,0,0,0,0,0,0,0,0,0,0,0,0,0,0,0,0,0,0,0,0,0,0,0,0,0,0,0,0,0,0,0,39,0,0,0,0,0,0,0,0,0,0,0,1,0,0,0,0,0,35,1,5,0,0,0,0,0,0,0,0,0,0,0,0,0,0,0,0,0,0,0,0,0,0,0,0,0,0,0,0,0,0,0,0,0,0,0,0,0,0,0,0,0,0,0,0,0,0,0,22,0,0,0,0,0,0,0,0,0,0,0,0,0,0,0,0,0,0,0,7,0,0,0,0,0,0,0,7,8,0,0,33,35,0,0,0,0,0,0,0,1199,0,0,0,0,0,0,0,0,0,0,0,0,0,0,0,0,0,0,0,15,0,326,1,0,2,58,12,63,0,84,1,5,1083,0,0,0,98,34,0,91,182,250,0,2474,20,16,24,108,0,242,781,65,388,0,70,13185,74,0,232,0,0,0,0,0,0,5,0,82,39,0,11301,0,1,0,30,370,0,708,63,0,43,5,1,4600,1170,6,8,2,5,67,0,15,0,160,109,1,0,78,3269,0,286,1222,0,0,0,0,0,0,1,0,2430,0,0,10,0,562,0,0,0,2,0,13,0,0,730,2503,2,0,58,0,0,1629,1690,0,0,0,0,1384,0,842,0,3,0,0,0,188,70,61,1248,139,0,83,0,0,0,2,0,0,0,0,0,0,0,0,3,0,0,416,0,0,2885,0,0,0,38,0,253,0,0,0,0,421,29,0,0,0,0,132,0,51,78,0,157,1194,0,2573,479,480,27,99,163,12,802,7,113,0,2,0,0,1239,0,0
"gene_78",0,4,0,0,0,0,11,2,0,0,0,0,0,0,0,0,0,0,0,0,0,0,1,1,0,1,0,0,0,0,0,0,2,0,4,5,0,0,0,0,0,0,0,0,3,41,6,0,0,0,0,17,0,7,0,0,0,0,0,0,0,0,0,0,0,0,0,0,0,1,3,0,0,0,2,2,0,4,0,0,0,0,9,0,4,0,1,2,0,0,0,0,0,0,0,808,0,0,0,0,0,0,0,0,0,1238,0,1,50,0,0,0,0,0,0,0,0,0,0,1,0,63,0,0,0,8,0,0,0,0,0,0,38,0,36,0,0,0,0,0,0,0,0,13,1,0,0,0,1412,1,159,0,0,0,0,706,0,0,0,0,0,0,0,0,0,0,3832,30,0,185,318,0,0,0,156,0,0,37,1,0,0,0,44,0,0,0,0,207,2,0,0,76,0,0,13,48,56,0,0,37,0,5,2832,0,0,67,0,0,0,0,0,0,0,3,0,0,2548,0,0,0,0,0,0,69,0,1534,3459,0,0,0,0,0,647,0,0,2,396,3,0,4,0,0,0,0,0,0,0,1,154,0,3,0,22066,0,0,678,0,0,0,0,0,0,0,0,31,0,196,0,0,0,0,0,0,25,0,0,126,0,0,0,0,5,0,0,0,573,0,0,0,10,0,0,0,0,611,0,1,0,2,0,0,0,0,0,0,0,40,0,0,0,0,0,0,24,0,0,0,841,0,0,0,0,1876,0,0,0,0,10,0,0,0,0,0,0,0,0,0,0,0,14,0,397,1,0,0,0,0,985,0,0,0,0,0,0,0,0,687,388,0,411,0,0,0,0,0,0,0,39,0,0,0,0,0,8,4,0,264,0,0,0,0,1,0,0,0,0,5,0,1,0,0,0,381,4,0,72,0,0,0,0,0,5,0,0,0,4,0,0,0,0,0,0,250,0,1,0,0,0,3,0,0,0,0,0,5,0,0,0,0,0,0,0,456,3,394,0,2,0,0,0,15,0,26,0,0,3,0,0,0,0,0,0,0,0,0,0,2,0,0,0,5,7,2,0,2,19,29,781,4,0,0,0,0,0,0,0,1,0,121,0,0,112,0,0,0,0,0,0,2,0,0,0,0,0,352,0,0,0,0,0,0,0,1625,0,3,0,0,0,0,0,0,0,0,0,0,0,0,86,950,0,0,0,66,0,388,0,109,0,0,62,745,0,0,0,0,0,0,11,0,2270,5,0,0,563,0,0,703,20,0,0,0,53,5,0,83,35,5,1,0,0,0,0,0,0,0,0,0,19,0,0,0,0,2722,0,0,0,0,0,74,0,0,0,0,0,1114,979,1622,0,0,0,8,0,0,0,0,0,0,0,0,69,0,0,62,0,81,0,0,0,0,0,0,0,0,0,0,0,0,390,0,1,0,0,1078,0,6,0,0,0,0,46,0,101,0,0,0,0,0,0,0,895,105,0,0,38,0,0,41,0,0,0,0,0,369,0,0,0,0,0,0,0,436,0,0,0,0,1,15,0,0,0,0,5,391,0,0,253,0,0,0,0,0,0,0,0,0,0,0,0,0,0,0,0,0,0,0,0,0,0,0,0,2272,0,0,0,0,0,0,0,0,0,0,0,0,0,0,0,0,0,0,0,0,47,0,0,0,0,0,0,0,1108,0,62,19,0,0,127,0,765,0,0,0,0,0,0,0,0,0,0,0,0,0,0,0,39,0,0,0,0
"gene_79",2385,0,0,27,5,0,19,143,3791,9,1,2,0,155,0,259,2,352,0,28,28,62,0,13550,0,2,34,0,1205,5402,33,0,2,10,18,13,410,6,0,3,2,50,60,132,1442,116,0,0,3021,42,0,87,818,0,65,0,1877,0,254,2,707,2,2954,7,246,36,3125,4499,0,0,464,500,2,0,589,0,1,0,2,0,0,0,0,81,125,4,35,0,259,4,1049,540,154,505,4,0,2515,0,4,1202,24169,22532,8373,6046,4,7,1947,26,442,0,0,391,0,2402,5104,0,4413,0,135,27,17,2675,947,348,20,97,2,7137,100,35,3,7642,3522,110,0,5660,1468,9827,678,6,0,9119,565,29978,921,37854,5901,2657,190,12295,1433,538,194,0,3739,1043,24,5532,1581,19,698,458,4,4619,88,90,6805,126229,1028,10614,7209,343,174,143,4351,10260,0,1972,137,158,794,139,4156,14,0,6742,39928,2066,12889,152,883,979,1179,0,109,0,0,0,0,24,297,0,610,10593,206,0,6077,71,158,141,1,0,0,0,0,1525,107,4255,5770,0,99,45,17,0,24,0,0,0,0,1,387,2,6,2752,11164,845,36,0,0,240,0,4265,544,54,33,10,0,0,4,293,0,0,12,0,2706,16,4162,3,0,0,13,0,0,1,0,0,0,0,0,12,0,0,0,0,0,1,0,0,0,0,0,0,1,0,0,0,0,0,0,0,0,0,0,0,0,0,0,0,0,0,0,0,0,1,0,0,0,3,0,0,0,1,0,0,0,0,0,0,0,0,2,0,1,4,0,4,0,0,0,0,0,0,3,7,0,0,0,0,0,1,0,0,0,0,0,0,3,16,0,3,0,1,0,0,1,1,0,1,0,0,0,0,1,0,0,3,0,0,0,6,2,0,0,5,0,1,0,0,0,1,0,0,0,2,0,0,0,1,2,0,0,0,4,4,0,0,0,1,2,0,0,0,0,3,1,0,0,0,0,0,2,1,7,7,0,0,1,4,0,3,0,0,0,0,2,3,0,0,0,0,7,1,0,0,0,0,0,0,0,0,0,0,0,0,0,23,0,0,0,0,61,0,0,0,0,0,0,0,0,0,0,0,0,0,0,0,27,825,0,0,0,1,0,0,0,0,0,0,0,0,8,0,0,0,0,0,0,316,0,0,0,36,0,0,3,0,0,0,0,0,0,0,0,0,0,0,0,0,0,0,0,11,0,3,0,0,0,0,0,0,0,0,0,0,0,0,0,0,0,0,0,0,2063,3,0,0,0,0,0,0,0,0,0,0,0,0,0,0,0,0,2326,0,0,0,0,0,0,0,0,388,0,0,0,0,0,0,0,0,0,0,0,0,0,0,0,0,0,0,0,0,0,0,8,0,0,0,0,0,0,0,0,0,0,0,0,0,0,0,4,0,0,0,0,0,0,0,0,0,0,0,0,0,0,0,992,0,1,0,0,0,0,0,0,0,0,0,0,0,0,0,0,0,0,0,4812,0,0,0,0,0,0,0,0,0,402,0,0,0,0,10,0,0,0,0,0,0,0,0,0,0,8,0,0,0,0,0,0,0,0,0,0,373,0,0,0,1440,0,0,0,0,0,0,0,11,0,0,0,0,0,0,0,0,1,0,0,0,0,0,0,0,0,0,0,0,0,0,0,0,0,0,0,0,0,1133,0,0,0,0,0,70,0,0,0,0,0,0,0,0,0,0,0,0,0,0,0,0,0,0,0,189,0,0,0,0,0,0,0,0,0,0,364,0,3,0,0,0,0,0
"gene_80",4,2379,4,266,40,7,0,156,0,0,8,57,0,206,0,0,0,4,0,0,967,145,41,0,182,0,0,24,55,1,11,0,301,0,5,0,1438,788,2271,18,2,38,403,0,0,0,764,336,136,0,30,0,0,233,0,0,2184,174,60,0,4,0,0,1295,0,22,0,129,2,217,10,45,47,956,287,1608,65,0,0,7,3,16,0,0,14,184,0,174,0,0,341,0,0,49,3,0,129,0,909,0,14,0,0,4,140,0,150,8446,74,11,1,1,0,0,0,0,1,0,0,16,1260,0,0,112,64,340,101,0,0,0,48,0,7,13505,253,19634,2239,0,0,1004,8,0,0,0,0,940,24,0,3066,0,0,0,0,22,0,0,273,0,1456,0,10326,124,1135,1,29,720,4,1658,0,0,15809,653,129,0,21,0,1,7046,10,0,1,9208,270,162,0,0,52,48,0,7151,37360,32,0,13,0,0,0,0,0,0,0,0,0,0,1365,4,0,0,0,0,0,0,31,12,0,0,0,0,1,246,0,0,204,0,0,0,0,0,0,0,2,0,0,0,419,0,41,104,146,5,0,1,0,6,21,60,0,0,0,0,0,0,0,13,1293,0,0,0,0,0,1038,15,0,3,0,0,5,0,7,758,46,5134,0,0,44,171,0,445,0,0,139,0,52,53,14,6,66,58,0,0,9,498,15,1,618,0,6,634,55,13,7,0,0,2,0,0,14,0,26,56,54,2550,4,5,7,6,550,0,475,0,0,0,0,0,141,0,184,29,137,48,49,13,750,13,63,187,4,30,0,95,12,464,0,10,1633,1,20,0,1257,1,0,180,0,0,2,117,124,429,2,0,116,0,21,50,0,4,499,0,1,0,90,0,0,2,0,0,0,0,0,35,0,0,303,0,0,0,1865,0,0,0,59,0,61,0,0,0,1,296,13,0,0,4,12,0,721,931,0,54,178,1013,0,0,6020,11,0,8,0,38,0,2,0,2,1643,0,2,2731,1784,0,0,0,0,0,1140,0,24,2,288,93,1,0,145,0,5,0,0,8,218,0,3,0,0,211,0,0,0,1417,0,32,30,262,246,0,0,0,716,0,0,0,19,4148,0,0,0,0,0,13,0,0,175,115,0,0,1,10,1012,3,1337,0,113,182,0,0,1093,0,21,95,0,0,149,1320,128,500,0,0,2,0,0,24,0,0,32,2,0,3323,6,271,371,0,0,6,0,46,0,145,1,66,6,1,0,645,0,0,2246,396,9,2,0,0,145,216,0,0,110,0,111,0,0,511,324,0,0,6,0,0,0,423,0,0,6,1,0,0,0,0,0,118,0,0,0,62,0,0,229,2,366,0,0,0,1057,0,0,0,70,0,0,35,71,0,0,0,159,0,7,0,0,0,2,26,0,11,0,198,0,0,0,0,27,192,0,0,61,0,0,3,0,0,31,0,0,0,0,0,0,0,4,0,17,255,0,0,0,144,3490,0,0,0,0,281,1,36,0,21,1142,3197,0,0,0,0,0,0,0,0,7846,0,6,0,12,20,1,14,0,0,0,0,495,0,0,0,0,0,0,0,0,57,0,3,0,200,0,0,0,27,0,0,0,0,0,0,48,0,1036,0,132,0,0,0,2966,0,0,0,0,0,0,0,0,584,25,2,2,0,0,327,259,0,19,0,0,0,0,0,0,0,0,0,0,24,62,0,0,0,0,22,0,0,9,0,0,0,42,14602,0,0,0,0,0,30,0,41,0,403,0,266,0,0,0,1878,432,0
"gene_81",0,0,0,0,0,0,0,0,0,0,0,0,0,0,0,0,0,0,0,0,0,0,0,0,0,0,0,0,0,0,0,0,0,0,0,0,0,0,0,0,0,0,0,0,0,0,0,0,0,0,0,0,0,0,0,0,0,0,0,0,0,0,0,0,0,0,0,0,0,0,0,0,0,0,0,0,0,0,0,0,0,0,0,0,0,0,0,0,0,0,0,0,1,0,0,2,0,0,25,0,0,0,0,0,0,0,0,2241,0,0,43,774,0,0,0,0,0,0,0,0,0,0,0,2,0,16,0,0,0,0,856,0,0,3,0,3262,4,8291,867,0,0,13,0,0,0,0,0,0,0,0,58,0,0,142,23,0,0,0,1,0,0,0,0,351,0,0,0,0,0,0,0,0,0,0,0,247,0,0,0,73,132,0,0,199,0,0,0,0,0,0,0,275,0,17,0,11,0,0,683,0,1943,6557,0,302,0,52,0,9,0,290,163,14,914,0,489,5871,153,0,121,0,0,0,4608,0,31,0,1,0,6,0,0,0,902,4,0,0,1021,0,0,0,0,625,1,0,13,0,0,4630,3223,172,300,0,0,3,0,18,0,3,0,0,0,0,0,0,0,0,0,0,0,0,0,0,0,0,0,0,0,0,0,0,0,0,0,0,8,0,7,0,0,0,0,0,0,0,0,0,0,0,0,0,0,0,0,0,0,0,0,0,0,0,0,0,0,0,1,0,26,0,0,0,0,0,0,0,3,0,0,0,0,3,0,0,0,0,0,0,0,0,0,0,0,0,0,0,0,0,0,0,0,0,0,0,0,0,0,0,0,0,0,0,0,0,0,0,0,0,0,0,0,2,0,0,0,0,0,0,0,0,0,0,0,0,0,0,0,0,0,0,0,0,0,0,0,0,0,0,0,0,0,0,0,768,0,0,0,0,0,0,0,0,0,0,0,0,0,0,4,0,0,0,0,0,0,0,0,0,0,0,0,0,0,0,0,0,0,1,1,0,0,0,0,0,0,2,0,0,0,0,0,0,0,0,0,0,0,0,2,0,0,0,0,0,0,0,0,0,0,0,0,0,0,2,0,0,0,0,0,1,1,0,1,0,0,0,0,0,0,1,1,0,0,0,0,0,0,0,0,0,0,0,0,0,0,0,0,0,0,0,0,0,0,0,0,1,0,0,0,0,4,0,0,0,0,0,0,2,2,0,0,0,1,0,0,0,0,1,1,0,0,0,1,0,1,0,0,0,0,0,0,0,0,5,0,0,0,2,0,0,0,0,0,0,0,1,0,0,0,0,0,0,0,0,0,0,0,0,0,0,0,0,0,0,1,0,0,0,0,0,0,0,1,0,0,0,0,0,0,0,0,1,0,0,0,0,0,0,0,0,0,0,0,0,0,1,0,0,0,0,1,0,0,0,0,0,0,0,0,0,0,0,0,0,0,0,0,0,1,0,0,0,0,3,0,1,0,0,0,0,0,0,1,0,0,0,0,0,0,2,0,0,0,1,0,0,0,0,0,0,0,0,0,0,1,0,0,0,0,0,0,0,0,1,0,0,0,0,0,0,0,0,0,0,0,0,0,0,0,0,0,0,0,0,0,0,0,1,0,0,0,0,0,0,0,0,0,0,0,0,0,0,0,0,0,0,0,0,0,0,0,0,0,0,1,0,0,0,0,0,0,0,0,0,0,0,0,0,0,1,0,0,0,0,1,0,0,0,0,0
"gene_82",0,670,3300,49,5,9107,396,234,2331,376,6,216,502,1828,220,921,0,703,43,312,330,75,431,2508,0,108,401,999,45,0,1,15,511,748,15017,4821,1163,60,756,2537,129,1570,65,1,593,18,1302,9,0,1,198,7639,175,946,47,44,25,12,2,284,397,1137,30,16452,22,3513,5033,258,1771,902,142,219,0,0,34,1287,61,514,99,282,679,230,516,0,633,829,45,1206,0,536,4535,16,139,112,32819,1460,0,27,562,0,0,0,3,3627,12676,0,574,859,4359,322,2571,6626,379,1,24,68,9580,759,14501,586,0,2531,1795,2971,9015,153,0,1162,67,38,408,1882,5842,3197,53,480,0,20552,1,38398,2741,4,166,16267,14793,3602,725,488,433,6,203,6926,0,2,3384,2903,35060,53,244,4378,994,1,73,1,108,1260,10,16,80,0,25855,4753,30,0,1662,545,1465,3,0,5,24993,50942,0,13136,6575,4,11551,18434,1043,0,3726,0,3913,1,0,1858,0,0,0,0,0,49,27828,16,2565,0,18,521,0,64,23,8861,0,2,2097,2,270,4,3199,1,1146,8,17680,2116,18761,77,980,20854,22004,0,719,134,20,73,3505,1466,1048,0,2689,97,4,25840,6,0,1389,997,45449,16542,0,1730,393,576,232,8,2733,12130,438,0,632,1190,380,0,5,0,122,1,0,410,299,179,30,0,178,2116,4087,33313,6501,1,0,159,34,117,4689,0,702,798,0,428,0,0,0,8,5,946,2699,3,71,63,37,1827,22,0,49,67,20,0,0,8175,0,5,543,1702,8,0,0,3,0,8792,1,1899,368,2149,0,2,23725,44,0,7,236,156,0,4,2,1003,7032,0,321,58,0,10178,2,27,6207,779,0,0,755,715,0,0,0,21104,723,23,971,3003,1307,3162,206,374,130,4362,0,144,6425,11,75,9017,0,0,0,417,3033,167,590,0,420,36,178,490,48,8268,3,2250,0,113,0,1523,2807,3,0,0,72,0,62,0,0,65,122,91,862,189,5,421,0,17359,5,5,72,2177,0,3495,23,160,1,656,422,0,62,1,0,365,33,3080,0,1723,4,1,22,192,12840,8,268,0,1798,2817,3949,0,30897,172,3,737,7503,629,1347,2258,446,245,352,1844,0,1,154,0,1920,326,839,20,3184,78,6765,1029,0,7,233,0,5194,0,209,0,2178,3,618,52,2289,0,15,1487,58,18,175,1082,294,224,6,0,6,2106,53,525,18,633,33,3,3447,9,183,5368,0,0,16,2427,1500,266,49,2,0,3256,5,644,2,2233,0,1180,3587,63,0,14,0,330,11,1011,160,10,3033,623,560,249,0,6,47,764,263,2228,2171,0,195,7,6364,7546,2369,1052,810,348,2,136,7,0,1840,3492,0,3946,1252,4611,895,133,1480,0,473,1028,4223,0,8880,401,0,321,0,5852,514,0,2083,2667,208,0,0,239,0,20,3576,0,245,0,0,565,33,295,3290,3,0,0,0,281,1007,1960,5545,7,65,5485,0,1640,7199,35,3,84,9010,0,62,0,8,4,8,0,71,4,2454,0,0,461,252,446,0,36,133,2604,0,6,0,329,0,335,2201,2,0,231,19,8603,1459,1260,11188,6541,0,613,69,42,0,309,0,86,0,7,11,29,24396,0,0,0,1380,16,95,0,0,0,1,3119,52,0,0,31,0,104,15,1133,2,33,4,16,13,0,0,154,409,21,4408,13,297,7,5,3,449,543,0,12,1,93,1125,369,133,17,386,440,1,0,3,1181,5,491,0,0,1682,0,11,0,1,408,84,1769,0,1530,87,0,146,0,949,423,1548,3610,114,55,1,93,81,65,701,1013,0,329,0,2188,915,3,24432,16,260,0,762,0,3,34,0,4,0,3303,548,0,1022,0,4,198
"gene_83",0,11,298,0,1,0,56,0,3141,13,0,0,624,0,8,263,0,366,0,0,1,709,0,0,517,138,0,126,4464,366,114,0,2,0,13712,0,880,0,2730,0,0,0,3,342,17,6,0,38,0,64,366,322,9,165,0,0,337,0,22,0,11739,0,125,383,2,116,0,77,304,0,0,6,27,1,0,0,164,0,0,3,43,10,106,7,830,1,0,142,0,0,0,5843,1,5978,443,193,0,560,51,449,8,24,1,400,0,287,6224,24,880,0,8378,0,81,23,860,121,0,20,0,0,65,0,0,1,1,1,4,8,382,13,509,57,4,0,2755,4,161,18,172,0,0,0,168,30722,0,1501,0,5440,2207,0,0,0,41,399,19,385,58,76,5137,174,0,1728,11729,26,10473,502,12566,2219,0,0,0,2028,297,6,2638,7,0,9224,748,280,1576,4028,0,0,73,0,0,2396,15,0,0,1273,184,18,19,19,0,818,531,15,604,0,429,1695,284,0,423,190,243,0,11,2562,0,658,142,19358,0,3240,4187,126,72,312,0,1122,643,1,63,8,8238,43,2291,197,4012,33,2730,4730,116,44,519,105,1336,364,1294,0,306,13935,2,245,126,1488,53,788,2623,1,0,7702,1278,6081,4083,56,3587,1580,288,1407,1299,338,3348,5093,955,1463,1,94,556,8,11,173,4030,1635,3331,375,1152,1620,5327,757,11378,1,113,138,279,43,1988,3720,701,10,61,3,149,56,543,0,6090,1814,53,750,89,159,284,68,71,67,11,11361,7,34,347,4438,279,1,277,47,8,1169,1,2613,44,378,118,1109,611,684,2609,413,364,855,1,179,38,261,3,469,29,84,15,8420,113,238,33345,242,2494,0,118,148,295,1523,17,2585,2967,6304,38,693,23,3207,139,11,3,263,69,39,120,139,1336,6,7870,4156,2806,16417,1,2193,48,2144,3,7040,12360,1045,3440,222,25,977,910,370,896,5827,772,65,56,2,2589,1377,167,3724,1224,1272,445,139,243,13,26,5726,6163,2668,4,4632,158,99,306,1159,131,359,464,2945,883,778,91,155,144,0,34,295,1961,1952,1443,2,2417,11,0,13702,270,5,142,174,0,3919,379,9397,1833,5,14428,3720,864,69,16,387,3502,8,1309,223,3555,77,883,359,3416,23156,4145,1,953,1485,948,177,18,1309,8098,10147,3768,32,0,1,2286,374,315,27,5179,7,59,2,0,2348,1,151,2,5333,4478,30508,735,0,8656,16,0,10,18257,1040,800,45,0,669,944,39,2653,100,1,20,798,189,0,63804,8280,30,10,3900,4,3632,8,1055,2098,210,2,3,6626,301,26,3062,54,876,384,3246,6834,553,24151,1627,513,3874,4816,1574,3312,539,16725,1042,12807,124,263,125,0,181,795,0,79,1170,11990,3,754,801,3224,6616,3131,8702,3900,0,209,5083,274,159,0,6,4679,794,90,1789,11876,399,14517,20339,4447,3034,0,6,44440,17947,4840,4330,725,2783,15253,340,15742,2289,310,533,2503,2446,1987,1,5428,4940,6,355,259,73,1637,3131,5520,127,51222,3845,2605,1,43129,6297,1223,22853,151,352,7999,1068,2826,7070,1,56,39224,644,0,5125,3726,64,20986,334,322,3479,460,2992,8350,7555,0,6556,2548,5449,31606,1265,1132,15089,172,8814,53977,64,3189,0,0,2701,2844,12875,993,1,0,3129,600,1671,347,2135,6517,321,0,0,199,38,134,0,155,7605,1302,576,4,40790,1464,63,0,4438,0,2697,12,36,9,1047,30,13406,10351,0,13838,1944,4383,10581,23891,533,11909,3501,689,0,43,1076,79,1848,18,41,2212,779,274,11,151,1759,2,2,6,73,22006,298,3,0,0,2,94,0,2,1,51,0,5,6719,3255,613,13,14210,173,0,1011,741,0,21026,221,5107,2733,0,6,0,968,27180,108,48233,10287,12621,12904,457
"gene_84",5343,8611,4458,153,685,2183,71,8460,206,3708,617,2914,491,5632,8142,222,39,256,54,950,6246,93,1114,133,273,0,81,2828,902,1463,5724,16282,9240,20465,1123,614,721,82,6044,53,854,1986,80,69,5152,7158,5058,245,1171,1270,807,5538,6808,4267,1031,1339,400,205,13,315,6190,1492,21426,7,1507,14309,44,4972,54,1397,4244,408,0,1193,1973,11551,1187,613,557,130,16903,0,6015,345,1241,4902,22,5852,248,2093,10589,326,9890,1,9242,1063,406,5,19699,511,6478,6346,1038,21551,13270,12883,1190,174,2718,218,15174,520,2042,8902,506,19893,1205,3099,3,10179,340,16,764,648,28565,435,2895,12592,2142,15454,6516,25272,16501,565,8939,71,61,495,2525,18162,2070,10530,2651,55,1263,20559,13518,9796,23064,2315,2547,2151,222,14250,12077,23350,119,15142,5,476,2622,14592,323,11982,92592,13792,10348,538,6668,4497,20096,7482,29758,0,153,1601,20165,7521,14694,290,29679,383,1403,93814,4456,88,281,1444,4419,43519,5156,26444,168,40476,467,8621,1,14799,0,3458,8,0,2175,3297,3495,294,36,410,2074,2,98,2988,522,3302,25,0,0,30,2367,1054,59,4911,0,766,125,121,3881,1675,11,126,2103,2324,0,7437,3917,0,5,42,1882,0,83,1,13094,71,2787,5,13933,0,15,149,53,16974,3,268,12,151,557,73,493,86,0,15,0,0,0,0,1280,0,0,0,309,0,0,6,230,0,0,925,2,63,0,0,0,0,16,0,0,0,0,0,0,37,0,0,7,0,6,0,0,0,0,157,0,0,0,0,2,0,0,0,0,0,0,0,0,0,213,0,0,0,0,0,0,0,0,0,0,0,0,45,0,0,0,24,13,0,0,683,0,1610,0,668,0,0,0,2,0,1529,0,0,0,330,4,0,0,0,0,0,3557,2,0,0,567,0,0,1,787,0,0,0,0,0,128,372,7041,0,0,9,47,0,1799,0,0,0,6,0,26,0,0,4,74,27,1692,0,0,0,483,451,1579,2380,0,0,0,0,0,1,0,0,0,0,0,9,0,0,0,0,1,0,638,480,0,2,5,0,0,83,0,0,0,1,0,0,0,0,467,466,10,1,0,0,447,0,0,807,0,4252,0,0,170,0,0,16,0,0,0,0,0,0,230,0,15,0,0,84,0,0,10467,445,0,0,893,0,0,0,0,0,12,0,102,0,0,9,1,0,1,0,0,0,28,0,0,0,0,2,156,1376,0,0,146,0,0,0,0,0,0,129,0,6783,1,79,0,3,0,0,0,1,0,0,0,6,0,243,0,0,0,0,0,0,0,0,0,0,0,0,1,20,0,0,0,0,0,20,0,0,0,0,0,0,0,591,0,0,1252,52,0,4,0,0,0,0,0,0,0,0,12,0,2,14,258,309,31818,979,2313,0,18,459,0,0,4,0,213,3877,8938,1,1109,0,8366,0,143,0,0,0,1,2,1289,0,0,0,0,2,12,0,0,0,0,19,12169,12,1513,0,0,8,18,0,0,160,555,19,110,0,0,5818,0,230,51,9,4374,51,2460,4,830,0,0,5,7360,1,0,1617,0,0,0,0,0,0,0,0,1,0,0,1,0,0,229,174,88,67,0,946,153,17150,1205,2578,0,34,0,0,0,1098,226,0,0,35,435,0,0,0,0,29425,13,0,49,1,0,0,349,0,4,39,0,0,2,13,4049,0,0,0,0,443,0,117,59,0,11725,0,21,1253,225,0,48,2,200,0,0,223,176,0,13,0,1,0,0,0,0,0,22,17,1047,3530,30,0,0,0,217,1334,27,11497,0,1485,78,0,1140,151,0,0,26,3,5,0,655,0,4520,218,0,0,7,2,2523,10
"gene_85",17,0,0,0,0,0,47,0,0,0,0,420,0,1,8,62,0,0,2,5,15,29,0,5,637,0,2533,0,0,0,0,47,0,0,52,0,0,0,1051,0,99,0,0,0,12,0,0,0,18,0,45,0,0,0,0,231,0,16,852,0,1,0,2,0,0,172,100,0,0,0,296,0,51,0,0,794,0,0,0,0,0,90,77,0,0,0,0,0,0,17,0,0,2818,1,0,261,231,270,12403,89,33,1253,0,4,16,270,0,0,63,0,13,273,0,2219,0,1661,6,36,4746,0,7,0,1031,0,11,3,9,675,0,134,198,1291,390,11244,2,0,0,2,3031,292,133,179,7,320,0,2283,242,434,14,1332,3172,702,97,297,2,259,30,0,182,25,0,1149,44,0,1225,0,10,13944,1,2865,72,16336,1417,115,59,5316,0,177,0,5304,22041,1110,184,208,0,256,0,0,0,111,3,2634,921,1858,4661,6873,0,0,0,451,0,9,1681,807,0,2437,1548,0,949,0,606,1876,2797,219,76,3,1,13,328,836,84,0,3406,1,0,0,6,3,232,0,0,1,850,1051,0,4313,0,0,1109,332,57,47,22894,141,80,3703,655,1776,0,2,340,218,49,4,0,60,677,2,725,1877,408,667,0,4,0,5188,25,599,44,0,0,5,0,0,35,0,0,0,11,0,117,3787,0,0,254,0,0,0,0,281,0,0,0,0,0,0,0,0,0,0,50,0,0,0,15,6,63,0,0,0,0,1864,0,0,0,981,0,1653,0,0,0,0,0,56,0,3,0,4,0,0,154,475,19,183,3,0,0,0,1820,0,0,0,0,8,5,0,0,75,0,0,0,3176,0,1,0,0,386,3,0,0,0,0,210,0,6,0,0,7403,311,0,147,0,1,0,0,0,0,2,0,0,0,6,0,0,344,5,0,400,0,0,0,0,100,1,0,0,0,62,0,0,0,23,3,0,18,0,0,0,1,38,0,0,5,0,107,0,109,0,0,0,222,381,0,0,21,0,5,0,33,0,0,46,24,3,0,6,0,0,0,0,0,253,0,0,46,11,11,4128,0,0,0,0,1,0,824,0,0,0,0,673,0,6,3564,0,0,0,0,0,34,0,0,1,56,0,567,20,0,0,0,12,0,0,0,13,17,0,0,0,0,8,0,150,0,4,1952,160,0,0,0,0,49,0,0,4,0,1,0,0,0,0,2,538,0,0,1842,1330,0,193,0,154,0,0,0,0,0,233,0,1342,0,0,4,0,0,75,0,0,1235,0,4,0,0,0,0,0,71,36,13,0,0,0,0,1252,0,0,632,0,0,0,0,2,0,0,5,0,112,0,0,14,1214,0,0,0,0,13,0,16,0,0,0,0,0,200,0,0,0,38,0,0,0,0,0,0,393,0,0,475,0,0,12,0,0,0,0,8612,0,0,0,0,0,10,185,0,6500,371,0,35,0,0,73,3,0,0,0,0,0,3396,152,0,1965,0,0,0,0,480,98,11,0,0,0,4,0,5004,0,0,0,0,0,0,0,0,8,0,0,0,0,0,0,30,0,0,0,0,1374,0,2,0,0,0,46,0,1,2,0,0,0,39,5,3,0,0,7860,0,0,0,0,0,0,0,0,0,0,0,0,0,0,56,0,0,66,21,0,0,0,0,210,0,0,0,0,0,0,0,0,0,476,0,248,0,0,1331,0,0,0,0,0,0,0,0,0,0,1227,0,0,0,25,0,3320,0,83,0,0,0,984,0,0,7,0,0,0,0,0,0,0,652,0,0,0,2317
"gene_86",0,0,0,0,0,0,0,0,0,0,0,0,0,0,0,0,0,0,0,0,0,0,0,0,0,0,0,0,0,0,0,0,0,0,0,0,0,0,0,0,0,0,0,0,0,0,0,0,0,0,0,0,0,0,0,0,0,0,0,0,0,0,0,0,0,0,0,0,0,0,0,0,0,0,0,0,0,0,0,0,0,0,0,0,0,0,0,0,0,0,0,1066,7,0,261,0,0,16,0,0,2,3728,0,2,0,0,0,2,1,0,3,0,0,0,1,0,0,0,0,0,0,0,0,0,0,5181,0,63,0,2,0,248,0,0,6,0,0,1520,911,1,28,0,35,0,0,0,0,20,6,0,0,48,1,0,0,0,0,0,0,0,0,0,0,0,4621,0,99,0,0,41,107,0,12,0,0,5,2044,0,0,0,199,14,0,823,0,0,0,0,0,0,0,25,1,5403,0,0,0,0,0,0,13,0,0,0,0,0,0,0,0,0,0,0,0,0,0,0,0,0,0,0,2,0,0,1,0,530,0,0,0,0,0,0,0,0,0,0,0,0,0,0,0,0,0,0,5,0,0,0,0,0,0,0,0,0,20,1,0,0,0,0,0,0,133,42,548,91,1966,1,198,1429,86,0,580,0,13,0,0,875,0,0,0,4,0,0,0,1341,0,19,0,97,0,549,23,1479,0,0,0,94,0,0,169,213,1,0,353,0,0,563,0,1,0,0,0,0,21,0,4,3906,5,0,0,0,0,0,0,64,128,750,0,2,0,0,1,0,1,0,0,0,0,0,0,63,0,1,0,0,17,0,1404,62,0,1201,0,26,1,0,0,0,1554,0,2,0,0,1170,0,0,183,87,0,0,0,0,60,216,0,475,0,110,20,24,22,1,6446,0,0,334,0,2633,535,261,6,28,0,892,3,16,1,74,0,539,0,3716,0,0,268,1578,0,0,0,0,23,0,0,0,80,0,3,510,37,0,0,3245,0,19,0,0,1752,387,45,1410,0,32,0,80,200,0,0,0,0,0,0,0,0,0,0,8509,0,0,0,0,0,0,0,0,0,0,3,830,0,3,0,0,0,1,0,0,0,1883,3259,0,0,0,0,2,0,0,0,0,0,0,0,0,0,0,0,409,0,117,0,11,0,0,0,26536,0,309,20,0,0,0,0,0,21819,0,8,5235,2,0,0,0,0,30,0,17289,0,29,0,0,1843,0,0,0,0,3,0,0,0,0,6,0,0,0,0,0,0,0,0,0,3733,174,0,10,0,966,0,1373,0,0,0,0,0,0,0,0,0,0,0,0,0,0,0,0,0,0,0,11,0,0,0,344,0,0,0,0,0,0,0,0,0,0,0,23,1,1453,1098,0,0,0,0,0,4686,151,0,0,0,0,506,0,0,0,0,0,0,4,0,0,0,0,5722,44,0,0,0,0,0,0,0,0,0,0,0,163,0,0,0,0,1519,0,7,0,0,0,0,0,0,1,0,0,0,0,0,0,0,0,0,0,0,0,3,0,0,0,0,0,0,29,339,1072,0,0,0,4472,28,4031,0,1418,0,0,0,0,0,5,1,21,5,20,0,0,0,0,0,0,0,0,70,0,0,54,0,0,0,1813,0,2,366,16,0,0,1,0,31,0,0,0,0,0,0,0,0,86,1783,0,0,0,0,0,0,0,0,0,0,0,0,0,2830,0,0,8125,0,0,0,0,0,0,32,1974,6038,0,0,0,0,0,1005,0,0,0,0,1,0,0,0,0,0,0,0,0,0,0
"gene_87",0,0,0,0,0,0,0,0,0,0,0,0,0,0,0,0,0,0,0,0,0,0,0,0,0,0,0,0,0,0,0,0,0,0,0,0,0,0,0,0,0,0,0,0,0,0,0,0,0,0,0,0,0,0,0,0,0,0,0,0,0,0,0,0,0,0,0,0,0,0,0,0,0,0,0,0,0,0,0,0,0,0,0,0,0,0,0,0,0,0,0,0,0,0,0,0,0,0,0,0,0,0,0,0,0,0,0,0,0,0,0,0,0,0,0,0,0,0,0,0,0,0,0,0,0,0,0,0,0,0,0,0,0,0,0,0,0,0,0,0,0,0,0,0,0,0,0,0,0,0,0,0,0,0,0,0,0,0,0,0,0,0,0,0,0,0,0,0,0,0,0,0,0,0,0,0,0,0,0,0,0,0,0,0,0,0,0,0,0,0,0,0,0,0,0,0,0,0,0,0,0,0,0,0,0,0,0,0,0,0,0,0,0,0,0,0,0,0,0,0,0,0,0,0,0,0,0,0,0,0,0,0,0,0,0,0,0,0,0,0,0,0,0,0,0,0,0,0,0,0,0,0,0,0,0,0,0,0,0,0,0,62,0,0,29,61,0,0,0,0,0,0,0,0,0,0,0,0,0,0,0,0,620,0,0,0,0,0,0,0,546,3,0,0,0,18,0,0,2,0,0,0,0,0,0,0,16,0,0,0,0,0,1,11,0,0,0,5149,298,0,885,12,69,0,8,0,0,0,0,0,0,0,0,0,0,0,0,0,0,0,0,0,0,0,0,0,0,0,0,0,0,28,0,0,0,0,0,0,0,2590,0,0,0,3,0,0,1,0,0,0,0,0,0,0,0,0,0,0,0,0,0,0,0,0,1,0,0,0,0,0,0,0,1538,0,0,0,0,0,0,0,0,7,0,0,0,0,0,0,0,0,0,1,160,0,0,0,0,0,0,0,0,0,0,0,0,0,0,0,0,0,0,0,0,0,0,0,0,0,0,157,1619,0,0,0,0,0,0,0,0,0,0,0,0,0,0,0,0,1177,0,0,0,0,0,0,0,0,0,0,0,3,0,0,4508,0,13,0,0,0,0,0,0,0,0,0,0,0,0,0,0,0,0,0,0,0,0,0,0,0,0,0,0,0,0,0,0,0,0,27,0,0,0,0,1499,0,0,0,0,4,0,143,0,0,2092,0,0,0,0,0,0,0,0,0,103,0,0,0,0,0,0,0,0,0,36,0,0,33,0,0,0,0,0,7,0,0,0,0,0,0,0,0,0,0,0,0,0,0,0,0,0,0,0,0,0,0,0,0,0,0,24,0,0,0,2948,0,0,0,0,0,3313,3,0,1,0,1290,266,0,0,0,6675,0,0,44,28,0,78,0,0,0,0,0,1109,0,0,5425,0,0,0,1,0,0,1,50,269,0,0,0,0,0,0,0,0,0,1812,0,0,132,0,0,24,0,0,0,0,4,0,0,0,0,0,0,10,0,0,0,2,890,0,0,0,0,0,0,1728,0,0,0,0,0,0,0,0,0,0,0,0,0,66,0,0,28,0,9,0,0,14,0,0,0,2302,0,0,0,0,0,249,0,0,0,0,0,0,87,0,0,1809,0,0,0,0,0,0,0,0,0,0,1,0,14,0,0,0,10,0,0,0,135,0,3695,0,0,6,0,0,1,0,0,0,0,0,0,0,0,0,0,0,1618,348,2,0,3908,0,0,0,5657,101,0,0,0
"gene_88",0,0,0,0,0,0,0,0,0,0,0,0,0,0,0,0,0,0,0,0,0,0,0,0,0,0,0,0,0,0,0,0,0,0,615,0,0,0,0,0,0,0,1920,0,0,0,0,0,0,1,0,0,0,0,0,0,539,0,0,0,0,0,0,0,0,0,0,0,0,0,0,878,0,0,0,0,0,0,0,0,0,0,0,0,0,649,0,1378,0,0,0,0,0,0,0,0,0,0,0,0,0,0,0,0,0,0,0,0,0,0,0,0,0,0,0,0,0,0,0,0,0,0,0,0,0,0,0,0,0,0,16,0,0,0,0,0,0,0,0,0,0,0,0,0,0,0,0,0,0,0,0,0,0,0,0,0,0,0,0,0,0,0,0,0,0,0,0,0,0,0,0,0,0,0,0,0,0,1,0,0,0,0,0,0,0,0,0,0,0,0,2697,0,0,0,0,0,0,0,0,30919,0,0,0,0,0,0,0,0,0,0,21,0,0,0,0,0,0,0,0,0,0,0,0,0,0,0,0,1,0,0,0,0,0,0,0,0,0,0,231,0,0,0,0,0,0,0,0,0,0,0,0,0,0,0,1,0,0,11,0,0,0,0,0,0,1,0,0,0,0,0,0,0,0,0,0,0,0,0,0,0,0,0,11,0,0,0,0,0,0,0,0,0,0,0,0,0,0,0,0,0,0,0,0,0,0,0,0,0,0,0,0,0,0,0,0,0,0,0,1,0,0,0,37,0,0,0,0,0,0,0,0,0,0,0,0,0,29,0,0,0,0,0,0,0,0,0,0,0,0,0,0,0,0,0,0,0,0,0,0,0,0,0,0,0,0,0,0,0,0,0,0,0,0,0,0,0,0,0,0,0,0,0,0,480,0,0,0,0,0,0,0,0,0,0,0,0,0,0,0,0,0,0,0,0,0,0,0,0,0,0,0,0,153,0,0,0,0,0,0,0,0,0,0,0,0,0,0,0,0,0,0,0,0,0,0,1,0,0,0,0,0,0,0,0,0,0,0,0,0,0,0,1,0,0,0,0,0,0,0,0,0,0,0,0,0,0,0,0,0,0,0,0,0,0,0,0,0,0,0,0,0,0,0,0,0,139,0,0,0,0,0,0,0,0,0,0,0,0,0,0,0,0,0,0,0,0,0,0,0,0,0,0,0,0,0,0,0,0,0,0,0,0,0,0,0,0,0,0,0,0,0,0,0,0,0,0,0,0,0,0,0,1,0,0,0,1,0,0,0,0,0,0,0,0,0,0,0,0,0,0,0,0,0,0,0,0,0,31,0,0,0,0,301,1,0,0,0,0,0,0,0,0,12,0,0,11,9746,0,0,0,0,0,0,0,0,26,0,0,0,0,0,0,0,0,0,0,0,0,0,0,0,0,2,0,0,757,0,0,0,0,13,0,0,0,0,0,0,0,0,0,0,1,0,0,0,0,0,0,0,0,0,0,0,0,0,0,0,0,0,0,0,0,0,0,0,0,239,0,0,0,0,0,77,1,0,0,0,0,0,0,0,0,0,0,0,0,0,0,0,0,0,0,3,0,0,0,0,0,0,0,0,0,1,0,0,0,66,0,0,0,0,0,0,0,0,0,0,1819,0,0,0,0,0,0,0,0,1179,0,0,0,0,5,0,0,11,0,0,0,0,5,0,450,0,0,0,0,0,0,0,375,0,0,0,589,0,0,0,0,0,0,0,0,0,654,0,0,0,0
"gene_89",0,0,0,0,0,0,0,0,0,0,0,0,0,0,0,7,0,0,33,0,0,1092,0,132,0,0,0,0,0,0,0,0,0,0,0,0,0,0,0,0,0,0,0,0,0,0,0,0,0,0,0,0,0,0,0,0,0,0,197,0,0,0,0,0,0,0,0,0,0,0,0,0,1,0,0,0,0,0,2054,0,0,0,0,0,0,0,0,0,1369,0,1334,0,1,0,84,0,0,0,0,0,0,0,0,0,0,0,0,0,0,0,0,0,0,0,0,0,0,0,0,0,0,0,0,0,0,0,0,0,0,6,0,0,0,0,0,0,0,0,0,0,0,0,0,0,0,0,0,0,0,0,0,0,0,0,0,0,0,0,0,0,0,0,0,0,0,0,0,0,0,0,0,0,0,0,0,0,0,0,0,2,0,0,0,0,0,0,0,0,0,0,0,0,0,0,0,0,0,0,0,0,0,0,0,0,0,0,0,0,0,0,0,0,0,0,0,0,0,0,0,0,0,0,0,0,0,0,0,0,0,0,0,0,0,0,0,0,0,0,0,0,0,0,0,0,0,0,0,0,0,0,0,0,0,0,0,0,0,0,0,0,368,373,1,0,0,0,4,0,0,0,0,0,0,0,0,0,0,0,19,47,2,0,6,0,0,0,0,0,0,43,0,0,12,0,0,0,0,0,0,0,0,0,0,0,0,0,0,0,0,0,0,0,0,3,0,0,0,125,0,45,0,20,0,0,4,0,0,60,0,0,0,0,0,0,0,0,0,0,0,0,0,0,0,0,0,0,1,6,0,60,0,0,0,37,0,0,0,0,48,0,0,0,0,0,0,0,0,0,0,0,24,0,0,0,0,0,0,0,0,0,0,0,0,0,0,0,0,1,0,0,0,3063,0,0,0,0,0,0,0,0,0,0,0,0,0,0,0,0,1176,0,0,0,147,0,0,48,0,0,0,0,428,0,10,1199,20,0,0,0,0,0,5,0,0,9,0,0,13,3727,0,18,0,0,0,0,0,0,290,3,1,0,0,0,0,0,0,1,0,0,0,0,0,0,4339,0,0,0,0,0,0,0,0,19158,0,0,22,16,0,0,0,0,0,0,195,0,1,0,0,75,0,0,0,0,0,0,0,0,1,0,7658,0,0,185,0,0,0,0,0,93,0,3293,2242,0,288,0,0,0,0,0,0,757,4,4,0,0,0,109,0,0,0,30,0,0,0,0,0,471,0,1,0,0,0,0,0,0,1486,0,6846,0,0,3,0,0,0,0,0,2,0,0,884,0,3683,0,0,0,0,0,12,0,318,129,33,116,0,0,0,0,263,5,42,751,0,4135,5,4,10,3,4043,420,0,0,0,26,4925,1563,0,0,0,0,75,0,0,0,0,0,0,5468,0,0,807,0,123,0,0,0,2126,0,38,0,0,0,0,7,0,0,542,6399,0,6984,1,0,26,645,6784,10,0,0,1,3,0,0,0,1,9,0,0,10,0,0,0,5029,398,121,1,5,286,512,8,1759,0,197,5547,0,0,401,0,2,0,38,0,0,0,2104,1162,856,5002,0,0,657,10,31,233,3,0,1,1468,669,0,0,2,0,0,1,0,177,487,0,708,11,0,1,0,0,885,3443,3707,0,553,532,0,5,0,0,0,5764,2,0,0,321,0,0,0,0,0,10408,0,4,0,1,0,60,7,0,0,4492,1323,3492,566,13939,2,0,0,0,0,0,356,3427,588,1966,208,6296,0,3451,0,0,143,0,2483,846
"gene_90",0,0,0,0,0,0,0,0,349,0,0,0,0,0,0,0,0,0,0,0,16,0,0,0,0,0,0,0,0,0,0,0,0,2,0,0,0,0,0,0,0,0,0,0,0,0,0,0,0,0,119,0,0,0,0,0,0,0,0,0,0,0,0,18,0,0,0,0,0,0,0,0,0,0,0,0,0,0,0,0,0,0,0,0,0,0,0,0,0,0,10,0,0,0,0,0,0,0,0,0,0,0,0,0,0,0,0,0,0,0,0,0,0,0,0,0,0,0,0,0,0,0,20,0,0,0,0,0,4,0,0,0,0,0,0,0,0,0,0,0,0,43,0,0,0,0,0,0,0,0,0,0,0,0,0,0,0,0,0,1,0,0,0,0,0,0,0,0,0,0,0,0,0,0,0,0,0,0,0,0,0,0,0,0,0,0,0,0,0,0,0,0,0,0,1,0,0,0,0,0,6,0,0,0,3,0,0,0,0,0,0,0,6,4,0,1,0,13,0,1,0,0,0,0,0,3,1,0,1,2,0,0,1,0,0,0,0,0,2,0,0,12,0,0,0,0,0,0,0,0,0,0,0,1,0,0,0,0,2,0,285,0,0,0,0,0,0,0,0,0,0,0,0,0,0,0,0,0,0,0,0,0,0,0,0,0,0,0,0,0,0,0,0,0,0,0,0,0,0,0,0,0,0,0,0,0,373,0,0,0,0,0,3,0,0,0,22,0,0,0,0,0,0,0,0,0,0,0,0,0,0,0,0,0,0,0,0,0,0,0,0,0,0,0,0,0,0,0,0,0,0,0,0,0,0,1,37,0,0,0,0,0,7,0,0,0,0,0,0,0,0,0,0,0,0,0,0,0,0,0,0,0,0,0,0,0,0,0,0,0,0,0,0,0,0,0,0,0,0,0,0,0,0,0,0,0,0,0,0,0,0,0,0,0,0,0,0,0,0,9,0,0,0,0,0,0,0,0,0,0,0,192,0,0,0,42,0,0,0,1,41,23,0,0,0,0,0,35,0,67,64,0,0,0,27,0,0,294,0,364,0,411,53,0,0,0,0,0,8,0,0,0,164,0,38,0,242,0,0,0,10,0,0,0,19,0,0,0,0,0,0,237,1330,0,0,0,107,0,0,0,0,2,0,134,0,11,0,0,0,0,1603,0,0,0,70,0,0,0,0,20,0,345,0,0,0,0,0,8,0,42,0,4,0,0,0,1,0,0,10,0,0,0,216,0,0,0,0,74,8,0,0,0,2492,105,941,0,0,0,310,22,0,0,56,27,0,103,129,0,0,139,0,0,0,11,0,9,52,4,0,0,0,0,0,1,0,0,37,0,3880,0,0,118,8,0,0,0,0,29,0,0,10869,0,0,0,1,0,0,1,31,334,0,0,772,2104,0,0,0,4,0,9,0,58,0,1,20,0,10,0,22,1808,1594,0,0,0,0,3,3,0,105,0,0,1,0,0,0,5,0,0,0,0,4,1,0,2627,391,0,334,0,2,0,621,0,0,0,0,0,0,70,0,0,0,0,2261,0,35,0,2,0,10,0,19,63,0,1987,0,0,203,0,0,0,1921,0,0,0,2662,202,0,4901,0,0,3022,0,6,472,0,0,0,0,575,1,0,0,0,0,8,0,647,1,1251,319,0,0,0,7375,0,1631,518,8,0,0,0,9,0,0,37,0,0,3007,0,0,0,10,37,0,0,0,777,6,0,0,0,0,0,0,0,52,0,0
"gene_91",0,10,0,0,0,0,0,0,0,0,0,0,0,0,0,0,0,0,0,0,0,0,0,0,0,0,142,0,0,0,0,0,2,0,0,0,0,0,0,0,0,0,0,0,0,62,0,0,0,0,0,0,0,0,0,0,0,0,0,0,0,0,0,0,0,8,0,1,0,0,0,0,0,0,0,0,7,0,0,0,0,0,0,0,0,0,0,0,0,0,0,0,0,0,0,0,0,0,0,0,0,0,0,0,0,0,0,0,0,0,0,0,0,0,0,0,0,0,0,0,0,0,0,0,0,0,1,0,0,0,0,0,0,0,0,0,0,0,0,0,0,0,0,0,0,0,0,0,0,0,0,0,0,0,0,0,0,0,0,0,0,0,43,0,0,0,0,0,0,0,0,0,0,0,0,0,0,0,4179,0,0,0,0,0,0,0,0,0,0,0,0,0,0,0,11,0,519,0,0,1,725,0,0,39,0,0,3,6,0,0,12,0,0,17,4,0,1,0,2,128,0,0,0,0,0,0,0,0,940,0,0,1,0,0,0,0,0,0,0,167,531,0,0,0,0,2,0,0,162,0,46,1,575,0,0,0,6,3,0,2,134465,14079,19536,28006,29474,35215,43289,60237,29729,36666,51715,103625,196135,88980,35106,62336,28554,91503,27390,42083,12679,131375,15900,58577,25544,74473,72194,46930,40303,130841,39654,31033,20904,20026,74832,63947,10764,107381,33210,23543,67683,65906,63861,39750,194591,145406,38399,18982,22731,91237,68993,126992,42122,76925,93303,87661,23558,47462,96476,42905,31734,50699,58886,38579,36604,50099,83973,53543,63840,13868,99564,5585,30228,97072,39071,51901,26030,39085,115833,100702,19280,92566,175392,92422,42060,8882,181721,189463,59382,32731,22666,82071,39902,52397,43933,88817,24399,100499,91591,48813,87492,110937,21781,80369,150055,90276,39034,57948,39667,39041,25205,93295,81965,25529,70838,115552,90006,113031,113606,209446,194816,103199,88717,140050,21976,77254,17854,96215,74666,82540,80353,137990,42389,41305,66299,113241,82683,22209,136764,87128,59246,72984,77076,46867,15500,75275,61039,27667,98487,66705,19579,36118,102427,25611,129324,63273,22836,92797,57913,34115,38768,48928,12047,96050,6922,207852,190840,23777,105540,31387,105321,52929,41367,283474,80280,72155,22795,44992,219577,90563,17093,30271,15420,174527,92458,47401,66269,86695,39586,397269,80089,106546,38736,68181,29804,110767,92011,82390,47093,163595,365908,195703,194103,35136,33632,45839,52747,27913,205526,100784,54386,20138,25276,35180,115338,124252,28746,88105,15145,135905,168023,87379,31438,43763,106087,35382,99613,121377,25535,72687,19783,92471,194431,94394,68302,258223,269426,24109,253638,74243,62762,32747,56443,74378,209123,81792,216673,127322,133666,72320,182020,46468,97679,75144,16862,59386,23729,243964,172566,149080,9201,181176,16537,13447,60704,70927,73878,113482,16878,158144,187444,53302,100305,138025,218052,120213,194563,64604,381809,181474,162613,289561,148558,353787,51503,127652,98247,35393,135062,31424,22894,24861,52398,32115,32411,58167,981,13392,203010,24270,90537,41650,343495,29704,45326,250637,115824,178159,88309,35907,23345,16785,9812,47007,32266,2273,39032,52184,2778,23618,49707,416,11389,18723,2847,63257,252536,9435,94357,22191,73745,49089,92,153034,110670,30564,238645,87664,11922,166291,171133,4394,6242,50810,58418,124901,18683,39221,172243,57819,7480,37871,31923,164755,22577,67800,104796,44571,38632,310640,101354,1540,214581,47202,2150,8139,21209,42705,139582,56235,231024,48043,20263,2287,2514,48174,9410,184397,128350,48142,97920,4993,96860,5008,218008,1906,49712,95696,35393,25233,24932,34268,48196,11907,50308,267084,2815,59924,92,123468,135555,52489,3295,185617,86888,6282,15934,86009,34,685,328189,28331,145022,12636,7280,117715,36675,139731,48639,25825,61211,12972,91392,43382,47968,26846,50512,33958,5175,137934,48718,30100,34284,1763,38633,89,26704,29592,4397,5380,42311,28059,142387,36637,48833,37856,5170,25620,33922,13784,144249,41075,161664,140908,6256,98930,3117,117596,7108,373356,3753,30194,35508,40477,24332,16416,1462,81298,32678,43110,44186,162501,285440,68524,7864,22520,12213,121253,69732,45006,4575,117759,80241,7956,284129,36350,161574,404108,11642,91109,250552,6516,9697,90022,25625,12309,87158,12085
"gene_92",28,6,18,16,34,23,24,57,7,50,17,15,7,25,10,0,1,5,2,19,5,14,3,48,15,22,30,12,12,16,4,22,10,4,74,20,12,0,30,33,11,14,6,5,21,43,30,10,25,14,7,50,8,5,4,28,3,45,20,3,15,3,16,17,15,3,13,85,28,59,11,25,0,9,2,11,6,0,32,2,12,4,20,25,18,7,0,13,10,26,10,11,0,1,0,0,0,0,3,1,1,1,0,0,8,0,1,6,3,0,0,1,0,0,4,4,0,0,0,1,0,1,1,1,1,0,0,0,0,0,0,0,0,1,2,3,1,5,9,2,1,3,1,0,2,2,2,20,6,1,3,1,0,2,1,0,1,3,5,0,8,2,0,7,0,1,0,4,1,0,0,0,18,3,5,0,2,2,2,24,8,1,0,4,2,7,0,5,0,0,13,3,0,0,0,0,1,9,34,0,19,6,0,0,2,0,0,14,0,90,1,1,0,4,0,0,1,1,112,44,163,2,0,267,36,33,118,0,0,23,33,0,0,4,312,4,7,35,33,0,1,8,5,0,2,0,18,114,10,6,38,2,153,0,0,2,21,13,107,0,26,22,0,3,12,28,0,51,0,2,40,127,1,17,65,16,101,42,1,17,14,16,15,7,42,16,146,28,21,168,179,3,11,93,23,2,0,19,17,1,8,11,24,18,78,156,19,5,78,86,7,8,92,21,15,0,43,136,146,9,1,109,9,97,28,2,70,20,104,4,13,1,90,4,29,2,1,14,29,32,1,12,76,13,66,5,0,117,37,16,4,31,66,1,253,32,68,5,2,16,68,74,1,25,2,75,1,4,27,0,248,21,13,1,40,21,30,9,45,0,98,1,122,50,13,13,5,3,22,113,85,1,1,5,6,64,9,14,1,30,30,45,25,17,0,1,1,27,16,26,48,17,1,12,35,101,0,45,5,1,45,5,47,36,7,3,81,10,10,94,110,15,18,0,0,47,3,5,4,13,17,0,1,0,29,130,144,0,154,3,34,9,0,0,136,11,0,2,0,252,41,23,122,0,3,29,412,75,242,323,8,11,16,2,27,2,3,0,2,10,570,89,1,0,0,5,5,43,0,52,0,0,65,0,163,166,0,16,134,0,0,0,0,69,6,23,15,333,422,29,15,82,0,3,0,0,0,2,0,14,23,0,0,99,3,1,0,20,681,127,0,12,0,39,5,126,0,59,113,5,0,0,20,3,487,1,1,0,7,8,2,0,164,0,49,0,0,0,0,57,5,8,4,12,10,10,148,70,1,0,57,0,9,329,0,90,350,0,22,1216,0,4,170,4241,0,3,360,205,0,1052,138,0,1906,42,557,0,17,34,0,129,6,1178,0,158,2,0,0,0,680,0,1,306,5,21,0,3,253,0,7306,1,1,26,0,0,32,10,1112,0,0,1669,578,0,2,0,0,176,0,105,71,134,8,0,255,0,5139,847,0,0,0,50,0,0,559,0,1783,23,36,376,11,10,543,0,0,0,0,0,0,218,0,0,5,0,0,4399,0,86,0,0,3,0,1,7,41,166,0,60,0,0,0,0,2,3846,0,0,4,2222,146,10,1198,0,7558,4,45,301,0,57,0,5,1,0,1,0,0,0,0,1381,456,317,24,1,0,0,219,5,0,0,0,2,998,14,0,0,0,17,2,0,98,463,6767,11,612,5,1,0,33,339,0,65,535,14,7613,46,0,0,1,0,3,0
"gene_93",0,0,0,0,0,0,0,0,0,0,0,0,0,0,0,0,6,0,0,0,0,0,0,0,0,0,0,0,0,0,0,0,0,0,0,0,0,0,1,0,0,0,0,0,0,0,0,0,0,0,0,0,0,0,0,0,0,0,0,33,0,0,0,0,0,0,0,0,0,0,0,0,0,0,0,0,0,0,0,0,0,0,0,7,0,0,0,0,0,0,0,0,0,0,0,0,0,0,0,0,0,0,0,0,0,0,0,0,48,0,0,0,0,0,0,0,0,6,0,0,0,0,30,2,14,0,0,0,0,0,0,0,0,0,0,0,84,21,10,0,0,10,1,675,0,0,0,0,0,582,0,13,15,0,0,0,0,0,0,0,780,1,0,0,229,0,0,0,0,0,0,0,0,0,0,0,0,0,0,7,0,0,0,0,0,0,0,0,0,1206,5,0,0,0,0,0,0,0,0,0,8,0,0,0,0,0,14,0,0,0,0,0,0,89,0,0,0,0,0,0,0,0,0,0,0,0,0,0,0,0,0,0,2,0,0,0,0,0,4,0,0,0,0,83,0,0,0,0,0,0,0,0,0,0,0,0,0,0,0,0,0,0,0,0,0,0,0,0,24,0,0,0,1,0,0,0,5,0,0,0,196,0,0,0,2,0,15,6,0,0,0,0,0,0,0,88,0,0,0,0,0,113,0,0,6,0,0,0,0,0,0,0,1854,0,0,0,197,0,0,0,1,0,3,0,0,0,0,0,0,0,0,0,0,0,88,0,0,0,0,0,0,0,0,0,0,0,51,0,0,55,0,13,0,0,0,0,0,124,2587,12,0,3,194,5,0,0,0,0,0,0,0,0,0,0,0,0,1,14,0,0,0,0,110,190,0,0,0,0,0,0,0,0,0,0,243,0,0,0,0,0,0,0,0,0,0,0,0,0,0,0,0,0,0,0,0,0,0,0,0,1,0,0,0,0,0,0,0,0,0,0,0,0,0,0,0,0,0,0,0,0,0,0,0,0,0,0,0,0,0,0,0,0,0,0,0,0,0,0,196,2,0,0,0,0,0,0,0,0,0,0,0,5,0,0,3,0,0,0,0,0,0,0,0,16,0,0,0,0,0,0,0,0,0,0,0,35,0,0,0,0,0,0,0,0,0,0,0,1,0,0,260,0,0,0,0,0,0,0,56,0,0,0,0,0,0,0,0,8,0,0,0,0,0,0,0,0,1566,0,0,0,0,0,0,0,0,107,0,0,0,0,0,0,0,0,0,0,1,0,0,0,0,0,0,0,0,0,0,0,0,0,0,90,0,187,0,0,0,0,37093,6,293,0,2,0,0,0,0,0,0,0,2,0,0,0,90,0,0,0,6915,13,0,0,0,0,0,0,0,0,0,0,0,0,0,0,0,0,0,21,0,71,0,6,1,0,3,0,0,0,0,9,8604,0,0,0,3,0,0,0,0,1246,0,0,0,0,131,0,303,27,0,0,299,0,33394,54,0,0,0,0,5,20,0,0,0,1,0,2094,0,0,0,5383,2,0,0,0,0,11,0,0,0,0,0,0,0,7,0,0,0,0,0,0,0,0,0,1389,0,0,0,6,0,0,0,0,107,1,151,74,0,0,0,0,70,0,67,0,866,0,0,68,10,0,33,12,0,0,0,0,0,109,0,1,0,3773,0,0,0,0,0,0,63,53,0,0,1,0,0,0,0,814,0,0,0,0,0,0,86,297,0,0
"gene_94",2,118,0,0,1,0,1,0,156,210,32,50,0,0,0,0,0,0,2,0,0,0,12,0,45,149,17,0,8,1610,0,0,19,0,2,0,0,0,0,0,267,0,0,0,0,0,0,508,7,0,0,0,0,49,0,0,0,0,0,0,558,2,434,0,0,0,0,1180,0,0,2611,463,0,0,31,2,191,0,0,0,141,0,0,0,0,0,30,0,0,0,0,1,0,0,0,0,0,0,0,0,21,0,0,0,0,0,0,0,0,0,0,0,0,0,0,0,0,0,0,0,0,0,0,0,0,0,0,831,0,0,0,0,0,463,0,0,0,0,0,0,0,1668,0,0,0,0,0,0,0,0,0,0,0,0,0,0,0,0,0,0,26,0,0,0,0,0,0,0,0,0,0,0,0,0,6,0,0,0,0,0,0,0,0,0,7,1,0,0,0,0,0,0,0,0,0,0,0,0,0,62,0,1,0,0,1,0,0,0,0,0,0,0,0,0,0,84,0,0,0,0,0,2,0,118,0,0,9,0,0,0,0,0,0,0,0,0,69,14,0,0,0,0,1,0,0,0,0,0,0,0,0,0,26,1,164,0,0,0,99,0,0,0,0,0,0,0,0,0,0,0,0,0,0,0,0,0,0,4,0,0,0,0,0,0,0,0,0,0,0,0,0,0,0,0,0,0,0,0,0,56,0,0,0,0,0,0,0,0,0,0,0,0,0,0,0,0,42,0,0,0,0,0,0,0,0,0,0,0,0,0,70,0,0,0,0,0,0,0,0,0,0,0,0,0,0,0,0,0,0,0,0,0,0,0,0,0,0,344,0,0,0,0,0,0,0,0,3,0,0,0,129,0,0,0,0,0,0,0,14,0,0,0,0,0,0,0,0,0,0,0,10,0,0,0,0,0,0,0,0,0,0,0,0,0,28,0,0,0,0,0,0,0,0,0,0,0,0,0,0,0,0,0,0,0,0,0,0,0,0,0,0,0,0,0,0,0,0,0,0,0,52,0,0,0,0,0,0,4,378,0,0,0,0,0,0,0,0,0,0,0,0,0,0,0,35,0,5,0,0,0,0,0,0,0,0,290,0,0,0,0,0,3,0,0,0,0,0,0,0,0,0,5181,0,0,0,0,0,10,1,0,0,0,0,947,0,1,0,0,0,0,0,0,0,0,0,0,0,0,0,0,0,1120,0,0,190,0,0,0,108,0,0,0,0,0,129,705,0,0,0,0,0,0,14,0,0,29,373,0,0,0,0,0,0,0,0,84,0,0,0,0,0,0,0,0,0,0,90,0,0,0,0,56,13,0,0,0,0,2,0,0,2332,1,0,254,0,1139,0,81,0,421,0,0,71,0,0,0,0,0,0,0,0,0,1,0,0,3255,1,0,35,0,0,30,0,1,191,0,6,0,0,0,72,0,2864,0,0,0,0,0,0,0,241,0,0,0,0,0,1,0,0,6,0,0,0,0,0,0,2574,0,0,0,0,20,0,1,0,0,1781,0,0,0,0,809,0,0,0,0,0,0,2634,1,0,118,7,4,0,10,0,0,0,1,0,233,0,0,4,4,82,4,0,0,0,0,0,0,0,42,76,0,478,43,0,0,0,19,0,0,0,0,333,0,1,143,0,0,0,5255,0,0,0,487,0,0,52,0,0,0,0,261,0,2,0,6,0,0,271,2,1390,3,29,0,0,0,0,6,0,1144,0,0,0,3209,0,8,0,0,0,3,0,28
"gene_95",0,2282,1369,728,0,206,6453,1636,769,0,4741,403,0,2932,37,1,340,5330,2,42,484,254,532,26,115,5074,328,0,3550,84,2206,10,2349,121,1557,4753,362,1672,888,124,4,10,0,282,589,1,2,4349,285,2,729,1,7,2,0,13175,353,143,734,0,15751,807,1187,2,43,257,121,0,2115,76,306,17,5,33,0,680,19,0,6307,488,636,28,4,647,3516,122,270,4,36,187,1,1311,0,0,0,0,1,2,2,71,0,0,11286,0,0,0,0,0,8,46,81,4316,0,0,0,671,0,0,3161,0,0,0,0,2360,0,0,4,0,0,0,0,28,76,27,1,4197,915,0,0,3,0,0,0,24,29800,51,0,0,0,3,21,3,83,27,80,0,1,2418,1,0,0,0,4,1,0,964,14,791,0,0,0,0,8,0,0,1,6,0,20,585,2732,4,7,0,0,0,119,20,0,0,14432,0,0,3,4419,17,384,0,6,0,6,900,8864,24,5006,37,0,101,292,1,2,0,159,23,0,17,990,0,29,8,2302,27,32,0,87,18,2186,12,301,419,216,7313,1,2,3,138,41,6658,657,0,0,0,1660,0,0,12,3854,2586,456,577,27,254,4445,27,65,0,1129,0,3215,4098,333,0,0,0,4911,0,98,0,6,10,0,0,147,4,5636,825,1,17,2530,4,0,93,7,156,116,672,12,361,2,0,3,0,144,3323,0,972,10,3,0,0,0,1892,4,85,0,0,0,0,0,0,9,0,120,10,0,1,26,0,17,0,1562,178,0,3621,0,1,0,0,810,64,0,8,471,1489,5296,1,0,0,0,15,593,0,49,20,61,0,0,584,2,1060,91,6,177,0,0,166,0,1793,0,1361,0,7,696,262,404,15,4,1,0,0,0,5,5,3750,0,4,215,0,124,19,0,3735,78,2,1003,199,0,1687,642,35,1064,112,0,25,938,21,230,96,1,2397,2550,0,116,2,755,703,554,0,9,0,17,406,3,102,58,0,0,5,2,1137,286,0,104,0,0,18,15110,359,1710,677,0,0,27,1272,1,0,1182,1676,0,0,0,571,43,0,0,68,1,1537,102,0,1598,0,1,0,416,4217,320,270,2207,0,0,1,192,1,26,1,1057,0,471,0,0,2781,0,873,162,0,1,62,0,1,2,0,135,5,21,0,0,0,0,99,0,9,0,1,0,4,0,0,860,207,0,220,218,0,1,323,145,0,538,0,0,0,161,1859,0,157,16,0,0,354,0,1,43,42,0,55,852,0,1260,0,70,1,0,0,0,21,389,0,3353,0,4,330,0,0,28,66,43,24,0,0,582,0,13,197,0,30,126,0,0,76,0,0,23,716,116,0,21,0,13,0,186,0,830,62,26,0,0,658,0,0,106,1,2094,0,0,0,0,1171,0,0,0,0,12027,13774,0,16,2,0,1192,48,1970,0,2,0,0,280,14,0,0,0,17,35,140,0,6943,0,0,0,0,3,2,383,0,0,0,0,0,358,0,0,941,152,1,37,2,1,51,0,0,0,12,0,201,986,0,17,8355,83,0,0,1,0,2567,176,0,79,22452,0,0,23,7,0,0,0,27,0,902,0,82,0,0,0,939,0,1,0,18,0,56,0,0,0,0,232,496,0,22,350,0,27,0,513,69,10,0,0,0,0,0,1752,354,0,211,0,0,8948,3,76,1104,64,0,0,24,0,2,0,0,40,0,89,0,16,0,1705,3460,2,0,2350,0,0,0,1,0,4453,396,1155,184,11956,2501,0,3340,260,0,0,184,0,732,0,0,3715,21,56,351,0,0,5081,0,976
"gene_96",0,0,0,0,0,0,0,0,0,0,0,0,0,0,0,0,0,0,0,0,0,0,0,0,0,0,0,0,0,0,0,0,0,0,0,0,0,0,0,0,0,0,0,0,0,0,0,0,0,0,0,0,0,0,0,0,0,0,0,0,0,0,0,0,0,0,4,0,0,0,0,0,0,0,0,1,0,0,0,0,0,0,0,0,0,0,0,0,0,0,0,0,0,0,0,0,0,0,0,0,0,0,0,0,0,0,0,0,3067,0,0,0,0,0,0,0,0,0,0,0,0,0,0,0,0,0,0,0,0,0,0,0,0,0,0,0,0,0,0,0,0,0,0,0,0,0,0,0,0,0,0,249,0,0,0,0,0,0,0,0,0,0,449,0,0,0,0,0,0,0,0,0,0,0,0,0,0,0,0,0,0,0,0,0,0,561,0,0,0,0,0,0,0,0,0,0,0,3,0,0,0,0,0,0,0,0,0,0,0,0,0,0,0,0,0,0,0,0,0,0,0,0,0,0,0,0,0,0,0,14,0,0,0,0,0,0,0,0,0,0,0,0,0,0,0,0,233,0,0,0,0,0,0,314,0,0,0,0,0,0,23598,3500,886,271,0,7855,5768,1670,3832,28711,191,5072,15023,31800,5088,1169,0,8987,6776,14,1,1888,460,55681,126,104,924,752,2073,82,218,632,0,54,5248,348,977,54,4850,3376,6945,177,0,11158,29023,1158,0,1189,2089,481,19,692,193,664,1793,0,19,222,3577,2188,7435,10857,20234,3,10060,6960,1120,95,19258,17573,7,274,4017,948,11497,5083,172,1,18534,12827,6,304,7869,34,24138,0,1,13,605,1,11293,90,213,4512,26011,10580,0,426,15104,10993,4,2866,886,252,38,3373,11,2886,198,1130,5432,80,24445,382,141,18266,10799,25551,12,10215,16634,4429,908,5681,4913,292,1145,261,12,1528,5,19892,6,8626,14339,312,651,6975,52,1222,17,1,4805,518,267,3023,6264,391,1251,154,9502,1641,242,6894,634,804,5913,202,6534,1661,2127,66,570,22443,5,9948,18784,218,2267,1140,3348,10931,7961,2322,26,1942,709,0,8642,14,243,3451,3693,1760,517,8,354,29,949,0,27,4930,408,2517,0,179,67,1045,8072,35,5564,3,2631,585,7504,244,31586,759,4201,3329,210,654,0,98,7054,1925,10117,13502,2770,33,3779,0,11523,2439,1736,2726,3403,859,473,111,1787,1522,11272,6296,784,1072,16,1667,118,2066,3630,16,27392,5071,2,5129,1507,167,1912,5332,457,36083,1551,467,36,49,1021,7,10688,43153,5183,890,1,572,140,389,952,54,1630,14873,1288,140,49435,85,430,771,732,403,607,2194,903,852,7986,740,97,10906,6622,6,176,3,1660,884,7532,4254,15534,0,158,2852,170,712,10712,497,1515,4183,102,787,759,46409,1858,2896,477,8,18,18171,0,1735,82,0,0,2046,1188,235,0,1,0,24,24959,106,0,49,2989,39,206,72879,26,31,1,21,0,0,0,0,377,10001,9736,4656,967,454,0,2,7,11025,31,0,0,824,0,3,5,0,0,262,1,1,0,1,878,61,0,0,0,91,1038,0,2682,10,1928,0,0,0,259,20788,0,4,53,43772,0,0,0,8948,4083,473,1338,0,0,0,1708,17,1,10212,32580,68,87,4091,7309,0,440,0,0,0,0,0,28,20,0,996,144,0,41,107,75,24,477,1628,1,26,0,0,20228,9,0,0,3419,0,1014,3206,0,2803,6,0,535,6,2087,3539,0,0,0,6,102,738,1667,1299,1142,158,6085,0,7,1,786,0,10,112,2,1921,302,0,6743,0,2,47,2,27,2176,70,0,29702,0,2964,85,0,3,76,0,205,0,574,35,3,66,3047,9,38398,0,10,0,7964,291,18
"gene_97",0,0,0,0,0,0,0,0,0,0,0,0,0,0,0,0,0,0,0,0,0,0,0,0,0,0,0,0,0,0,0,0,0,0,0,0,0,0,0,0,0,0,0,0,0,0,0,0,0,0,0,0,0,0,0,0,0,0,0,0,0,0,0,0,0,0,0,0,0,0,0,0,0,0,0,0,0,0,0,0,0,0,0,0,0,0,0,0,0,0,0,0,0,0,0,0,1,0,0,0,0,0,0,0,0,0,0,1419,0,0,0,0,0,0,0,442,0,0,0,0,0,0,0,0,0,0,0,0,0,0,0,0,0,0,0,0,0,0,0,0,0,0,0,0,0,0,0,831,0,0,0,0,0,0,0,1,0,0,0,0,0,2408,0,0,0,0,0,0,0,0,0,0,0,0,0,0,0,0,0,0,0,0,0,0,0,0,0,0,0,0,0,0,0,0,0,0,0,0,0,0,0,0,0,0,0,0,0,0,0,0,6,0,0,0,0,0,0,0,0,0,0,2,0,0,0,0,0,195,0,0,0,0,0,0,0,0,3,0,0,0,0,0,0,0,0,0,0,0,0,0,0,0,0,0,0,0,0,170,0,0,0,0,0,38,0,0,1,0,0,174,0,0,0,2,0,0,0,0,0,0,0,0,19,0,9,201,0,0,0,0,0,0,0,0,0,480,0,297,0,0,0,0,0,0,0,499,0,0,0,0,0,0,0,0,0,0,0,0,0,0,0,0,0,0,246,0,0,0,0,0,0,0,0,745,70,0,0,45,0,0,4,0,0,0,1110,0,0,302,0,611,0,0,0,0,0,0,0,0,0,0,0,0,21,0,45,0,13,3,0,0,0,0,7,0,0,72,0,0,0,0,35,0,0,0,166,0,194,0,0,0,0,3,0,0,3,0,3,0,0,0,0,14,0,0,1162,0,0,28,0,0,3,0,392,0,46,0,55,0,10,0,0,0,0,0,0,0,0,0,0,0,0,0,0,217,0,0,0,0,0,0,0,1518,3,0,0,0,0,1,0,125,0,0,0,0,0,86,0,0,0,0,0,0,667,0,1,0,0,0,0,0,0,0,0,0,0,0,0,0,0,0,0,0,0,0,0,0,0,0,1,0,0,3,0,0,0,1,0,0,0,1,0,0,304,0,0,0,0,4,23,0,0,0,0,0,0,0,2,0,2,56,69,0,0,0,0,0,0,0,1,0,0,0,0,0,0,2629,0,514,0,0,0,0,0,0,0,0,0,0,749,0,22,0,0,0,6,208,0,0,0,141,0,0,0,0,0,0,0,3,0,0,0,3,0,42,6,0,1296,232,1,0,0,5169,138,0,0,0,0,0,0,10,617,31,1,3,35,87,0,0,0,70,0,0,14,296,3,3577,498,11,0,7,0,0,1423,4,1,0,141,19,257,1,0,0,0,0,0,1,0,5,0,13,0,0,0,0,0,0,271,0,0,0,0,0,0,1472,0,0,54,0,0,0,0,0,0,0,0,0,273,0,0,538,0,1,111,15,0,1,0,5767,0,0,0,0,1680,1,0,0,247,96,0,0,1,0,0,0,0,430,0,0,0,4,597,1032,111,54,0,0,3209,1773,0,11,428,0,0,0,28,0,0,0,0,2,0,0,386,0,0,4,2519,0,0,1,0,10,150,3683,0,0,3,2974,0,2,2,8933,0,0,0,595,206,8431,0,1,0,0,0,210,0,0,0,0,0,0,0,14,0,48,0,1715,0,0
"gene_98",0,0,2,596,0,1246,0,0,2,688,40,305,1,1,841,0,1,514,0,45,4,0,0,2217,723,60,27,0,322,0,32,1040,26,532,249,1,3,13,11,229,5,13,374,169,344,33,0,89,0,0,6,603,1118,17,32,36,0,1,1802,13,0,13,44,1938,27,739,273,168,1459,2774,3219,0,3,7,0,4,0,1,9,639,288,0,81,0,98,69,0,131,0,6,1,1,0,160,0,18,154,0,7997,0,0,29,1,254,0,4,0,21123,602,0,0,2424,4,0,491,0,8930,0,6,7268,9,22,18,3,16985,0,53,5537,0,177,104,5436,2,1259,4220,17,3183,628,0,0,6,14067,10,10,0,7977,57,1,46,0,0,0,0,0,422,2705,0,55057,35,0,234,18679,8452,9490,12616,57,0,7464,93,0,0,2531,0,0,0,0,8989,0,0,19482,0,410,54,1,437,0,11748,0,24292,0,0,30,0,85,2488,628,548,0,351,0,5,9,0,0,15,0,0,44,2103,3602,3339,4,2293,280,137,146,0,0,0,0,0,1018,2695,58,27,4843,1728,444,1035,318,0,2,30,0,24932,0,1673,337,28,2,5425,1013,43,0,344,0,619,33,45,0,0,363,820,7,4805,69,8,4252,1,3,0,3405,2294,2043,1916,19836,2369,344,2154,419,376,18,198,29,3310,0,560,1319,264,43,0,7972,1176,302,1680,7616,7,1249,262,1900,4,37,1921,853,917,1246,615,4,1167,0,26,1999,2473,8,1362,7,647,285,871,4,48,75,107,60,94,296,15,3363,1243,1556,1702,5016,46,169,2,9,10,6317,1532,2160,454,3,819,113,1299,28,202,1330,645,5733,20,116,710,25,3274,31,38,740,41,2,3019,168,3536,1,889,380,4427,19,61,21,61,211,11,99,131,381,56,30,77,1,8,1,20,854,34,981,420,0,3791,98,64,7,515,0,6203,72,34,0,34,182,46,116,520,11931,483,4189,2801,2538,430,7114,528,56,1018,263,15,53,31,33,556,3651,2562,0,1656,7268,0,2149,3893,2265,47,4,834,687,144,573,58,134,704,8,4255,4,4957,623,0,4089,199,16,1112,263,66,1285,0,1,3,8,20,0,13614,0,0,1157,6547,0,675,146,0,302,69,5,807,1837,0,317,720,51,150,739,224,0,14,0,8,52,0,157,0,268,0,187,1,62,2,5698,1309,309,1626,253,303,0,42,0,1703,295,379,369,190,11,4971,3482,1,375,155,868,3,0,369,1112,3,6,4016,33,13,20,1,6010,1,280,1359,218,0,307,36,344,410,36,5620,140,13,746,100,0,0,248,95,29,4,13,126,2726,1536,67,8014,54,1208,0,8403,0,0,6,13,0,0,764,1,1286,442,4625,1,243,25,566,3076,3289,35,112,439,1680,0,0,0,4600,6025,2240,12,59,98,144,0,4,377,0,0,57,0,3,3367,1860,943,0,37,0,9,0,0,0,0,14352,8835,0,214,6,0,451,0,12616,0,1800,1030,572,6195,2585,2,254,0,0,601,1,0,423,7,0,234,0,86,41,1476,26,348,50,273,386,381,1079,0,1166,6091,0,11,0,1,18,838,29769,0,6116,8585,719,0,0,0,1466,95,248,1199,0,41,0,0,223,0,3,0,3447,162,306,0,0,60,2290,8,23,4267,0,1751,0,268,0,0,0,3,0,0,0,3095,118,0,3,3,91,1,19,44,0,54,376,0,0,110,16,13,762,290,594,13,0,79,8063,2,638,0,667,3701,0,4,0,154,1318,4,1,0,56,45,0,173,71,210,305,1718,1108,0,49,0,162,0,0,718,22,1371,0,1619,0,16,1797,0,0,2684,0,3,58,0,0,0,2,47,1769,3,17,7,93
"gene_99",6,0,0,0,330,56,0,1,0,395,1,2,0,857,132,1480,2063,58,3,182,0,0,0,2,122,0,0,0,1366,0,11,0,307,0,0,720,62,5733,13,141,0,0,38,0,677,6986,0,2268,1006,0,0,14,0,35,1047,0,0,1811,3,157,4,4,132,373,90,0,93,7,0,1984,0,647,0,0,0,2,26,9,0,2861,0,0,0,0,5818,6,25,1777,43,125,808,1,0,925,0,0,2,2521,0,4497,2299,96,0,19,6041,0,11394,0,0,0,34191,0,0,0,0,3,0,118,0,0,0,0,0,0,6848,6,0,311,0,10,0,119,0,261,0,264,6231,3,6999,0,1,0,108,0,0,143,1173,1821,6,169,0,0,95,2677,0,0,29651,0,0,222,0,33,0,0,1,0,2,0,0,190,0,0,76,105,807,31,6,0,0,324,5359,0,0,695,0,0,0,3,550,1387,0,0,0,0,41,157,834,2355,0,650,52,0,0,0,5912,0,252,0,0,0,98,0,0,2030,0,0,0,0,0,2277,977,5778,305,108,0,0,166,0,0,984,0,2,15924,0,0,0,0,3196,0,776,16,0,0,0,7224,0,2,56239,0,0,58,0,0,0,3846,0,757,0,8116,1,0,0,331,1667,27,0,0,78,73,0,39,1026,2934,0,110,506,1,1114,3431,4,0,11600,0,94,28,23,0,452,1593,689,1,75,454,0,593,0,2,0,1,287,10,5,0,233,576,87,31,0,0,0,91,0,7,1610,5,0,0,0,1,0,14,0,0,6,107,7,1641,17799,2,1,805,70,0,0,761,1,0,0,0,0,638,2322,4673,0,0,98,1026,1324,0,22,7,1405,744,1874,0,3,0,3044,0,472,480,0,0,7450,21,418,2,1,365,0,169,0,0,177,0,0,4,173,89,0,14040,103,8,0,48,0,0,0,2326,0,0,951,125,0,0,0,0,0,72,0,0,1744,1,1146,379,12,0,75,1,0,24518,417,24,326,62,1289,4552,0,556,0,188,351,3,3417,115,0,103,6,7,0,0,0,8,97,2,0,11,188,0,0,0,0,6,9,8,6,79,0,8,0,1406,0,258,18,0,0,41,0,0,89,1,0,0,2,0,127,1,1,303,723,0,0,0,0,422,57,25,0,0,5,0,62,0,0,156,605,28,3,0,0,291,7,48,0,51,16,46,3,0,52,3,41,4,3426,0,0,17,4,0,209,257,966,79,0,0,0,0,0,17,0,18,20,64,1,0,0,9,6,0,6,1046,4,0,0,3,101,0,0,1,132,0,54,0,8,37,53,292,93,10,0,505,0,1,0,0,182,0,0,1,46,42,1,0,0,198,1,0,1,17,0,0,2,0,0,0,0,1,0,1,5770,0,0,0,1295,0,0,20,0,47,1234,0,0,0,0,0,973,4,0,0,239,0,0,266,17,0,39,1,0,0,1,0,0,2,0,0,0,1944,0,9,649,329,0,0,0,0,37,3223,0,0,0,93,6,0,0,129,0,14,583,1,0,0,0,0,275,8,0,0,0,0,0,0,14,0,0,0,28,0,0,0,0,0,246,0,139,0,0,1778,0,0,1,696,0,1,0,0,0,47,0,192,0,0,0,0,0,0,45,0,0,0,0,0,0,0,0,0,1,14,0,0,75,155,3,4202,0,255,0,0,9,0,0,0,0,0,0,0,0,7,0,8,0,0,26,7,0,0,1448,0,0,167,0,0,83,0,0,0,0,0,0,0,340,30,77,66,0,0,0,0,0,0,0,3,0,0,0,0,39,174,0
"gene_100",0,4748,0,19,112,0,5262,0,1,22,4,0,11,0,0,8,0,0,0,0,0,0,0,0,0,0,1866,0,0,0,0,0,0,0,0,0,0,0,0,0,104,0,0,0,0,2178,171,0,37,0,0,569,2,37,0,0,0,6,0,0,0,0,0,0,18,0,0,0,0,0,0,0,0,0,51,0,0,0,0,0,1,3,3591,0,0,0,241,0,0,0,0,0,0,2254,1317,825,1820,1,0,38,0,0,0,2428,0,13056,0,0,10258,0,0,824,1163,26,0,0,0,0,1267,0,0,2057,0,126,300,59,72,2,5,0,0,575,0,0,0,997,9678,0,0,0,0,0,51,0,329,0,1,0,0,0,0,0,0,0,0,404,0,0,0,0,0,25,1383,18,0,92,0,42,0,5368,0,0,0,2,129,0,24,0,0,0,91,0,0,3,25639,0,0,5,0,9,625,0,0,297,0,1,0,44,1009,0,0,5,1,229,0,5930,325,0,202,0,2,2285,0,0,6772,1,181,0,0,5916,55,8,0,0,696,121,377,96,0,3590,0,1,0,3630,0,0,3,0,2522,211,2,1522,764,0,133,729,0,784,46,0,0,1079,3209,0,1042,1,2240,673,12,7,0,1728,0,4,34,3,2663,2993,0,11,50,4,10,0,0,357,222,0,1,0,70,67,2696,1065,235,86,72,0,3,12,2,2669,2235,13,1,9,8,2133,1378,0,1709,553,105,5,0,0,0,826,64,1,412,82,470,0,476,10,2357,0,33,0,608,6158,0,227,0,334,9,1,1479,0,20,7,150,0,104,2983,21,0,1412,8985,0,0,0,4,3258,12,117,91,26,0,555,522,0,27,5102,4,439,639,3,18,76,0,1810,0,683,17,288,1,0,1414,2589,0,2280,317,57,7,11606,3572,1285,97,1709,571,98,1153,0,2,251,286,244,43,5,1811,1,52,0,0,0,7476,10,16381,161,0,8229,14,0,0,3293,0,660,85,30,1148,0,1874,0,0,0,193,25,1098,6925,0,585,3053,4,3571,66,0,13474,60,23,19,0,0,0,0,7,758,0,1504,0,0,0,0,3,136,0,71,1865,2,1705,0,22,0,0,54,77,0,0,0,0,0,0,0,0,0,203,0,9,0,0,1,4,0,251,11484,0,0,0,0,0,1,87,0,1289,0,0,0,0,82,0,0,0,34,2129,0,0,3,0,90,0,0,0,0,0,10,0,0,0,0,0,0,0,0,0,0,0,5384,0,4,2103,0,0,0,146,7,0,1295,400,0,0,0,0,11,0,99,0,136,0,0,0,11,0,0,0,6350,0,0,0,69,0,0,1364,0,0,0,0,0,0,0,0,0,0,1479,0,0,0,0,0,0,0,1,0,62,0,0,0,0,0,0,0,0,2,7047,0,0,1700,12,0,0,0,0,428,0,0,0,0,0,0,0,0,0,0,0,1680,0,3413,0,0,0,0,0,3,1921,0,0,0,103,0,3,0,0,0,0,0,79,0,0,0,0,0,440,0,28572,0,63,0,0,0,0,3,0,13,0,586,0,0,0,6843,6,3587,926,0,0,0,337,0,12263,0,0,0,0,0,1,0,0,0,0,0,0,0,0,0,1,2773,0,5,31687,0,0,1,0,0,1,0,0,0,1,0,0,5968,412,0,0,0,0,27,0,0,4403,0,0,0,0,292,0,0,0,0,15309,0,0,0,0,1,0,10,0,0,0,0,0,0,33,843,0,0,168,27048,0,0,0,4,28,0,0,0,0,0,0,0,0,0,0,0,0,11,6,0,136,3,0,26,204,0,0,0,6
"gene_101",757,2728,7,684,110,47,1152,0,3432,2447,24,46,0,0,3259,10,31,9,5,0,557,1,67,650,1865,15,499,88,7,5,19,688,0,578,9,250,395,53,0,177,6290,0,0,1,0,4936,2,15,0,0,755,10,301,613,0,6,205,2765,46,2060,837,1841,0,1940,0,13,1067,6809,233,8,8,221,291,13,1431,6,845,2382,16,45,213,588,0,45,230,17426,87,126,0,631,395,0,1506,2699,10075,1885,53,517,0,7037,49,138,2238,9850,94,17,679,435,2850,604,22640,3420,1648,16,9221,2338,1128,875,404,450,176,14389,9,0,338,34295,3355,100,2726,3,0,102,346,469,285,6850,5,6855,566,255,1242,655,9144,1302,2265,4318,19,18174,0,6573,1112,31,1418,1003,46,3372,2693,5998,1079,14,10170,32,323,46918,151,1023,168,53,1192,6446,16307,19196,89,5,5017,1016,0,323,3,27,12538,7,72052,1073,0,1941,1439,2028,1014,0,24,1790,384,10352,0,4141,4,627,2931,207,0,45,0,1079,4,9436,94,0,299,2890,0,2180,0,2350,11,2,0,0,0,4906,3,0,796,142,0,31,542,40,0,0,1244,311,74,0,0,10,0,11735,1976,3,2028,1,5935,1,7,4,0,0,8,0,960,7,1390,10,80,0,0,5155,0,36,0,7,2,2,4,0,0,127,0,10,0,0,4820,0,0,2,0,13,99,0,0,0,0,279,0,0,0,4,1147,0,2,24,0,0,902,0,2,157,0,0,14,0,706,0,0,0,0,0,0,0,48,0,0,0,0,0,711,1007,0,0,1,4417,1,0,0,0,0,0,0,134,29,0,0,0,6,0,43,0,0,0,0,0,312,0,0,0,2,0,0,131,0,0,0,0,4,0,0,1672,0,1158,0,0,15,0,12,0,0,0,1552,0,0,623,1,0,0,111,0,0,1,0,579,26,1369,0,169,0,11,0,0,1,0,17,1431,0,93,0,2,4,0,1417,1504,0,0,0,68,75,0,0,0,0,9,93,0,0,0,954,0,0,103,43,1603,0,16,0,292,0,0,0,0,8,0,0,0,0,0,0,2,0,0,0,80,811,0,0,0,0,1,0,0,0,0,0,103,281,39,34,0,0,0,0,0,0,0,0,0,62,0,0,0,16,0,5,0,0,20,0,0,135,0,0,0,65,95,35,0,28,387,0,0,22,1,33,0,0,2,427,90,483,2,594,4070,0,0,0,0,0,2,0,0,0,238,14,0,7,0,0,0,0,0,0,0,0,0,15,0,0,0,0,1048,13,0,2,1,0,0,0,9,0,0,0,0,0,0,0,0,0,0,24,483,10,0,0,0,0,48,1150,0,49,0,6,0,0,0,37,2,2,1,0,0,0,0,0,0,0,0,0,0,0,0,0,0,0,0,0,0,0,0,0,0,0,0,0,0,0,0,0,0,846,0,0,0,0,0,24,0,0,0,0,0,0,424,4,1,0,0,0,51,0,0,0,0,0,0,0,0,4,0,0,0,0,0,2,0,0,0,0,0,0,0,0,0,0,0,0,0,0,0,0,0,0,3,0,0,0,0,0,0,0,0,0,0,0,0,0,0,0,113,0,0,0,0,0,0,0,0,0,0,0,0,0,0,0,0,0,0,0,0,0,0,0,0,0,0,0,0,0,0,0,0,0,0,0,0,1,0,0,0,31,0,0,0,1,0,0,0,26,0,0,0,0,589,0,1134,268,0,0,0,0,0,2,0,0,0,0,2498,0,0,0,0,0,0,0,0,0,0,0,0,0,0,0,685,0,0,0,0,0,0,0
"gene_102",1418,0,214,4,0,0,0,0,0,0,0,301,0,0,0,0,0,0,0,2,0,0,0,0,0,0,0,14,317,50,0,0,0,1,0,0,0,0,0,0,0,0,65,365,26,0,0,189,0,0,309,0,0,0,6,72,82,0,17,41,0,0,19,0,0,23,0,0,329,1889,6,0,0,101,0,1,2,6,1,331,2,0,0,6,0,0,17,0,0,0,0,0,0,0,0,1,0,0,0,0,32,0,0,26,0,0,0,0,0,0,0,0,0,0,0,0,0,0,0,0,0,0,0,0,0,0,0,0,0,0,0,0,0,0,0,0,0,0,0,0,0,0,0,0,0,0,0,0,0,18,0,0,36,1,0,0,0,0,0,0,0,0,0,0,0,0,0,0,0,0,0,0,0,0,0,0,0,0,0,0,0,125,0,0,0,0,0,220,0,0,0,0,0,0,0,0,212,0,0,0,0,0,0,177,0,0,0,0,0,0,467,16,95,0,0,335,0,0,759,0,0,338,4,0,499,224,3,22,486,61,0,229,2,0,0,1459,0,0,5,99,0,0,0,1,74,530,12,0,244,0,7,0,0,0,0,0,33,0,0,0,0,63,0,1,64,256,354,0,5,0,1029,0,0,0,259,3,13,0,0,0,0,5643,157,31,0,425,734,0,0,7,0,0,117,0,249,0,93,8,182,0,9,0,4,513,60,19,0,0,6,29,2,119,142,49,3,231,61,43,4,158,1,332,16,3,0,0,62,2,1228,84,248,0,0,0,792,65,722,45,1,280,0,0,19,313,1311,0,97,1837,28,0,24,9,0,146,521,0,30,452,470,437,0,2,1113,1292,0,24,2274,182,5,2459,1790,340,14,0,0,0,0,0,7,3181,180,387,4,693,16,104,0,655,0,53,5,0,0,0,55,1187,82,0,0,4,877,0,1784,112,2,4,76,0,959,0,38,12,0,0,258,24,36,861,5,0,0,1229,0,352,1,369,2172,0,3135,0,0,126,36,318,7,168,41,108,3,2,92,0,112,158,1461,0,0,590,0,1,0,1,0,1,72,29,536,0,1032,369,400,24,0,25,14,4,2,4,0,205,7,0,0,124,370,54,0,306,2,0,0,13,10,1,72,0,58,0,5,1,51,217,47,29,34,124,4,88,0,0,3,0,0,2,0,59,0,2,333,101,0,1,62,4,0,0,180,49,403,180,88,0,123,0,0,0,2,0,0,242,51,197,2,0,5,1,996,456,0,154,416,42,58,103,0,337,2,0,0,71,68,175,0,647,9,1,81,8,43,0,14,60,22,13,245,112,75,32,28,848,12,0,115,1,2,8653,477,5,30,0,3581,0,392,32,0,105,0,116,1073,8,0,0,0,4,10,278,0,0,7387,6564,0,1433,0,54,64,746,3799,34,58,10,242,0,2338,0,732,45,14,8755,1,25,0,77,932,135,0,1,1,9,0,85,8191,0,0,0,3153,37,0,222,0,169,52,63,5988,0,397,249,0,63,336,1606,2389,2,4,0,243,4237,76,0,67,1009,0,983,296,211,0,1,1,81,3002,6042,120,559,5828,0,110,0,0,48,51,31,13,0,0,389,0,0,0,0,0,0,0,366,482,2522,405,3089,0,32,0,32,0,0,774,2,2974,1,82,273,277,237,0,315,11,3,5,597,64,2,0,47,0,812,2183,6,458,105,0,1828,1,0,0,0,0,439,56,13,0,2794,4684,14,0,2339,0,460,71,17782,1339,426,3,924,1280,1122,0,789,0,0,103,2181
"gene_103",0,0,0,0,0,0,4,0,0,42,0,0,0,0,0,0,0,3,77,0,0,0,0,0,0,0,0,0,0,926,0,0,0,284,0,9,111,2,0,0,1,456,0,1,0,4,0,0,525,0,0,0,0,0,383,0,0,0,0,0,0,14,0,520,0,0,0,0,0,0,2,0,0,182,1872,29,0,727,112,0,0,1102,0,0,0,0,0,0,0,0,0,0,1964,6,2,21,0,0,0,0,3202,1061,0,0,0,0,6,1811,0,0,0,0,0,0,0,17128,0,0,0,0,0,4,0,112,32,21,0,0,3676,0,0,0,27,0,0,0,0,4075,0,0,0,303,0,0,0,4,0,0,0,87,0,0,0,0,0,139,0,14,0,0,10,4,0,0,441,0,0,0,0,0,0,0,28446,0,0,820,0,0,0,1,0,0,0,0,0,0,8,0,35,0,0,0,0,0,0,0,0,0,0,0,0,0,0,9,0,1,6587,0,0,0,0,52,17,2626,0,1,0,0,0,220,0,0,0,67,0,6,0,0,0,542,0,5,0,0,0,0,0,0,0,0,0,0,2,0,906,0,1,0,0,96,0,1725,1435,0,5,0,69,0,15,171,182,2,0,299,0,273,0,0,0,0,3,0,0,28,0,45,1495,41,0,6,0,0,460,3136,0,284,5,2568,0,19,0,46,7,13,1,1482,0,0,0,1,1,0,21,0,0,3,79,64,123,0,1049,181,0,421,0,715,11,0,22,0,1,1099,10,2,54,0,0,14,0,0,45,361,883,0,0,0,181,0,0,271,0,0,0,0,0,0,648,0,0,0,0,15,0,35,0,0,3,0,4162,78,0,0,0,239,0,432,0,0,6,31,0,0,1,0,0,0,234,38,0,0,4,0,0,742,39,3,164,1,0,1,920,6,0,0,0,3,0,0,142,53,0,768,1,388,0,20,465,0,517,0,91,0,1889,0,3,1915,1001,0,0,2,25,1,65,477,0,596,241,0,0,0,0,2452,0,0,5,0,0,0,0,0,50,0,0,0,2,0,0,0,997,0,0,0,0,0,2,0,2,0,0,1,0,61,0,0,0,0,0,0,0,0,0,2,0,0,0,427,0,0,18,0,0,0,0,0,0,0,0,10,0,0,177,5862,0,0,0,0,25,0,0,15,0,264,0,27,0,0,0,0,0,2,0,0,0,0,0,0,0,226,0,82,2,764,0,0,0,4,0,0,11,0,0,0,0,0,0,0,0,0,0,0,0,0,0,0,0,0,4,3,237,68,0,0,37,1,164,0,0,2,0,44,12510,0,0,2,1,0,0,0,147,0,35928,0,866,0,0,0,2,0,3278,0,0,0,0,0,36,250,4146,816,0,0,0,257,1,1,0,0,61,835,1,798,1288,0,4,0,2466,106,0,0,8203,0,0,16,0,1831,657,45,32,91,2,0,1,9,9,914,2,0,0,0,0,366,0,84,204,15,551,0,7462,17,356,1,1387,0,4124,0,2377,27,0,16510,0,0,10,0,2,39,0,72,0,1918,0,177,0,0,0,5,0,0,18,0,1,0,409,0,0,0,164,0,169,0,1,0,0,311,0,0,1500,0,2,0,92,0,0,0,210,0,0,0,0,0,185,0,1004,0,0,0,2658,0,1048,0,0,0,162,81,1,339,0,0,2,7798,0,9,0,0,1,0,34,0,0,0,0,5623,0,0,0,0,0,0,674,3350,0,0,0,142,0,0,8,1,3,0,2,0,157,23544,2439,1,0,0,0,4071
"gene_104",2,437,0,0,0,43,253,0,0,107,75,8,14,0,496,198,39,44,41,2,5,7,997,330,0,48,2,1,319,0,12,1,17,1,67,0,2,485,33,13,4,1,67,177,84,42,0,5,11,142,30,3,0,30,0,1150,197,2,1284,0,2,7,168,21,1,3,26,1,0,1,21,15,0,1,19,288,0,0,71,139,12,3,4,0,472,34,22,851,1,5,0,21,12,34,0,4,4,0,22,0,0,112,14,7,0,0,12,0,56,35,26,0,1,0,24,0,0,0,0,7,1,11,0,0,2,18,5,82,8,1,0,0,86,0,31,1,0,0,303,3,0,0,8,0,4,8,29,1,82,6,0,38,0,0,0,0,5,9,9,32,0,1,0,40,1,42,0,0,0,81,0,44,0,12,10,46,4,3,295,0,0,100,17,0,0,73,2,330,1,117,0,22,0,131,696,0,0,1,9,8,6317,250,11,1428,177,113,413,269,38,9,0,271,6,1957,724,233,2,274,1328,10,176,806,12,416,3060,13,0,0,0,2426,0,21,1390,148,0,5,157,710,6724,263,253,1935,5,629,2,841,0,0,10,950,0,114,1153,16,801,73,1109,568,0,33,3081,740,26030,4787,17636,20869,24,154,2605,21779,16486,58224,13500,41678,13827,4909,8628,3557,5208,7710,38,22157,6054,2447,12849,29381,30134,28119,4968,1497,12466,2307,7889,2383,30293,36174,8941,2008,32439,3552,736,6929,1010,4429,16812,256,16213,2343,2141,8096,9266,24471,1882,6890,9348,12934,22733,14901,31442,12834,172,12675,51741,137,4953,9402,601,16410,21512,37625,43059,1998,2306,3288,36664,7713,9307,10590,1795,18725,1100,4356,1161,23084,27417,986,9339,9188,16813,924,13670,3922,1440,5979,6282,3910,1695,31724,87,9925,12560,3344,11730,12307,10912,10863,38395,1128,11676,30192,13044,6867,27794,2906,50911,36916,4671,3059,5184,18518,19563,889,18740,29449,2256,9034,3587,14692,25313,1502,29291,3261,7476,15086,11597,6051,1906,2064,1916,51681,8733,40091,962,3480,41953,8873,1871,14943,3965,4059,69556,1291,2352,34339,7462,2980,48534,5949,16560,4008,50054,19034,1025,9645,2129,15052,58,176,25000,8695,1717,13628,3314,284,3910,1286,51,1,33,1773,1097,1550,2600,261,7210,127,8568,380,777,2,5787,13507,14,7667,1300,15744,24,14970,14086,1134,20076,23356,20596,129,68,8620,311,186,184,24304,743,2,7219,227,2035,14,639,2571,2325,247,14,5730,700,926,1489,3242,121,2555,1042,15730,17,2743,42235,176,2357,12523,900,86,383,13157,273,4535,1176,6485,10034,17886,6565,11104,12181,21018,11746,50,7,579,34,874,679,24,22280,397,685,128,30359,6431,1166,5525,1171,5165,104,243,5860,1436,5418,4885,7518,138,2601,2471,11323,372,0,57,6339,7098,4859,9163,1873,630,63,2727,279,2604,69,102,4519,6899,10538,11044,343,16172,535,4173,630,5,6482,3758,26251,365,73,495,42897,310,223,16774,3291,5,958,1485,2,8484,872,894,783,13,6222,1050,0,244,0,545,778,0,446,6194,489,0,0,4,1677,18190,5478,232,8185,1541,11434,2789,978,601,4535,219,2371,61,1498,871,5551,39,1619,1247,24030,31217,1196,289,0,13656,4776,5,1,19,3214,389,3,0,25855,80,32,9476,323,2822,382,0,150,56,475,57443,393,2314,7,4,6,1750,12876,17,1357,4,11729,10579,0,4320,22,1309,8459,2162,35,213,1,35489,20491,11001,158,19330,5407,2248,9,5517,8,13,0,6951,8768,2,45,5347,902,120,875,30,55,6511,1837,599,15,57,0,6566,0,4929,4712,4090,669,42188,153,14709,16065,16,0,2327,5762,26,962,244,1946,3109,46,3,28081,1283,9514,430,670,9158,0,5469,496,145,1,21,2149,31731,2921,517,311,3921,1,35,3731,11100,234,10,331,14836,303,434,4618,2109,3318,7547,64,59,34,14169,1,761,120,2871,3902,976,399,5847
"gene_105",176,96,1,0,0,1595,517,76,1168,0,39,1252,169,0,0,6,544,4028,0,506,0,0,0,0,4,3,2,3,7,10,0,0,26,0,6,0,0,0,0,0,26,8,775,40,0,0,0,165,44,11,91,0,7,115,0,3,0,6,496,0,0,1,0,0,972,0,10,0,0,292,0,0,13,80,0,7,0,24,3,10,0,0,0,0,0,0,0,3091,0,0,323,137,10,0,1,1,0,0,168,0,0,5,0,1442,1,0,2,80,0,0,0,0,0,0,0,0,0,0,0,0,0,62,0,0,0,66,0,0,0,996,1,0,0,0,0,0,0,30,0,0,22,0,0,0,0,0,0,0,0,0,588,0,0,8,322,4,368,238,0,0,0,402,5,0,0,0,0,0,0,0,0,65,0,86,0,0,2,110,171,4090,0,16,7,0,0,0,0,4,0,0,0,0,0,0,0,0,0,1,0,0,0,0,8,0,0,0,21,0,637,0,0,0,0,0,0,0,0,0,0,0,4,5,0,0,0,31,0,0,4,0,0,0,0,5,511,0,40,0,2,0,0,120,0,1,340,21,0,82,0,0,0,0,1,0,0,0,0,0,0,0,0,37,0,0,0,1,0,194,0,0,0,0,0,0,0,0,0,5460,0,0,0,0,2,40,0,0,0,177,0,0,12,0,1087,0,1665,0,6,0,944,0,0,0,0,0,33,0,0,0,6,0,6,0,0,132,0,0,1,3,0,0,2,0,74,0,3492,0,0,1649,0,0,0,0,0,0,19,634,33,7,0,296,28,0,0,995,0,0,667,951,10,0,0,59,0,0,0,0,0,0,0,98,0,0,2,15,0,0,294,0,0,0,0,0,0,0,0,0,0,0,0,0,0,0,0,0,0,0,1,350,0,0,987,0,12,0,10809,6,11,1,3450,0,0,6,2,0,0,0,0,0,0,0,282,0,138,0,0,0,0,9,0,0,0,282,0,127,0,0,299,0,0,0,0,109,0,64,0,0,139,0,0,0,3646,0,0,0,0,0,0,0,123,0,0,0,19,0,0,0,0,311,0,0,0,0,0,0,0,0,43,0,0,0,0,3753,0,0,13,0,0,0,0,0,0,0,0,0,0,0,0,0,0,0,0,0,0,0,0,0,0,0,0,0,0,0,0,0,0,1183,0,0,0,0,0,0,0,3,0,0,0,0,0,0,0,0,0,0,0,0,0,0,0,0,0,0,0,0,14,0,0,0,0,0,0,110,0,0,0,0,0,0,0,0,0,27,0,0,0,0,0,0,0,0,0,0,0,45,0,0,0,0,0,0,0,31,21,2720,0,22,1,0,0,13708,1509,213,0,0,121,0,258,0,0,5,3,187,4,1,34,2,9561,0,0,0,63,113,0,93,0,0,0,73,301,0,0,0,0,0,134,0,0,1,0,0,0,297,0,3,0,0,0,27,126,0,0,30,44,11,0,0,1015,0,0,0,6448,0,0,22682,348,0,0,0,0,63,310,0,0,325,0,20,0,0,0,927,0,4,0,0,0,0,4699,0,0,0,50,0,0,0,107,0,5399,56,4,0,808,0,0,44,15,0,4,0,1,886,0,0,8,81,116,3031,2501,14,0,0,0,0,0,0,0,73,0,157,25,0,0,5768,0,2,1,0,1,0,0,42,0,0,171,15,2,0,19,0,0,8,3727,1071,0,0,20,0,0,0,0,1,74,60,0,10,30,0,102,3136,410,0,0,0,0,0,637,0,9,0
"gene_106",0,0,0,0,0,0,0,0,0,0,0,0,0,0,0,0,0,0,0,0,0,0,0,0,0,0,0,0,0,0,0,1,0,0,0,0,0,0,0,0,0,0,0,0,0,0,0,0,0,0,0,0,0,0,0,0,0,0,0,0,0,0,0,0,0,0,0,0,0,0,0,0,0,0,0,0,0,0,0,0,0,0,0,0,0,0,0,0,0,0,0,0,206,0,32,67,3450,1,0,0,0,0,0,0,0,0,0,0,0,63,0,0,0,94,0,0,71,0,20,0,0,105,0,0,0,0,0,0,0,0,0,0,0,0,0,0,2,0,0,0,50,0,13,0,0,618,807,9,0,0,0,8,0,0,0,0,0,0,0,0,24,5,0,0,0,0,0,0,0,0,0,0,985,892,0,0,0,0,0,0,0,0,0,0,0,0,772,0,0,0,1,0,0,0,0,5,0,0,8025,0,0,0,0,0,0,0,0,0,6674,0,0,0,567,117,0,81,0,0,136,0,0,0,0,0,25,0,0,160,0,0,0,0,0,0,0,1,19,0,15,0,921,0,0,0,0,323,0,333,30,2162,0,0,0,0,150,0,66,0,31,0,0,0,115,0,0,0,0,0,0,0,0,0,0,425,0,0,0,0,0,0,0,4383,119,0,0,0,0,0,0,0,2,0,0,0,0,0,0,0,0,0,0,0,0,0,0,0,0,0,0,0,0,0,0,0,0,0,1,0,0,0,0,0,27,0,0,0,0,1,0,0,0,0,0,392,0,0,0,0,0,2,0,0,0,0,0,0,0,0,0,0,0,0,0,0,0,0,0,1,0,0,0,0,0,0,2,0,0,0,0,11,0,0,65,0,0,0,0,0,0,0,0,0,2,0,0,0,0,0,0,0,0,0,0,1,0,0,0,0,14,0,0,0,17,0,0,0,0,0,4,0,0,0,0,11,0,0,0,0,0,0,0,0,0,0,0,0,0,0,0,0,0,0,0,0,0,0,0,0,0,0,0,0,0,0,0,0,0,0,0,0,0,0,0,0,0,0,0,0,0,25855,0,0,0,0,0,0,0,0,0,0,0,0,0,0,0,0,0,0,0,0,0,0,0,0,0,0,0,0,186,0,0,0,0,0,0,0,0,0,0,0,0,0,0,0,0,0,0,0,0,0,0,0,0,0,0,0,0,0,0,0,0,0,0,0,0,0,0,0,0,0,0,0,0,0,0,0,0,0,0,0,0,0,0,0,0,0,0,0,0,0,0,0,0,0,0,0,0,0,0,0,0,0,0,0,0,0,0,0,0,0,0,5,0,0,0,0,2916,0,0,0,0,0,0,0,12,0,0,0,0,0,0,0,130,0,0,0,0,17,0,0,0,2791,0,0,0,0,0,103,0,0,0,17820,0,0,0,0,0,0,0,0,0,0,0,0,0,0,0,0,0,0,0,0,0,0,0,0,0,0,0,3641,0,0,0,0,0,0,0,0,0,0,0,0,0,0,0,0,0,0,0,0,0,0,0,0,11048,0,0,0,5,0,0,2530,0,0,0,0,0,0,2894,0,0,0,12,0,0,0,0,0,0,0,0,0,8,0,0,0,0,0,0,0,0,0,0,24,384,0,0,0,0,0,0,1483,0,0,0,0,29,0,0,0,0,0,0,0,0,0,0,0,0,0,0,0,0,0,0,5293,23,0,0,0,0,0,0,0,0,0,0,0,0,0,13456,0,0,0,877,0,24,0
"gene_107",0,283,0,0,0,0,0,30,0,0,3,0,0,0,0,76,0,0,608,34,0,18,0,25,0,1,0,8,1,0,19,63,882,10,0,0,1,0,0,99,934,22,1,0,0,0,0,47,146,0,0,20,0,10,0,0,0,0,0,0,0,10,42,81,0,19,0,24,16,0,0,0,0,0,0,295,10,0,0,5,0,0,0,0,0,184,0,40,0,0,0,0,1011,0,0,139,0,18,64,0,0,0,0,0,0,0,0,0,0,0,0,0,0,0,0,0,0,0,0,1,0,0,0,0,0,0,0,103,0,78,0,0,17,393,0,4194,0,0,0,762,0,0,0,31,1,0,0,0,6,0,0,0,1,0,0,0,0,2,0,0,0,0,25,0,0,0,0,6,0,0,0,0,0,0,0,0,0,0,0,0,1,0,0,0,0,0,0,0,0,9,1,0,20,16,0,0,0,0,1,0,0,0,0,0,0,0,0,0,0,0,0,0,0,0,0,0,0,0,0,0,0,0,0,0,7,0,0,0,0,0,0,0,0,4733,0,0,0,0,0,0,0,0,0,0,0,0,0,0,0,0,0,0,0,0,0,0,0,0,0,0,0,0,0,10,6,7,21,1,21,374,0,264,143,1,2,27,0,0,63,0,0,0,29,0,0,0,0,3,0,478,1,0,125,158,0,0,3,0,12,0,0,0,0,4397,0,71,0,0,0,0,0,0,0,135,0,48,0,0,29,0,445,0,0,0,52,0,0,8,10,77,0,0,0,0,113,0,0,0,0,0,0,6,0,0,1,0,208,60,196,0,0,20,1,0,0,0,383,103,0,0,1,0,0,0,0,0,0,1716,0,15,99,1,0,25,0,1,0,0,0,6,6,1051,2,1,0,529,0,35,0,0,24,4,45,15,34,0,57,15,852,0,0,269,0,133,3,55,60,1,1431,0,15,181,93,5,630,17,0,0,344,137,0,0,0,0,0,2,16,218,0,0,1,0,0,3,0,0,0,0,0,0,0,0,0,0,0,0,0,0,0,0,1636,0,0,97,0,0,0,0,12,0,0,0,0,1176,0,5,0,8,0,0,0,0,0,0,0,234,0,0,0,5412,1,0,0,0,0,1,0,158,0,0,0,3025,0,0,0,0,655,0,0,0,399,0,0,0,0,0,0,0,0,0,0,0,0,0,0,0,0,0,0,0,0,0,74,0,1,0,0,0,0,1,0,342,0,0,0,0,16,0,0,0,31,392,2151,0,1094,0,0,0,0,0,0,1284,647,0,0,0,0,0,19,321,0,5314,0,0,0,0,0,0,0,0,0,0,127,0,0,0,0,15,8,0,1414,0,60,1499,0,350,0,2,1,0,133,466,0,0,708,13125,10,0,0,6621,0,2,0,0,0,0,177,56,71,0,0,0,0,5838,0,0,151,0,0,6569,0,0,6,0,30,0,1,3420,43,364,0,62,0,2069,382,0,7,14,7220,3108,1,317,2809,12,0,0,0,29,0,0,25,47,3610,1,2174,1575,260,0,0,296,0,23,0,0,1659,0,0,0,0,88,0,0,791,1195,0,0,10224,284,257,0,0,473,0,47,0,0,0,0,18,4,341,0,0,1,1,157,3600,0,0,173,0,0,5430,0,9,0,0,0,1769,286,10,0,155,0,0,0,1,0,0,535,0,159,0,0,0,117,24,0,0,0,281,283,0,0,0,36,0,3105,0,0,2,1892,0,27,0,0,1115,20,2257,0,12622,0,0,0,920,0,47,255
"gene_108",0,0,0,0,0,0,0,0,0,0,0,0,0,0,0,0,0,0,0,0,0,0,0,0,0,0,0,0,0,0,0,0,0,0,0,0,0,0,0,0,0,0,0,0,0,0,0,0,0,0,0,0,0,0,0,0,0,0,0,0,0,0,0,0,0,0,0,0,0,0,0,0,0,0,0,0,0,0,0,0,0,0,0,0,0,0,0,0,0,0,0,0,0,0,0,0,0,0,0,0,0,0,0,0,0,521,0,0,0,0,0,0,0,2,0,0,0,0,0,0,0,0,0,0,0,0,0,0,0,0,0,0,0,0,0,0,0,0,0,0,0,0,0,22,0,0,0,8,0,0,0,0,0,0,0,0,0,0,0,0,0,0,0,0,0,15,0,0,0,0,0,0,0,0,0,0,0,0,0,0,0,0,0,0,0,0,0,0,0,0,0,0,0,0,1,0,0,0,0,2,1,0,0,0,0,0,0,1,0,0,0,0,1,0,0,0,1,0,1,0,0,0,0,0,1,1,0,0,0,0,0,0,0,0,0,0,0,0,1,0,0,1,0,1,0,1,1,0,4,0,0,0,1,0,2,0,0,0,0,0,0,49,65,0,0,1,22,690,0,0,0,0,127,1002,14,0,0,1,0,1,0,0,0,0,229,159,0,0,0,0,330,21,64,0,0,0,0,1,0,0,0,8,0,0,0,508,0,6,0,0,12,0,0,0,111,131,257,0,0,70,8,5,0,1,0,4,106,11,5,346,0,0,12,0,0,7,2,0,75,0,1,0,0,0,0,2,6,0,214,1,0,35,0,0,777,0,0,0,1285,0,4,4,530,0,43,0,0,0,0,0,0,0,1,0,67,0,2,0,0,0,0,0,0,174,1087,0,0,0,234,10,19,0,85,0,18,1,0,94,0,0,194,0,321,0,0,0,0,0,0,0,1,6,360,86,0,71,0,0,0,0,0,1,0,3,0,0,0,0,140,87,0,2,0,0,0,0,0,0,0,0,0,0,1,0,0,0,0,0,24,0,0,0,0,1,0,0,22,110,0,0,80,0,0,0,0,0,7,0,0,0,0,0,0,0,0,0,0,0,1,0,0,0,0,0,0,0,0,0,0,0,0,37,1194,54,0,0,0,9,0,0,24,0,0,0,0,0,0,0,0,0,0,0,0,4,0,0,0,0,0,0,0,0,0,0,0,0,0,0,0,0,0,0,0,0,0,0,0,600,1,0,0,0,796,0,0,0,1,2,0,0,0,0,0,17,0,13,0,0,0,0,1,0,0,0,0,0,0,0,0,0,0,160,20,0,250,557,1346,0,0,0,0,2,0,0,0,0,0,0,25,0,301,0,233,0,0,0,3007,0,0,0,0,0,0,3,0,0,0,0,0,0,0,0,0,398,830,1,1133,12,84,290,0,0,2209,0,1124,0,172,177,0,1,14,0,0,0,4,0,1309,0,0,4,0,0,459,0,199,5710,0,0,0,0,0,0,801,0,56,0,0,5,170,501,0,0,0,0,5,3059,0,0,0,45,0,23,0,108,16,0,0,0,0,694,3,0,0,0,0,0,0,0,358,0,8293,0,602,576,0,0,51,0,0,3199,21579,0,0,4,0,0,0,288,0,0,0,0,237,0,0,0,0,0,55,1,841,0,1014,0,0,0,0,1780,3,0,0,0,0,0,2,2,0,0,0,94,0,1,567,0,0,0,2,240,239,0,0,0,234,0,0,0,0,92
"gene_109",0,0,4,0,0,3,5,0,0,2,1,0,0,45,0,0,0,0,0,0,33,55,88,0,0,42,0,0,0,0,1504,0,0,12,0,0,212,13,1,6,4,0,277,892,0,529,0,87,3369,22,1224,0,0,0,0,0,6,1341,0,0,0,0,201,0,0,0,0,343,1,9,14,0,0,7,0,134,27,0,0,0,0,5,0,81,1,0,5,0,54,0,907,1134,0,0,0,0,0,0,0,0,0,0,0,0,0,0,0,0,0,0,0,0,0,0,0,0,0,0,0,0,0,0,0,0,37,0,0,0,0,0,0,0,0,0,0,0,0,0,0,0,0,0,77,6,0,0,0,645,0,1,0,15,0,0,0,0,0,0,0,0,0,0,0,0,0,0,1793,0,0,0,0,0,0,0,0,0,0,6,0,0,0,0,0,0,0,0,0,0,0,0,0,0,0,0,0,0,0,0,0,0,0,0,0,0,0,0,0,0,0,0,0,0,0,0,0,0,0,0,0,0,0,0,0,0,0,0,0,0,0,0,0,0,0,0,0,0,0,0,0,0,0,0,0,0,0,0,0,0,0,0,0,0,0,0,0,0,0,0,0,0,0,0,0,0,0,0,0,0,0,0,18,0,0,0,0,0,0,0,0,0,0,0,0,0,0,0,0,0,22,0,0,0,1,0,5,0,0,0,0,0,0,0,0,0,0,0,0,0,0,0,0,0,0,0,0,1,45,0,0,0,0,0,0,0,0,0,0,0,16,0,0,0,0,0,0,0,0,0,0,0,0,0,0,0,0,0,0,0,0,0,0,0,0,0,0,0,0,0,68,8,0,0,0,0,0,0,0,0,0,0,0,0,0,0,0,0,0,0,0,0,0,0,0,0,0,0,0,0,0,0,0,15,0,0,0,0,0,0,0,0,0,0,0,1,0,0,0,0,170,0,0,0,0,0,0,0,0,0,0,0,0,0,0,0,0,0,28,0,0,0,0,254,0,0,78,0,0,0,0,0,0,0,0,0,0,515,14660,0,0,0,0,0,0,0,0,0,0,0,0,0,1,0,0,0,0,0,0,0,0,0,0,0,0,0,0,0,0,0,0,0,0,0,0,0,0,0,0,0,0,0,0,0,0,0,0,0,0,0,0,0,0,0,0,0,0,1,0,71,0,0,0,0,41,0,0,0,0,0,0,0,0,0,0,0,0,0,0,0,0,87,0,0,0,0,0,0,0,0,0,32,0,0,0,0,0,0,0,0,0,0,0,29,134,0,0,34830,0,0,0,0,0,0,0,0,0,0,0,0,4,0,0,105,0,0,0,0,0,0,0,0,0,0,0,0,0,0,0,0,0,0,0,0,0,0,0,0,0,0,0,0,0,1,0,0,0,0,452,0,0,0,19,0,0,0,0,0,0,0,0,0,0,0,0,0,0,238,0,0,0,0,0,45,0,0,0,0,0,0,0,0,0,0,0,0,0,0,0,0,26,0,0,0,0,0,0,0,0,0,0,0,0,0,0,0,0,0,0,0,0,0,0,0,0,0,0,0,0,0,0,0,0,0,0,0,0,29,0,0,0,0,3,0,0,0,0,0,0,0,0,0,0,0,0,0,0,34,0,0,0,0,0,1,0,0,0,860,0,0,0,194,0,0,0,0,0,0,0,0,0,0,2,0,0,0,0,0,0,0,34,0,0,0,0,0,0,0,0,0,0,0,0,0,0,0,0,0,0,0
"gene_110",0,1176,0,16,0,0,29,0,1,0,0,0,0,234,0,0,1333,6510,0,25,2,0,4,505,0,13,1037,0,2,0,0,0,18,313,134,0,3,0,0,6943,62,0,0,0,0,22,0,14,511,12799,0,0,0,0,3731,0,0,5864,30,0,0,0,0,1,0,79,0,0,0,7192,496,0,4,10,1,1,0,2,10,0,0,144,0,0,0,33,0,0,182,0,1,0,0,0,0,0,246,0,0,0,0,0,0,0,0,0,0,4897,0,0,0,0,0,1240,44,0,0,0,0,0,0,0,0,0,0,0,0,0,0,0,0,0,0,0,0,1,0,0,0,0,0,0,0,0,118,0,0,0,0,0,0,0,390,2963,0,0,0,0,0,0,0,0,0,0,0,0,0,0,1,0,563,0,0,0,0,9,0,4,0,0,82,0,0,0,3542,6290,0,0,0,0,0,0,0,0,0,0,0,0,0,0,0,0,0,0,0,0,0,0,0,0,0,0,0,0,0,0,0,0,0,0,0,0,0,0,0,0,0,0,0,0,0,0,0,0,0,0,0,0,0,0,0,0,0,0,0,0,0,0,0,0,0,0,0,0,0,0,0,0,0,0,0,0,0,0,1,0,0,0,0,0,0,0,168,0,0,0,0,0,0,0,0,0,0,0,0,0,0,0,0,0,17,0,0,0,0,0,0,0,0,0,0,0,6,0,0,0,0,0,0,1571,70,0,0,0,0,0,0,5,0,12,0,0,0,0,53,0,0,0,0,0,0,0,0,0,0,0,0,0,0,0,0,8,0,0,15,0,0,3,0,0,0,0,0,3,0,0,23,0,0,10,0,1,71,0,0,0,0,0,0,134,0,0,0,0,0,0,0,0,0,0,0,0,0,0,0,0,0,0,0,0,0,0,0,1,7,0,0,11,0,0,9,0,0,0,0,0,8,0,0,0,425,0,0,0,0,0,0,0,0,0,0,0,0,0,5,0,0,0,0,0,0,0,0,0,0,0,0,0,0,0,0,0,0,0,0,0,0,0,0,0,0,0,0,0,0,0,0,0,0,0,0,0,3,0,128,0,0,0,0,0,0,0,0,0,643,0,0,0,1,0,0,0,0,0,0,0,0,0,42,0,0,0,0,0,0,0,0,0,0,0,0,0,0,0,0,11,0,3,7,0,35,0,0,2,0,0,0,0,0,0,0,0,0,0,0,0,0,4,0,5,0,0,0,0,0,0,0,0,71,0,0,0,0,0,0,0,0,0,0,0,0,1,0,0,1,0,1,141,0,0,0,0,0,0,0,0,0,0,0,1,0,0,0,0,0,0,0,0,0,0,1,0,0,0,0,0,1,0,0,0,0,0,0,0,0,0,0,1,0,0,0,0,0,1,1,0,0,0,1,0,0,0,0,2,0,0,1,0,0,0,0,0,0,0,0,0,0,1,0,0,0,0,3,0,0,0,1,0,0,0,0,0,0,0,0,0,0,0,0,0,0,0,0,0,0,0,0,0,0,0,0,0,0,0,0,0,0,2,0,0,0,0,0,0,0,0,0,0,0,0,0,0,0,0,1,0,1,0,1,0,0,0,0,0,1,0,0,0,1,2,0,0,0,0,0,0,0,0,0,0,0,0,0,0,0,1,0,0,0,0,0,0,1,3,0,2,0,0,0,1,0,0,1,0,1,0,2,0,0,0,0,0,0,0,0,3,2,0,0,0,0,0,0,1,0,0,0,0
"gene_111",0,0,0,0,0,0,0,0,0,0,0,0,0,0,0,0,0,0,0,0,0,0,0,0,0,0,0,0,0,0,0,0,0,0,0,0,0,0,0,0,0,0,0,0,0,0,0,0,0,0,0,0,0,0,0,0,0,0,0,0,0,0,0,0,0,0,0,0,0,0,0,0,0,0,0,0,0,0,0,0,0,0,0,0,0,0,0,0,0,0,0,0,84,13,5,29,0,540,2168,60,1445,1077,278,0,96,225,1084,1240,5495,39,0,0,736,0,1995,36,5,1213,13,1893,113,191,5,92,1040,1006,2,397,0,3901,276,760,411,1005,24,0,1316,0,2307,13354,236,0,391,3783,10338,1,14388,79,1,7,1,760,0,176,7,207,8227,5381,905,628,0,2,6,2,99,6645,230,14,28,2,1138,3950,0,528,0,1,13,308,21113,15352,3686,247,78,15,197,1213,0,618,1,683,227,151,14457,20,9650,17676,12758,1502,22758,2954,13746,12135,4441,9084,4685,6441,22557,8966,15302,17781,41378,24539,17674,13639,33510,1569,16844,8033,21259,15576,3470,8203,6829,15907,10887,16929,16725,24816,27197,12481,2242,13939,6557,9246,3896,8415,53798,28857,23470,7577,24543,44532,40892,4975,22512,8956,24936,16011,7667,24898,33320,20442,25711,1202,22794,20769,18482,4720,989,8315,62,0,21,131,0,884,70,156,0,935,1,0,0,35,8,5,93,0,116,0,0,1143,8,6,8,529,0,176,27,1,0,14,1,0,39,0,9,0,43,243,2017,0,64,171,4275,751,1,5,0,0,0,191,12,11,0,0,657,2385,247,68,52,0,15,21,235,0,1906,0,179,29,1,0,8,7,1,3,51,1919,12,15,40,6,271,0,0,15,808,16,46,0,0,237,147,0,0,1,5067,2953,3242,795,1,0,130,0,0,14,913,2,0,46,1,4630,21,8,1,3668,0,249,1,0,43,0,3618,0,0,2,65,6424,2,34,0,721,5734,2,0,2387,95,9,0,266,41,151,0,1,2474,97,0,92,0,510,168,0,339,0,1,852,57,36,0,816,1476,314,5,0,10,2156,0,112,1669,0,0,0,0,0,75,0,0,0,0,0,190,0,0,0,2117,0,0,0,0,0,68,0,0,0,0,0,0,0,0,82,0,22,0,0,0,41,1,0,0,133,0,0,0,0,0,0,0,0,0,191,0,444,1,49,0,0,0,47,0,0,0,0,414,8,0,0,310,0,0,0,30,557,0,0,0,0,8,0,0,1447,103,154,0,0,0,0,0,0,0,0,0,78,0,0,0,5,0,4,0,0,0,0,0,0,0,0,0,0,0,0,723,0,0,0,0,0,0,0,0,0,0,36,0,0,472,0,0,0,0,0,0,0,0,0,0,0,0,0,0,9,0,0,0,0,0,0,0,0,0,0,0,0,0,0,0,0,0,0,0,0,0,0,0,0,0,0,0,0,0,0,0,0,0,0,1,0,0,0,0,0,0,0,0,0,0,0,0,0,0,0,0,0,0,0,0,0,0,0,0,0,0,0,0,0,0,0,0,0,0,0,0,0,0,0,0,0,0,0,0,0,0,0,0,0,0,0,0,0,0,0,1,0,0,0,0,0,0,0,0,0,0,0,0,0,0,0,0,5,27,0,0,0,0,0,0,0,0,0,0,0,0,0,0,0,0,0,0,0,0,0,0,0,0,0,0,0,0,0,0,0,0,0,0,0,0,0,0,0,0,0,0,3538,0,0,0,0,0,0,0,604,11,0,0,0,0,484,0,0,0,0,0,0,0,0,0,0,0,6,8,37,0,0,0,0,0,0,0,124
"gene_112",0,247,139,0,0,92,0,0,25,1161,3,0,0,529,60,0,1,4643,0,0,0,0,0,225,0,0,191,1,0,0,0,3,0,0,0,287,0,0,20,0,0,0,0,0,0,5,72,0,1732,947,280,2362,0,0,0,0,0,0,0,0,43,217,0,0,0,95,0,0,6,120,238,0,0,0,0,0,0,212,12447,0,0,0,0,102,0,0,0,25,1,958,0,46,96,0,0,0,0,0,0,0,0,0,0,0,0,2918,0,0,0,40,12,0,6422,75,4241,0,0,1,0,54,232,234,6,0,0,0,0,0,0,1,2,10,0,4341,1691,0,22,0,0,0,0,0,0,61,0,0,8,2,0,0,0,0,10,0,4967,1,0,0,3294,2,0,0,32,0,66,89,0,0,2427,3,6,8,2,258,518,0,8924,225,4388,0,0,0,0,0,0,0,16215,0,12,1788,2465,165,11090,0,0,0,0,0,3935,0,2755,0,10540,9,2326,21,1397,131,2174,0,0,0,5292,293,50,0,0,4700,0,0,1,91,2199,9772,0,1,12669,65,0,19,0,0,2,2206,9,17,0,2,11,0,0,0,9553,22,1818,1677,0,0,96,0,28,452,2343,30,4,14,1439,1,4,1,17,27,804,69,566,207,3431,6504,0,0,70,3492,440,0,9,0,650,2,46,21,1609,9,0,0,541,0,2125,5,25,2786,11,3766,37,0,98,0,10233,835,187,371,8,11,4740,3,2,20,0,28,764,1655,0,5,260,1638,1067,1006,0,18,3461,67,2082,75,0,3502,102,2672,3,4589,0,2,2,51,182,0,5731,0,333,423,0,292,9,6272,0,530,0,2,6,219,49,44,0,48,352,1319,0,5,42,0,6,25,0,82,52,0,0,9,3027,71,236,103,125,428,23,0,0,237,207,4,6605,0,0,0,0,2,0,11,52,837,13,0,10,91,0,945,515,0,0,21,0,103,4,380,1,20,0,1176,462,50,43,733,163,0,83,0,145,0,134,0,1968,1,0,4,0,6911,39,959,0,3,0,0,0,952,42,24,13,52,18,0,1066,131,142,0,0,11,2330,372,4142,54,0,0,206,0,0,0,98,0,247,0,0,30,5,0,0,283,1,353,0,176,388,1065,1222,3,0,376,26,2070,0,623,3,0,578,1,1743,0,9,0,1935,122,5,0,0,0,3007,0,180,0,1,145,1,22,0,9,3,22,90,3,647,0,0,6,3,4,0,0,0,13,149,3,76,41,61,322,64,46,85,1,0,720,731,302,2826,3,0,3,0,45,169,1,43,503,121,0,2563,0,164,2350,868,1241,102,0,27,221,30,72,1255,0,3,2379,505,0,14,333,144,4,33,11,0,151,463,0,1,93,120,0,0,0,1,9786,139,35,8569,454,88,16,84,0,0,3995,70,30,1549,1512,4,457,0,8208,97,0,0,0,444,532,0,1,3,8718,4164,1002,0,0,0,3,0,241,6979,0,6,1279,61,4,0,0,1,0,4,0,0,79,38,224,302,0,2,6,720,5110,1,825,0,15,43,17,259,0,0,0,1,1,81,2,12,47,357,0,0,283,0,4,4,513,0,47,950,455,32,0,2198,9,0,802,1255,0,1850,0,0,1,23,0,0,5,106,1497,0,2,679,0,4096,116,8335,0,231,0,0,0,0,0,0,88,2,0,0,0,0,6,0,1,2,2346,0,0,6,7488,0,174,256,19,0,33,180,3931,1483,0,0,3,0,270,1576,6,0,3,0,0,0,5,5116,4879,320,7,190,10,69,0,1182,0,394,620,1,0,0,0,1,0,22,361,0,563,0,2
"gene_113",0,1362,0,69,0,0,0,109,222,15,738,670,0,4470,2157,82,1156,0,84,0,0,3,32,0,2071,0,1866,11,665,2156,14,0,1578,38,4,598,0,1,376,45,0,0,0,0,0,206,89,9,35,0,195,0,0,0,0,16,0,0,1610,0,1,0,141,103,0,535,0,7281,1,0,3,271,0,545,0,2869,0,55,0,1088,0,183,0,0,26,0,0,37,0,2,51,0,10,0,0,0,1,362,0,1,13,0,0,0,19,4055,0,690,0,0,0,36,9,0,0,0,172,0,0,257,0,0,0,0,0,0,0,31,0,136,3,0,9,98,284,1,4814,4930,775,1,183,260,1819,406,170,1189,0,0,0,63,0,98,1476,1,5408,1,1206,102,0,0,747,0,194,0,4,5,1,119,0,1,0,11,0,0,0,7,3,558,13600,0,480,0,11,3055,0,6194,3971,57,0,1,0,20,0,957,9228,0,0,12,0,1631,0,0,1313,0,8,0,0,1933,62,0,0,96,0,0,0,8,986,342,252,13,19,70,3877,0,0,4,0,5705,994,128,0,0,1,81,0,32,3,2892,0,0,0,0,75,0,136,79,17,1,1472,10,68,5,0,37,20,5,0,38,0,27,21,0,119,13,234,197,0,36,0,0,0,0,1,0,0,0,2,16,44,1226,2,0,91,164,0,57,9,0,0,6,768,0,7,0,0,0,0,1066,0,901,172,0,376,39,0,3,0,3458,16,0,0,0,44,0,0,0,24,23,235,0,0,0,0,56,1,0,0,0,0,3,1,9,0,0,2,3,342,0,0,0,0,0,16,0,0,0,40,0,0,0,3,2,0,35,0,0,0,0,2,1562,54,2,2,6,251,0,0,412,0,556,0,0,0,2,0,0,0,2519,0,36,125,28,0,0,0,0,26,0,1,2,0,0,186,138,1515,732,680,0,384,0,118,0,0,533,46,0,0,0,0,0,2623,20,38,0,0,1,0,0,0,0,0,0,260,0,0,970,4026,0,0,0,41,112,0,0,0,0,0,19,186,0,0,846,0,0,0,0,0,0,0,16,0,192,0,3,0,30,0,0,1,0,0,0,0,636,0,0,0,215,0,0,58,0,0,0,732,0,53,0,0,2,0,0,0,0,0,0,0,0,0,3,0,0,0,0,0,0,0,0,0,0,0,0,0,23,0,0,0,0,0,0,0,0,0,0,0,0,0,0,0,16,0,0,0,0,0,0,25,76,0,0,0,0,0,0,0,0,0,0,0,0,0,1768,0,0,0,0,0,0,37,0,0,0,0,0,6,0,0,0,0,0,0,563,0,0,0,35,0,0,0,0,0,5,225,0,0,995,0,3,0,0,850,0,0,0,0,0,180,0,35,0,0,0,61,0,0,0,0,0,0,0,146,0,0,0,0,0,0,0,0,593,0,0,0,0,0,0,1557,0,0,0,0,0,2,0,0,0,106,0,4,0,0,0,0,0,0,0,0,0,24,5,0,7,0,0,0,0,0,0,0,0,0,0,0,0,0,0,0,0,0,0,0,48,0,6,0,0,0,0,0,0,0,0,0,0,0,0,0,0,0,0,112,0,1,0,0,0,0,0,0,28,0,332,0,0,0,0,10,0,0,2,329,0,0,0,0,0,0,0,0,0,0,0,0,0,0,0,0,0,0,2,88,0,0,0,0,0,0,0,0,1,0,0,0,0,40,0,0,0,0,0,6,0,0,11,0,159,2,0,6,0,0,0,43,0,0,0,0,0
"gene_114",0,0,0,0,0,0,0,0,0,0,1,0,0,0,0,2,0,0,0,0,0,0,1,3,0,0,0,0,0,0,0,0,1,0,0,1,0,0,0,0,0,0,0,0,0,0,0,0,0,0,0,0,0,0,0,0,3,2,0,0,0,0,0,0,0,1,0,0,0,0,0,0,0,0,0,0,0,0,0,0,0,0,0,0,0,0,0,2,1,0,1,0,0,0,0,0,0,0,0,0,0,0,0,0,0,0,0,0,0,0,0,0,0,0,0,0,0,0,0,0,0,0,0,0,0,0,0,0,0,0,0,0,0,0,0,0,0,0,0,0,0,0,0,0,0,0,0,0,0,0,0,0,0,0,0,0,0,0,0,0,0,0,0,0,0,0,0,0,0,0,0,0,0,0,0,0,0,0,0,0,0,0,0,0,0,0,0,0,0,0,0,0,0,0,0,0,0,0,0,0,0,0,0,0,0,0,0,0,0,0,0,0,0,0,0,0,0,0,0,0,0,0,0,0,0,0,0,0,0,0,0,0,0,0,0,0,0,0,0,0,0,0,0,0,0,0,0,0,0,0,0,0,0,0,0,0,0,0,0,0,0,0,0,0,0,0,0,0,0,0,0,0,0,0,0,0,0,0,0,0,0,0,0,0,0,0,0,0,0,0,0,0,0,0,0,0,0,0,0,0,0,0,0,5,0,0,0,0,0,0,0,0,0,0,0,0,0,0,0,0,0,0,0,0,0,0,0,0,0,0,0,0,0,0,0,0,0,0,0,0,0,0,0,0,0,0,0,0,0,0,0,0,0,0,0,0,0,0,0,0,0,0,0,0,0,0,0,0,0,0,0,0,0,0,0,0,0,0,0,0,0,0,0,0,0,0,0,0,0,0,0,0,0,0,0,0,0,0,0,0,0,0,0,0,0,0,0,0,0,0,0,0,0,0,0,0,0,0,0,0,0,34,0,0,0,0,0,0,0,0,0,0,0,0,6675,0,8,82,2204,0,4,0,0,8,0,259,0,0,169,4509,1002,67,2066,0,0,0,0,6966,0,0,0,95,0,0,235,0,1479,12,0,0,0,10,1,0,131,15,0,3824,0,0,0,0,3,24,62,702,1,144,0,0,0,21,8100,0,42,0,0,0,0,0,0,52,0,0,0,4,7,0,150,351,0,0,88,0,639,0,436,21,0,9062,0,0,0,0,0,0,0,16,0,0,89,0,0,6675,3,0,970,164,0,19,0,141,0,0,0,0,8,2,0,900,1240,26,232,47,4,60,5,0,49,0,1926,39,0,109,0,1400,18,0,0,843,0,0,0,0,0,2324,0,8445,2188,0,22,0,335,5,0,0,0,6,9293,0,0,1062,0,0,0,0,0,0,0,0,0,573,0,0,0,494,1962,0,1493,14,0,0,0,0,171,0,0,3845,0,0,0,0,5,0,380,0,0,0,5,0,62,0,3230,0,0,0,3,0,17,0,219,0,0,0,0,0,0,0,0,1,0,0,48,3,0,0,0,2,0,92,0,0,0,0,0,0,0,0,820,0,20,0,2836,0,0,0,0,0,1206,0,102,0,0,2,0,0,1,0,0,0,71,36,0,0,0,0,333,1,0,22,0,0,0,0,0,55,0,0,0,0,0,0,194,1245,0,0,0,0,2,776,0,0,9,24,0,0,0,0,3,0,0,0,2080,27,4367,0,88,59,0,632,4448,0,0,36,318,0,0,27,0,0,0,12787,1,0,0,81,0,0
"gene_115",0,0,0,0,0,0,0,0,0,0,0,0,0,0,0,0,0,0,0,0,0,0,0,0,0,0,0,0,0,0,0,0,0,0,0,0,0,0,0,0,0,0,0,0,0,0,0,0,0,0,0,0,0,0,0,0,0,0,0,0,0,0,0,0,0,0,0,0,0,0,0,0,0,0,0,0,0,0,0,0,0,0,0,0,0,0,0,0,0,0,0,0,0,36,20,0,0,0,0,0,0,0,0,0,0,0,0,0,0,0,0,0,0,0,0,0,0,0,0,0,0,0,0,0,16,0,0,0,0,0,0,0,0,0,0,0,0,0,0,0,0,1,0,0,0,70,0,0,98,0,0,0,0,0,0,0,2,0,34,0,0,0,0,0,0,0,15,0,0,157,0,0,0,0,0,0,0,0,0,0,0,0,89,5,20,0,10,0,0,84,0,0,0,0,0,0,0,0,0,0,0,0,0,0,0,0,0,0,0,0,0,0,0,0,0,0,0,0,0,0,0,0,0,0,0,0,0,0,0,0,0,0,0,0,0,0,0,0,0,0,0,0,0,0,0,0,0,0,0,0,0,0,0,0,0,0,0,0,0,0,0,0,0,0,0,0,0,0,0,0,0,0,0,0,0,0,0,0,0,0,0,0,0,0,0,0,0,0,0,0,0,0,0,0,0,0,0,0,0,0,0,0,0,0,0,0,0,0,0,0,0,0,0,0,0,0,0,0,0,0,0,0,0,0,0,0,0,0,0,0,0,0,0,0,0,0,0,0,0,0,0,0,0,0,0,0,0,0,0,0,0,0,0,0,0,0,0,0,0,0,0,0,0,0,0,0,0,0,0,0,0,0,0,0,0,0,0,0,0,0,0,0,0,0,0,0,0,0,0,0,0,0,0,0,0,0,0,0,0,0,0,0,0,0,0,0,0,0,0,0,0,0,0,0,0,0,0,0,0,0,0,0,0,0,0,0,0,0,0,0,0,0,836,0,542,0,0,0,0,0,237,0,0,0,1,0,0,0,0,0,74,0,0,0,0,0,0,0,0,0,0,0,0,3,0,0,0,0,0,0,0,0,0,63,11,853,0,0,0,0,212,0,0,578,0,0,0,0,0,0,0,0,0,1,424,0,346,0,2531,0,0,59,0,2,6,1,0,0,0,0,0,0,1,0,0,0,0,0,0,290,0,0,46,0,0,0,0,120,2,2367,0,68,0,0,102,0,144,3,25,3105,162,0,0,0,1,192,0,2,0,1,0,0,0,0,0,0,358,18,0,0,2213,0,0,54,0,24355,0,0,285,1,0,0,0,0,0,2,0,0,0,72,0,0,0,0,0,0,9523,0,4408,0,0,0,0,8317,0,0,0,0,38,0,0,0,0,0,0,0,0,0,0,5,81,0,0,0,0,6805,28345,122,3221,0,0,0,15,0,0,0,0,0,0,0,0,2,2238,0,0,27,12580,0,0,0,0,0,0,0,0,0,0,0,0,5,0,0,0,0,0,88,0,191,0,0,0,1,0,0,0,0,0,0,0,46,1,0,0,4897,0,0,0,0,0,2,0,0,0,0,0,0,3114,2,0,0,338,0,0,4,0,198,0,0,0,0,1,96,0,0,0,0,0,5,0,132,16,1,0,0,311,139,0,2021,63,0,115,0,93,39,0,0,6,1,0,0,38,0,0,0,0,2538,0,0,0,0,0,139,0,0,0,0,20,0,398,0,0,0,5,0,0,0,0,0
"gene_116",1,965,0,0,0,0,1384,0,36,0,0,0,0,0,566,0,49,497,2004,0,4,0,0,50,16,8,0,0,0,0,0,0,0,0,0,0,0,0,0,0,10313,0,1,0,0,0,613,0,0,1310,0,184,85,0,0,0,35,0,0,0,4805,0,0,6,63,1219,1,0,4,529,0,0,0,130,841,5316,111,0,714,10,1,0,14,0,0,0,1,433,0,440,141,1,0,0,4,0,551,2,0,0,0,0,0,0,0,0,0,0,0,647,0,0,4,3185,0,26,4513,0,3,2,999,0,1,0,1001,25,0,0,0,18,0,0,0,0,1,0,0,0,0,0,0,0,0,0,9,3,0,1192,0,108,0,0,18,9350,0,0,0,0,5,0,0,45,3,0,0,3355,0,3,0,0,1037,0,0,0,1,0,0,0,2,0,0,0,0,116,0,0,0,865,0,0,13,2927,0,1,2765,3,0,3,0,0,0,0,0,0,1095,0,21,48,0,0,0,0,0,0,0,0,0,1684,0,0,0,0,0,0,0,32,0,176,0,3973,0,0,0,0,0,0,0,123,0,274,0,0,0,0,0,0,0,0,0,0,8599,320,0,0,0,0,0,0,0,0,336,0,0,113,1365,20,35,0,0,0,2127,3451,0,18,0,0,1300,0,0,0,5,2133,0,0,0,5892,0,2,0,0,2,2568,0,0,0,0,0,0,0,20,0,0,0,0,0,0,142,0,9,22,0,0,19,0,0,0,1003,154,523,0,262,0,0,116,0,3129,0,0,0,0,0,0,197,1060,13,0,0,0,4,0,0,0,0,620,0,26,0,4,59,0,0,0,2679,232,156,0,0,52,0,0,2,80,0,0,0,0,148,0,5,480,0,1,306,0,3,0,0,705,4,0,0,550,0,0,119,49,0,50,318,0,0,0,0,0,0,0,0,1360,2915,743,0,1416,0,3,0,188,9,0,0,17,13,0,0,183,0,0,4,0,115,221,0,0,0,10,0,7,0,15,79,116,0,3,0,477,0,0,2443,0,0,59,0,0,0,0,0,32,1,5,175,0,0,1,0,0,0,0,332,19,0,0,0,0,60,0,26,0,0,0,0,2,0,5,0,5,0,0,0,67,3,0,0,281,0,0,0,45,45,0,1,0,0,0,0,0,0,0,3,0,2809,0,0,0,1252,1720,0,0,0,0,0,20,0,0,0,4002,119,0,0,106,0,0,0,0,0,3,0,0,43,998,84,2,30,0,0,0,0,360,62,0,0,0,559,3,0,2282,7,0,653,0,0,0,19,21,421,0,0,89,2,1,0,1604,0,12,0,0,50,0,0,144,1,595,0,0,0,0,0,0,0,1,1,0,0,3,0,0,0,0,0,43,0,0,0,0,0,0,0,0,0,0,0,0,0,0,0,0,66,988,0,0,122,0,0,0,30,95,0,164,0,0,0,0,0,0,0,7267,14,0,680,43,13,0,0,5,653,0,0,52,6,0,0,0,0,0,0,68,0,0,0,14,0,5,0,23,174,0,0,0,0,0,0,5959,6,166,92,0,0,42,0,0,7,0,0,0,0,0,0,0,0,0,0,0,0,0,21,0,0,0,0,0,0,0,0,0,0,0,0,2,0,0,0,0,0,0,0,0,0,0,0,0,0,0,644,538,0,0,479,0,0,0,0,0,12,5667,0,0,0,0,6,0,0,0,0,0,0,0,0,0,1,0,0,0,0,0,0,0,0,0,0,4,0,0,19,0,0,2,0,531,0,0
"gene_117",365,0,0,0,11,0,0,3,1922,0,0,1896,0,0,0,0,0,0,0,0,0,1,0,391,108,0,0,0,0,0,15,0,0,683,0,0,0,0,0,0,1057,0,38,0,0,20,0,0,0,0,0,0,0,180,0,3558,0,1,20,2,11,0,0,0,0,0,0,0,0,0,0,0,0,0,0,18,3,3,0,57,0,0,0,0,0,5,0,2693,0,217,0,1,19,0,0,0,70,0,1,0,0,0,4,3,0,0,0,106,0,0,0,0,0,0,0,242,1,0,0,406,0,0,2,0,1278,0,0,0,0,0,0,0,0,0,0,0,0,1,0,3,0,6,55,1161,0,0,0,4,2,0,0,0,0,0,0,0,5,1,0,0,0,174,0,0,0,0,0,0,0,0,0,0,3557,0,1,0,0,1,629,0,0,0,0,0,1259,0,5,154,0,0,0,12,1010,0,903,0,0,0,4673,0,388,0,0,0,0,10544,5,961,1,26,0,0,0,52,433,9,81,0,3239,4847,0,113,4960,2728,14039,0,0,26,15093,0,0,24711,0,4,58,0,0,1460,0,0,86,0,115,0,2680,95,0,0,0,0,0,0,0,408,0,0,12,0,0,0,7198,1086,2995,390,5006,15,975,1356,0,0,1543,1,1767,1837,3105,11,4,1,181,501,204,385,1,0,412,8288,1075,59,0,2498,1334,333,1288,8,19788,5,2851,337,37,602,38,1879,212,0,6,322,155,82,19,6318,0,1,2106,1551,898,3512,40,721,0,272,12,1595,1258,479,2423,64,109,1821,301,4023,1866,114,6712,25,1,55,254,4916,10818,995,0,178,6341,48,273,0,9,269,1150,2,9,1424,835,3560,752,0,2231,0,7148,1388,8210,57,3263,6070,3307,1383,21,84,662,129,406,37,287,10,1015,727,83,421,635,19836,0,18,284,11,1891,3158,160,1,1754,2240,1,0,1664,771,6583,4,2942,497,0,1,222,2,1067,7,202,728,133,1448,1175,20,5,2964,5209,6677,828,61,168,195,1077,2,1055,8275,994,9795,326,322,0,654,46,228,102,383,99,78,35,2667,13,452,96,370,0,3157,157,1967,314,1,0,800,126,1,3186,114,0,2,0,0,280,117,0,1151,267,564,13238,1030,6,217,1181,1658,34,5990,8589,0,211,177,1,776,0,0,63,0,0,0,4605,17438,473,2,620,0,70,1,3359,16,0,0,168,0,1891,2,0,385,0,733,2595,1585,8823,16,0,35,0,0,0,5281,0,1914,2166,3264,151,868,0,136,1408,506,1182,259,88,1991,0,3643,0,0,9,11,2044,2750,0,101,125,0,6381,11761,0,1,1203,832,793,10,2,1898,0,3,11,0,1,0,593,193,19,995,98,268,115,1094,3616,578,9,402,61,531,199,819,0,0,3,0,299,0,0,0,0,2053,0,0,0,0,0,0,7,0,26,0,0,0,102,11445,1368,0,1,35,0,321,0,19,587,0,1,0,42,0,7,3192,15,2,0,9,56,0,0,3,0,1897,0,0,0,0,8,0,816,0,0,37,0,0,0,0,805,0,0,34,0,896,51,27,0,0,0,70,6472,269,0,0,0,211,7,0,21,509,0,0,0,0,1,0,0,1047,1771,0,0,885,0,0,12856,518,0,40,0,0,0,0,0,0,0,0,0,0,0,165,235,42,15,0,1,0,1,15,7703,284,40,1,0,11,122,418,0,640,1,10419,2232,0,1,5917,0,175,0,24,0,0,82,3482,9,186,3,62,0,0,0,459,12,0,96,0,0,0,3874,111,1443,0,15,2,2626,2,0,0,0,0,1,5322,1,0,14,0,0,0,0,0,3,555,7,0
"gene_118",2083,0,11,0,799,5,466,5,3161,1,1,0,10707,0,378,0,0,8944,56,1830,1744,2673,0,4064,0,26,348,13,1,0,8,103,0,446,0,7513,0,0,160,203,956,65,661,60,493,0,417,1627,3,45,48,1295,207,77,0,9,624,4993,0,0,0,519,284,2718,26,19,17,14,0,1234,13,17,34,608,0,216,0,83,567,6,3,12,5,5384,710,1,675,0,315,2,2782,0,3100,0,0,0,220,146,0,0,0,0,0,0,0,0,0,1550,3,0,0,1,0,9,8455,2374,9,0,0,0,825,337,0,0,4,0,0,5,0,0,82,0,5316,0,1,80,71,77,14,0,380,0,0,268,0,68,68,0,4,0,0,0,228,0,0,37,0,0,0,186,0,0,0,0,27,11,0,0,0,0,1,0,0,5,342,0,7935,0,0,78,0,0,0,0,0,11,8,0,0,0,4,4329,0,0,2,290,308,2588,0,0,4952,0,0,286,182,0,18,2,481,10,0,402,1422,14,17433,3,0,0,17,265,111,0,0,26,6,0,4548,0,6944,3371,0,40,5,785,5,2558,3136,12399,267,2,67,0,96,2,0,976,0,210,0,1865,225,0,21,64,0,0,0,327,326,304,117,3237,5,92,68,3513,57,0,1403,1886,1661,260,8111,490,14096,2733,2134,0,2,1317,636,240,10825,8,8382,0,124,223,0,2389,7,4,0,14,32,7954,2737,6467,0,6035,0,0,1,90,714,1050,30,0,2,1435,3388,142,244,9,0,765,0,3,6655,594,63,69,62,27726,352,0,5186,111,0,1917,8,0,4890,3423,9,29,41,0,2192,6419,0,406,301,13095,11129,18,0,14,363,647,854,3,0,0,499,423,1160,6311,749,283,390,2461,684,5519,10910,68,9790,0,1665,12,10657,6287,0,1129,2821,49,0,0,9336,13,0,1,188,2238,80,23,0,97,10,10422,2476,149,132,1,222,0,1241,16,0,516,0,5772,5378,24,45,0,3,133,683,65,0,1883,25783,20,164,3,271,0,38,32,4942,0,3164,1035,3,72,96,0,26,3929,5455,5042,6,0,71,0,0,0,3008,0,0,1,27,0,1,0,0,6,0,76,7,0,0,0,0,0,0,1089,3,0,361,0,707,99,261,0,128,176,9,0,0,12,752,0,0,5123,1145,0,0,7,0,14627,0,0,0,109,1418,0,231,0,0,0,0,3878,0,0,1,16,0,0,0,0,0,0,0,0,0,0,0,0,0,13,6557,0,0,86,0,0,0,0,1,6061,39,0,367,1502,0,0,0,3346,0,156,178,2,0,0,424,7265,0,0,185,0,93,0,0,350,0,80,718,0,0,0,0,6012,8,22,0,116,4,586,44,0,57,687,0,3,202,1,0,0,0,275,0,12,0,1,0,0,1,0,14966,0,3003,0,1108,0,4804,0,0,0,0,0,7855,35,0,0,1,0,180,0,0,8522,16374,0,0,12280,0,3,0,0,3739,3829,2105,30040,7469,0,0,781,0,0,0,1449,0,2368,873,0,0,0,0,1,0,0,59,0,350,0,0,0,780,8,11,77,0,0,0,0,24,4431,0,3277,19,171,67,20,0,0,1,1466,690,92453,11,23524,3,0,14,3,288,0,0,0,4196,16,150,1001,0,0,32958,0,0,0,0,78,0,0,970,696,2,0,23,0,2,837,0,15,19,46,0,0,2,3,0,0,4882,0,39,0,9041,0,5,0,1254,0,159,0,0,0,0,0,0,6371,0,21,11,6,0,0,0,0,32,0,0,2,9,0,0,1578,246,0,12,0,0,20,11,462,15,9,4,0,0,0,0,6,11,37756,4820,0,0,17389
"gene_119",0,0,0,72,0,3665,0,626,0,2221,0,0,0,10577,0,0,0,0,0,0,0,0,0,0,7350,0,0,0,14,0,0,305,0,0,0,0,191,13,26,0,0,0,0,1855,0,0,0,0,0,0,0,0,0,0,3747,587,0,0,39,0,0,15153,0,0,20,0,0,0,0,139,0,0,0,1,0,0,0,0,201,0,0,0,0,0,0,0,122,7,0,0,0,0,0,0,0,0,0,0,0,2,1196,0,0,0,0,0,0,0,0,0,0,10,0,0,0,0,2,100,0,0,0,0,0,0,0,0,0,0,7268,0,0,234,2,0,0,0,0,0,0,3,1,0,0,309,0,0,0,5,0,0,0,19,0,0,0,0,0,0,0,0,0,0,0,0,0,0,11,0,108,0,71,0,0,0,0,43,0,0,0,0,0,0,0,0,0,0,0,0,0,0,0,0,0,0,69,0,0,117,0,0,0,0,0,0,2298,0,0,0,1,2,0,0,0,0,0,0,0,0,0,0,0,0,0,0,0,0,0,0,5,0,1,0,0,95,0,0,0,0,0,0,0,0,2,0,0,217,0,0,0,0,0,0,0,0,5,0,0,0,0,0,0,16,41,0,0,0,0,0,3,0,0,0,0,0,0,6547,0,509,0,7,0,0,0,46,0,0,0,0,41,0,0,0,3,0,0,453,1,8,0,0,0,58,0,732,171,0,30,0,0,0,0,0,0,13,0,0,0,0,0,0,0,0,0,0,0,0,116,0,0,0,0,5,0,0,0,0,0,0,0,0,0,0,8,0,73,0,1,0,26,4,0,0,6,1,0,0,0,0,0,0,0,0,0,2,121,0,0,0,0,0,0,0,0,0,254,0,0,143,0,0,0,0,0,0,3515,0,0,0,0,0,3087,0,0,0,541,1,1812,0,0,4,0,1338,0,1,0,0,0,0,0,0,0,0,572,0,0,0,1,0,0,0,0,0,0,0,0,0,7,0,0,0,0,0,0,0,0,1799,0,0,0,0,0,0,0,0,0,27,0,34,0,0,0,5,15,0,0,0,0,0,0,0,0,0,13,0,0,7,0,0,0,0,6,0,0,0,0,0,0,0,0,0,0,0,0,0,0,0,0,976,0,0,0,0,0,0,0,0,0,0,0,0,0,0,0,0,0,0,0,0,668,0,0,0,41,0,0,0,0,0,0,0,0,0,0,0,0,0,0,0,0,0,0,0,0,0,0,0,0,127,0,1,0,0,0,0,0,0,0,0,0,0,0,0,0,0,30,0,0,0,0,0,0,0,0,0,0,0,0,0,0,0,0,0,0,0,0,0,0,0,0,0,0,0,0,0,0,0,0,0,0,0,0,0,0,0,0,0,0,0,0,0,0,0,0,0,0,0,0,0,0,0,0,0,0,0,0,0,0,0,0,0,0,0,0,0,0,0,0,0,0,126,343,0,0,0,0,0,0,0,0,0,0,0,0,0,0,0,0,0,0,0,0,0,0,0,0,0,0,0,0,0,0,0,0,0,0,0,0,0,0,0,0,0,0,0,0,0,147,0,0,0,0,0,0,0,33,0,513,0,0,0,0,0,0,0,0,0,0,0,0,0,0,0,119,0,0,873,0,0,0,0,0,0,0,0,0,0,0,0,0,174,0,0,0,0,0,0,0,0,0,0,0,0,0,0,0,0,0,0,0,0,0,0,0,0,0,0,0,0,0,0,1,0,0,0,0,0,0,0
"gene_120",0,0,0,0,0,0,0,32,0,0,0,0,3,0,54,0,0,196,0,34,0,0,0,0,0,275,0,0,185,27,205,0,0,0,225,0,11,15,0,2,0,1,37,0,0,122,0,0,0,1,0,0,0,0,0,2,58,0,0,0,2,1,1,0,0,0,1,0,40,9,0,390,14,0,0,2,0,1,7,0,0,4,159,36,28,0,0,0,0,0,0,0,235,0,0,0,0,0,0,0,0,0,0,0,0,0,0,0,0,0,0,0,0,50,0,0,0,0,0,0,0,0,0,0,82,0,0,0,0,9,0,0,10,0,0,0,0,9,0,0,0,0,0,0,0,0,0,0,0,0,0,186,0,0,5,0,0,2624,0,0,0,0,0,0,0,0,215,0,0,0,0,0,260,1495,0,22,0,0,54,0,0,0,0,0,0,0,0,0,0,20,0,0,0,19,0,5,0,0,0,0,0,0,0,0,0,0,0,0,0,0,0,0,0,0,0,0,3,21,0,0,0,0,0,0,0,0,0,0,0,320,0,0,366,0,0,2502,79,0,0,0,0,1910,0,0,92,0,0,0,0,8,0,0,0,0,0,0,0,2,0,0,288,3,18,114,0,0,272,1,0,0,0,31,0,183,0,2,0,72,0,0,0,16,192,19,0,573,0,0,38,99,18,0,0,456,0,0,0,0,0,7,0,6,276,0,0,0,0,0,65,13,0,0,1,0,0,0,13,0,118,35,169,0,56,6,0,0,0,0,0,1,20,18,0,0,0,0,0,0,14,0,0,201,8,1,0,2,0,119,7,588,2,315,24,192,0,0,0,0,0,0,5,1,0,1,49,454,0,414,3,0,0,0,74,0,37,0,0,0,128,0,1,442,0,0,10,0,0,1,0,0,0,0,118,0,2,0,0,0,0,0,0,0,0,0,141,5,323,0,0,0,65,0,0,44,3,0,0,12,0,13,0,0,0,0,0,0,3,26,5,76,0,2,0,37,0,0,123,0,0,0,253,0,193,0,0,0,226,0,0,0,0,0,0,0,0,0,5,5,0,2889,0,0,44,13,0,257,0,0,0,595,0,0,15,0,622,0,0,0,0,0,0,1,0,0,0,0,237,1470,8,0,0,32,27,11,0,0,35,0,79,2485,324,0,0,78,0,357,0,0,0,0,0,0,0,0,72,0,2,0,0,0,67,0,0,0,0,16,2,0,0,0,0,6,0,0,0,758,0,133,12,87,0,13,0,0,0,3,0,0,1,623,0,0,0,0,0,91,0,0,0,0,692,0,0,0,359,0,0,0,165,4,0,561,0,0,948,0,0,0,9,0,0,0,0,0,0,0,0,0,0,41,0,0,0,0,19,0,0,0,0,0,0,0,0,0,65,0,252,27,0,13,0,0,0,0,0,0,0,0,0,417,401,5,0,0,0,0,0,0,0,0,0,0,0,0,0,0,1,0,0,0,0,0,0,0,0,0,0,0,0,0,0,0,0,0,0,0,0,1,0,0,0,0,0,0,0,0,0,0,0,43,0,0,0,0,0,0,0,0,0,113,0,0,0,0,39,3,0,0,0,87,0,0,0,0,0,33,15,0,0,0,0,0,1501,2896,174,31,0,0,0,0,0,3,0,0,1,0,0,0,0,0,0,0,0,0,0,1016,0,0,0,0,0,0,0,0,0,0,2,0,0,21,0,0,344,0,13,0,0,0,0,0,0,0,0,0,0,0,0,0
"gene_121",0,0,0,0,0,0,0,0,0,0,5,0,6,0,0,0,0,0,0,0,0,0,0,2,0,0,0,0,0,0,0,0,0,0,0,0,1,0,0,0,0,0,1,0,0,0,0,0,0,0,2,1,0,0,1,0,0,0,1,0,0,1,0,1,0,0,0,0,0,0,0,0,0,0,0,0,0,0,0,0,0,0,0,0,0,0,0,2,0,0,0,1,0,0,0,0,0,0,0,0,0,0,0,0,0,0,0,0,0,0,0,0,0,0,0,0,0,0,0,0,0,0,0,0,0,0,0,0,0,0,0,0,0,0,0,0,0,0,0,0,0,0,0,0,0,0,0,0,0,0,0,0,0,0,0,0,0,0,0,0,0,0,0,0,0,0,0,0,0,0,0,0,0,0,0,0,0,0,0,0,0,0,0,0,0,0,0,0,0,0,0,0,0,0,1,9,0,0,0,0,0,2,0,0,8,1,1,0,0,2,0,2,5,0,0,2,3,0,5,3,0,0,6,0,1,0,0,20,0,1,0,0,3,11,3,5,0,0,5,0,2,7,1,1,0,0,0,38,6,0,0,3,0,2,0,6,0,0,1,1,83,0,0,0,0,0,0,0,3,0,0,2,0,0,0,0,43,1,0,0,0,0,0,0,2,3,0,0,0,0,0,0,1,0,0,0,0,0,0,0,0,0,0,0,0,0,0,0,0,0,0,0,0,0,0,206,0,0,7,0,0,0,0,0,0,0,0,0,0,35,0,0,39,0,0,0,0,0,0,0,0,0,0,0,0,0,0,0,0,0,0,0,0,0,0,0,0,0,0,0,0,0,0,0,7,0,84,0,0,0,0,0,8,7,0,0,0,0,0,0,0,0,11,0,0,0,0,0,0,0,0,0,0,0,0,1,0,176,0,0,0,0,0,0,0,4,0,0,0,0,0,0,0,0,0,1,0,602,0,0,0,0,0,0,0,0,0,0,0,0,0,0,6,0,166,1,0,0,0,1,0,0,0,0,0,0,0,6,0,0,4,1,0,0,504,0,0,1645,153,0,0,718,2,0,0,0,0,0,0,0,6,0,0,0,1,0,0,0,80,0,0,725,0,0,0,319,1,3,0,3736,0,0,33,0,0,0,0,0,4,0,7,0,0,0,0,32,0,0,158,1784,2122,36,311,1,5,0,1,0,8,1,0,441,35,0,0,1645,0,0,0,0,0,0,0,0,0,0,872,0,0,0,0,0,0,0,27,0,0,0,2,0,18,1,0,0,0,0,0,0,0,0,0,601,0,0,0,0,0,0,0,0,0,0,0,0,0,0,0,0,0,2188,0,0,0,0,0,0,50,0,480,1,0,0,143,151,0,0,0,168,0,0,1514,0,0,0,0,0,0,0,0,0,0,1,0,0,0,0,3,0,0,0,0,3141,0,7,0,853,0,0,0,0,0,0,266,0,335,0,30,1,12,0,0,0,2,0,2,0,0,1,0,3,15,468,2,0,0,0,8,0,0,0,2052,1,8,0,147,0,122,0,1576,150,0,0,0,0,0,0,25,0,3,192,1,0,0,0,0,2118,0,0,2,0,46,0,0,41,0,0,0,4,0,2,4189,20,2,0,0,0,0,0,1,0,0,122,0,0,0,0,0,0,0,0,0,0,2,6,0,9,320,87,0,1,0,48,4,22,0,0,0,0,0,0,0,0,0,0,0,0,0,2911,0,10,20,0,0,2,380,0,40,1
"gene_122",0,0,0,0,0,0,0,0,0,0,0,0,0,0,0,0,0,0,0,0,0,0,0,0,0,0,0,0,0,0,0,0,0,0,0,0,0,0,0,0,0,0,0,0,0,0,0,0,0,0,0,0,0,0,0,0,0,0,0,0,0,0,0,0,0,0,0,0,0,0,0,0,0,0,0,0,0,0,0,0,0,0,0,0,0,0,0,0,0,0,0,0,452,2220,5502,197,3456,757,294,1501,585,2402,2969,10043,1070,3748,4531,1772,1361,16,3232,0,12,313,2,1414,100,11,13711,106,3743,1110,6,1237,2,1367,18,809,2398,34,203,174,7166,3471,12138,5,6932,4007,22493,1,462,571,147,327,329,6,51,19534,10395,5888,8943,198,1496,5122,28493,3,2108,2292,12297,2,1002,403,188,47,409,1044,0,11560,88,11,14781,12,119,252,11932,686,421,208,1100,9836,890,2856,7290,200,783,496,3137,9685,1425,420,205,6066,6645,22324,672,2,92,1036,13415,11991,0,1529,2371,15458,298,424,545,3604,3776,4,0,244,3019,1469,944,1139,80,2474,7691,575,3148,3562,94,20578,8889,10298,374,2009,3724,1985,397,4680,1689,2393,861,18068,174,3415,292,53,844,706,2578,796,177,2512,990,5949,0,6055,18021,17782,652,1848,578,0,1129,41,39,591,0,0,0,0,0,2,0,0,0,0,0,0,0,86,1,0,3,0,0,0,0,27,0,1684,0,1,0,0,338,0,0,0,1,49,0,0,0,0,0,4,0,372,0,0,0,33,0,0,0,0,0,0,0,3,53,0,0,0,446,692,0,0,313,0,961,0,8,0,0,8,6,0,21,12,101,0,0,3,0,0,0,0,0,1,3541,14,0,0,0,0,0,0,1,0,0,0,609,147,95,0,0,0,271,0,0,0,45,102,1,0,0,0,92,0,0,0,25,1617,0,0,0,0,0,0,0,10,193,185,0,0,0,281,0,0,0,0,0,100,0,0,204,36,0,0,0,81,0,797,0,0,0,1,0,103,486,21,0,2,0,2,0,0,0,0,6,30,0,0,20,0,7,9,0,46,0,38,0,0,0,0,24,0,0,125,0,0,0,0,0,0,0,0,0,497,134,0,0,500,0,0,8,0,0,1,5,0,0,0,0,0,0,2,0,0,0,0,11,0,0,0,20,0,0,0,0,0,0,0,0,0,0,30,0,708,0,0,0,5,0,0,32,3,604,949,153,0,0,0,0,1574,0,0,0,0,0,0,6,0,0,0,0,1620,13,0,2796,0,0,1572,53,0,0,54,0,0,26,10122,35,0,0,0,0,45,0,0,0,0,0,0,0,0,0,0,0,0,0,0,0,62,0,282,409,0,0,122,0,0,0,0,179,3,0,40,0,0,0,0,0,0,0,0,0,0,0,0,0,0,0,0,0,0,0,132,0,2,0,0,0,0,0,0,0,0,0,0,0,0,2956,0,0,0,0,0,0,0,0,927,0,0,0,0,0,495,0,0,0,0,0,0,0,0,0,0,0,0,0,0,0,0,0,0,6,0,0,0,0,0,0,0,0,0,0,0,0,0,0,0,0,0,0,0,0,0,50,0,0,0,0,0,0,0,0,0,0,0,0,0,0,0,0,0,0,0,1,0,0,0,0,0,0,0,0,138,0,0,0,0,0,0,0,0,0,0,0,0,0,336,0,0,0,0,0,74,0,1,0,0,0,0,0,0,0,0,0,0,0,0,0,258,0,0,0,0,0,0,0,0,0,0,0,0,0,0,5,0,0,0,0,527,0,16,0,0,3,0,0,0,0,0
"gene_123",0,0,0,0,0,0,0,0,2,0,0,0,0,0,0,0,0,0,0,0,0,0,0,0,0,0,0,0,0,0,0,0,0,0,0,0,0,0,0,0,0,0,0,0,0,0,4,0,0,0,0,0,0,0,0,0,0,0,0,0,0,0,0,0,0,0,0,0,0,0,0,0,0,0,0,0,0,0,0,0,0,0,0,0,0,0,0,0,0,0,0,0,0,0,0,0,0,158,16,0,0,54,0,0,0,0,0,14,0,0,200,0,0,0,0,0,0,94,31,0,0,5,0,171,2,173,0,0,0,7,0,0,0,233,919,0,0,1,0,0,0,0,0,0,0,3,0,0,0,0,0,0,1,0,0,0,10,0,0,0,0,9798,0,0,4,0,0,0,0,5604,0,0,0,0,0,0,2,0,2042,0,31,76,0,0,0,0,9,0,0,987,0,0,0,0,0,0,0,0,0,5,0,0,0,0,0,0,0,0,1,0,0,0,0,0,0,0,0,50,13,0,0,5,0,0,10,0,0,91,0,9,45,0,0,0,0,0,0,0,25,0,0,0,0,0,0,0,0,0,0,0,0,0,0,0,0,0,0,0,0,0,0,0,0,0,0,0,0,0,0,0,0,0,0,0,0,0,0,0,0,0,64,5,0,0,0,0,22,0,0,0,0,0,0,0,0,13,0,0,0,0,0,0,0,0,0,0,0,0,0,0,0,0,0,0,0,0,0,0,0,0,0,117,0,0,0,0,0,0,0,0,0,0,0,0,0,0,0,0,0,0,0,0,0,0,0,0,0,4691,0,0,0,0,0,0,0,0,0,0,0,0,0,0,0,0,0,0,0,0,0,0,0,0,0,0,0,0,0,0,0,801,0,0,0,7,0,0,0,0,0,0,0,0,0,0,0,0,0,0,0,0,358,0,0,0,0,0,0,0,0,0,0,0,0,0,0,0,0,0,0,0,0,0,0,0,0,0,0,0,0,0,0,542,0,0,0,0,0,0,0,0,0,0,0,0,0,0,0,0,0,168,0,0,0,0,0,0,0,17,0,0,0,0,0,0,0,0,0,0,0,0,0,0,0,0,0,0,0,0,0,0,0,0,0,0,0,0,0,0,0,0,0,0,0,0,0,0,0,0,0,0,0,0,0,0,0,0,0,0,0,0,0,0,0,0,0,0,0,0,0,0,0,0,0,0,0,0,0,0,0,0,0,0,0,0,0,0,0,0,0,0,0,0,0,0,0,0,0,0,0,0,0,0,0,0,0,0,0,0,0,0,0,0,0,0,0,0,0,0,0,0,0,10,1114,0,0,0,0,0,0,0,0,0,13,0,0,0,0,0,0,0,0,0,0,0,2,0,0,0,0,0,8,1439,0,0,0,0,0,0,0,0,0,0,0,0,0,0,0,0,0,0,0,0,0,0,0,0,0,0,0,0,0,0,0,0,0,0,0,0,0,0,0,0,0,0,0,0,0,0,0,82,0,0,0,0,0,0,0,0,115,0,0,0,0,0,0,0,13,21,1,27,0,619,0,0,0,0,0,0,0,0,0,0,0,0,0,0,0,0,0,0,0,1,0,0,0,0,0,0,0,0,0,0,0,0,0,0,0,0,0,0,0,21,0,0,0,0,0,0,0,0,0,0,0,0,0,0,0,0,0,0,0,0,0,0,0,0,0,0,0,0,0,0,0,0,0,0,0,0,0,0,0,0,0,0,0,0,0,0
"gene_124",0,0,0,0,0,0,243,22,0,1,0,0,0,0,0,0,0,0,0,8,5,231,0,0,0,38,0,25,0,214,0,0,0,0,0,0,8,0,0,0,0,0,0,0,0,0,0,0,0,0,0,0,0,0,0,0,6,0,0,356,0,1238,0,0,0,0,0,0,0,0,0,0,0,0,8,0,0,0,0,0,0,0,0,375,0,0,0,0,0,0,0,0,0,3,0,0,0,0,0,0,0,0,103,0,0,0,0,37,1,0,174,0,0,0,450,0,0,0,0,0,0,0,0,0,82,0,0,0,0,0,0,0,0,0,0,0,0,0,0,0,0,2243,0,0,20,0,0,0,0,0,0,0,120,0,0,0,0,0,22,17,0,0,0,0,108,0,2,0,0,0,0,0,0,0,0,33,0,0,0,10,0,0,0,21,0,0,0,53,0,0,0,0,64,0,0,0,0,0,0,0,0,40,126,0,0,0,0,0,0,0,0,0,0,0,0,1498,0,0,0,0,2,0,0,0,1,0,0,0,521,0,2,0,1,134,3,1,0,113,0,0,0,0,13,0,0,0,0,749,0,2,3418,0,19,2,0,0,0,0,0,0,11,5,77,280,413,0,0,0,0,0,0,3180,0,0,3,61,81,0,2,2,1,0,0,0,0,1,0,435,328,0,0,0,0,773,0,0,1562,0,6,0,13,0,0,0,132,127,0,167,137,83,0,9,1,0,0,0,25,183,0,1,0,0,759,0,0,21,2,0,49,0,0,0,0,0,588,0,0,0,312,106,0,2262,0,451,0,3,0,202,0,74,0,0,0,1,7,0,0,0,0,0,0,467,0,1502,0,0,0,0,0,0,0,3,0,0,0,1116,838,6,0,0,180,9,0,0,0,0,0,0,0,0,0,702,82,341,0,0,0,76,74,2,0,1,0,102,0,113,52,27,1,445,16,1,0,0,0,99,211,145,0,40,4,24,578,0,72,18,120,13,0,14,667,24,0,0,0,0,0,0,0,0,0,0,0,0,0,0,0,0,0,0,0,0,0,0,0,0,0,0,0,0,0,0,0,0,0,0,0,0,0,0,10,0,0,0,0,0,0,0,0,0,266,0,0,0,0,0,0,0,0,0,0,0,0,6,0,0,0,0,0,0,0,0,0,0,0,0,0,0,0,0,0,0,0,5,0,0,0,0,0,0,0,0,0,0,0,0,0,0,0,0,0,0,0,0,0,0,0,0,0,0,0,0,0,0,0,0,0,0,0,0,0,0,0,0,0,0,0,0,0,0,0,0,0,0,0,0,0,0,0,0,0,0,522,0,0,0,0,0,0,0,0,0,0,0,2,0,0,0,0,0,0,0,0,0,0,0,0,382,0,0,0,0,0,0,0,0,0,0,0,0,0,0,624,0,0,0,0,0,419,0,0,0,0,0,0,0,0,0,0,0,0,0,17,0,0,0,0,0,0,0,0,0,0,0,0,0,0,0,0,0,0,0,177,0,0,0,0,0,0,0,0,0,0,0,0,0,0,0,0,0,0,0,7,0,0,0,0,0,0,0,0,9,0,0,0,0,0,0,0,0,0,0,0,0,0,0,0,0,0,0,0,0,0,0,0,0,0,0,0,0,0,0,0,0,0,0,0,0,0,0,0,0,0,0,0,0,0,1,0,0,0,0,0,0,0,0,0,0,0,0,0,1,0,0,0,0,0,0,0,0,0,0,0,0,0,0,0,0
"gene_125",0,0,0,6,0,0,0,0,11,0,0,0,0,3,0,0,0,0,0,0,0,0,0,0,0,0,0,0,0,0,0,3,0,0,7,0,0,0,3,0,0,0,0,0,0,0,0,0,0,0,0,0,0,12,0,44,0,0,147,0,0,0,0,0,0,0,0,0,0,5,0,0,0,0,0,0,0,0,0,0,0,2,0,0,0,12,2,0,0,0,0,0,0,0,0,0,0,0,0,0,0,0,0,0,0,1,1,0,0,0,0,0,0,0,0,0,0,0,0,0,0,0,0,0,0,0,0,0,0,0,0,0,15,0,0,129,0,4,0,0,0,0,1,0,0,10600,0,0,0,0,1971,0,2,718,0,0,1714,0,0,6,0,0,0,0,0,0,0,0,0,0,0,0,0,0,0,0,0,0,97,1,0,0,0,0,0,0,0,0,31,0,0,0,0,0,417,3148,0,0,0,0,0,0,0,0,0,1,0,0,1,0,0,20,0,0,0,89,0,0,0,0,0,9,0,0,0,0,0,0,0,0,0,0,5,0,0,14,0,4,0,10,0,0,0,0,22,0,0,1,0,0,4,271,182,2274,0,0,0,0,0,0,0,0,0,0,0,0,0,0,0,0,0,0,0,0,0,0,0,0,0,0,0,0,0,0,0,0,0,0,0,0,0,26,0,0,0,0,0,0,0,0,0,0,0,0,0,0,0,0,0,0,0,0,0,0,0,0,0,0,0,0,0,0,0,0,0,0,0,0,0,0,0,0,0,0,0,0,0,0,0,0,0,0,0,0,0,0,0,0,0,0,0,0,0,0,0,0,0,152,0,0,0,0,0,0,0,0,0,0,0,0,0,0,0,0,0,0,0,0,0,0,0,0,0,0,0,0,0,0,0,0,0,0,0,0,0,0,0,0,0,0,0,0,0,0,0,0,0,0,0,0,0,0,0,0,0,0,0,0,0,0,0,0,0,0,0,0,0,0,0,0,0,0,0,0,0,0,0,0,0,0,0,0,0,0,0,0,0,0,0,0,0,0,0,0,0,0,0,0,0,0,0,0,0,0,0,0,0,0,0,0,0,0,0,0,0,0,0,0,0,0,0,3,0,0,0,0,0,0,0,0,0,0,4,0,0,0,0,0,0,0,0,0,0,0,0,0,0,0,0,0,0,0,0,0,0,0,0,0,0,0,0,0,0,0,0,0,0,0,0,0,0,0,0,0,0,0,0,0,0,0,0,0,95,0,0,0,0,0,0,0,0,0,0,0,0,0,0,752,0,0,0,0,0,0,0,0,0,0,0,0,0,0,0,0,0,0,0,0,0,2,0,0,0,0,375,0,0,0,0,0,0,0,0,1,4,0,0,0,0,0,0,0,0,0,117,0,0,0,0,3,0,0,0,0,0,0,0,0,0,0,1,0,0,0,0,0,0,0,0,0,0,0,0,209,0,0,0,109,0,0,0,0,0,0,647,0,0,0,0,0,0,0,0,0,22,0,52,0,0,0,38,3954,0,0,0,0,129,227,0,285,0,0,0,0,2,14,0,0,0,0,118,0,0,0,0,0,0,0,0,0,0,0,0,0,104,0,0,0,0,0,0,0,0,0,1,0,0,0,0,0,0,92,0,6,0,0,223,0,0,0,36,0,0,15,0,0,0,0,0,0,0,0,0,0,0,0,0,25,0,0,0,0,0,0,0,0,0,0,0,0,0,0,0,21,0,0,0,0
"gene_126",188,0,1790,0,0,1,41,0,325,0,12585,9446,0,4442,1415,0,0,0,0,0,0,0,914,27,0,13,0,0,5,0,279,1,0,0,13,0,0,155,0,0,6,0,0,0,0,0,4,0,33,0,0,0,427,0,4,224,0,0,207,0,4,5412,0,1,833,228,0,2033,0,416,0,0,200,73,0,0,0,0,3137,9170,0,136,0,882,0,690,0,8,0,0,3,2725,289,0,19687,0,22,0,2156,0,0,0,0,0,0,50,0,0,0,665,0,0,0,185,0,2,0,0,0,0,0,0,0,1,142,3548,0,0,0,1,0,0,0,85,0,0,31,135,0,3530,0,0,0,7064,0,288,3,0,910,186,24,0,1,16,34,0,10,0,136,0,0,4,1102,0,8,0,0,8969,98,0,0,5,209,0,0,0,1824,4,0,0,0,3,0,0,0,0,3302,0,2320,0,1055,163,0,0,0,0,0,219,2,0,0,0,175,0,0,0,0,0,12,0,0,0,0,9,9,2052,0,1,0,117,1,0,1,0,0,0,0,0,0,0,0,0,8,0,0,0,0,0,984,0,2,19,0,0,0,0,0,0,0,0,1,0,0,0,0,0,0,0,0,0,0,0,0,0,0,0,0,0,0,0,0,0,0,0,0,0,0,0,0,11,0,0,0,0,0,0,0,0,0,0,0,0,0,0,0,0,0,0,0,0,0,0,3666,0,0,0,0,0,0,0,0,0,0,0,0,0,0,0,0,0,0,0,0,0,0,0,0,0,0,0,0,0,0,15,0,0,0,0,0,0,0,0,0,0,640,0,0,0,0,0,1,139,0,0,0,0,0,0,0,0,0,0,0,0,0,0,0,0,0,0,0,0,0,0,8,0,0,0,0,0,0,0,0,0,0,2735,0,0,0,0,0,0,0,0,0,0,0,0,0,0,0,297,33,0,0,0,0,0,0,0,0,0,0,0,0,0,0,0,0,0,0,0,0,0,0,0,0,0,0,0,0,0,0,32,0,16,0,0,0,0,0,0,218,0,2,47,182,3,0,1148,0,0,0,0,0,0,0,9,34,0,1493,0,0,0,0,0,0,0,68,0,0,0,3222,23,50,0,0,0,0,0,0,0,1,0,0,0,1,0,0,0,0,0,52,0,0,0,0,0,3198,70,0,38,0,0,0,0,1402,0,0,0,0,0,0,0,0,0,287,0,0,0,0,37,0,35,0,0,1,0,0,0,3,6431,0,0,18,0,0,0,0,0,0,0,94,0,1,0,0,2,0,1453,1,0,0,435,0,47,0,0,2,0,0,23,0,0,1378,0,1931,1,0,2576,1,0,0,79,3,0,538,0,0,0,0,52,0,0,518,0,0,0,0,0,0,0,0,0,1981,0,1,0,0,1,4854,0,0,0,0,0,0,0,10487,0,0,0,0,1,1071,0,0,0,10,0,18630,0,0,0,0,0,0,0,0,0,0,2,0,0,0,0,0,0,0,0,0,1,45,3,0,148,0,1,0,64,0,406,0,60,0,281,5,0,0,0,0,0,0,492,0,0,0,0,0,0,0,0,0,0,0,0,0,0,0,0,0,0,9,0,0,0,0,0,0,0,0,0,0,0,8,0,0,350,327,10,0,5575,0,0,0,0,0,104,0,0,0,0,0,0,0,0,0,0,6,0,0,0,0,0,0,1224,1023,0,3353,0,0,0,0,0,0,0,0,1,0,0,130,204,35,0,0,0,397,0,0,0,19,0,0,0,0,0,0,0
"gene_127",954,0,145,16,0,0,387,0,10,0,0,173,949,0,765,0,0,67,6,813,0,0,1,344,0,0,0,48,0,0,0,0,56,0,15,0,501,0,285,34,24,0,0,0,1,0,700,1376,0,0,0,2097,229,0,0,0,0,0,0,20,0,0,0,0,63,102,0,0,6,13,0,0,0,0,1,233,0,0,22,0,49,0,0,0,0,50,0,3,92,0,98,0,139,1,0,0,0,0,0,0,0,0,0,0,0,0,0,0,6117,0,20,7,0,4337,1,0,0,6,0,0,0,10,0,0,0,0,0,0,13,0,0,0,0,0,0,0,0,0,0,392,0,0,0,0,0,0,0,0,0,0,0,0,0,0,0,0,2,0,0,0,0,0,0,0,0,0,0,0,0,0,0,0,0,0,0,0,0,0,0,0,34,0,0,0,0,0,0,0,0,0,0,0,0,0,0,0,0,4,0,82,0,2,0,559,0,5,0,6033,2,0,0,0,0,0,14,40,0,0,0,2,0,0,0,0,0,0,0,0,0,0,0,855,0,0,0,0,0,0,0,70,0,0,0,0,0,0,0,683,0,0,0,0,1090,0,0,0,0,0,1,0,183,0,0,0,0,0,0,0,0,0,0,0,0,0,0,0,0,0,0,0,0,0,0,0,0,0,0,0,0,0,0,0,0,0,0,0,0,0,0,0,0,0,0,0,0,0,0,0,0,0,0,0,0,0,0,0,0,0,0,6,0,0,0,0,0,0,0,0,0,0,0,0,0,0,0,0,0,0,0,0,0,0,0,0,0,0,0,0,0,0,0,0,0,0,0,0,0,0,0,0,0,0,0,0,605,0,0,0,0,0,0,0,0,0,0,0,0,0,0,0,0,0,0,0,0,0,0,0,0,0,0,0,0,0,0,0,0,0,0,0,0,0,0,0,0,0,0,0,6,0,0,0,0,0,0,0,0,0,0,0,0,0,0,0,0,0,0,0,0,0,0,0,236,0,0,0,0,0,0,16,0,54,729,0,1,0,0,27,0,0,0,0,24,6,3,0,6,2,1,383,0,1,0,0,5,0,0,0,0,0,2,3,0,0,0,0,275,0,20,396,43,0,131,0,0,0,0,0,1,0,0,0,0,0,618,456,0,1059,1,0,0,0,0,2955,77,1,21,0,0,507,2,0,0,0,583,0,0,2737,0,66,0,3,323,0,140,8,0,0,56,0,0,4,68,0,0,0,1498,0,27,0,0,0,0,0,0,142,0,0,0,0,0,114,0,0,0,0,67,0,0,0,0,0,0,13,0,2,79,0,0,0,0,0,0,130,0,0,0,0,0,0,0,0,0,0,0,0,0,0,0,0,0,0,0,0,137,0,20,0,0,0,0,265,0,3649,0,87,0,0,5,1,0,29,0,0,0,0,0,4,0,0,0,0,0,0,0,0,2,0,0,0,0,0,0,0,0,0,0,0,9,0,0,131,0,0,0,0,0,0,0,0,0,0,0,0,0,0,6008,0,0,0,70,0,0,71,0,0,2670,0,0,0,20,0,0,0,0,0,0,0,0,0,0,0,0,0,0,0,0,552,0,0,0,0,72,0,0,0,883,0,206,0,0,2,0,0,0,1,0,0,0,0,0,1493,0,0,0,0,0,0,0,0,0,0,3,0,0,0,0,7,0,0,0,0,0,252,6,0,0,0,0,222,366,0,9,0,0,0,0,0,0,0,5147,3,0,0,0,0,0,0
"gene_128",0,224,0,0,0,0,0,0,0,0,0,0,0,32,0,0,0,4,0,1,0,0,0,0,0,0,0,0,0,0,0,0,0,0,0,0,0,0,0,0,0,0,0,0,59,0,0,0,0,0,0,0,0,0,0,0,0,0,0,0,0,0,0,0,0,0,0,0,0,0,0,0,0,0,0,0,0,0,0,0,52,0,0,0,0,0,3,0,0,0,0,0,0,0,0,0,0,0,41,0,0,0,0,0,0,0,0,0,0,0,0,0,0,0,0,0,0,0,0,0,0,0,0,0,0,0,6,5,0,98,0,0,0,0,0,1471,0,0,0,0,0,0,0,0,0,0,0,0,0,0,0,0,0,0,0,0,0,0,0,0,0,0,0,0,0,0,0,0,0,0,0,0,0,0,0,0,102,0,0,2,0,0,0,0,0,0,0,0,0,0,0,0,0,0,0,0,0,0,0,0,1,0,0,0,0,0,0,0,0,0,0,0,1,0,0,0,0,0,0,0,0,0,0,0,0,1,0,0,0,0,0,0,0,0,0,0,0,0,0,0,0,0,0,0,0,0,0,0,0,0,0,0,0,0,0,0,0,0,0,0,135,152,1,993,0,0,0,0,0,2,1,0,200,2,7,156,168,0,0,0,0,0,2706,0,0,0,0,4,1,36,25,14,135,0,74,0,1,0,6,8,142,0,1,0,12,0,0,0,918,1,5,0,365,0,0,203,115,0,0,0,0,0,0,16,222,0,282,0,201,0,482,3,50,0,29,0,0,0,340,0,0,0,1027,0,0,0,538,2,0,3,0,1,230,0,333,997,0,16,0,412,0,651,63,9,471,18,0,0,0,0,0,0,27,21,0,907,0,88,1,0,0,2073,319,14,279,5,0,4,72,0,0,0,0,141,0,0,0,0,446,0,0,0,0,0,2,0,0,54,0,0,0,0,75,0,3,0,16,191,72,0,53,0,0,6,0,0,0,8,0,0,0,0,29,0,0,7,0,0,198,967,472,0,199,115,0,535,0,1,0,2,0,476,88,5,0,0,50,0,2,0,629,80,0,0,10,0,0,2,0,0,0,0,0,0,0,45,11,71,0,1,0,13,0,0,6,108,0,0,0,0,0,0,0,0,0,0,0,0,14,0,47,0,0,0,0,0,0,0,0,0,0,0,0,0,6,11,0,0,0,0,0,485,0,0,77,0,0,0,1,0,0,0,0,0,26,0,45,185,0,0,0,0,0,359,0,0,1972,0,0,1,1,0,0,0,0,267,0,0,0,0,1,2,0,0,544,0,0,0,174,0,0,0,0,5,0,5,0,0,0,1,0,0,0,1,0,0,58,0,0,0,0,0,0,17,0,0,0,0,27,0,0,0,0,0,136,37,0,0,8,0,57,0,0,1,0,0,666,0,0,0,523,76,0,0,57,0,134,0,3,39,3,0,0,0,0,10,7268,0,0,441,6505,0,321,0,0,0,7,0,0,0,0,94,0,0,0,1,0,0,0,0,184,6051,0,410,4,0,0,0,0,0,0,0,0,0,0,0,111,0,0,0,0,1,0,0,0,0,2,0,0,0,8,0,9,67,0,26,0,2,0,2,14,0,0,0,0,56,83,0,255,0,0,104,0,0,0,0,3,11,0,0,0,1,0,0,0,0,1,0,905,0,0,0,0,1223,0,0,0,0,3,985,92,0,1,0,0,0,0,0,0,0,0,0,0,164,0,0,23,1
"gene_129",0,0,934,6,0,0,0,0,0,0,61,0,0,0,6,1,0,0,0,0,0,0,12048,42,0,0,134,0,75,3,0,0,0,0,12,0,3572,0,0,4799,27,0,0,0,0,0,0,0,0,0,0,0,0,0,0,0,0,0,1,0,0,465,2,0,0,0,0,0,0,0,0,0,0,0,0,0,0,0,0,0,0,0,0,0,0,140,0,0,0,0,0,0,18,0,0,0,0,0,0,0,0,23,0,0,0,0,0,0,0,0,0,0,0,0,0,0,0,0,0,0,0,0,841,0,0,0,0,0,0,0,0,4,0,0,0,0,0,0,0,0,0,0,0,0,0,0,0,0,0,0,0,0,0,0,0,0,0,0,0,0,0,0,0,0,0,0,0,0,0,0,0,0,0,0,0,0,0,0,0,0,0,0,2137,0,0,0,0,0,0,0,0,0,0,0,0,0,0,0,0,0,0,0,0,0,0,0,0,0,0,0,0,0,0,0,0,0,0,0,0,0,0,0,0,0,0,0,0,0,0,0,0,0,0,0,0,0,0,0,0,0,0,0,0,0,0,0,0,0,0,0,0,0,0,0,0,0,0,0,0,0,0,0,0,0,0,0,0,0,0,0,0,0,0,0,0,0,0,0,0,0,3,0,0,0,0,0,0,0,0,0,0,0,7,14,0,0,0,0,0,0,45,0,0,0,0,0,0,0,0,0,0,0,0,0,0,0,0,0,0,0,0,0,0,0,0,0,0,0,0,0,0,0,2190,0,0,0,0,0,0,6,0,3,0,0,0,0,0,758,0,0,1,0,0,0,0,0,0,0,0,0,0,0,0,0,0,0,0,0,0,0,0,0,0,0,0,0,0,0,0,0,28,1,0,0,0,0,0,0,0,0,0,0,0,0,0,0,0,0,2,0,0,2066,0,0,0,0,0,0,0,0,0,0,0,0,4308,0,0,0,0,38,0,0,0,0,0,0,0,0,0,0,0,0,320,0,0,0,0,0,0,0,4645,0,0,0,0,108,0,0,176,0,0,78,0,0,58,564,0,0,0,91,0,0,0,0,0,0,0,0,0,1099,0,0,0,64,0,44,2,0,0,0,0,0,0,0,0,0,0,0,0,28,0,0,0,3,0,0,0,0,0,0,0,0,0,0,0,0,0,16,0,0,0,0,0,0,3,0,0,0,0,0,0,0,0,0,0,0,0,0,619,0,0,0,0,0,0,0,0,5579,0,0,0,378,0,0,0,0,0,0,0,0,0,0,0,0,2304,1,0,0,0,0,0,0,0,0,0,0,0,2409,0,0,0,0,0,0,0,0,0,2,2543,15,3007,0,0,0,7,4228,0,33,0,0,0,0,0,4124,150,0,0,0,0,0,0,0,21,0,0,1,43,0,0,0,0,0,0,0,0,0,2317,0,0,0,0,0,40,34,1259,0,0,0,0,0,0,181,116,0,0,0,0,0,0,0,0,3283,0,0,180,0,31,0,0,0,0,1350,0,0,0,0,0,0,0,0,0,0,0,49,0,0,0,0,0,0,0,0,30,0,0,0,0,0,0,0,0,0,0,0,0,0,0,0,0,0,0,119,0,2017,0,386,0,0,0,0,879,4,0,0,0,10733,0,0,0,545,1145,0,0,118,0,0,0,0,0,0,0,0,135,63,0,0,0,0,0,0,0,0,0,0,0,0,7,0,2869,0,0,0,319,2146,0,0,0,0,1,0,0,0,0,0,0,0,0,0
"gene_130",0,0,0,0,0,0,0,0,0,0,0,0,0,0,0,0,0,0,0,0,0,0,0,0,0,0,0,0,0,0,0,0,0,0,0,0,0,0,0,0,0,0,0,0,0,0,0,0,0,0,0,0,0,0,0,0,0,0,0,0,0,0,0,0,0,0,0,0,0,0,0,0,0,0,0,0,0,0,0,0,0,0,0,0,0,0,0,0,0,0,0,0,0,0,0,0,0,0,0,0,0,0,0,0,0,0,0,0,0,0,0,0,0,0,0,0,0,0,0,0,0,0,0,0,0,0,0,0,0,0,0,0,0,0,0,0,0,0,0,0,0,0,0,0,0,0,0,0,0,0,0,0,0,0,0,0,0,0,0,0,0,0,0,0,0,0,0,0,0,0,0,0,0,0,0,0,0,0,0,0,0,0,0,0,0,0,0,0,0,0,0,0,0,0,0,0,0,0,0,0,0,0,0,0,0,0,0,0,0,0,0,0,0,0,0,0,0,0,0,0,0,0,0,0,0,0,0,0,0,0,0,0,0,0,0,0,0,0,0,0,0,0,0,0,0,0,0,0,0,0,0,0,0,0,0,0,0,0,0,0,1,0,0,0,0,0,0,1,0,0,0,0,0,0,0,0,3,1,0,0,0,2,0,0,0,0,0,0,0,0,0,2,0,1,0,0,0,0,0,0,1,0,0,0,0,0,0,0,0,1,0,0,0,0,0,0,0,0,0,0,0,1,0,0,0,0,0,0,0,0,0,0,0,0,0,0,0,0,0,0,0,0,0,0,0,0,0,0,0,0,2,0,0,0,0,0,0,1,0,0,0,0,0,0,0,1,0,0,0,0,0,0,0,0,1,0,0,0,0,0,1,0,0,0,0,0,0,0,0,0,0,0,0,0,0,0,0,0,0,0,0,0,0,0,0,0,1,0,0,1,1,0,0,2,1,0,0,0,1,0,0,1,0,0,0,0,0,0,1,1,1,0,0,0,0,0,0,0,0,0,0,0,0,0,0,0,0,0,0,0,0,0,0,0,0,0,0,0,0,0,0,0,0,0,0,0,0,0,0,0,0,0,0,0,0,0,0,0,0,0,0,0,0,0,0,0,0,0,0,0,0,0,0,0,0,0,0,0,0,0,0,0,0,0,0,0,0,0,0,0,0,0,0,0,0,0,0,0,0,0,0,0,0,0,0,0,0,0,0,0,0,0,0,0,0,0,0,0,0,0,0,0,0,0,0,0,0,0,0,0,0,0,0,0,0,0,0,0,0,0,0,0,0,0,0,0,0,0,0,0,0,0,0,0,0,0,45,0,1,0,155,0,0,0,129,0,0,0,1,0,79,0,0,0,0,0,0,0,0,0,138,171,0,0,0,0,0,4824,0,170,0,0,227,0,0,0,0,0,1,0,0,0,0,0,0,0,0,0,0,0,32,0,0,0,0,0,0,0,0,0,0,0,0,0,0,0,0,631,0,0,4,0,0,0,0,0,0,1772,0,0,0,0,0,0,0,0,0,0,0,0,0,0,0,0,0,12,7672,0,0,0,15,0,1,0,0,0,682,0,0,0,0,0,0,0,0,0,0,0,0,0,0,0,1013,0,3,0,0,22,0,5,0,0,0,2626,0,0,0,8,0,0,0,0,0,0,0,0,0,4,0,0,0,0,0,84,706,0,0,0,1,0,0,0,0,0,0,0,0,0,80,0,0,0,0,0,0,12,0,0
"gene_131",0,0,0,0,0,20,0,0,0,0,0,5,0,0,0,0,0,0,0,0,10,0,0,0,0,0,0,0,37,70,0,3,0,1112,0,0,25,0,0,0,0,0,0,0,0,0,0,0,0,0,0,0,0,0,0,0,0,0,0,0,0,0,0,0,0,0,0,0,334,0,13,0,1,0,0,0,0,0,0,0,125,0,0,0,0,0,0,0,0,0,669,2,0,0,0,0,0,0,0,4,0,0,0,0,0,0,0,0,70,0,0,19,0,0,0,0,0,0,2,0,0,0,5,0,1346,0,0,767,0,170,0,0,0,0,0,37,0,0,0,0,0,0,3,7633,3,0,1193,0,250,0,44,0,1,0,0,0,0,137,0,0,0,0,0,155,0,0,119,0,0,228,0,0,12,3,87,0,0,0,7,0,0,109,1526,0,0,0,0,0,16,0,0,0,0,0,0,0,0,0,0,0,0,0,0,0,0,0,0,0,0,0,0,0,0,0,0,0,21,0,0,0,0,0,0,0,0,0,0,0,0,0,0,0,0,0,0,0,0,5,0,0,0,0,0,0,0,0,0,0,0,0,0,0,0,0,0,0,0,0,0,0,0,0,0,0,0,0,0,0,0,0,0,0,0,0,0,259,0,0,0,0,0,0,0,0,0,0,0,0,0,0,0,0,0,0,0,0,0,0,0,0,0,0,422,0,0,0,0,0,0,0,0,1,0,0,0,201,0,0,18,0,0,0,0,0,0,0,0,0,1673,83,0,0,0,0,0,0,0,0,0,0,0,0,0,0,0,0,0,0,0,0,0,0,0,0,0,0,0,0,0,0,0,0,0,0,0,0,0,0,0,0,0,0,0,0,0,0,0,0,0,0,0,0,0,0,0,0,0,0,0,0,0,0,0,0,0,0,0,0,0,0,0,0,0,0,0,0,0,0,0,0,0,0,0,0,0,0,0,0,0,0,0,0,0,0,0,0,0,0,0,0,0,0,0,0,0,0,0,0,0,0,0,1,0,0,0,0,0,0,0,0,0,0,0,24,0,0,0,65,0,0,0,0,0,0,0,0,0,0,0,0,0,0,0,0,0,0,62,0,0,0,317,977,0,0,0,0,0,0,0,0,0,0,0,0,0,0,0,0,0,0,0,187,0,0,0,0,0,0,0,0,0,0,0,0,0,0,0,0,0,0,0,0,0,0,0,0,0,0,0,0,0,27,0,0,0,0,0,0,0,0,0,0,0,0,0,0,0,0,0,0,0,0,0,0,3,2,0,0,0,0,0,0,0,0,0,0,0,0,0,0,3,0,0,0,0,0,314,0,0,0,0,0,0,0,0,0,0,0,0,0,0,0,0,0,0,299,0,0,3,0,65,0,1,0,0,54,0,0,35,0,0,0,0,0,0,0,0,0,16680,0,0,0,0,0,0,0,7995,0,13,0,0,0,261,0,0,0,0,2215,0,0,0,0,0,0,0,0,1,0,0,0,2891,0,0,0,0,0,0,0,0,0,4092,0,0,28,12908,0,0,0,153,66,0,0,0,0,0,28456,1,0,0,0,0,0,0,1,0,0,0,0,23837,0,0,7,0,0,0,0,1852,0,0,68,0,0,0,0,0,0,0,0,0,0,0,0,0,0,0,0,0,0,24,0,11,0,0,0,842,0,0,0,0,0,0,0,1339,0,0,0,0,0,0,0,34,0,0,0,4,0,0,0,0,0,0,0,0,0,0,0,0,27
"gene_132",0,0,66,0,0,0,3582,3236,0,0,0,0,0,0,3,3,0,3260,0,17,5,0,0,0,0,0,77,0,0,0,0,4,0,0,0,0,0,1878,0,3,0,0,0,0,0,0,0,0,0,0,0,0,0,0,2,2,0,0,68,0,0,0,0,15,0,0,0,0,0,0,117,0,84,0,0,1,2,0,0,2,49,0,0,237,0,0,66,0,2,0,0,0,0,36,0,0,0,0,0,0,0,5,418,3771,0,0,0,57,0,440,3725,309,0,0,0,0,0,0,0,0,0,0,0,0,0,0,0,0,0,0,0,0,435,0,0,0,21420,0,58,0,0,0,0,2989,0,0,0,0,1821,0,4,0,0,0,0,0,0,0,0,119,0,0,402,0,0,0,1020,0,0,0,0,0,926,0,0,0,0,0,0,0,0,0,0,0,0,0,9583,18,0,0,0,0,0,0,3,0,0,0,0,0,0,0,1259,0,0,0,0,0,0,0,0,0,0,0,0,0,0,0,21,0,0,0,0,0,0,0,1220,0,0,2,0,0,0,0,0,0,0,0,6,0,0,0,0,0,1,0,0,0,0,0,0,0,0,0,0,0,0,17,0,0,0,0,6,1,0,0,0,0,0,0,0,0,0,0,0,30,0,190,0,0,0,0,0,295,2459,0,18,0,1,914,0,0,287,17,3,0,0,0,5021,0,0,0,0,0,0,243,1,0,0,0,0,1633,0,0,460,0,0,0,2,0,0,0,195,0,0,0,0,0,1136,1,0,0,1,35,0,36,2,0,1,4043,0,0,1,0,6,0,0,0,15,0,19,814,0,0,45,0,0,117,0,0,5,82,0,1707,0,2,0,0,3549,0,0,0,0,0,39,0,0,0,0,0,7441,1,75,0,112,3,0,574,9,2341,0,0,0,0,849,0,0,0,0,0,0,0,0,5122,16,0,0,0,42,0,50,0,4541,0,0,0,1742,0,39,0,473,0,308,0,7,1319,0,25,871,0,4,1951,0,0,0,3,19,0,0,0,0,0,25,0,45,0,12,0,0,1,0,0,0,163,0,0,0,103,0,2215,0,0,0,254,0,0,0,0,0,0,0,0,0,0,509,0,0,0,0,0,0,11,0,0,0,0,0,0,1446,11,0,0,716,0,0,0,5,0,26,0,0,0,0,0,0,0,0,0,78,0,0,0,0,0,9,0,0,0,0,1,0,0,0,0,0,0,0,0,0,0,0,0,0,207,1317,0,0,0,0,2,0,0,0,17,0,0,0,0,7,0,0,95,0,0,469,0,0,214,0,8,0,1,0,0,0,9,0,0,0,32,0,0,0,3,0,25,0,0,0,0,3287,0,0,0,0,189,0,0,0,0,0,0,0,0,3,0,0,159,0,0,2,0,0,1445,0,0,1,0,0,165,0,0,0,0,0,0,0,0,0,0,0,150,3,0,0,38,394,0,0,0,0,0,0,0,0,0,0,0,70,0,0,0,0,0,0,0,0,0,0,0,0,0,0,0,0,31,0,0,0,0,0,0,0,0,0,0,0,0,0,0,0,0,2957,6003,5,0,136,0,0,0,0,0,0,0,0,0,0,0,0,0,0,0,0,0,0,0,0,0,191,0,0,1,0,5,0,0,0,0,0,282,0,1080,19,0,0,0,0,0,0,0,0,22,170,0,0,0,0,559,0,0,0,0,2631,0,0,1540,0,0,4,0,0,0,0,0,0,0,0,30,0,0,12021,1909,0,40,1,324,0,0
"gene_133",0,0,0,0,0,0,0,0,0,0,0,0,0,0,0,0,0,0,0,0,0,0,0,0,0,0,0,0,0,0,0,0,0,0,0,0,0,0,0,0,0,0,0,0,0,0,0,0,0,0,0,0,0,0,0,0,0,0,0,0,0,0,0,0,0,0,0,0,0,0,0,0,0,0,0,0,0,0,0,0,0,0,0,0,0,0,0,0,0,0,0,0,0,0,0,0,891,0,0,0,0,0,0,0,0,456,0,0,0,0,0,0,0,0,0,0,0,109,0,0,0,0,0,0,653,13,0,0,0,0,0,0,0,0,0,0,0,0,0,0,0,0,0,0,0,0,0,0,2,0,0,0,0,0,0,0,41,0,0,0,0,0,0,0,0,0,0,0,0,0,0,0,0,0,0,0,0,0,0,0,0,0,0,0,16,0,0,86,0,0,0,0,0,0,0,0,0,0,0,0,9,0,1,15,22,0,5,0,5,0,1,3,12,0,0,0,0,0,1,0,2,3,0,0,58,0,11,1,0,0,0,3,0,0,0,1,3,0,0,0,1,7,0,0,1,0,3,0,4,1,40,0,0,0,2,0,41,1,2,0,0,0,0,1,0,0,0,0,0,0,0,0,0,0,0,4,0,301,1,0,0,164,0,0,62,0,0,0,0,0,0,477,0,0,56,0,0,51,0,0,0,0,0,0,338,0,0,4,0,0,0,0,0,1,0,1,0,0,92,0,0,0,0,0,0,0,0,0,1,0,0,0,4,0,1133,0,0,0,0,0,3,0,0,0,0,0,0,0,2228,9,0,0,0,0,0,0,0,6,0,30,0,1,0,0,0,0,288,60,0,15,0,0,0,0,0,88,0,0,0,0,0,0,0,0,0,0,0,0,3,0,1,0,0,0,0,0,0,0,1412,0,7,0,0,0,0,0,1489,0,0,0,17,2,0,0,0,3,0,0,0,2,127,0,0,0,0,0,35,82,32,0,1,0,106,0,0,1,1390,0,0,0,0,0,0,0,0,0,0,0,195,0,0,0,0,0,0,1131,0,0,0,0,0,0,0,0,0,0,0,1,0,0,5,0,0,0,0,0,0,0,0,0,1,0,0,0,2,0,0,0,2,0,0,0,0,0,0,10,0,842,0,0,0,578,0,1,0,506,0,0,0,0,0,0,35,414,0,0,0,0,0,41,4,0,0,0,0,0,0,40,0,2,0,1,0,21,0,0,3012,0,1200,0,0,0,0,41,0,0,0,0,0,2,11,0,0,2843,0,0,0,0,1267,0,3,0,0,2236,0,0,0,0,0,1,529,0,0,0,0,0,0,0,6,2,0,2385,0,6153,0,362,503,0,0,0,0,680,0,2646,0,0,0,0,0,0,13,0,0,0,3,0,44,0,1,0,0,0,16,0,47,0,0,0,2,14,0,0,576,1,0,0,1,2519,0,1,0,0,1,785,297,0,0,1838,0,0,1,221,3,0,6,0,0,1,0,0,0,0,10547,1,4,11,0,0,3516,0,1478,15,0,2964,0,12,0,0,27,0,8143,0,0,0,109,0,407,0,0,0,0,0,5,19,0,154,0,20,306,0,4,0,1,0,0,3,0,49,15,0,0,970,91,0,1270,0,0,13,0,0,2,0,0,0,83,1,0,0,0,17,0,0,2,0,0,4157,7076,1,0,0,0,25,0,0,0,0,0,94,2394,0,0,117,0,1399,0,0,0,35,9,26,0,0,0,489,0,0,86,2
"gene_134",0,0,0,0,0,0,0,0,0,0,0,0,0,0,0,0,0,0,0,0,0,0,0,0,0,0,0,0,0,0,0,0,0,0,0,0,0,0,0,0,0,0,0,0,0,0,0,0,0,0,0,0,0,0,0,0,0,0,0,0,0,0,0,0,0,0,0,0,0,0,0,0,0,0,0,0,0,0,0,0,0,0,0,0,0,0,0,0,0,0,0,0,0,0,0,0,0,0,0,0,0,0,0,0,0,0,0,0,0,0,0,0,0,0,0,0,0,0,0,0,0,0,0,0,0,0,0,0,0,0,0,0,0,0,0,0,0,0,0,0,0,0,0,0,0,0,0,0,0,0,0,0,0,0,0,0,0,0,0,0,0,0,0,0,0,0,0,0,0,0,0,0,0,0,0,0,0,0,0,0,0,0,0,0,0,0,0,0,0,0,0,0,0,0,0,0,0,0,0,0,0,0,0,0,0,0,0,0,0,0,0,0,0,0,0,0,0,0,0,0,0,0,0,0,0,0,0,0,0,0,0,0,0,0,0,0,0,0,0,0,0,0,0,0,0,0,0,0,0,0,0,0,0,0,0,0,0,0,0,0,0,0,0,2,0,0,0,0,0,0,0,0,0,0,0,0,0,0,0,0,0,0,0,0,0,0,0,0,0,0,0,0,0,0,0,0,0,0,0,0,0,0,0,0,13,0,0,630,0,0,0,0,55,0,0,0,0,0,0,0,0,0,0,0,0,0,0,0,0,0,0,0,0,0,0,0,0,0,0,0,0,0,2,0,0,0,0,0,17,0,0,0,0,4,0,0,0,0,0,0,0,0,0,0,0,0,0,0,0,0,0,0,0,0,0,0,0,0,0,0,0,0,0,0,0,30,0,0,0,0,0,0,0,0,0,0,0,0,0,0,0,0,0,0,0,0,0,0,0,2,0,0,5,0,0,0,1,0,0,0,0,0,0,0,333,0,0,0,0,0,0,0,455,69,0,4,25,1689,4587,5187,1810,0,4889,3,162,6338,21,3959,151,17,14,60,1159,1,8144,10652,7339,30,0,8512,420,152,0,8294,4242,1718,306,505,281,3042,269,1,8898,1201,162,16,4361,5,2560,15,766,10097,8106,198,92,143,3828,937,2900,1541,207,2411,9476,322,0,3535,554,254,14,0,24,127,3,76,1418,51,5314,4538,878,315,10715,99,300,8103,2,0,435,19,1066,178,419,437,8118,302,1,2678,1846,4641,3593,8124,3523,230,5,1141,1,1868,4761,1,5798,1629,30,0,1295,2780,9339,1008,169,913,84,1040,453,613,0,0,2,3,2649,1,6393,14005,36,35044,3223,156,0,2685,29524,33,79,403,0,340,0,1854,3857,649,0,0,2,8,50,0,0,4,0,0,0,18,839,0,21,0,0,0,28258,0,0,5,137,4248,20339,141,23,0,30277,0,350,0,1442,0,300,0,0,3,23,0,12110,61,0,0,0,1,0,2,718,222,0,60,1,1078,197,0,21481,10294,1183,176,0,0,2070,6307,0,0,0,0,3488,56,0,7,1954,10,33286,0,0,704,0,0,664,162,305,0,0,1113,3,0,3053,367,9,0,44,913,0,0,0,6,511,0,0,20,0,0,0,211,1010,0,0,0,2794,1011,10,0,0,0,0,6980,0,29,662,25,21849,0,1,0,20735,2134,0,243,418,0,0,793,12673,0,0,0,5687,8256,0,0,4210,25,0,0,1,31818,1246,17,8789,6,2551,0,0,0,1,0,2509,2,0,0,0,55,0,21,0,3,0,0,1,2280,0,0,57,1,3796,734,0,0,0,12
"gene_135",17,34,1,6,0,24,124,26,66,13,35,60,27,14,19,33,7,8,36,6,1,64,63,74,11,0,12,3,16,1,5,7,15,43,112,0,6,21,1,22,46,1,66,13,6,6,0,0,7,4,16,4,9,1,1,3,21,18,60,0,14,2,5,27,17,20,5,33,23,5,0,0,0,18,1,11,0,0,41,97,64,6,23,9,15,43,0,11,7,1,8,2,0,0,0,0,7,0,0,0,0,0,0,0,0,5,0,0,0,5,0,2,0,34,0,0,0,0,0,0,0,11,0,2,28,0,0,0,0,11,0,0,0,0,0,0,1,0,0,0,0,0,2,81,25,0,8,0,0,7,0,0,0,0,3,0,0,0,0,0,67,0,0,0,0,0,0,0,0,0,0,0,0,4,0,0,0,0,0,48,0,0,2,0,0,0,0,22,0,0,0,104,0,0,0,3,0,18,1,0,0,1,0,275,0,5,358,0,0,11,0,0,1,0,5,43,0,59,0,13,0,0,20,1,0,0,0,0,0,13,0,8,61,0,0,0,0,0,0,0,229,0,15,0,1,3,0,0,7,0,3079,0,2,0,1,118,0,57,356,285,3,14,3,5,0,21,100,29,2,176,545,0,14,12,39,3,1,32,13,42,6,423,3,2,7,1,26,15,87,114,12,4,3,2,7,0,7,0,17,18,59,26,9,59,141,39,35,8,65,0,20,1,12,28,37,48,65,5,1,2,20,75,61,126,18,0,20,5,55,14,71,4,72,36,19,1,1,0,88,17,1,66,14,66,2,34,15,187,16,47,9,14,7,14,12,1,4,10,18,3,1,52,10,1,172,1,86,109,4,50,7,3,60,18,6,0,1,41,0,63,186,46,0,90,3,9,2,83,174,1,4,31,22,138,27,103,39,3,0,7,14,51,32,8,11,3,42,37,113,1,149,51,89,60,9,2,0,0,5,9,29,49,2,84,1,248,147,1,39,27,8,153,2,0,5,0,0,0,0,5,0,0,163,459,3,193,88,0,0,145,470,1,6,2,97,3,519,1,8,4,0,18,0,0,39,9,0,188,171,2,0,431,948,0,99,43,90,86,10,10,2,11,40,15,24,0,149,1,0,5,0,8,6,16,2,0,0,7,76,9,58,4,84,1,0,0,44,754,147,3,32,0,3,0,34,0,0,778,3,9,2,0,81,0,0,0,182,16,0,302,0,2,11,0,3,7,37,4,0,71,1,0,48,736,0,38,0,3,1,0,3,0,17,0,2,15,8,0,45,0,84,0,16,0,0,11,1310,63,374,36,0,2,0,12,0,13,98,135,1,7,17,193,23,0,0,0,0,6,0,1,3,3,0,96,0,61,0,0,0,1,88,180,873,3376,0,210,2793,15,7,0,1,0,85,0,0,34,31,600,0,763,0,0,559,0,3,2,1139,72,925,0,0,0,10,128,6,0,0,0,6,0,0,0,77,1,0,898,0,0,0,8,0,900,231,0,0,0,0,390,4,69,15,240,3,0,1744,0,0,0,8,10,0,0,0,1,0,150,3014,1,56,0,0,4,977,1148,0,7,0,8,0,26,589,0,827,3,0,145,0,203,0,674,0,66,638,228,10,0,575,0,10,0,66,148,1,41,1141,0,2,6,39,29,0,4,28,510,1,2,0,5,554,5,210,28,34,0,0,0,1661,590,5,0,0,150,28,44,0,1,837,0,2,4,0,3,0,0,0,0,0,219
"gene_136",20,155,132,44,63,115,440,146,19,68,70,175,2,27,13,98,58,287,29,10,49,73,253,381,13,40,332,63,26,211,91,109,73,26,26,15,161,120,530,165,417,21,14,40,21,259,20,1,156,125,6,156,13,108,40,234,195,163,13,29,83,31,1126,103,1,231,170,1147,97,33,0,57,9,285,157,128,111,281,164,230,300,69,63,91,24,58,2,106,247,91,194,14,0,0,44,2,8,6,8,91,0,0,2337,225,3340,644,684,1,9,0,291,668,0,0,0,341,21,0,0,0,0,8,51,34,0,0,0,0,155,104,34,0,1,0,7,176,1624,0,0,35,0,580,181,406,1,354,4,176,3,27,150,523,0,0,0,3,11,1563,1,7,10016,1077,1,0,8819,22,0,23,0,1477,39,808,1,120,12,0,57,4100,0,1,1822,0,0,59,1415,0,178,568,3090,0,0,440,345,210,0,386,97,680,8,338,1396,0,549,874,379,7123,568,511,1088,1205,0,8586,388,4,814,1,4,1116,6,993,426,16,658,5298,444,26,5,0,0,1,0,70,17,1383,2828,7834,1404,0,1643,2,13254,2994,25,2510,89,2734,152,362,0,605,0,0,244,141,7,3319,277,1638,7742,39,431,2510,7118,2,18406,567,4845,9940,595,5424,396,3917,904,5634,232,1578,4396,133,63,270,48,1391,108,5636,604,21,5709,2898,2237,2803,1720,5677,2569,194,5222,1601,5498,1734,1316,2522,847,878,147,8217,21318,2358,1714,60,1004,228,2106,7764,1724,2707,6899,5036,3196,1968,287,859,325,233,2,6430,68,261,3400,77,13874,155,1767,129,114,894,2803,3566,1358,181,815,2061,565,626,812,393,12146,180,2414,702,3430,2387,7566,4322,1461,716,2070,358,206,6986,2445,869,4033,2404,1757,8001,9511,366,852,263,11837,1000,4204,2138,2215,21,152,436,10590,897,18648,2133,400,248,196,1446,2,765,196,5635,1985,2199,9155,0,228,2009,5576,496,2817,5583,6266,6573,230,4903,1666,3671,54,8350,36,1840,15,32,10056,1320,7601,4530,2200,1547,2796,248,2510,7669,789,323,3239,88,875,2105,81,322,3412,21,1054,14932,21737,10625,14698,5306,31751,20659,28770,10629,10280,7547,10771,6085,14722,26880,17005,20728,7672,24348,45154,9518,8260,3513,22692,6507,21389,2390,15296,6537,18500,36375,13298,8270,13540,15664,20007,663,61820,1927,11861,18465,25067,6653,1793,11808,2393,6099,24880,8591,20404,8942,28964,1092,4597,11352,19483,8731,20662,454,6525,28889,14301,3799,12236,30365,20638,6105,69085,12089,6569,11401,7305,54545,53824,35594,3622,30951,6023,4389,21884,24364,12025,18820,38954,14360,12637,20879,5443,17216,4502,2602,48546,7844,14805,25238,33084,6582,6631,43599,9521,13569,11935,34617,8635,6024,47832,10454,17936,39253,152,21171,58585,20709,20837,5495,11297,7136,8093,33449,8470,4883,12734,1244,4848,25194,6882,41208,23836,14103,12452,29452,20077,650,4424,2293,30086,10935,4199,363,9951,23026,21401,1904,31107,2627,11556,2039,1012,1309,991,94718,9365,9385,26204,27262,795,49317,28080,1605,10782,3760,6944,2322,13939,19786,12753,1425,7719,105,2471,59002,2771,8230,18141,808,26805,59694,20902,8891,449,73697,8829,10825,725,3952,18862,2181,15499,101,3058,4546,14865,7982,6982,95,3903,1253,7190,907,84397,14972,4190,4460,34302,7343,52247,1813,3194,1221,155,31885,77930,33055,6883,55793,2115,46697,45505,6840,34955,8970,41948,473,7500,5263,12672,847,5384,11765,19289,106647,5689,1144,2999,82497,1461,614,1530,11062,14041,13992,7815,502,11254,4331,19661,32263,10027,38997,13398,8823,13186,462,11470,5160,14272,46960,1058,6233,407,3058,13829,4069,44529,16036,8477,19567,363,1335,59752,3079,7300,1950,7907,18871,4021,2194,141811,1003,168,149,8179,1650,308,9778,414,10212,50,36423,27273,2020,19546,16405,16880,40337,1658,14825,944,20120,27243,1672,3894,58751,1124,27237,16400,26016,9964,17891,86039,19316,20331,2533,8600,33680,11225,1778,1363,2368,13273,33987,5037,12203,125576,6548,17997,2874
"gene_137",108,277,717,2167,23,2750,7154,7,185,86,33,399,136,1,1545,17,700,128,124,33,496,2,3,0,33,658,1185,0,400,19232,303,0,27,840,8821,1095,0,2391,1771,5,1284,1241,62,4125,0,292,5912,3,3,196,1088,8,2,0,34,570,5,1979,0,823,767,70,7616,1526,461,153,278,4711,145,520,1355,3329,5,845,412,20,0,3050,0,2107,458,86,2642,8699,322,6532,6,51,65,0,7,175,8396,0,20976,4480,0,0,677,375,246,426,52,6478,10,2489,37689,735,279,12643,0,141,4,0,23299,1,16,10536,9,5,13,394,5200,416,17814,1,1,0,173,1586,1,0,0,49,3036,77,0,86,34885,334,49,0,152,3465,15589,1,57,851,17,34160,333,0,170,220,18779,29738,5,104,239,0,9597,63,11,324,219,0,0,1890,657,22,2679,2535,14274,1000,145,0,1595,14031,17348,11,1299,3054,1503,62,892,258,36447,11082,40,264,2185,2559,947,3,1237,19,206,0,8,10928,1632,206,0,1020,0,0,1191,1639,3018,1144,6317,3321,13269,510,12,0,8937,236,258,11084,0,904,0,3053,15617,0,15608,12,11,21655,7,4666,10,28,80,97,0,375,235,1146,0,11125,11106,4,2719,987,5468,3389,10,1,0,2096,96,32,6345,90,2,21,654,47021,12,226,4,0,106,2758,0,14,1291,2962,14,345,110,612,2,2671,1,280,611,15,37,11869,0,279,40,4,0,1437,6387,0,0,454,460,1,101,0,81,47,0,136,445,141,2,49,20,36,0,477,1497,0,0,127,230,1121,10,1,90,0,0,65,1,19,799,690,0,1637,65,24,65,42,0,38,32,158,136,186,6,176,98,63,421,526,0,119,0,0,31,1090,0,421,118,22600,0,28,438,1,103,0,6,3208,2,206,82,0,167,0,1499,3,2128,371,1183,0,111,26,306,3334,1874,226,72,1,81,1,3464,5,1734,1771,641,0,0,0,0,179,249,0,279,2359,146,0,29,1,0,0,6126,292,0,1040,710,595,650,61,24,11,1,1,155,8,1988,2476,856,0,1679,877,0,0,0,102,481,11,44,0,133,0,271,180,81,14,46,0,0,27,0,0,220,202,5,0,0,94,1,16,0,103,0,0,0,501,14,1363,1415,0,501,1629,834,3454,485,0,0,324,0,0,1291,1,1,0,4,0,1,58,12,0,3228,1683,0,12,2605,10,10,814,50,53,0,0,10778,2,2044,0,0,0,0,68,1,75,0,0,1,25,3,0,0,26,6,2,0,0,0,0,0,4387,0,0,0,27,0,1387,922,0,75,101,0,3,0,8,0,0,0,88,0,0,0,97,334,3632,0,5878,0,0,1116,0,0,0,126,2992,179,31,48,8,237,700,8,0,44,186,0,1,0,0,13,0,2,698,1,9828,0,0,1,0,0,0,0,0,0,0,27,7,0,0,0,4,0,3,0,2493,54,7214,0,7,0,0,0,17145,136,0,0,0,0,4160,4,14,0,0,61,0,0,50,0,4,0,162,166,4478,3,0,11,1,1687,0,0,0,0,0,0,0,0,14316,0,810,145,1,6,0,68,0,0,7501,2071,7,13701,0,248,1,0,120,20139,0,1,13,0,1,2,8,47,12258,0,0,235,0,68,18,22,1,18,1711,2,304,0,0,0,0,6,0,0,0,0,0,5403,0,15,6,106,0,140,0,0,0,90,0,0,0,26,94,659,0,0,0,3,1,64,79,1,0,0,684,1643,557,0,125,0,0,183,0,77,71,0,0,0,1,0,0,0,0,54,0,3154,0,66,0,30,0,0,0,1555,0,78,14,0,0,0,0,0,12,25,0,3,45,2168,239,0,1333
"gene_138",0,0,0,0,0,0,0,0,0,0,0,0,0,0,0,0,0,0,0,0,0,0,0,0,0,0,0,0,0,0,0,0,0,0,0,0,0,0,0,0,0,0,0,0,0,0,0,0,0,0,0,0,0,0,583,0,0,0,0,0,0,0,0,0,0,0,0,0,0,1,0,0,0,0,0,0,0,0,0,0,75,0,0,0,1440,0,0,0,2,0,0,0,0,0,0,0,0,0,0,0,0,0,0,0,0,0,0,0,0,0,0,0,0,0,0,0,0,0,0,0,0,0,0,0,0,0,0,0,0,0,0,0,0,0,0,0,0,0,0,0,0,0,0,0,0,0,0,0,0,0,0,0,0,0,0,0,0,0,0,0,0,0,0,0,0,0,0,0,0,0,0,0,0,0,0,0,0,0,0,0,0,0,0,0,0,0,0,0,0,0,0,0,0,0,0,0,0,0,0,0,0,0,0,0,0,0,0,0,0,0,0,0,0,0,0,0,0,0,0,0,0,0,0,0,0,0,0,0,0,0,0,0,0,0,0,0,0,0,0,0,0,0,0,0,0,0,0,0,0,0,0,0,0,0,0,0,0,0,0,0,0,0,0,0,0,0,0,1,0,0,0,1,0,0,0,1,0,0,0,0,0,0,0,0,0,0,0,0,0,0,0,0,0,0,0,0,0,0,0,0,0,0,0,0,1,0,1,0,0,0,0,0,1,0,0,0,1,0,0,0,0,0,1,0,1,0,0,0,0,0,0,0,0,0,0,0,0,0,0,0,0,0,0,0,0,0,0,0,0,0,0,0,0,0,0,0,0,0,0,0,0,0,0,0,0,0,0,0,0,0,0,1,0,0,0,0,1,0,0,3,5,1,1,0,0,0,0,0,3,0,1,0,0,0,0,0,0,0,0,1,0,0,0,1,0,1,0,0,0,0,0,0,0,1,0,0,0,0,0,0,0,0,0,1,0,1,0,0,0,0,0,0,0,0,0,0,0,366,0,0,0,0,0,0,0,0,0,0,0,0,0,0,0,0,0,0,0,0,0,0,0,0,0,0,0,0,0,0,0,0,0,0,0,0,197,0,0,0,0,0,0,0,0,0,0,0,0,0,0,0,108,0,0,0,0,0,0,0,0,0,0,0,0,0,0,0,0,0,0,0,0,0,0,0,0,0,0,0,31,0,0,0,0,0,0,0,0,0,0,0,0,0,0,0,0,0,0,755,0,0,0,0,15,0,0,0,0,0,0,0,0,1,0,0,0,0,0,0,0,0,0,0,0,0,0,0,0,0,0,0,21,0,0,0,0,0,0,0,881,0,0,0,0,0,0,0,0,3828,0,0,0,4,0,1,0,0,0,24,0,0,0,0,0,0,0,0,0,0,10,0,1,0,0,0,0,0,0,0,0,0,0,0,0,0,0,0,0,0,0,0,39,0,23,3,0,0,0,0,109,6870,0,0,0,0,0,0,0,0,0,0,0,0,0,0,0,0,0,0,0,0,40,0,0,0,0,0,0,0,0,0,0,0,0,0,70,0,0,0,0,0,0,0,0,42,130,0,0,0,0,0,284,0,0,2,0,228,0,0,0,0,0,0,3,0,0,0,0,0,0,5,0,0,0,0,1,0,1,24,0,0,0,0,0,0,0,44,0,0,0,1,0,0,867,0,0,6,0,0,0,0,0,0,0,0,0,0,11,0,0,90,0,0,0,0,0,0,0,0
"gene_139",0,0,0,2,1,100,0,0,39,913,827,3,368,469,1519,467,9,0,0,0,1166,0,45,0,640,0,598,0,0,24,7,48,27,0,669,46,41,0,4427,626,2485,0,0,0,38,12,0,10,0,0,0,1,233,1,0,0,1,835,15,59,0,51,166,0,11,0,12,226,0,26,0,0,0,5,2,0,143,6,455,0,0,18,1163,54,8,0,23,166,6341,543,15,52,3398,5,32,164,535,0,0,4,702,18,1,0,86,326,1,0,0,0,93,0,3,0,2,1389,464,53,170,0,25,0,0,0,88,1020,1010,0,1028,0,0,25,0,1501,2663,16,4,359,17,662,0,216,16,10,23,10,193,2689,648,1183,0,37,20504,0,860,116,2896,0,3895,0,0,0,7,70,0,0,0,0,2811,34,27059,573,46,0,0,4,0,61,15952,6,0,79,0,0,8780,0,9803,0,522,94,1,0,0,13375,0,7,4,0,12,5,1,355,105,1,0,59,303,2607,5455,154,0,39,1799,2564,0,901,0,2,741,161,6,7,1572,506,1175,731,25,8380,2274,2,0,0,0,4,0,0,238,10,316,1,202,0,0,8275,0,0,89,0,3,4714,123,2,1,331,837,25518,0,0,0,9,314,0,0,1139,0,2,0,0,0,1987,24093,0,93,510,26,2394,0,0,147,0,0,815,264,0,0,0,2,165,0,12,0,14,0,0,14,0,786,2,0,622,258,341,1295,0,0,0,42,80,482,829,1967,0,217,695,0,103,90,477,0,251,1,247,5311,0,0,535,0,35,2001,0,0,43,0,0,6,50,4,4533,0,166,25,0,0,429,8,0,0,2514,0,2,0,12,0,0,1715,3,0,1357,0,45,0,0,0,182,1429,42,0,0,0,0,0,0,16,107,863,0,2161,386,8,1371,2124,659,0,0,343,0,177,147,351,45,0,222,0,0,5,1055,0,0,5693,3,379,0,903,0,0,0,1721,0,0,55,474,8997,4,87,12983,5,202,6845,44,2,0,2343,670,72,0,22,0,0,14,0,37,1019,0,1609,0,13,0,293,0,0,0,0,0,765,0,0,0,251,0,0,0,0,0,5,0,0,0,0,767,0,0,0,0,3,0,167,1020,1,0,0,680,0,54,1,0,0,724,0,293,0,0,0,250,0,0,32,0,0,0,2,132,3,0,3,11,267,1,0,0,130,0,0,4,0,3,0,0,0,0,0,0,0,0,17,0,0,0,0,0,0,0,2,0,0,0,111,772,1,0,7,0,0,0,61,0,0,0,0,0,0,0,11,2818,0,0,2154,393,0,0,30,0,0,203,0,2791,0,21,268,0,0,2,0,3880,0,0,0,0,1604,0,0,0,0,0,0,0,69,0,2,0,17776,0,0,0,0,0,56,0,27,0,0,2,0,2041,422,0,0,3841,0,0,21,0,0,14,0,0,1240,0,0,0,0,0,0,0,329,4363,0,110,692,0,0,0,1236,0,0,0,939,0,0,0,0,50,0,0,0,2966,3,142,0,3,0,0,0,166,0,1509,0,0,519,0,670,0,1406,0,0,0,0,2,0,0,3875,0,4169,0,0,0,514,418,0,2,0,1745,0,0,295,169,0,0,1263,0,0,2845,0,0,0,12,0,0,0,0,62,0,0,0,53,0,0,0,0,0,0,0,1,0,0,0,0,3620,0,0,0,1,0,0,0,0,0,0,2761,0,0,0,0,0,2,0,4,1,528,0,0,0,0,0,11,0,0,2,0,50,0,0,0,0,0,0,0,0,2283,0,11,0,0,0,1672,0,690,0,0
"gene_140",0,23,2280,0,0,0,431,2521,88,0,163,289,7,131,97,123,61,0,142,99,241,0,2818,4,59,217,24,0,5,88,32,0,13,0,5,21,74,38,873,992,1302,34,0,388,12,0,2644,1751,1,310,816,239,1,146,68,6,131,0,202,0,0,53,6223,6,143,692,26,3,386,296,0,88,40,95,0,142,0,945,3149,470,0,23,447,394,0,422,2,0,843,0,0,61,0,7,121,5273,0,1004,12,13057,4707,1280,835,900,1163,16,382,133,3710,26,0,6399,0,9,438,8170,15,0,1927,0,200,652,24,4,373,804,1,0,1133,542,914,6,257,1,0,1788,76,1637,0,66,2,548,31642,64,6656,15577,0,1070,6949,0,306,4006,183,3,5618,1410,1,3349,8,3711,54,6090,252,39,2,306,0,2025,2,21863,0,5307,25734,0,5802,597,0,312,28,0,418,3,5629,5,16015,1,6864,375,4,23486,30,0,11615,2,1402,0,0,0,8,513,105,0,0,0,2,0,22,428,475,0,0,4,0,3128,0,6,8,2,0,0,0,9,7,2929,3788,461,0,59,2059,229,3,0,18,15,0,0,2905,0,29,0,3,489,3,13,0,10,1,1975,2,16,0,0,1,0,22,0,0,1303,30,0,30,0,0,0,451,0,0,0,0,0,18,1084,0,0,0,213,458,820,24,43,5,0,381,122,0,0,248,0,589,1,33,1,63,20,1251,84,0,2,0,0,0,0,0,0,9,0,0,0,0,15,0,22,568,0,37,0,14,0,111,0,0,0,0,13,0,0,4,1,981,24,0,0,0,0,1353,16,130,0,1,0,0,0,0,1246,0,0,57,6,0,0,110,0,175,1061,4,0,1076,0,0,221,158,0,33,188,0,0,3,0,0,8,0,0,1,0,17,1,807,0,0,93,0,163,0,0,0,32,0,0,0,0,0,392,0,0,80,44,126,0,27,506,0,0,0,105,0,0,70,0,58,379,0,0,17,79,1961,404,1,0,148,0,966,0,0,0,0,7,1,0,0,1,0,0,0,2,0,0,0,0,0,0,0,0,0,0,0,0,0,36,0,1221,0,0,0,0,0,0,0,0,0,0,12,0,0,314,0,0,0,0,0,0,0,0,0,0,0,0,0,0,0,0,0,0,0,0,0,26,0,0,0,0,0,0,0,0,3,0,0,0,0,55,0,0,0,0,4,0,0,0,0,0,0,0,0,0,0,0,0,0,0,0,0,0,0,9,0,17,0,12,20,0,3,42,0,0,65,0,3,0,0,0,0,230,0,0,0,0,2,0,0,0,0,24,0,0,0,0,0,0,0,0,0,0,0,0,2276,49,0,0,0,0,0,209,23,0,0,49,0,0,1300,37,0,0,0,0,0,0,0,19,0,2,0,0,0,0,0,4,0,0,8373,0,0,790,0,627,4,0,2828,0,0,220,0,0,5,0,0,0,0,0,0,0,74,248,0,2,0,0,10,22,0,11,0,0,0,0,0,0,0,0,0,0,1977,0,16,43,81,0,0,0,0,0,0,0,0,0,0,0,0,0,1,0,0,0,0,0,0,0,0,14,0,0,0,0,105,0,0,57,0,0,0,3,3,0,0,0,0,1,0,0,0,0,0,0,0,0,0,0,0,0,0,2660,0,69,0,0,0,0,0,1770,366,0,0,15,4,0,0,4,1782,0,0,0,36,3,0,0,0,0,0,0,0,131,8,0,0,0,0,318,0,0,0,0,1,0,0,0,0,0,0,0,0,0,560,0,0,0,0,0,0,999
"gene_141",587,427,399,84,44,35,7,54,8,343,405,439,155,192,293,854,11,343,73,216,19,140,9,229,451,20,204,100,454,182,13,1080,51,302,239,493,194,66,441,646,269,252,1081,223,119,404,241,0,4,692,84,1538,478,91,244,37,108,379,216,204,277,391,194,279,314,14,98,157,1013,576,139,64,18,247,189,164,144,405,196,469,31,3,310,233,155,1674,40,10,1036,112,1636,49,0,4,0,2,125,1,3,0,0,186,0,319,176,63,3,133,7,42,28,63,0,0,0,0,17,308,111,39,0,0,5,0,477,13,0,77,13,552,0,4,565,712,87,103,0,7,402,1022,3,92,0,699,919,3,21,10,60,124,0,0,15,0,19,42,0,7,144,69,96,24,2,16,16,8,24,35,5,4,6,609,496,10,988,362,0,64,5,8,2,0,203,426,1228,48,28,0,383,1600,334,0,24,9,36,54,1,1,2,539,255,11,153,788,1560,124,11,640,32,18,1526,2311,7,0,14,15,0,780,556,1393,313,136,121,3153,37,0,3116,6,106,529,164,0,204,416,182,424,54,3057,413,25,989,38,2,276,259,30,200,1086,14,1,63,86,14,116,214,128,278,1,25,491,989,126,383,1237,4796,1832,106,129,145,2440,1093,2558,487,6358,7,1641,261,164,252,0,53,346,12,873,29,496,657,864,1180,479,36,290,2017,2065,5477,540,168,219,4023,563,1397,253,206,2005,194,566,652,4131,174,472,1714,511,35,119,1046,1500,390,4206,2924,953,1053,67,1,6,3,254,46,397,2874,5340,7344,32,1716,685,251,352,0,33,40,513,229,1558,3142,4122,6536,242,3026,165,20,7,409,513,180,2405,772,1927,148,1344,826,777,272,6,764,704,7,24,19,1343,7318,478,409,2407,1401,16,1432,2740,315,747,102,2850,7464,2262,2180,2878,352,1,3,347,812,3652,135,748,172,2407,83,3191,1932,260,237,1727,431,368,26,180,19,15,1386,116,2102,118,441,170,466,2270,1216,4382,462,157,2942,369,1825,531,172,2465,704,1722,357,37,255,159,1664,14,6496,5422,21170,9783,6963,2962,2751,10383,4102,6788,1804,12257,6020,4991,4612,3041,5007,2686,10829,10,3860,1379,2071,33850,1237,1216,1096,17039,6672,1156,16591,876,3629,864,3015,1256,7543,3089,6068,266,5203,2128,317,2752,2798,1032,23329,2690,1411,11339,7788,3100,8009,2658,2904,6149,471,793,8044,6261,3496,26977,4783,1062,7391,289,447,8716,133,4000,6819,59,6046,4937,2223,2411,9722,5976,3500,2221,9584,1297,747,3904,3665,5214,5277,123,193,6467,9781,7660,24984,4756,1306,430,180,10404,65,24339,1284,35065,272,1605,4578,2255,3875,2327,308,6535,4054,6321,106,14554,3704,1550,1076,1609,3851,6339,11194,4614,14233,4166,1122,12893,5380,2597,2602,4462,16916,17030,1101,2919,13856,924,1675,2793,12075,6393,7535,46,844,227,4222,16,1084,3215,1222,21371,3278,488,5999,15929,9094,33027,680,6439,9756,35,26616,364,391,14999,1,5023,6613,10178,2744,6281,2,1227,3916,10749,5728,4045,5865,9599,10061,320,233,5617,432,8017,619,23217,296,6083,1381,25720,1224,7399,38980,3665,1695,682,52,14301,40139,4272,22596,844,70749,9294,12230,11064,593,1334,1162,298,8766,9931,1436,2568,87,3060,7325,3304,15554,7400,45669,5428,105,483,3880,1,540,1598,230,2514,1,1679,28220,25257,298,5,20790,0,12885,1664,55,6069,6157,1916,16981,35492,10,822,2596,1,1943,28,19088,44501,129,926,4406,5887,0,1185,5749,3663,4050,2443,3932,1729,37862,4676,5450,627,5898,3033,16,216,433,5285,13975,11815,829,1,322,2411,12864,3716,347,3482,24894,2240,458,1563,26355,48664,529,12,314,9398,602,88317,7619,759,1511,364,38604,9409,136,1226,2,468,713,253,88,1926,2,23,1729,30610,616,7999,105,55190,2025,27188,305,26969,2236,1321
"gene_142",0,0,0,0,0,0,0,0,0,0,0,1,0,0,0,0,0,0,0,0,0,119,0,0,0,0,0,38,0,0,3,1,0,0,0,0,0,0,0,0,0,0,0,0,0,0,0,0,0,19,0,0,271,0,0,0,0,0,0,0,65,0,0,0,0,0,0,0,0,0,0,0,0,0,0,0,0,0,0,0,0,1,0,0,0,58,0,0,0,0,0,0,0,0,0,0,0,0,0,66,0,0,0,7,0,596,19,0,0,0,0,105,0,0,0,0,0,4,0,0,0,0,0,0,0,0,0,0,0,0,0,27164,0,0,0,0,0,3045,0,0,0,0,0,0,0,0,0,0,99833,0,290,0,3,0,0,0,0,0,0,0,1360,0,0,0,0,0,0,1650,0,0,0,0,582,0,0,0,0,0,0,0,106,0,16,0,0,0,0,0,0,63609,0,0,0,0,0,0,0,0,0,0,0,0,0,0,0,0,0,0,0,0,0,421,0,0,0,0,0,0,0,0,0,0,0,0,0,0,0,0,0,0,0,0,0,0,0,0,0,0,0,0,0,0,0,0,0,0,22,0,0,0,0,0,0,0,0,23,0,0,0,0,0,9,75,0,15,492,0,1892,0,0,0,53,214,9,8,0,0,2,0,0,0,0,0,0,0,1791,0,0,6,384,0,0,0,0,532,0,0,383,0,3651,0,0,1238,230,0,470,0,1,0,0,44,0,0,95,0,0,0,293,53,40,0,0,0,0,36,7,0,0,0,0,12,0,0,621,62,0,0,1,56,0,0,0,0,0,187,0,4,0,0,0,62,0,0,0,0,9,0,0,0,0,0,0,0,0,0,0,20,0,0,0,0,0,0,0,2,0,1183,0,0,0,0,1208,0,1,0,21,0,0,3,0,1,0,83,0,0,4159,0,38,97,0,0,510,0,1,100,0,0,0,4,0,220,0,0,476,0,0,10545,0,0,6,18,433,0,914,0,0,6,188,310,0,0,5,0,0,0,0,0,0,0,0,0,0,0,0,0,0,0,0,0,0,0,0,0,0,0,0,0,0,0,0,0,0,0,0,0,0,0,0,0,0,0,0,0,0,0,0,0,0,0,0,0,0,0,0,0,0,0,0,0,0,0,0,0,0,0,0,0,0,0,0,0,0,0,0,0,0,0,0,0,0,0,0,0,0,0,0,0,0,0,0,0,0,0,0,0,0,0,0,0,0,0,0,0,0,0,0,0,0,0,0,0,0,0,0,0,0,0,0,0,0,0,0,0,0,0,0,0,0,0,0,0,0,0,0,0,0,0,0,0,0,0,0,0,0,0,0,0,0,0,0,0,0,0,0,0,0,0,0,0,0,0,0,0,0,0,0,0,0,0,0,0,0,0,0,0,0,0,0,0,0,0,0,0,0,0,0,0,0,0,0,0,0,0,0,0,0,0,0,0,0,0,0,0,0,0,0,0,0,0,0,0,0,0,0,0,0,0,0,0,0,0,0,0,0,0,0,0,0,0,0,0,0,0,0,0,0,0,0,0,0,0,0,0,0,0,0,0,0,0,0,0,0,0,0,0,0,0,0,0,0,0,0,0,0,0,0,0,0,0,0,0,0,0,0,0,0,0,0,0,0,0,0,0,0,0,0,0,0,0,0,0,0,0,0,0,0,0,0,0,0,0,0,0,0,0,0,0,0,0,0,0,0,0,0,0,0,0,0,0,0,0,0,0,0,0,0,0,0
"gene_143",0,0,0,0,0,0,0,0,0,0,0,0,0,32,0,0,0,0,0,0,0,0,0,0,0,23,0,0,0,1,0,0,0,0,9,432,0,0,3,1,0,0,0,166,119,2,0,0,117,0,0,0,0,0,497,0,0,144,401,9,0,2,0,0,0,0,0,0,0,0,0,403,0,218,0,293,0,0,0,962,3841,0,0,0,0,0,129,19,0,0,0,0,0,0,0,11,0,5,0,0,0,7,547,0,0,0,0,0,0,303,5,0,0,0,183,0,0,0,0,0,0,1,0,0,0,0,0,682,0,2146,0,0,10,0,0,1115,0,0,3544,0,0,0,1177,0,0,68,0,0,51604,0,0,0,2,0,0,0,0,0,27,0,0,9,6,0,0,0,0,0,1521,0,0,0,0,666,0,0,3,0,190,0,0,3357,0,0,0,0,0,0,0,0,0,2,0,1608,0,0,0,0,0,1,4,0,0,0,0,0,0,0,0,0,0,2,184,3,0,0,0,0,0,0,0,0,0,0,0,0,0,0,0,0,0,785,14,0,15,0,0,0,0,0,0,0,0,0,0,0,0,0,0,0,0,0,0,0,0,18,0,0,0,0,0,0,0,0,37,1,9,0,62,0,0,0,0,0,0,0,0,0,0,0,0,29,0,0,0,0,124,0,0,0,0,0,0,0,0,0,0,0,429,0,0,0,1,0,0,0,0,0,0,0,0,0,0,0,0,0,0,0,0,0,0,0,0,0,0,0,0,0,0,0,0,0,0,0,10,0,0,0,0,0,0,0,0,0,0,0,0,0,0,0,0,0,0,0,0,41,0,1,0,0,0,0,0,0,0,0,0,0,0,0,0,0,0,0,0,0,0,4,0,0,0,0,14,0,0,0,0,0,0,0,0,0,0,0,0,2215,0,7,774,0,0,0,0,0,7,0,0,0,0,0,0,0,0,0,0,0,0,0,0,0,0,0,0,5616,0,0,0,0,0,0,0,0,0,0,0,0,0,6,696,0,0,283,0,0,0,3,7,115,0,0,16,0,0,0,0,2,0,4,0,0,0,0,0,0,0,0,0,0,0,0,0,0,0,0,0,0,0,111,0,28,5,0,0,0,67,61,0,0,0,0,0,0,0,0,0,22,0,0,219,0,0,0,0,0,0,0,0,217,10,0,0,0,0,62,0,0,0,0,0,0,0,0,0,0,263,0,0,0,0,0,2,0,1,0,0,0,0,0,68,0,0,218,0,0,0,0,0,0,197,0,0,0,0,0,0,0,0,44,110,0,9,0,0,0,0,0,0,0,68,0,3,30,0,0,0,1,0,0,0,0,0,0,0,0,0,0,0,0,0,0,526,0,0,0,312,0,0,0,0,601,574,42,0,0,0,0,0,0,0,0,438,727,0,0,0,0,0,0,2,2487,0,0,0,0,0,0,0,0,0,0,0,819,4729,0,0,0,3,0,40,0,35,0,0,45,0,0,0,2687,1,0,0,0,0,0,0,0,0,0,0,0,0,3,0,2065,0,0,0,0,0,0,0,0,0,0,164,0,0,0,0,0,0,0,0,0,0,0,0,0,0,0,0,0,0,4857,0,2,2,0,0,0,0,220,0,0,0,0,0,0,7,3989,5839,0,0,0,0,0,0,0,41,0,0,0,0,0,0,0,0,0,0,0,0,0,0,0,0,0,0,0,0,17515,0,0,32,0,0,0,0,1,0,0,0,0,0,2,0,0,0,226
"gene_144",176,1856,0,2625,7670,25,2297,50,4800,1135,2232,169,1013,21,60,109,1480,2073,3877,0,1,483,6404,850,859,229,378,48,11,167,912,4824,74,300,2031,3,1739,4456,1413,6746,21,453,4057,428,6794,138,738,1340,165,2935,12,1579,0,59,5295,3779,3340,915,1789,1947,16109,1100,1405,727,205,1928,3451,14244,1107,2535,220,978,53,2867,394,4342,294,1031,8371,949,25,17,962,562,9973,154,73,2981,34,539,1765,814,0,0,13,15,3,23,2,0,66,18,0,815,1667,7,31,0,5,1,0,2433,0,145,0,16,0,0,96,0,6,0,5,0,0,0,0,16,1,119,0,0,0,1,0,0,6772,111,1123,51,0,0,161,7,9,0,0,0,5,0,161,430,1,0,179,4,0,570,885,0,0,3169,87,2221,1,0,9271,52,7,10339,110,32,0,0,925,0,16,30,78,5,25,0,0,0,46,0,13,64,2068,0,15,415,0,515,0,0,41,0,0,3926,3,0,0,20,0,0,7,0,0,0,0,0,0,0,387,0,0,0,0,0,9319,0,0,0,1082,0,158,0,0,2,0,0,0,3408,1,0,0,588,0,0,384,0,0,0,0,0,955,0,0,21,0,0,0,0,0,0,0,0,0,0,0,0,468,0,0,0,0,0,0,0,0,0,0,0,0,0,0,0,0,12,0,0,0,0,11,134,6,0,0,0,0,0,0,6,0,0,0,0,0,0,15,0,0,0,0,0,0,0,0,0,33,0,0,66,0,0,0,0,0,0,0,6,2,0,0,0,0,0,0,0,0,0,0,0,1,37,0,0,0,0,0,0,0,0,0,0,17,0,0,0,0,0,0,0,0,0,0,0,0,0,64,0,0,0,338,0,98,0,0,0,0,0,0,0,0,1147,0,0,48,0,0,139,23,0,0,0,0,0,0,0,0,0,0,2,0,0,0,265,0,2,0,315,0,0,2,0,0,0,191,0,1,0,0,14,267,0,0,0,0,0,0,0,0,0,0,0,0,0,0,0,0,0,2107,4734,4601,0,0,70,1106,4589,241,3863,274,367,38,629,222,1,400,321,2280,0,9,0,1,972,3613,1509,5716,24,24,0,0,313,0,374,3921,3614,2425,0,0,0,81,816,310,0,0,793,58,1071,0,1129,455,2834,0,0,33,0,9249,38,0,9,296,10184,0,18,193,16319,6,3,0,0,13829,602,9768,0,0,0,1672,0,2,29,0,4736,0,11633,5199,127,21686,439,0,7098,2618,29,2,0,1415,2813,0,827,238,1,18,485,0,350,928,22,0,3167,202,0,2581,1548,0,15669,52,6,5,7942,74,163,4275,7971,1509,2340,1,0,2,18003,0,17,5,0,0,261,13258,97,2793,0,458,148,22944,184,16320,42,2678,23538,688,2048,3721,1564,51,8,964,9357,26,7314,14427,0,13768,7811,0,9330,41557,204,53,3,4,22795,12239,893,1296,49,12,390,389,0,2597,197,428,7280,114,1203,224,136,1716,833,17371,1768,0,3090,169,47,11310,12,865,114,156,9585,1395,20566,11,75,3739,96,27886,10754,1,6377,33043,179,12613,9,2,1983,21946,422,4075,46,5011,4121,6046,252,9533,1694,27299,16080,21,999,7880,2628,2280,24845,2,3066,3285,226,52,1158,9,7564,6180,417,3787,4,254,130,579,2,3384,19,16224,2058,51,756,94,194,40,25336,291,33,590,2076,0,197,0,1994,9,1479,10,294,0,32801,9662,505,14,1616,4922,4618,2745,5226,48,0,8,456,12,956,2075,4,6704,41,3281,0,0,1158,4606,49,9,0,495,28,3199,701,296,682,10611,27,482,0,126,0,8985,1679,22,19,1227,5199,2137,1,28742,12926,1787,3184,1470,94,12,1834
"gene_145",0,0,0,0,0,0,4622,0,0,0,0,196,0,16,1,0,0,0,0,13,0,0,0,0,0,3,0,0,0,5,0,0,0,116,0,0,0,71,0,0,0,56,0,0,349,0,0,60,0,3,819,29,1,0,173,1,0,0,0,527,0,0,0,0,0,861,6,0,0,0,0,0,2,0,0,0,0,432,0,0,0,8,148,4,0,0,79,0,0,4,47,7,10405,0,0,112,3067,0,2,0,0,4854,11245,19,0,0,0,5824,3702,0,741,0,17,143,27,0,0,0,0,876,0,0,3,0,0,61,0,1,99,0,0,0,164,3,0,0,1,0,12,0,0,4,117,297,16,0,0,1044,1880,0,0,0,2686,1413,15311,0,0,0,4,53,0,0,0,4,0,2703,2232,18,414,0,0,0,0,0,18,1,0,35,2,128,0,22040,15,745,0,0,0,0,0,0,114,0,0,0,225,0,3,0,0,9,2,0,135,8,0,73,0,0,0,2587,36,0,0,0,451,0,0,0,0,0,5753,1572,0,0,0,64,1,0,0,0,0,0,0,12,697,6,1814,3845,91,0,0,128,0,0,0,810,0,4,0,21,1,35,26,2,2442,2905,2541,1087,6,4,0,0,907,0,275,0,5,0,0,3,0,0,715,5,2,0,1,0,0,0,1,0,0,0,2,0,22,0,0,0,35,0,0,0,853,1,93,0,1,94,0,2,0,13,0,24,642,904,0,1640,0,0,126,0,0,22,11,122,0,0,155,0,0,0,0,1,0,0,2,186,0,0,0,0,0,1775,119,6,0,0,0,0,157,0,0,0,121,0,0,2,0,0,0,0,2,0,639,807,6,0,244,0,3,0,0,0,0,0,1531,0,0,0,16,96,10,0,0,0,0,0,0,0,0,76,0,84,309,19,0,0,0,0,0,0,0,1,9,381,21,31,0,0,0,0,3,22,0,3,0,0,0,55,55,79,0,274,0,1926,93,5,4,1,0,0,0,0,235,0,0,6,17,10,1,0,0,0,0,0,0,0,573,175,0,78,0,1,0,509,118,0,0,5,0,0,17,0,0,26,1,0,0,0,435,0,1,0,968,1752,0,107,0,0,175,0,13,0,0,0,0,0,0,0,0,0,16,0,0,0,0,58,0,0,2848,0,62,0,5,0,0,0,228,0,2,44,0,0,1770,1951,0,0,1,381,1,0,3658,0,382,0,710,1,0,0,0,3361,0,0,0,1376,278,0,0,0,1,31,0,3,0,0,1,0,0,0,0,150,672,0,446,840,2,0,0,0,0,0,1,0,0,0,0,0,1524,0,22,1088,0,0,0,348,0,0,0,0,0,0,0,9,0,0,0,0,0,2034,0,0,0,0,556,0,0,0,0,0,0,0,0,0,0,0,1421,492,0,0,0,1995,0,0,0,0,2,0,56,1,0,0,0,0,1,0,0,0,0,0,0,0,0,0,65,2424,0,0,0,37,0,0,0,0,0,0,0,0,95,0,11042,0,0,0,0,0,699,0,0,0,0,0,0,0,1,0,0,0,0,0,0,0,1,2,468,1284,0,0,0,0,0,0,0,0,4,0,0,0,37,0,0,0,0,0,0,0,0,0,0,0,0,0,0,0,0,0,0,0,0,0,0,0,0,0,0,2,0,0,0,0,0,0,0,0,0,0,0,0,0,0,12,0,0,0,0,0,0,0,0,0,14,0,0,0,0,0,0,0,0,0,0,0,0,0,0,6207,964,117,0,0,0,0,0,0,0,2
"gene_146",0,0,0,0,0,0,0,0,1,0,0,0,0,0,0,0,0,13,0,0,0,0,0,0,0,0,0,0,0,0,0,0,0,0,1,0,0,0,0,0,0,0,0,0,0,0,0,0,0,0,0,0,0,0,0,0,0,0,0,0,0,235,0,0,185,0,0,0,0,0,0,0,0,0,0,0,0,0,0,0,0,0,0,0,0,0,0,0,0,0,0,0,0,0,0,0,0,0,0,166,0,0,0,0,5472,23,0,0,0,0,0,0,0,0,0,0,0,0,0,0,1305,0,0,0,0,0,0,0,0,0,0,0,0,0,0,0,49,0,0,0,5,0,851,0,0,0,2992,0,0,0,633,0,0,0,0,2,0,0,0,0,0,0,36,0,0,0,14,0,0,0,0,0,0,47,0,0,0,0,0,0,0,0,0,0,0,0,0,0,104,0,0,0,0,0,0,0,0,0,0,0,0,0,0,0,0,0,0,0,0,0,0,0,0,0,0,0,0,0,0,0,0,0,0,0,0,512,0,0,0,0,0,0,0,0,36,0,0,0,0,0,0,0,0,132,0,0,0,0,0,1457,0,0,0,0,0,0,1,0,0,0,0,0,16,0,3,0,0,0,0,0,0,0,0,16,0,0,0,0,0,0,0,0,3,0,0,0,0,0,0,585,0,0,0,0,0,0,0,0,0,0,0,0,0,0,7,52,3,0,0,0,0,0,0,0,0,0,1,0,0,304,0,0,0,3,0,2,0,0,0,0,0,0,1,0,0,0,0,0,183,3,0,0,0,0,0,0,0,0,6,0,43,0,1,2714,0,518,2,0,32,0,8,0,0,0,0,0,0,0,0,0,0,635,82,0,0,0,0,0,0,0,0,0,0,0,606,0,0,0,351,0,0,0,0,0,0,6,0,0,0,0,0,0,21,0,0,0,0,0,0,0,889,0,0,0,171,0,0,28,2,14028,0,0,0,0,0,339,0,0,12,0,11,0,0,0,465,1,0,5592,0,0,0,0,0,0,21,0,0,0,0,1,0,0,6,0,0,0,59,60,0,0,0,0,0,0,0,0,0,0,0,0,0,0,0,0,0,0,0,0,0,0,0,0,2948,12,0,0,0,144,0,0,25,0,0,0,0,0,0,0,0,0,0,0,0,20,0,0,35,0,0,0,1,0,0,0,0,5,0,1,0,0,0,0,0,0,0,0,0,0,1,0,2620,48,0,0,0,0,0,0,0,1,0,0,0,0,0,0,0,0,0,0,0,0,0,0,0,0,48,0,0,0,0,0,0,3,0,5,0,0,0,0,0,0,0,0,53,0,0,0,0,0,0,0,0,0,0,0,0,0,45,0,0,0,0,0,0,0,0,0,0,0,0,0,0,0,0,0,0,0,0,0,0,0,0,0,0,0,0,0,0,0,0,0,0,0,0,0,0,0,0,0,0,0,802,0,0,0,0,0,0,0,0,0,0,0,0,0,0,0,0,0,0,311,0,0,0,0,0,0,0,0,0,0,0,0,0,0,0,0,0,4,0,0,0,0,0,0,0,0,0,0,0,0,0,0,0,0,0,0,0,0,0,0,0,0,0,0,0,0,0,0,0,0,0,0,0,0,0,0,0,0,0,0,0,10,0,0,0,0,0,0,0,0,0,0,0,0,0,0,0,0,0,0,0,0,0,0,0,0,0,0,0,0,0,0,0,0,0,0,0,0,0,0,0,0,0,0,0,0
"gene_147",119,4,0,0,0,0,0,0,0,0,0,1,0,0,0,0,0,0,0,0,0,0,0,2,0,72,0,0,0,0,0,0,0,0,0,208,0,6,0,94,0,0,0,0,0,0,0,0,0,0,0,0,0,0,0,0,10,10,0,1561,0,0,0,0,0,5,0,0,0,0,4,0,0,0,0,239,33,0,11,0,0,1,0,0,0,0,17,0,0,260,0,1,0,0,0,0,0,0,291,0,0,0,0,0,8,0,0,0,0,0,0,0,0,0,0,0,0,0,0,0,0,0,0,337,0,94,0,0,1,0,0,0,0,0,0,0,0,0,0,52,0,0,0,0,0,0,0,0,0,0,0,0,0,0,0,0,0,1,0,0,0,0,0,0,0,0,0,0,0,0,0,0,0,0,46,0,0,0,59,0,0,0,0,0,0,0,0,0,0,0,4056,0,0,0,152,0,176,9,3,6,0,10,20,238,0,24,1024,23,88,0,1,20,36,0,53,7,120,0,0,0,1,3,0,0,313,0,878,3538,321,1,2,6,515,0,900,0,1,0,1,134,0,649,1034,0,8,0,0,2080,79,44,0,1264,2,2,0,0,0,2,2,0,0,0,49,0,0,52,2,0,0,0,0,510,102,127,0,733,26,0,0,0,0,0,0,0,24,66,0,1,0,52,0,0,0,35,0,0,0,33,0,0,5,4,0,0,0,1,1469,0,73,0,1,0,1,0,2,23,47,0,731,0,0,0,1939,0,1,1967,0,0,0,0,0,0,0,0,0,121,0,0,0,0,0,0,0,0,0,0,0,190,0,0,0,0,0,0,1,217,0,0,0,0,0,0,0,31,0,2,324,0,77,0,0,0,0,2,1,124,0,0,0,0,3579,222,1,0,0,0,0,0,1433,1427,0,0,46,4871,0,0,0,0,0,0,0,0,0,0,3574,0,0,3634,0,0,0,0,0,0,0,0,0,0,0,0,0,0,0,0,0,0,0,0,128,19,8883,0,0,0,3,0,0,240,0,0,0,111,0,0,0,0,0,0,0,0,1045,0,0,0,0,0,0,0,0,0,6,0,0,0,0,0,0,0,0,8,0,0,0,0,0,300,0,0,0,0,0,0,0,0,0,0,0,0,0,0,23,0,115,0,106,0,0,0,0,1,0,15,1,0,0,105,11,0,0,0,0,0,0,0,0,0,0,0,2,0,0,0,10,0,0,0,0,23,0,0,0,33,31,0,0,0,0,0,3,0,0,0,0,0,57,0,0,0,0,0,0,0,0,0,0,0,3922,0,0,0,0,17,0,0,0,0,0,0,0,1,0,741,0,0,0,0,0,0,0,0,0,0,0,0,0,425,0,0,453,0,0,0,0,0,0,389,0,8,0,0,466,14128,0,4,0,58,0,0,0,0,0,0,0,0,3,0,0,0,0,0,0,0,767,0,0,0,4,31,62,0,50,0,0,0,0,0,0,1,0,2,1,55,0,0,0,0,0,1060,0,0,0,6735,0,0,0,0,22688,1,4,0,0,0,0,0,0,0,0,506,866,22,0,0,0,0,0,0,0,0,0,0,627,0,0,0,0,0,0,0,0,172,60,0,24,0,0,0,0,0,0,0,23,0,0,0,0,2,1,0,11,66,0,0,0,0,0,0,0,0,0,0,1417,0,0,0,0,0,0,0,0,0,0,0,0,0,0,0,0,0,0,0,0,0,0,0,126,7,1034,0,0,0,44,0,0,0,0,0,0,0
"gene_148",9648,7679,756,4290,7007,26498,12350,2574,9383,10,5687,21647,5475,2081,4435,3033,10807,5125,378,1917,466,1215,3905,3915,1549,4948,1496,6381,731,15,7665,4766,1525,14233,7701,3648,1974,224,917,248,5993,20657,3409,7073,7650,11735,10754,899,13835,1717,2813,8833,4344,353,3589,4666,7552,387,25144,4289,11928,4495,1295,5102,135,3994,8924,6127,10000,13287,383,1271,542,6876,1832,4657,6682,2551,1133,1375,21824,1512,235,5591,14636,14068,1205,1765,2782,883,1204,4312,5826,1460,75,2044,0,3667,7487,324,20098,9583,3307,48925,22016,5901,25321,1949,426,2366,15483,728,3331,7243,33693,1220,6352,4928,7122,1780,15,805,3736,329,4445,52648,1962,14015,318,64,8616,139,7489,68,14232,9823,22471,425,35703,129,1227,22777,1208,1503,4993,16455,19061,16934,14591,79592,7066,6555,140121,392,809,1171,188,13663,9845,1551,2453,35855,57839,14516,8485,39658,2849,39047,1839,5546,13261,26178,10037,38,1100,24615,4049,33,1900,113315,9269,84,10646,41087,1082,1627,165,19408,5978,421,23342,38491,2980,9479,38831,7455,461,1901,246,358,5457,26991,663,2557,6594,166,15175,7662,3038,3812,43026,4837,21833,2190,73,3,17847,4501,15363,2101,17902,2180,2784,26797,20815,2185,29092,850,50279,8131,805,13,18351,9305,18696,995,11343,6116,24623,842,33,29524,161,23859,6132,2562,7907,76814,2254,970,1962,5587,53094,207,2074,79,15755,8901,20698,3633,0,45,0,4,0,0,2974,7,166,0,11607,1920,8548,2341,0,0,0,0,376,0,90,1,6,0,0,0,53,408,270,1,0,13811,25,31,5,8,0,1182,0,0,0,11,0,0,0,0,0,240,0,8,100,2214,0,3,0,0,0,14462,0,0,4578,0,84,671,1,182,0,3294,0,0,312,56,0,2,0,0,0,0,0,5778,117,0,6,4,0,0,3348,0,15519,0,0,0,0,3,0,0,39,0,0,0,0,0,168,353,3886,0,0,1342,40,1,0,0,0,0,3084,0,5306,3416,0,334,0,0,14416,0,0,0,0,0,0,0,0,0,0,0,0,0,0,0,0,5,0,0,547,0,0,0,0,2667,0,0,1013,0,0,0,0,476,0,32366,0,2845,30,0,0,640,0,615,487,0,3609,0,2158,440,7,0,0,0,0,0,0,451,0,0,0,0,0,0,1,0,0,0,0,0,0,0,0,0,0,0,475,0,0,0,0,0,0,0,0,0,0,0,0,0,3914,0,23,0,0,0,0,27,1,0,18,0,0,9,0,0,0,0,0,6,0,0,0,3,58,0,0,0,0,420,0,0,0,0,0,2253,1,0,0,0,0,0,0,0,0,0,4151,0,0,0,258,0,22,0,4,0,129,102,0,0,0,0,0,0,0,0,0,0,267,0,0,0,0,0,0,0,373,0,0,38,0,0,158,0,0,0,0,0,9,0,882,0,2,12,0,0,0,0,0,76,141,0,0,0,99,0,0,0,0,0,0,864,0,0,0,0,0,2156,0,0,0,11,0,0,0,0,0,0,0,0,0,0,0,966,0,0,0,0,0,0,0,0,0,6302,0,0,0,1,0,0,0,0,0,0,0,0,0,0,0,0,0,0,0,45,0,0,0,0,338,0,0,0,0,0,0,0,0,0,0,0,0,166,0,0,0,64,0,0,0,0,0,9195,0,0,1,0,0,0,0,0,0,0,0,0,0,0,0,0,0,0,0,0,0,0,0,0,0,0,0,0,0,0,0,0,1,0,0,0,4,0,0,0,0,0,0,0,0,0,0,0,0,0,0,652,0,0,0,0,0,0,0,0,0,0,0,0,0,0,0,0,0,0,0,0,0,0,0,0,0,0,0,1379,0,0,0,0,0,0,0,257,0,0,0,0,0,14
"gene_149",175,0,95,268,124,116,9,58,125,1639,11,811,79,43,116,66,418,3,382,0,0,0,0,8,0,3,21,52,166,1213,37,78,4,4448,178,0,7,70,0,0,1282,827,0,0,219,78,12,22,98,19,0,35,11,34,1170,123,1228,26,651,0,36,0,4,6,1,252,0,0,0,0,60,0,0,5,0,1,0,0,46,286,0,0,0,179,2,0,0,8,0,0,2586,0,0,0,0,0,0,26,0,1344,658,0,0,0,158,0,0,110,1364,1,0,9,0,170,0,18063,0,0,0,0,0,0,6802,0,0,0,0,2,473,10,2,0,834,0,0,0,0,0,61,0,6647,963,0,10674,939,78,104,34,2,3896,0,0,0,0,53266,14933,0,0,0,0,0,491,0,2047,689,0,69,6234,0,0,49699,0,128,1,86,317,911,30,1,67,6,0,0,0,0,27,5066,6828,3133,30,1,0,0,276,111,0,0,1919,0,0,0,0,0,140,5521,933,0,521,1,179,4,185,217,0,13,0,0,12,0,9,739,643,412,2079,2,125,0,0,0,0,0,0,275,2120,0,0,1,71,0,0,40,707,10,12,27,656,52,0,28,666,18,0,0,0,1457,24,182,0,582,2,4,5,0,18,349,2471,0,1,18,0,142,6,1,5,0,0,0,0,138,1,73,0,856,29,4,0,668,0,32,0,0,336,12,922,0,4078,236,0,939,27,339,8,0,297,0,0,3,1119,0,0,0,49,46,1031,18,0,0,1,385,75,8,128,186,0,1657,19,0,0,289,0,1369,0,4,59,0,333,0,1,67,1665,0,28,2,0,328,1,47,0,228,0,5,20,3,24,9,2,5,8,0,30,0,2,0,83,0,0,53,0,635,0,60,0,0,59,855,736,1,7,5,0,7,1,6,0,0,2,238,0,8,0,1198,5,140,301,685,0,56,33,4,0,0,109,0,1,0,14,214,553,793,4,241,4,67,0,0,4,0,50,1,0,0,5,16,0,0,2267,2,0,2,241,1438,44,0,303,0,28,2,517,0,2223,0,1,0,0,3,42,6,0,0,0,0,0,0,0,0,727,1,0,336,0,0,1090,4396,0,0,86,0,0,0,22,0,0,59,107,38,0,7,0,145,123,526,0,204,1,0,0,0,40,16,255,336,116,10205,0,0,0,1,74,531,70,0,0,0,40,2,1,8,0,0,0,1,0,1,21,137,0,0,194,55,0,0,0,1,0,1,0,5,3,1106,0,0,0,48,19,1514,178,0,2,1,821,0,0,390,19,391,0,169,34,547,1,0,13,224,0,3369,188,0,0,0,33,0,0,12,0,0,0,7306,73,313,6,468,49,3608,880,0,192,1,42,1436,1,0,0,146,1,314,0,0,0,0,0,4938,0,12,1993,1109,4,0,6,855,7866,0,55,5,3014,2348,9,154,1,1,0,1,92,129,73,28,22,3462,2176,78,4722,2,15,6,0,0,0,48,283,509,0,25,0,296,0,0,0,0,200,209,0,0,10364,394,0,30,0,0,0,13,4,138,100,5169,2132,0,4783,0,0,8,753,330,0,66,1,9,1,309,0,1384,0,191,6886,13,0,1077,0,0,0,267,21,0,58,1112,26,2,0,346,0,231,0,56,2,0,0,0,716,8,2234,16,0,70,1,0,0,1076,0,0,143,0,10,0,425,0,14,0,60,134,0,208,0,0,0,6002,0,235,4171,2973,12,0,2,14,1729,10,95,2277,0,9,3,53,269,274,0,0,1059,46,11796,0,46,2,1,0,1943,14,0,0,0,739,542
"gene_150",0,0,0,0,0,285,0,0,0,0,0,429,0,0,0,239,17,0,0,8,0,0,0,0,0,0,52,0,0,50,0,0,0,0,0,0,502,92,0,0,24,0,28,0,0,0,1768,176,0,0,13,14,0,0,0,0,0,0,0,89,0,0,0,3,6,0,0,0,0,0,0,0,0,640,0,0,0,0,0,0,7,0,0,0,0,1,0,0,0,22,0,0,3,0,0,785,0,0,0,0,0,0,0,0,0,0,0,0,0,0,0,0,0,0,0,0,0,0,0,0,0,0,0,0,819,0,0,0,0,0,0,0,0,0,0,0,0,975,0,0,0,0,0,0,0,0,0,43,0,0,0,0,0,0,0,0,0,0,0,0,0,0,0,0,0,0,0,59,0,0,0,0,0,0,0,0,0,0,0,0,0,0,0,0,0,3,0,0,0,0,0,0,0,0,50,0,0,0,0,0,0,0,0,0,0,0,0,0,0,0,0,0,0,0,0,0,0,0,0,0,0,0,459,0,0,0,0,0,0,0,0,267,0,0,0,0,0,0,0,0,0,0,0,0,0,0,0,0,0,0,0,0,1012,0,0,1,0,0,0,0,1,0,0,0,19,2,5,3,0,0,25,0,0,1,0,0,0,0,12,0,0,0,0,0,14,0,0,0,0,0,20,0,0,0,0,3,1,1,0,0,4,2,0,1,0,3,0,0,4,0,2,1,0,0,0,0,13,0,1,0,0,6,68,0,0,0,4,0,2,0,3,0,14,17,0,0,0,0,19,0,0,8,0,0,0,0,0,0,0,1,0,0,0,0,1,0,0,0,0,28,6,0,0,0,0,0,5,0,1,0,0,0,0,0,0,22,0,0,9,0,0,0,0,1,0,0,0,61,1,0,0,0,1,4,12,0,0,0,0,17,0,1,0,0,1,9,1,14,1,0,0,57,6,2,0,0,0,16,0,14,2,1,0,0,0,0,0,2,0,0,16,0,17,0,0,0,4,0,0,0,356,0,0,0,3,0,0,0,0,0,0,0,0,0,0,0,0,0,0,0,1,1,6,0,0,0,0,57,0,0,0,0,0,0,0,0,5,0,0,3,0,3,0,0,0,0,0,0,0,0,0,0,0,0,0,0,0,0,0,0,0,0,0,0,0,0,16,0,0,1,4,0,0,0,0,0,0,0,0,0,0,0,0,0,0,0,1711,0,85,0,0,0,82,0,0,0,0,0,0,22,0,0,0,0,0,0,0,476,89,0,0,0,0,0,0,0,0,191,0,0,0,0,0,0,0,0,0,0,0,0,0,0,0,0,0,112,0,0,1,0,0,0,0,0,0,0,0,0,0,0,0,0,0,0,0,1,0,0,0,0,0,97,0,0,0,18,2,0,0,0,0,0,0,165,3,0,0,0,0,0,0,0,0,0,0,0,0,0,0,0,0,60,0,0,0,0,0,0,20,0,0,0,0,22,0,0,0,0,0,0,0,0,0,0,210,4,0,0,0,0,0,0,0,0,0,0,0,0,0,0,0,0,2,0,0,484,0,0,7,0,0,0,0,0,0,0,0,0,0,0,0,0,0,63,0,0,0,3,4,0,0,0,0,0,0,0,0,46,0,0,0,0,0,0,0,0,0,0,0,0,0,0,0,0,0,0,0,0,1809,0,0,0,0,0,0,338,0,1,0,0,0,0,4,0,0,0,0,251,0,0,0,0,0,0,5,0,0,0
"gene_151",0,0,106,14,0,0,5,0,0,0,0,21,0,0,323,43,341,0,0,0,0,0,0,0,7256,431,0,128,0,0,0,0,56,0,169,0,0,0,0,139,63,0,140,0,0,0,0,0,0,0,0,0,0,0,0,0,10,0,0,414,0,2682,0,0,0,0,0,0,0,0,0,0,0,93,359,0,1799,0,0,0,0,0,0,0,659,0,2,2,0,0,479,29,0,0,0,0,0,13,0,0,0,205,320,0,2439,0,0,0,0,67,0,201,0,0,2,0,0,0,0,5,169,4,0,0,0,0,0,302,202,0,2,0,0,394,415,0,225,24,0,0,0,0,0,1641,0,0,0,0,0,0,1278,0,0,286,0,121,0,0,36,0,0,0,0,0,26,0,35,582,1931,0,0,4808,0,0,496,0,0,2,0,0,0,0,0,0,18656,0,0,607,0,0,18,0,15,0,0,0,106,0,0,0,164,0,1028,0,0,0,0,0,0,0,0,0,0,0,0,0,835,0,0,0,0,0,0,0,19,0,0,0,0,0,8,2,0,0,0,0,0,0,0,0,0,0,0,0,0,0,0,2,3,0,0,47,0,0,4,224,0,199,9,0,0,0,0,0,0,0,0,0,0,0,0,0,0,0,0,0,0,0,0,1,0,0,0,0,0,0,0,0,1,0,0,0,0,0,0,0,305,0,0,0,0,0,0,0,0,0,0,0,0,0,0,0,0,0,0,0,0,0,0,0,0,0,0,0,0,0,0,0,0,0,0,0,0,0,1,0,0,0,0,0,0,0,0,0,0,0,0,0,0,0,0,0,0,0,0,0,0,0,0,0,0,0,0,1,0,0,0,0,0,0,0,0,0,0,0,0,0,0,0,0,0,0,0,0,0,0,0,0,0,0,0,0,0,0,0,0,0,0,0,0,0,0,0,0,0,0,0,0,0,0,0,0,0,0,0,0,0,0,0,0,0,0,0,0,0,0,0,0,0,0,0,0,0,0,0,0,0,0,60,0,2,0,0,0,0,0,0,0,86,0,0,0,16,87,1199,0,0,0,0,0,0,0,0,0,0,0,0,0,0,110,0,0,0,0,0,0,1235,0,0,0,0,158,0,0,0,385,0,0,0,0,0,0,0,3,0,0,0,0,0,0,0,0,0,0,0,0,0,366,0,0,0,0,0,668,1957,0,0,0,0,0,0,0,0,0,0,5,0,0,1,0,0,0,0,0,0,0,182,0,0,0,0,51,0,0,0,0,0,0,0,0,3,0,0,0,0,0,0,0,0,0,0,0,0,15,0,1337,0,0,0,158,0,0,0,0,0,0,4,0,0,0,0,0,0,9,0,0,0,0,0,0,0,0,0,8,0,0,0,0,0,0,0,326,0,0,2527,0,0,0,0,0,0,0,0,2,7,1,0,52,0,0,0,0,0,0,0,0,0,0,0,0,0,0,0,0,0,20,0,0,0,0,4253,18,0,0,335,0,0,0,0,0,0,0,0,0,0,59,0,0,0,0,0,0,0,0,0,0,0,0,0,55,0,0,0,0,2030,0,0,0,0,0,0,0,0,0,0,83,0,0,1,0,153,0,0,0,0,0,0,0,0,0,0,0,0,0,0,47,0,0,0,0,0,0,0,2,0,0,0,0,1,34,0,0,0,0,0,0,0,0,0,6,0,0,1,0,0,0,2,0,0,0,0,852,0,2,0,0,0,0,0,0,0,0,0,16,0,0,0,0
"gene_152",0,0,0,0,0,0,0,0,0,0,0,0,0,0,0,0,0,0,0,0,0,0,0,0,0,0,0,0,0,5,0,0,21,0,0,0,0,0,0,0,0,0,0,0,0,0,0,0,0,0,0,0,0,0,0,0,0,0,0,0,0,0,0,0,0,0,0,0,0,0,0,0,0,0,0,0,0,0,0,0,0,0,0,1,0,0,0,0,0,0,0,0,0,0,1,0,1,1,0,0,1,2,1,0,0,2,2,7,0,0,1,0,1,4,2,1,0,0,0,0,0,0,0,0,5,4,2,1,0,0,0,4,6,4,0,0,0,0,16,6,0,0,0,1,108,1,2,0,0,1,1,8,2,18,0,5,4,0,0,0,2,0,0,0,0,0,2,0,0,45,9,10,0,2,0,0,5,0,0,9,0,0,6,11,3,0,0,1,33,0,0,0,0,15,0,0,0,0,0,0,3,0,0,0,0,0,0,0,0,0,0,0,0,0,0,0,0,0,0,89,13,0,0,0,0,0,6,0,477,0,0,0,0,0,0,0,0,0,0,0,0,0,0,0,0,0,0,0,0,0,0,0,847,0,0,0,0,0,0,0,19,9,3226,51,81,0,0,32,210,168,3863,131,179,54,0,803,0,923,63,114,478,1,1745,4227,697,110,96,203,0,338,826,10,0,5853,0,5,211,2,39,8,57,0,82,0,1843,106,999,0,268,0,333,0,0,0,165,0,0,96,2,3,473,82,39,287,0,554,680,3617,1458,0,55,40,657,1,38,0,2,1447,1,795,0,1675,10241,31,315,0,212,1259,0,0,214,356,0,1,636,0,1648,1,282,152,161,87,7276,1291,2166,0,0,17,0,64,3837,3198,0,27,1524,2039,18591,1511,0,169,1942,81,3485,10776,327,231,909,215,0,0,653,26,8,86,144,237,135,0,203,62,98,2698,1085,16,4868,266,10,57,25,1265,3,5819,2139,3,2959,0,6814,4,1281,0,0,197,112,0,0,32,47,5,3384,294,0,0,618,20734,16,122,8747,0,17448,5557,857,339,12476,3225,13104,2636,11,3032,2855,13954,229,2279,92,577,556,6253,84,1066,10753,609,2488,584,9233,1171,3228,8642,12837,315,13636,6801,830,530,513,9003,6023,2461,4118,5343,27423,15,18851,3835,1918,440,0,495,4418,90,1369,1732,3195,1748,964,12305,197,44,3423,1,765,2294,976,2715,208,13816,447,10300,352,2088,15015,1597,765,2860,3338,4847,15115,294,1703,38,5,145,5,243,8082,6486,4513,906,2904,2687,117,7692,17835,40,11496,4279,1038,4870,8510,29675,11787,59,206,2195,3938,5078,2376,13125,110,2085,1932,1917,219,64,1435,3004,21531,1227,61,2834,95,1,1282,6444,5914,13,6150,1428,1658,8330,2524,220,820,250,1049,1988,0,9,42,2,0,4185,20,3120,0,8208,3107,739,2044,10410,4,3,1407,48,59,5293,9094,82,8711,5559,18,6300,18354,68,155,3,4547,2653,2930,227,11486,2,1283,177,634,2898,661,536,1727,12008,4708,7,56,1869,12824,6306,1774,5994,523,19,0,42,134,6543,2,4948,7660,0,55809,1092,0,3327,453,621,1183,18804,780,43340,14924,170,6460,0,3013,7475,22351,663,23556,0,57964,2097,3,0,0,0,25,21059,1,0,0,3627,448,2790,621,117,3,306,29095,1851,554,73,470,4036,9168,2,4872,323,113,34976,597,4321,1,0,1475,7,0,2445,4519,11260,7,0,283,12286,377,89,12,161,4986,3770,3160,0,0,20,133,1253,58,4542,5152,124,1,90,510,2625,555,0,1529,1317,62,76093,157,18,428,16185,4525,2079,4692,1446,1202,803,1,3443,1143,907,44130,13635,48,4839,2125,1710,4310,430,0,12115,570,179,6,11490,52,62,148,17940
"gene_153",17,0,57,3483,0,0,0,316,0,11,0,0,590,898,85,773,1,6023,9,2,53,0,307,0,874,1458,0,0,1,132,135,22,0,3,4,3158,34,9,2219,0,4677,4,9,25,0,194,167,5,251,0,2641,1673,42,0,19,155,5,331,105,5,913,5,0,4,644,31,410,1412,0,291,19,281,19,174,0,4786,0,78,1,185,0,146,36,121,21,1,0,1,665,0,1120,198,1,0,2,0,4,427,2698,0,0,0,0,3882,0,0,2,0,7,0,765,92,1709,19,162,183,0,524,19,51,0,2,0,0,1677,214,15,0,7,0,16,0,0,1863,1,0,2122,33,5,0,0,5,6,1547,617,0,1,0,0,838,342,132,1,0,0,0,0,224,0,1,2963,765,0,0,3,4,0,0,147,0,14,598,1291,977,0,127,302,0,46,17,3,0,0,745,1087,0,5,136,0,993,1492,0,106,777,0,0,55,0,7,0,25,69,409,125,3,12,2507,2978,47,0,17052,0,0,174,12,80,0,0,50,271,0,0,0,92,1605,0,732,232,1331,159,140,536,0,0,18496,0,29858,98,0,16,135,353,0,2359,72,398,122,0,0,0,1,0,0,86,0,19,87,0,0,473,1336,215,305,7,0,0,4,0,0,16,81,6,3190,770,0,0,48,11,14,0,0,0,0,32,524,8564,0,613,0,0,1657,17,735,430,0,0,839,433,250,10183,1,0,53,0,0,6,585,0,1,36,609,89,103,1,156,0,5,47,7100,811,19,116,0,0,103,0,0,2786,0,90,30,0,314,1400,0,2496,296,68,43,418,0,0,0,30,2744,47,31,1,1,0,24,67,0,0,0,0,529,0,0,245,1,2864,0,648,0,624,401,6,0,3651,36,37,0,0,539,26,536,119,371,0,970,0,0,38,37,10587,1,353,0,44,9,1841,946,1,0,2201,3,0,1781,121,0,319,0,5,15,0,85,5,0,384,1,5,0,0,2025,0,2,0,0,0,0,33,46,5,2,546,8423,0,0,247,1140,0,2,1574,0,1,438,18,0,662,6,0,0,0,1313,527,369,0,385,0,385,8,168,0,43,38,903,0,0,791,0,752,0,0,2,0,0,0,0,942,1,12,0,0,8,0,499,2263,0,0,0,0,0,0,10,35,53,69,106,0,23,1076,0,847,0,0,455,0,0,0,293,0,2,45,301,0,0,17,327,8,2,0,1,1385,301,0,0,0,0,853,3,9,0,57,0,1,0,2082,5,1,64,0,80,1,0,4,0,2,203,1,0,155,0,2,0,468,0,1,9,8,0,0,0,38,4,0,15,1181,78,0,84,0,21,0,7,0,3,295,0,0,0,3275,0,0,0,0,0,3531,7042,0,125,26,0,0,0,69,0,1,0,0,1522,630,0,17,202,6,0,89,0,102,9,8,0,17,0,1,2,464,305,504,0,285,164,402,0,0,5,27,0,9,0,0,0,70,0,0,0,7,0,0,0,12,0,143,2877,0,2,54,0,1,0,143,0,0,2488,150,18,0,0,0,4034,0,82,0,193,0,0,6245,558,10,1,5,0,0,0,0,0,0,2631,0,0,0,0,7,0,1,10,1,0,51,0,347,3,354,0,0,6530,0,0,6,0,27,0,8007,0,234,0,0,35,585,3,1,0,0,46,1,0,0,0,0,405,0,0,7947,799,0,0,0,0,0,639,0,0,0,0,0,73,992,0,1175,0,6392,0,0,0,1558,794,5010,0,5,0,0,0,0,4725,3544,232,0,0,4175,81,0,0,44,6,0,0,0
"gene_154",5,1376,1,91,4,2610,53,11,119,7,234,157,2438,0,0,11,0,13,241,3,1609,674,20,338,423,33,12,0,321,0,0,958,487,98,320,0,34,2,250,1,316,121,307,24,2488,14,1,1771,1,4,0,536,2020,36,2636,0,119,3,21,0,1164,0,518,0,111,0,425,76,78,1181,7,11,33,2,7600,8,1729,38,463,0,5896,1,0,390,1431,200,0,412,20,108,4290,100,4711,913,32293,0,630,2228,106,0,5938,38,1,5225,4628,4,1728,255,590,5391,1003,530,1,3,842,58,27,77,239,59,5,200,280,503,4593,906,80,0,348,0,0,1242,2427,13049,2480,105,418,938,0,12779,224,2614,2305,39,81,15613,0,1,20,57,125,2,46,5636,5223,6048,23989,94,898,491,43773,1195,299,0,855,547,22286,16029,214,847,10694,23711,0,141,71,365,3168,450,8,4225,1247,5970,10,1545,321,10970,18947,502,5922,6,8165,0,26,260,36,8,122,3,0,343,1903,113,104,2315,17409,0,340,16,905,1,1714,13,52,74,123,2500,1230,137,744,0,36,1068,3,3286,56,16,1794,221,207,11078,153,3738,5138,4613,190,12,341,2242,929,1,104,2186,102,369,838,519,1,5882,14,1373,1099,12229,231,201,0,0,353,2244,6358,0,0,0,0,0,0,0,65,0,0,0,656,5,0,0,36,0,0,0,0,0,0,0,0,0,0,1,4,0,48,0,0,16,0,9,0,0,0,0,0,0,0,0,0,0,0,0,0,12,9,0,357,0,0,0,376,0,0,0,0,0,0,3,0,0,190,0,899,3,0,0,0,0,0,0,6,0,0,0,0,108,1,0,0,0,0,0,0,0,0,0,1462,177,0,2209,0,0,0,0,0,0,1063,0,8,0,58,0,0,0,0,1,0,198,780,46,0,0,263,0,0,0,0,0,0,0,0,0,0,0,0,63,0,0,0,0,0,29,0,0,51,0,0,0,0,0,0,0,0,0,0,0,1412,432,0,0,0,0,0,0,0,0,94,0,1,0,0,0,0,0,161,0,1,0,0,0,0,0,0,0,1,2,1,0,0,0,0,0,228,0,0,0,0,0,0,0,0,0,0,2,0,0,0,0,0,0,0,0,0,0,0,0,125,0,0,0,0,0,0,136,0,0,0,0,0,0,0,0,0,0,0,0,1,0,0,0,0,42,0,0,0,0,0,0,2,0,0,0,0,0,0,0,0,0,0,0,0,0,0,0,0,0,0,0,485,0,0,35,0,0,3,0,0,0,0,0,0,0,0,0,0,0,0,122,0,0,0,1,0,350,0,0,0,0,0,0,0,98,707,0,0,0,0,0,0,0,0,0,0,0,0,0,0,0,0,0,1,0,0,0,0,0,0,0,0,0,0,0,0,0,0,0,0,259,4,0,57,0,0,0,0,0,0,0,0,0,0,0,0,0,0,0,0,0,0,0,0,0,0,0,0,0,0,0,0,0,0,0,0,0,0,0,0,0,0,0,0,0,0,0,0,0,0,0,0,0,5,0,0,0,0,0,0,0,0,0,0,0,0,0,0,0,0,0,0,0,0,0,0,0,0,0,0,0,0,0,0,0,0,0,0,0,0,0,0,0,0,0,0,0,0,1,0,0,0,0,0,0,0,0,0,30,0,49,410,0,0,0,0,0,0,0,0,0,0,0,0,0,0,0,0,0,0,0,0,0,0,0,0,0,0,0,0,0,0,0,0,0,0,215,0,0,0,0,0,0,0,0,0,0,0,0,0,0,0,0,50,0,0,0
"gene_155",0,479,0,0,0,0,0,1,0,0,0,0,0,0,0,0,4,0,30,0,0,0,0,0,0,2,0,0,0,0,0,0,0,0,0,0,0,0,0,419,0,0,0,0,0,0,0,0,0,0,0,0,0,0,0,0,0,0,0,59,0,3,0,0,0,0,0,750,0,0,0,0,0,0,0,0,0,0,94,0,0,0,0,0,0,0,0,0,0,0,0,0,11,0,0,0,0,0,0,0,0,0,0,0,0,0,0,0,0,0,0,0,0,0,0,0,0,0,0,0,0,0,0,0,0,0,0,0,0,0,0,0,0,0,0,0,0,0,0,0,0,0,0,0,0,31,0,0,0,0,0,0,0,0,0,0,0,0,0,0,0,0,0,0,0,51,0,0,0,0,0,0,0,0,0,0,0,0,0,0,0,0,0,0,0,0,4,0,0,0,0,0,0,0,0,0,0,0,0,0,0,0,0,0,0,0,0,0,0,0,0,0,0,0,0,0,0,0,0,0,0,0,0,0,0,0,0,0,0,0,0,0,0,0,0,0,0,0,0,0,0,0,0,0,0,0,0,0,0,0,0,0,0,0,0,0,0,0,0,0,0,0,0,0,0,0,0,0,0,0,0,0,0,0,0,0,0,0,0,0,0,0,0,0,0,0,0,0,0,0,0,0,0,0,0,0,0,0,0,0,0,0,0,0,0,0,0,0,0,0,0,0,0,0,0,0,0,0,0,0,0,0,0,0,0,0,0,0,0,0,0,0,0,0,0,0,0,0,0,0,0,0,0,0,0,0,0,0,0,0,0,0,0,0,0,0,0,0,0,0,0,0,0,0,0,0,0,0,0,0,0,0,0,0,0,0,0,0,0,0,0,0,0,0,0,0,0,0,0,0,0,0,0,0,0,0,0,0,0,0,0,0,0,0,0,0,0,0,0,0,0,0,0,0,0,0,0,0,0,0,0,0,0,0,0,0,0,0,0,0,0,0,1,1,0,1,0,0,0,1,0,0,3,0,0,0,0,0,1,0,0,0,0,0,0,0,0,0,0,0,0,1,0,0,0,1,0,0,3,0,0,1,0,0,0,0,1,0,0,0,0,0,0,0,0,0,0,0,0,0,0,2,0,0,0,1,0,0,0,0,0,0,0,0,1,0,0,0,0,0,0,0,1,1,0,0,2,1,0,3,0,0,0,1,1,0,0,0,0,1,0,0,2,0,0,1,0,0,2,0,1,0,0,0,1,0,1,0,1,0,0,0,0,0,0,0,0,0,0,0,0,0,0,3,2,0,1,0,0,0,0,0,0,3,0,0,0,0,0,0,0,0,0,0,0,0,0,0,0,0,0,0,0,0,0,0,0,0,0,0,0,0,0,0,0,0,0,0,0,0,0,0,0,0,22,0,0,0,0,0,0,0,0,0,0,0,0,0,0,0,0,0,0,0,0,0,0,0,0,0,0,0,0,0,0,2,1179,0,0,0,0,0,1342,0,150,0,0,0,0,0,0,0,0,0,0,7381,0,0,0,0,0,0,0,0,0,0,0,0,31,0,0,0,0,0,0,0,0,0,0,0,0,0,0,0,0,0,0,0,0,0,0,0,0,0,0,0,0,0,0,0,0,0,0,358,0,0,0,0,0,0,0,0,0,0,0,0,0,0,0,0,0,0,0,17,0,0,0,20106,0,0,0,0,0,0,0,0,0,0,0,0,0,0,0,0,628,0,0,3
"gene_156",0,0,0,0,0,0,0,0,0,0,0,0,0,0,0,0,0,0,0,0,0,0,0,0,0,0,0,0,0,0,0,0,0,0,0,0,0,0,0,0,0,0,0,0,0,0,0,0,0,0,0,0,0,0,0,0,0,0,0,0,0,0,0,0,0,0,0,0,0,0,0,0,0,0,0,0,0,0,0,0,0,0,0,0,0,0,0,0,0,0,0,0,0,0,0,0,0,0,0,0,0,0,0,0,0,0,0,0,0,0,0,0,3859,0,0,0,0,0,0,0,0,0,0,0,0,0,0,0,0,0,0,0,0,0,0,0,0,0,0,0,0,0,0,0,0,0,0,0,0,0,0,0,0,0,0,0,0,0,0,0,0,0,903,0,0,0,0,0,0,0,0,0,0,0,0,0,0,0,0,0,0,0,0,0,0,0,0,6,0,0,0,1,0,0,0,0,0,0,0,0,0,205,0,0,0,0,0,0,0,0,0,0,0,0,0,0,0,0,0,0,0,0,0,0,0,0,0,0,0,0,0,0,0,0,0,0,0,0,0,0,0,0,0,0,0,0,0,0,0,0,0,0,0,0,0,0,0,0,0,0,142,0,261,26,1054,1171,5339,3,2,0,848,788,0,60,0,0,3348,0,878,0,21,187,206,5,1,0,4186,1,3368,1,0,0,601,0,691,3037,1,450,823,388,1,104,0,39,9496,171,432,1837,0,15,537,0,2108,0,0,722,51,1,36,316,259,1920,0,134,25,43,268,1085,708,1849,2315,6,16,0,4,1,18,6,0,16,12,521,1,116,5,4,17,2312,290,325,1229,5,1882,0,12,6,61,103,1442,567,289,2639,34,0,481,734,1121,135,134,0,212,0,152,216,10486,1755,247,1517,893,15,53,0,1,1584,5,4,0,677,0,0,668,2859,56,0,115,0,1,56,3,305,2576,149,8033,2684,388,3,0,2,1846,162,8741,0,32,35,0,0,3560,894,0,35,182,1713,14,0,212,796,26,468,1269,3755,48,0,1876,0,18,0,3873,0,0,186,3,0,1,0,32,6625,0,100,1,0,0,0,0,0,1,1073,1890,1813,0,11,0,760,0,0,0,638,2,0,364,2,0,0,373,0,2433,0,0,3493,286,454,29,1,0,103,2,1,0,5620,0,0,25,0,273,5,0,158,3,0,809,0,155,793,3044,0,21,103,1,2,1767,0,472,84,967,17,7,0,1230,8,0,0,0,37,1508,0,0,0,2,0,1073,0,0,0,0,0,0,25,2605,1932,0,2,0,0,0,13547,264,3,0,4,67,68,658,22,0,2283,174,0,83,1,2,0,220,8093,14,0,31,0,9016,0,7,6,0,0,0,0,0,0,0,3097,0,685,0,0,0,0,0,0,0,0,0,0,0,4,0,3,0,0,0,0,0,0,0,0,4,0,0,0,1148,0,0,0,0,0,726,0,0,0,0,0,0,0,0,0,0,0,0,0,2925,0,0,0,0,0,0,0,564,0,0,0,0,0,0,0,0,0,0,0,0,0,0,0,228,0,0,0,3,0,0,0,1,0,0,0,0,0,0,11,0,0,0,0,0,0,0,0,1,0,0,0,0,0,2,0,82,0,0,0,0,0,24644,0,10,1505,0,0,0,0,0,0,0,0,0,0,5,0,0,0,0,0,0,0,0,0,0,0,0,0,320,0,0,0,0,0,0,0,0,0,0,0,0,0,0,0,0,0,0,0,3986,1380,0,0,0,2,0,40,0,0,96,0,1258,0,0,0,0,0,0,0,0,0
"gene_157",20859,31864,10265,12279,11648,17671,25980,5812,13977,963,14649,6080,10164,18385,2819,380,5606,3969,2747,2457,3626,9858,14689,17396,6401,35022,10234,10469,5182,25374,20293,10304,8545,8117,15480,30438,13764,4938,664,5683,1659,12136,7639,754,13572,19250,24491,7345,10693,6243,16427,7922,12934,11640,3723,19575,3684,16445,6167,35915,4221,4690,18033,9755,8112,14001,13529,25032,8580,18128,6991,2273,1011,3715,3881,4321,7499,16859,10295,4775,27543,1532,3566,2230,6878,34263,7112,5775,11749,2520,1400,9482,20,3730,2250,226,311,639,602,5,12,127,0,4,0,3318,1398,8830,574,1955,700,2,1,500,13,17,3028,1686,5,5,12082,264,271,4,1755,5277,0,5724,0,1,0,1610,4,136,110,0,10,143,67,11081,8992,2158,1236,2161,76,2493,639,1101,4581,787,2967,880,0,100,1064,847,116,32,1036,84,4367,21,1576,47,11,19,2229,870,1147,3,2,2491,7569,2314,11794,162,2031,490,75,800,223,1769,4392,12630,3316,585,95,715,2184,0,8,171,166,1525,64,343,5,70,16,353,2,0,199,990,24,12,144,1,321,121,27,99,1,162,0,10,337,77,0,2,0,1,602,101,28,0,374,456,24,1,1,101,414,740,39,22,39,1,185,23,136,13,1,0,0,138,445,955,3,265,290,333,251,29,13,14,131,0,181,25,896,815,17,0,0,3,40,214,77,309,72,420,999,3,434,35,85,3,82,144,8,147,54,101,202,124,0,17,113,348,21,215,24,57,84,62,80,122,19,34,21,119,84,343,52,50,99,23,3,90,40,140,76,67,143,14,156,119,264,155,14,116,140,28,22,3,255,297,195,0,70,2,172,97,47,11,149,39,282,888,10,212,549,60,241,0,129,194,254,4,26,676,21,226,150,63,5,21,69,251,167,2,2,3,384,647,275,35,101,378,27,111,174,143,91,128,1051,98,61,8,401,478,286,184,0,131,78,115,30,15,345,151,14,7,239,95,123,243,37,18,361,3,908,250,104,37,436,170,11,688,1630,355,6,120,81,43,350,17,132,10,12,603,195,65,0,468,542,15,31,20,21,56,63,101,3,0,31,85,168,416,24,452,173,2,42,5,585,129,21,1083,482,21,26,5,11,262,56,209,12,238,13,4,15,9,15,265,10,141,2,17,1,283,271,205,8,221,51,57,1,6,425,3,404,69,1,485,0,115,18,67,32,462,207,181,0,192,104,8,4,96,185,252,19,13,315,328,352,479,19,17,522,12,34,236,20,1,3,49,16,533,36,7,51,283,35,0,83,844,379,42,45,8,130,1061,8,591,267,339,49,321,22,108,65,340,121,27,447,72,27,248,0,18,18,18,306,290,219,3,160,115,551,32,178,118,2,66,52,0,17,88,51,133,5902,995,216,1,0,255,0,21,547,77,940,13,787,14,1776,722,0,0,0,8,14,0,12,1,26,9,1668,0,1111,18,0,96,1340,0,316,626,0,0,5,6,1518,211,0,494,446,195,1085,0,0,0,2877,111,1609,5,0,1365,1102,25,18,214,868,3,52,71,0,670,1483,197,1319,0,0,120,4,33,21,2,0,0,1223,2,219,389,0,95,978,145,0,1318,16,157,0,2569,0,125,0,2,173,239,0,13,296,748,0,140,198,0,81,1013,2587,1401,61,1573,22,0,0,1374,789,2551,1,518,0,0,2537,3,22,0,1325,372,13,994,54,262,538,55,41,15,0,9,0,2,26,0,1,2628,93,1,70,0,111,0,106,105,861,14,131,0,847,1,30,0,55,434,1241,32,345,12,0,0,0,0,64,6,537,1576,45,12,0,1,0,50,76,0,50,3,0,0
"gene_158",0,0,0,1,0,0,0,0,1,1,0,0,0,0,0,0,2,0,0,0,0,0,0,0,0,0,0,0,0,1,0,0,0,0,2,0,0,0,1,1,0,0,0,0,0,0,0,0,0,0,0,0,0,0,0,0,0,0,0,0,1,0,0,0,0,0,0,0,0,1,0,2,0,0,0,0,0,0,0,0,0,0,0,0,3,0,0,0,0,0,0,0,0,3498,8933,161,11,0,0,0,30,2950,0,2,4,24,47,0,0,759,974,0,10075,710,0,0,0,0,3693,0,11,144,0,2,0,1802,0,0,21,724,26,0,999,5,35157,0,1,0,152,0,22,1,6,3,0,135,122,123,33,4,1961,49,31,0,19,0,6,2837,0,0,0,1980,1100,0,0,0,16,2,796,1845,0,40,1667,36,0,1647,0,0,0,68,0,309,2,2,129,1,0,0,0,0,13916,24,0,0,0,0,0,86,1,0,0,0,0,472,0,156,0,0,16,9624,0,0,0,177,1,0,0,4,0,0,12,0,0,0,27984,457,69,0,19,0,0,280,0,60,717,0,5,603,0,0,1,27,0,0,0,0,0,6443,5,0,0,0,429,0,0,16,0,0,2930,0,0,0,0,0,0,0,0,0,0,0,0,0,0,0,0,0,0,0,0,0,0,0,50,0,0,0,0,0,0,0,0,0,11,0,0,0,0,0,0,0,0,0,403,0,0,0,0,0,0,0,0,0,0,0,0,0,0,0,0,0,0,0,0,0,0,0,0,0,0,0,0,0,0,0,0,13,0,0,0,0,0,123,0,0,0,0,0,0,0,0,0,0,0,0,0,0,0,0,16,0,0,0,0,0,0,0,0,0,0,0,0,0,0,0,0,0,0,0,0,0,0,0,0,0,0,0,0,0,0,0,0,0,0,0,0,0,0,0,0,0,0,0,0,0,0,0,0,0,0,0,0,51,0,0,0,0,0,0,0,0,0,0,1,0,0,0,0,0,0,0,0,0,0,0,0,0,0,0,0,0,0,0,0,0,0,0,0,0,0,2585,0,0,399,0,0,0,0,0,0,0,0,0,0,0,0,0,0,0,0,0,0,0,0,0,0,0,0,0,0,0,19,0,0,0,0,0,0,0,0,0,1259,2,0,0,0,0,0,0,0,0,0,0,0,0,0,0,0,0,0,0,0,0,114,0,0,7,0,0,0,0,0,0,0,0,0,0,0,0,0,0,0,0,0,0,0,0,0,0,0,0,0,0,0,0,0,0,0,0,9,0,0,0,0,535,0,0,0,0,0,0,0,0,0,0,0,0,0,0,0,0,0,0,0,0,0,0,0,0,0,0,0,0,0,0,0,0,0,0,0,0,0,0,0,0,0,0,0,0,0,0,0,0,0,0,0,0,0,0,0,0,0,0,0,0,0,0,0,0,0,0,29,0,0,0,0,0,0,0,0,0,0,0,0,0,0,0,0,0,0,0,27,0,0,0,0,0,0,0,0,0,0,0,0,0,0,0,0,0,0,0,0,0,76,0,0,0,0,0,0,0,0,0,0,0,0,0,0,0,0,0,0,0,0,0,0,58,6,0,0,0,0,0,0,0,0,0,0,0,0,0,0,4,0,0,0,0,0,0,0,0,0,0,0,0,0,0,0,0,0,0,0,0,0,0,0,0,0,0,0,0,0,0,0,0,0,0,0,0,0,0,0,0,0,0,0,0,0,0,0,0,0,0,0,27,0,0,0,0
"gene_159",784,1952,17,301,1226,147,1760,0,815,4184,192,356,2192,9380,0,3118,1062,1402,15,490,538,2483,25678,1,0,110,2682,1210,8812,0,2182,2106,40,135,81,50,122,34,8,158,42,0,683,3945,704,1976,5,350,38,13285,6,1,1,1,0,3772,2319,775,345,0,3086,0,10,17,1215,379,19,1492,0,1520,3464,272,0,5,21,26,1093,783,121,2527,18,10,1475,204,372,6,17,92,7371,2117,1203,5703,0,0,0,0,13,0,0,3,0,0,0,142,0,0,0,0,0,0,0,0,0,0,0,0,0,0,0,0,0,0,0,0,0,41,0,0,943,0,0,2,0,0,0,0,16,0,0,0,0,0,0,0,3747,0,0,0,0,0,0,0,0,0,5,0,0,0,0,0,0,0,0,0,0,0,0,1384,0,0,0,0,0,0,0,0,0,0,5170,0,0,0,0,0,0,0,0,0,0,22,0,1,0,0,59,44,10000,2806,766,79,2975,0,1157,29,0,175,6,14,47,7,3309,125,1650,15,1986,3407,3108,1694,6204,645,234,1561,62,71,3819,0,135,27,17283,258,116,2,1639,3710,4263,2003,0,2886,33,1,40,158,10,6,1264,862,2693,2058,36,73,2,10432,0,18,1836,915,703,0,153,7,113918,39332,9680,29285,37386,46266,20270,39856,13185,39154,23001,67910,20786,116997,46871,22829,10771,31703,99805,24454,13168,91127,13238,24550,30842,7346,71975,25422,49287,36487,9584,21628,13510,63630,23016,1290,25610,9296,2628,23895,39813,5974,61946,15195,39315,15520,12051,14192,4126,32034,36167,32591,29588,38233,43226,38073,26796,140568,37419,46753,4210,37749,64915,20818,107745,41683,110708,33830,11846,19634,56049,895,4314,122629,14275,7529,25171,35093,21137,20573,3664,16932,11503,15179,202967,11033,68814,23095,43743,11743,81393,69692,19152,22263,34311,11580,23842,22136,28836,78573,34572,21320,17902,72529,42849,45778,28940,23535,67603,16134,65206,12500,81189,44414,2522,48112,71914,59785,95078,77182,7572,14368,194176,56919,22875,80213,30353,25146,61618,52730,60298,150444,60704,67689,8534,23538,41519,19294,81751,12688,37012,32151,42860,41363,10182,22430,13874,14001,57401,63036,50032,88203,55502,3117,43600,28784,58190,36724,31587,26034,71345,134727,2827,39468,14042,30482,144525,9644,80081,111451,38856,36945,3744,7,3516,905,511,15497,14528,918,2433,11875,5827,2824,4693,3787,1749,6164,25514,20071,1461,4400,2891,312,7743,24966,10251,5035,4123,845,768,8718,11507,1015,612,6774,7001,20731,18262,2856,4842,7571,897,2712,34477,6922,9602,12017,20275,1717,8952,5323,13009,1274,2526,607,16351,2534,5286,6711,2895,2756,109,2,11748,2852,4632,24,908,2133,1379,10890,17933,31040,19139,11576,702,21179,268,5616,14468,6070,1398,11946,3199,5500,2899,24809,5991,16386,3360,3217,168,1059,3812,40925,2749,5656,5073,373,2536,6368,52837,9112,1333,5925,4517,3974,7093,18526,10846,484,2366,46091,8663,5205,2656,769,1274,973,3668,7211,6837,1635,15289,3932,5679,3420,537,12356,33990,1544,14129,11580,4076,10266,31248,10960,86,2277,421,14897,195,5,0,17040,72,1490,0,1420,7498,1117,0,1587,134,1248,45,3,5453,894,9,0,298,565,1055,8,12,12485,4660,108,2538,85,4446,13631,197,9663,34,252,35,2349,5798,1,0,86,202,55,1467,15955,1305,18,4502,408,1,214,48,155,8373,0,2667,499,54,14166,14587,95,1,14,17,3279,8105,25,42,1184,12,2991,11834,1,5,2467,194,1844,10217,35232,219,278,2821,0,1846,2115,40,0,214,8362,5066,37,886,63,3647,6193,3057,1,0,8,29,29,19,16,14128,9116,999,1605,0,0,29,1,0,239,2,90,1429,1901,11453,6147,0,531,0,5213,3176,1555,1,25848,44,123,5832,2090,444,2905,20,0,695,0,30,4080,385,61012,320,11816,3,4784,11,16,6665,52,10141,2,74,13479,187,6238,359,93,23,10567,79,621,1,21,0,1,845,41,3002,6318,928,69,1302,1,233,55,1307,5851,1130,1,0,0,31177,20774,16,60
"gene_160",0,341,5,0,0,4480,1,17,183,0,0,73,546,2934,0,3,0,238,128,0,0,0,205,2,10,0,0,0,5,50,118,7,75,0,169,0,0,318,91,0,1,6,19,0,0,0,0,0,21,0,280,0,0,123,0,252,0,2,1750,0,0,0,0,2,0,2,0,36,10,56,23,0,576,166,0,488,17,8,0,30,0,139,0,0,309,0,463,5,183,35,0,0,14,0,0,0,3511,0,0,1,8103,0,0,0,22840,10014,214,0,565,53,0,0,0,0,0,0,0,0,991,0,0,0,147,75,1043,0,1503,0,486,57,0,0,157,0,0,3,0,504,0,0,3417,1909,0,0,4,0,0,3476,8360,0,0,2,251,0,932,1797,3,0,0,0,18,0,1,894,526,0,5859,0,0,1853,4,0,3,0,0,79,0,0,29658,0,6,554,0,0,12483,0,0,3177,0,0,0,0,82132,0,0,11,0,0,0,9,0,37,0,0,102,1,0,20,0,0,0,0,1,741,0,0,390,0,4,0,404,1,2232,33,0,0,622,1,573,0,2,0,7,56,57,0,12,0,8,310,6,11,241,0,154,0,0,0,0,1,41,0,14,1,0,0,0,6,0,0,10,0,1453,0,0,184,45,191,59,154,0,0,403,0,206,0,2272,2260,0,20,36,31,0,94,21,6,86,6,0,130,0,0,0,700,123,0,39,0,0,0,0,2,13,12,608,1,0,308,0,2,0,3,0,132,0,0,3,0,0,249,0,0,0,3,3,113,24,0,0,35,9,53,210,41,0,42,138,79,41,0,55,8,0,2120,31,0,842,1,18,4,244,0,0,0,0,53,0,84,0,6,526,0,157,563,52,0,9,0,13,1,0,8,0,0,0,126,0,31,1303,0,372,0,3,0,0,452,5,7,0,9,1,29,459,166,0,0,4,98,723,0,0,0,1,0,0,1087,643,0,39,67,0,0,392,7,4,58,22,0,805,0,37,6,0,0,0,40,0,0,0,2,0,0,82,0,400,93,0,0,191,565,0,164,1251,0,0,0,0,19,172,753,0,0,178,0,0,0,0,12,1564,1318,0,0,1,0,0,75,61,28,60,881,0,280,0,178,0,2214,135,0,0,0,0,335,0,0,1502,127,156,0,0,0,0,621,0,3706,59,0,0,18,39,1779,0,0,331,183,1385,5,0,0,361,0,25,0,0,0,0,135,38,0,0,16,155,11,0,0,0,1,0,16,1536,0,403,1,0,1,1565,24,0,1997,191,5,0,8,155,0,0,0,3,3,96,0,2,897,525,0,0,1,1430,0,14,43,126,4,0,0,5,0,0,144,0,231,0,16,0,7,60,2,3,0,0,20,0,792,0,34,0,0,15,0,0,104,187,0,0,0,0,0,0,1,0,0,0,0,0,0,0,0,1874,0,0,0,111,0,0,83,0,0,0,0,0,0,1,0,0,1,0,0,10,0,0,0,0,0,0,0,0,3513,290,1460,0,0,0,0,22,0,0,0,4553,0,0,0,1,0,9,0,0,0,2,0,0,3,0,0,16,0,0,0,0,234,0,0,0,0,0,0,0,0,0,197,89,0,1149,9,0,0,0,13,1779,8,0,0,9,21,0,0,5,0,0,0,224,0,0,0,0,0,0,0,234,0,0,0,0,1886,2,0,0,0,0,63,7,0,0,0,7,0,3,3587,0,0,0,0,0,0,16,0,0,0,0,0,0,24,0,0,0,0,0,0,0,0,0,0,0,30,0,6,323,0,0,7
"gene_161",414,444,3069,3185,3441,0,5116,0,5103,321,140,0,0,0,26,214,0,66,39,49,107,1789,29,0,1726,0,894,1441,301,534,0,71,2,1,4,0,0,0,617,873,3,0,0,21,5702,105,534,0,20,100,41,86,0,0,0,0,0,0,126,1912,365,7,3940,6061,2,7,4709,469,0,39,0,113,2,975,3,0,0,0,1274,18666,0,54,55,0,2253,6,1,0,0,130,475,3489,1237,0,0,0,0,0,0,0,0,0,0,0,0,0,0,0,0,0,0,0,0,0,0,0,0,0,0,0,0,0,0,0,0,0,0,0,0,0,0,0,0,0,0,0,0,0,0,0,0,0,0,0,0,0,0,0,0,0,0,0,10,0,0,0,0,0,0,0,0,0,0,0,0,0,0,0,0,0,0,0,0,0,0,0,0,0,283,0,0,0,0,0,0,0,0,0,0,0,0,0,0,0,0,0,0,0,40,0,0,0,0,0,0,0,0,0,0,0,0,3,0,0,0,1,0,0,0,0,0,0,0,0,0,0,0,0,0,0,0,0,0,0,0,0,0,0,11,0,0,0,0,0,0,0,0,0,0,0,0,0,0,0,0,0,0,0,0,0,325,0,0,0,0,0,0,0,0,0,0,0,0,0,0,0,0,0,0,0,0,0,0,0,0,1,0,0,0,0,0,0,0,0,0,0,0,0,0,0,0,0,0,234,0,0,0,0,0,0,0,0,0,0,0,0,0,0,0,0,0,0,0,0,0,0,0,0,0,0,0,0,0,0,0,0,0,126,0,0,0,0,0,0,0,0,0,0,0,0,545,0,0,6,0,0,0,0,0,0,0,0,0,0,176,0,0,0,0,0,0,0,13,0,0,0,0,0,0,0,0,0,0,0,0,0,0,0,0,0,0,0,0,0,0,0,0,0,0,0,16,0,0,0,0,0,0,0,0,0,0,3,0,0,0,0,0,0,0,0,0,0,0,0,0,0,0,0,0,0,0,0,0,0,0,0,0,89,0,0,0,0,0,0,0,0,0,1,0,0,593,0,0,0,0,57,0,518,0,0,0,0,0,406,0,0,523,0,2,0,0,0,0,0,0,0,0,0,0,0,132,0,24,0,0,108,264,0,0,0,2,54,2328,0,0,0,973,0,1278,1761,0,1,0,1,0,0,0,0,269,0,24,1352,1,0,0,30,0,0,0,0,12,0,2185,33,0,3,0,0,0,1527,0,0,3347,0,101,23,0,12,0,163,1407,335,0,0,204,0,0,0,1,0,188,0,0,0,0,63,0,0,15,0,0,0,0,126,236,0,0,84,7,0,0,358,0,0,0,0,0,2,0,240,0,0,0,0,0,0,0,0,0,0,0,0,0,0,39,86,69,0,552,0,0,22,0,0,4127,0,0,0,0,0,2,0,0,0,2313,0,0,0,0,3930,0,0,0,0,2056,0,43,0,0,0,0,0,0,270,22,0,0,0,0,12180,0,0,0,0,0,1825,2080,0,0,0,1749,0,19,0,22,0,34,0,0,0,0,0,0,2167,825,0,0,0,0,0,0,14,0,0,0,0,323,0,0,4549,0,0,21,3502,0,0,0,97,0,294,0,0,0,0,0,0,0,884,0,0,0,0,1830,0,0,0,0,0,0,0,0,0,0,27,0,2,0,0,0,729,0,0,0,0,0,0,0,5,0,0,0,0,0,0,0,0,0,0,13183,0,0,0,12,0,0,180,0,0,0,0,0,3,0,0,7,0,0,0
"gene_162",8185,653,37,1752,5652,677,1000,392,1883,403,7507,282,255,155,57,9313,1443,150,4222,1395,226,1118,3552,15782,5,41,943,65,3668,1806,9511,4492,11700,5484,8067,2159,6664,1168,160,1374,209,3521,11035,1110,1664,617,584,451,1756,566,273,2402,17,219,671,342,2119,15088,3256,380,109,6913,970,36,4682,6330,20609,1514,150,1006,3223,941,1804,86,2616,2282,1581,947,743,1808,2321,235,5088,144,8914,3478,121,4833,10,2042,367,52,42,9484,0,864,892,533,7880,419,16775,2084,530,2,12,3118,0,93,515,0,6,13,4,9219,0,8,1034,352,22,2749,13,0,809,1238,501,14,2356,1273,7,271,3,2912,0,0,42877,1,0,19723,8,4560,6236,776,14026,24,3,147,6237,0,107,4927,12,4133,5143,0,11416,17065,3998,38,13,42,3915,0,4,1210,2284,12828,1347,37,36,6,11,2,49656,9073,0,1250,1890,26675,13609,13,1524,0,20828,914,2234,157,31509,358,32,899,5075,61,0,12,28,98,76,2172,656,13,880,97,488,311,318,1170,74,96,2255,1090,3979,16,99,967,320,837,8693,297,6988,7838,2,145,22,3050,311,33,910,588,76,3381,6,1144,329,2253,0,7,4,1752,27,124,6768,66,856,494,977,0,532,2414,68,1664,3,2580,1012,2,25,403,10,1501,23,919,147,3778,1054,21,433,8,4675,80,922,651,362,1936,175,2442,6276,188,18224,7385,5747,104,524,7503,7974,155,13680,461,16817,2107,6077,3769,4753,7013,6936,1026,822,7147,537,202,4824,4928,3512,4507,5018,8503,24186,1959,5830,192,275,10063,356,1811,6834,1148,2481,2150,2595,34185,12227,2779,1053,2099,5098,2358,18566,3833,2928,8266,1811,172,6,263,1694,3458,912,549,7159,2099,3569,6258,36,5156,6723,226,8834,237,3662,5115,681,82,6480,31449,1037,344,2546,1203,26291,7549,8520,20027,8319,1078,995,1705,306,35844,810,3408,16001,6015,4729,5414,4115,4004,1132,65561,18274,2766,196,137,950,7752,20696,463,5188,325,3720,6660,3135,1151,2533,21573,5382,446,165,6089,9092,11541,1783,7670,2395,8309,4104,7333,2439,14,3431,519,528,4192,5541,4935,8455,80,7305,1724,7942,1649,4726,4963,8,3606,668,6824,513,18618,18270,552,7620,56,82,3153,26393,8403,18196,5130,27974,22899,9907,16341,14850,12486,29914,16022,41011,11728,26638,8879,31173,24391,5886,7085,3575,2287,10703,28002,10615,10364,33703,36189,31027,20693,5503,10822,2030,19124,74205,3632,77096,596,28770,13834,2291,24739,20667,5075,31185,1541,37874,28449,55768,24827,8668,5416,5850,24745,11431,2480,7146,15394,24929,9859,16131,17015,2859,1848,9343,15721,20477,25355,1753,24846,26251,36462,18759,47117,28179,34119,11272,6550,18467,8497,9589,24888,4153,13207,16572,30333,38870,61831,304,23033,19067,88716,6742,15087,30331,22942,17053,49733,60426,11594,26906,100882,25339,11635,18753,50873,18958,74617,41366,3846,2024,11732,23124,23473,22522,19065,14411,18214,10684,4796,39369,32543,7725,37427,11070,14512,27351,22122,19416,17847,15455,12636,79793,16870,29391,17052,3202,9625,574,15758,5827,6014,4511,7996,312,6236,23182,1862,6998,3607,5375,23464,5482,1947,1463,11373,4765,5663,3451,2168,51973,12021,6914,7915,30120,9088,23773,5856,35713,4931,226,17995,4235,26616,30989,8094,72181,2475,3981,4244,10483,83,52520,33492,4162,28034,33067,5714,3753,8245,2292,45723,61440,3689,402,667,4937,13449,4953,2868,2363,17974,14636,14734,16966,81654,799,6233,28580,3564,10557,41964,11613,755,15387,4195,13212,26099,1944,5252,1150,12606,7928,8269,9981,3518,355,474,11917,4484,3356,7435,57,15523,41916,20219,43961,10218,32,2346,27932,836,2674,159,20813,1144,3097,732,8702,50781,37561,8776,19409,14929,255,119,9338,11814,2379,1765,5618,24,6278,408,10178,10,10906,11010,1278,624,14629,3571,1408,1427,2257,29246,603,2347,678,17347,3275,1896,5249,6231,552,583,5749,983,12856,3120,13529,17624,39030,10823,234,11101,4117,15923,3334,21812,6449,2626,6727,26506,16592,49476,4005,1587,2601,18918,14737,2074,2902,35476,104,3096,65953,592,4770,23774,790,9058,10049,40365,1665,3655
"gene_163",4,7,80,0,1046,0,0,49,420,4,0,2,0,0,22,478,0,3604,2,1,0,0,0,367,0,0,41,0,0,0,0,10,1,1,1,0,0,119,15,0,3,0,0,33,0,432,0,0,0,1897,86,0,98,0,0,0,25,0,0,0,121,411,0,0,0,5,14,1681,272,0,1,62,38,278,0,413,16,0,0,334,1990,318,772,171,15,20,0,46,187,0,0,1533,0,5469,0,0,0,3,0,0,0,205,0,0,281,65,0,0,0,0,20,0,104,0,0,2,0,0,0,238,0,0,0,29,0,0,79,0,0,0,0,401,14,531,297,0,21,0,9,0,0,0,0,197,4190,0,4428,1,0,0,0,148,1,0,0,0,0,1,0,0,0,0,2,0,0,0,0,0,56,0,0,19,4764,0,36,0,24,23,0,0,852,0,0,7475,105,0,0,725,0,0,0,3,0,0,0,3,2,1,28,0,0,0,0,0,0,3,0,0,0,0,0,35,167,0,0,0,251,87,0,25,158,85,13,0,0,0,0,0,0,0,0,25,0,165,0,0,0,128,156,0,0,13,0,0,0,781,454,0,5,3,0,0,8,0,282,9,498,0,338,0,1,0,0,0,0,0,0,22,0,0,9,0,0,1,0,1,15,0,0,18,0,13,0,3,10,0,578,53,0,934,134,0,0,0,11,0,0,0,463,0,0,0,0,115,0,0,0,0,0,0,0,0,0,0,1,0,0,0,178,345,0,0,0,8,0,2,19,0,1,217,0,0,0,0,0,0,0,113,1,0,0,0,46,0,0,2,2,0,0,0,0,0,0,0,2,0,0,0,0,0,0,105,0,0,0,2,24,0,0,2,129,0,0,0,0,6,6,13,75,225,407,0,1,0,0,0,0,31,0,4,4,0,0,1719,0,0,0,0,1016,73,0,0,0,558,1667,0,10,174,0,0,18,0,0,108,0,81,82,0,135,1,0,0,1,0,0,14,0,0,0,0,1051,0,0,0,0,0,0,0,0,0,0,0,0,0,1,0,0,0,0,0,0,0,23,0,0,0,2008,0,0,126,1064,0,1288,0,32,39,0,0,4,0,97,0,0,9,0,0,136,0,249,0,0,0,0,0,0,0,0,0,0,0,60,0,0,0,0,0,0,0,0,0,0,0,0,2,2,0,22,0,0,0,0,0,0,28,124,0,0,0,0,0,0,0,1,0,0,0,0,0,0,0,0,0,0,1,0,0,0,0,0,0,0,0,0,0,459,3,0,2,81,0,966,0,0,0,0,0,0,0,0,0,1,0,0,0,0,0,1,0,0,0,0,0,0,0,0,134,0,0,4,0,0,0,669,0,0,0,0,0,0,43,0,0,0,0,0,15,0,2341,8,0,0,1,0,0,195,0,0,0,0,0,4,0,0,8,0,0,0,0,0,0,0,0,0,0,0,0,0,0,0,0,0,0,0,0,1776,0,0,0,0,0,17,0,0,0,0,0,0,309,0,0,0,0,0,0,0,814,1734,0,0,0,0,0,1384,0,0,0,0,0,0,0,0,0,0,0,0,0,0,365,0,0,55,817,0,0,0,2855,0,0,1053,0,0,0,0,6452,134,0,0,6,0,0,0,0,0,0,0,0,0,0,0,478,0,0,0,0,0,0,0,0,0,0,0,96,0,313,0,0,0,0,0,0,0,0,0,0,0,0,29,0,0,0,64,0,0,0,0,0,0,0,65,0,0,0,0,0,0,0,0,0
"gene_164",1042,2539,4796,2766,3501,8551,1084,322,2013,2272,16,6058,78,722,1685,7976,2132,10482,245,291,1745,1649,14715,10400,8099,18031,8909,377,2777,3655,538,21,1581,778,562,486,629,9047,4637,21,16535,3081,30,323,3725,2124,5831,6692,267,4208,268,614,1694,719,2846,3615,147,8750,3922,163,1354,4794,23,14725,5,1216,1123,2265,654,1709,2982,1581,184,612,13309,3277,14166,2593,665,2216,102,4596,41,3685,511,2040,15,6841,2684,1310,2,2352,1,182,26219,2103,6163,4318,773,4982,2805,206,16285,8548,18368,4748,0,10723,4659,8585,1766,273,52,6864,13904,6051,46,1092,4674,4390,140,603,112,4615,77,5617,754,3205,9504,12826,3671,4122,7815,18081,3316,832,2565,7658,494,1407,11076,6,322,15259,8773,2738,4383,515,5572,52,3349,7190,45,29015,2112,30677,49656,3790,44024,1357,18479,1964,5986,2454,36421,612,37076,17,52,9251,2153,243280,14404,194,2214,4248,18901,1540,35223,21273,960,25816,4235,1031,6108,24957,2418,724,170,6213,144422,454,3991,7377,69,47,616,598,122,2400,13,2,2059,646,0,27,0,0,444,192,0,21,395,141,601,8464,2289,8143,107,512,0,2685,28,735,512,8,1123,2021,5416,16212,673,328,311,133,5104,11902,13177,0,17348,1889,21009,464,5466,3,2,790,9,1562,71,18,657,2,13,80,133,524,0,1551,1621,34785,15,934,3,3183,736,3397,9875,540,1227,12,523,4025,15232,9942,4457,2229,74,252,199,6,313,925,1007,7714,180,3336,913,2106,1485,1628,4749,4741,61,5111,13,2485,1141,1868,2198,78,331,136,15,183,1844,852,1717,1,245,1183,2807,1413,1240,6594,5135,1337,13,50244,21,2501,1241,1550,166,8932,69,1653,9331,259,280,4983,558,1075,552,651,11518,2235,532,11,477,669,230,1980,118,1258,1969,26,323,4371,181,776,2162,975,1157,263,96,96,1842,61,6905,20,3127,3130,224,3410,11823,4070,8592,208,138,5364,36,2057,142,2840,38,1324,716,934,5315,19105,2503,29972,2079,170,1497,990,570,586,1051,2701,10616,4154,934,498,2034,1394,3026,893,406,2895,4,3825,1291,208,348,1532,125,154,126,13858,439,1207,174,1669,9548,3414,7724,3497,14742,48,468,1698,343,492,24,1066,2631,2772,1445,40569,26,788,8,7920,7364,0,0,0,3,144,1376,5,941,17,7,857,271,51,104,0,25,187,172,1190,4,376,9,238,1883,1,619,4281,5441,5,178,1980,2,2115,336,53,6229,60,882,1321,4,1506,3,4,1480,2526,279,5,0,3146,17,249,18,28,1325,4,3799,887,2,169,1699,2546,33,0,6,0,252,125,15,0,187,1428,1523,3,0,861,499,10,72,2211,0,140,81,5,116,578,1,0,10,2943,4,687,36,1033,767,0,5934,486,344,7,2237,65,75,86,2686,12,6,6,450,3008,0,17,104,0,77,0,720,1,135,485,532,274,272,7,68,7,5,0,436,8,4336,4672,29,1432,99,49,440,2599,41,0,16604,1171,0,18786,0,124,307,37,0,1,0,1234,165,1,12,32,551,16,9,3877,0,53,0,2071,1176,1184,12,1304,18,0,2066,349,1345,0,5688,36,0,0,1466,0,4,30,127,1040,6,2192,195,0,0,10,13,12864,384,52,42,65,6924,48,22,1,498,1,12,166,0,3,2177,0,125,65,4083,1329,2451,0,14,1536,226,0,1,106,1038,1,0,0,0,39,0,0,83,173,0,188,23,28,0,0,310,415,1338,1487,0,0,5,0,0,0,7635,961,174,217,67,0,1321,38,8255,0,782,230,0,331,785,0,5,796,1343,63,101,0,1151,2294,81,3,984,1262,0,0,3,0,361,395,5041,1056,2607,150,16,338,0,343,0,4911,1762,169,3055,0,0,0,0,0,0,13,260,0,0,0,0,1297,833,0,0,100,0,0,0,209,7,118,0,0,0,1,294,692,1983,11160
"gene_165",0,0,0,0,0,0,0,0,0,0,0,0,0,0,0,0,0,0,0,0,0,0,0,0,0,0,0,0,0,1117,0,0,0,0,0,0,0,3,0,0,0,0,0,0,0,0,1,0,0,0,0,2,0,0,0,0,0,8,0,0,0,0,0,0,0,0,0,0,0,0,2,387,0,0,0,0,0,0,0,0,0,0,0,0,0,0,0,0,0,0,0,0,0,0,0,0,0,0,0,1,0,0,0,0,0,0,0,0,0,0,2702,0,0,0,0,0,0,0,0,0,0,0,22,0,0,0,0,63,0,0,0,0,10270,0,0,0,0,0,0,0,0,0,17,0,0,0,0,2,0,0,0,0,0,0,0,0,0,0,0,0,2738,36,0,0,0,0,0,388,0,514,4,190,103,0,2,0,4436,0,0,0,0,0,0,0,0,0,0,0,0,2187,0,0,0,0,0,108,12,1,0,0,0,22,0,988,135,6,3726,0,0,0,3,0,0,511,0,0,0,0,0,0,0,0,0,1576,0,1,34,0,0,0,0,0,0,13,8,0,0,2896,297,1,0,1,31,0,0,0,0,0,0,0,0,0,0,346,114,0,1427,0,0,0,0,0,0,0,0,4,0,0,0,0,0,0,0,0,0,0,0,0,0,0,9,0,0,296,0,0,540,0,0,0,2,0,2,317,0,0,0,0,0,0,0,0,0,1,10,0,51,0,0,0,44,0,0,0,0,0,0,0,2,0,0,0,0,0,0,0,0,0,0,1,223,0,0,0,0,636,0,0,0,132,0,158,0,10,1232,0,3,0,1198,2,0,5,63,0,0,0,0,0,0,0,0,4,0,0,0,0,0,0,195,0,0,599,0,0,0,41,0,0,0,0,0,0,9,0,390,3729,0,9,6368,10,0,32,0,0,0,0,0,0,0,0,7,0,512,1,0,0,0,0,0,21,0,0,0,1,0,0,0,0,0,746,114,0,0,0,0,0,0,0,985,656,0,213,0,0,367,0,0,0,0,0,4,93,1693,0,0,0,124,0,0,0,0,222,0,0,0,87,754,4,0,1,847,0,0,25,7,794,0,0,36,0,0,0,0,0,3,0,28,0,0,1959,0,0,0,0,8,0,0,0,0,0,0,2431,99,501,0,0,6,1,26,1,191,0,0,12744,0,77,0,0,0,55,292,0,0,0,0,0,1144,54,0,0,0,0,0,0,0,4,3,160,48,0,37,8,423,0,0,7,0,0,905,0,0,3,0,0,0,0,3155,0,0,0,2,0,0,0,1691,1,120,0,0,68,0,600,8883,0,0,79,0,9,0,6,0,0,0,0,0,0,411,0,0,0,0,0,0,0,0,0,0,0,0,0,0,0,0,131,0,0,0,0,0,0,0,0,0,0,0,17576,0,0,0,0,0,0,0,0,0,0,0,0,0,6,0,0,0,234,635,0,0,0,0,0,0,0,0,0,0,0,0,9,0,0,0,0,0,46,0,0,0,1,0,37,0,0,0,36,0,0,0,0,0,0,0,0,18,0,0,0,0,0,0,0,0,0,0,0,0,0,0,0,0,0,26,11,0,0,23,753,0,5231,0,0,587,0,0,0,0,0,0,0,0,0,0,0,10,0,0,0,0,1,0,0,0,14,0,0,0,0,0,7,3,0,0,0,0,0,0,0,0,0,0,30,0,0,0,0,7,0,0,0,244,0,0,0,0,0,0,0,0,0,0,0,0,0,0,0,0,0,0,0
"gene_166",19,0,0,0,0,0,94,0,18,0,0,0,171,0,245,0,0,22,4,0,54,0,0,0,3,0,0,0,0,5,0,0,0,0,0,0,0,0,833,6,0,0,0,7,0,0,0,0,42,51,286,1203,151,1,0,0,83,2,0,65,0,1,31,0,0,0,0,0,0,0,3,0,0,0,1,20,0,0,0,0,1399,22,0,0,0,0,0,0,0,847,244,0,0,0,310,0,0,0,0,0,0,0,0,0,0,13,0,0,0,0,0,7,1,0,0,0,0,0,0,0,1,45,0,0,0,0,0,0,0,0,0,0,0,0,0,3,0,0,0,0,0,0,0,0,0,0,0,0,0,0,0,0,1,0,0,0,0,43,0,0,0,0,1,0,0,0,0,0,0,0,0,0,132,0,0,259,306,0,36,0,0,0,0,0,0,0,0,0,0,0,0,0,0,0,3,0,1,19,10,6,0,0,2,0,0,0,1,0,0,0,0,0,22,0,0,1,0,0,0,0,0,0,0,0,0,0,95,0,0,4,0,0,0,0,0,38,0,63,0,0,1,0,0,0,0,0,7,6,0,0,99,14,11,0,0,8,3,4,23,38,3632,1727,0,3,2844,39,0,0,0,0,483,3654,0,0,152,404,0,0,219,1188,175,0,0,0,0,7,0,1,9,73,0,0,0,1,2,911,0,178,0,0,0,106,951,0,0,423,0,176,186,188,0,0,135,0,1,327,0,127,2942,147,108,0,0,178,417,0,13,0,35,2,0,0,0,4,1,0,136,382,0,342,1620,1,0,0,0,0,0,0,0,0,0,0,0,3,14,0,2,0,0,0,9,0,0,0,0,0,0,6,171,0,268,20,1,4,0,32,23,0,0,0,0,0,2056,9,0,0,0,0,0,30,0,0,12,0,0,1,0,0,0,6,149,219,0,5,1,0,20,0,0,627,0,40,1211,0,4,9,15,11,121,15,95,785,17,0,0,83,0,0,836,0,0,450,5,0,76,0,9573,1345,12,0,0,0,0,0,11,0,0,0,2518,24,0,0,150,0,287,6,0,0,0,0,273,39,0,0,311,6345,866,0,0,0,81,4,0,0,0,0,1,0,0,1048,0,9,65,0,0,4190,108,1,0,10,1,0,3512,925,167,1825,198,12,0,24,0,0,65,22,0,6,21,4,0,126,0,67,0,0,0,23,0,2,9112,0,268,17,11,0,3,0,1311,228,0,0,0,22,88,2,0,90,0,262,0,17,622,25,0,2846,715,0,0,541,1,22,9,0,0,0,1,316,0,10,0,0,23,15,82,0,1062,0,0,0,55,567,0,0,0,0,0,0,1415,0,24,70,1,974,0,0,0,1,0,0,0,0,0,0,0,76,1,0,7,0,0,0,0,0,0,0,7,0,14,0,0,0,363,0,0,0,0,0,0,0,0,19,0,0,325,0,21,0,35,0,0,0,0,0,302,0,63,3084,1,0,241,0,0,0,0,0,0,0,0,3728,125,0,7,0,17,0,0,0,145,0,71,14,45,0,145,0,0,0,95,1,0,0,133,0,0,0,0,0,0,0,448,4,1,0,0,0,463,0,0,1854,0,698,0,0,6,1,10,1,0,0,0,1,3147,0,0,12,14,34,0,99,0,1,0,0,4,182,0,0,0,0,492,0,0,0,0,0,267,0,0,9,0,1,0,1,0,1,0,0,0,0,0,0,0,0,0,0,0,1,263,1180,23,0,0,0,0,1162,0,24,0,0
"gene_167",0,2,1,0,0,0,0,0,0,0,0,0,0,0,0,0,0,0,0,0,0,0,0,0,0,0,0,0,0,0,0,0,0,0,0,0,0,0,0,0,0,0,0,0,0,7,146,0,0,0,0,0,0,66,0,2,0,0,0,0,0,0,0,10,0,0,0,0,0,0,452,4,0,0,0,0,0,0,0,0,0,0,59,0,0,0,0,0,0,0,196,1,0,0,0,0,0,0,0,0,0,0,0,0,0,0,0,0,0,0,0,0,0,0,0,0,0,0,0,0,0,0,0,0,0,0,0,0,0,0,0,0,0,0,0,0,0,0,0,0,0,0,0,0,0,0,0,0,0,0,0,0,0,0,0,0,0,0,0,0,0,0,0,0,0,0,0,0,0,0,0,0,0,0,0,0,0,0,0,0,0,0,0,0,0,0,0,0,0,0,0,0,0,0,0,0,0,0,0,1,0,0,0,0,0,0,0,0,0,2,0,1,2,0,4,0,4,0,0,0,1,0,0,0,0,0,0,0,1,0,0,0,4,0,0,5,1,0,0,0,0,0,0,0,0,0,0,3,1,0,3,4,0,2,0,0,0,1,1,0,0,0,0,0,0,0,0,0,0,0,0,0,0,0,0,0,0,0,0,0,2,0,0,0,0,0,0,0,313,0,19,84,2,0,0,1629,0,0,0,0,0,1019,0,0,0,0,0,0,0,0,0,82,0,0,0,0,0,0,0,27,0,1,0,0,0,3,0,0,0,0,0,0,0,10,0,0,0,0,0,0,0,2,0,0,0,0,0,0,0,0,0,0,0,0,1,0,0,19,0,0,0,0,3,0,0,0,0,0,0,0,0,0,0,0,0,0,0,0,2,11,0,0,14,0,0,0,9,0,0,0,0,0,0,0,0,0,0,0,0,0,0,0,2,0,0,0,0,0,0,0,0,0,0,8,0,0,0,0,0,0,0,0,0,0,23,0,0,0,0,0,35,161,1,240,0,60,3,0,292,0,0,0,119,0,1,81,0,3,0,0,60,0,0,0,49,0,30,7,23,41,1,10,0,2,97,0,1,271,0,0,201,0,0,3,16,0,0,0,0,27,0,21,13,0,0,0,0,89,1,0,0,0,0,200,2,0,0,0,10,0,0,1,90,0,0,0,0,398,0,723,0,1,0,0,0,1,0,0,0,1,0,0,0,72,0,0,32,36,2,0,69,0,0,0,0,0,44,0,1,0,0,27,67,0,10,0,2,0,0,0,0,0,0,0,0,5,22,270,0,0,45,0,0,0,0,0,0,0,0,0,22,0,0,0,0,0,0,0,1341,0,0,2,6,2,0,0,1,0,0,0,0,3,0,0,0,2,0,0,0,0,63,25,11,0,0,423,0,0,344,0,5,2,0,0,0,0,0,0,406,0,0,922,2,0,0,0,0,19,30,0,0,0,0,0,0,6,0,0,0,133,898,937,0,0,0,0,0,0,0,0,0,0,0,0,0,55,0,0,770,0,0,0,0,1226,0,1760,1661,6,0,1,0,38,0,0,0,0,0,0,1410,0,739,0,616,305,0,0,0,35,0,0,0,309,0,0,316,0,2,0,0,0,283,0,0,0,0,0,0,26,0,0,497,0,0,15,0,588,0,0,0,66,0,0,0,0,0,0,45,0,0,3,0,0,0,0,0,1,530,0,0,20,0,2,1389,0,0,0,0,0,24,0,0,0,202,1227,0,0,0,0
"gene_168",0,0,72,0,0,394,0,0,3033,0,0,0,0,0,135,0,0,1,0,60,41,0,0,3,39,3,5,0,0,1,0,6,0,0,0,0,0,42,0,0,0,0,8,0,0,1,1,0,0,0,0,0,0,0,0,0,0,98,355,0,96,4,28,0,0,0,0,0,16,660,185,0,0,0,0,0,0,0,328,1691,0,0,1754,0,0,0,7,0,182,0,0,0,0,0,0,0,0,0,0,0,0,6,0,0,6,0,0,0,0,0,0,0,0,0,728,0,0,0,8,0,0,0,603,0,0,0,2,0,0,0,0,0,0,0,0,0,0,0,0,4,0,0,0,197,0,0,0,0,0,0,0,2323,0,0,0,0,0,0,0,0,0,29,0,0,0,0,2,0,0,0,0,0,0,0,0,0,0,0,0,0,0,0,0,0,0,1,0,0,0,0,0,0,0,0,0,0,0,0,0,0,0,0,0,0,0,0,0,0,0,0,0,0,0,0,0,0,0,0,0,0,0,0,0,0,0,0,0,0,0,0,0,0,0,0,0,0,0,0,0,0,0,0,0,0,0,0,0,0,0,0,0,0,0,0,0,0,0,0,0,0,0,0,0,0,0,0,0,0,0,0,0,0,0,0,0,0,0,0,0,0,0,0,0,0,0,0,0,0,0,0,0,0,0,0,0,0,0,0,0,0,0,0,0,0,0,0,0,0,0,0,0,0,0,0,0,0,0,0,0,0,0,0,0,0,0,0,0,0,0,0,0,0,0,0,0,0,0,0,0,11,0,0,0,0,0,0,0,0,0,0,0,0,0,0,0,0,0,0,0,0,0,0,0,0,1,0,0,0,0,0,0,0,0,0,0,0,0,0,0,0,0,0,0,0,0,0,0,0,0,0,0,0,0,0,0,0,0,0,0,0,0,0,0,0,0,0,0,0,0,0,0,0,0,0,0,0,21,0,0,0,0,0,0,0,0,0,0,0,0,0,0,0,0,0,0,0,0,0,0,0,0,0,0,0,0,0,0,0,0,0,0,0,0,0,0,0,0,0,2,0,0,0,0,0,0,0,0,0,0,0,0,0,0,0,0,0,0,0,0,0,0,0,0,0,0,0,0,0,0,0,0,0,0,0,0,0,0,0,0,0,0,0,0,2,0,0,0,0,0,0,0,0,0,0,0,0,0,0,0,0,0,0,0,0,0,0,0,0,0,1,0,0,0,0,0,0,0,0,0,0,0,0,0,0,0,0,0,0,0,0,0,0,0,0,0,0,0,0,0,0,0,0,0,0,0,0,0,0,0,0,0,0,0,0,0,0,0,0,0,0,0,0,0,0,0,0,0,0,0,0,0,0,0,0,0,0,0,0,0,0,0,0,0,0,0,0,0,0,0,0,0,0,46,0,0,0,0,0,0,0,0,0,0,0,0,0,0,0,0,0,0,0,0,0,0,0,0,1,0,0,0,0,0,0,0,0,0,0,0,0,0,317,0,0,0,0,0,0,0,0,0,0,0,0,0,0,0,0,0,0,0,0,0,0,0,0,0,0,0,0,0,0,0,0,0,0,0,0,40,0,0,0,0,0,0,0,0,0,0,0,0,0,0,0,0,0,0,0,0,0,0,0,0,0,0,0,0,0,0,0,0,0,0,0,0,0,0,0,0,0,0,0,0,0,0,0,0,0,0,0,0,0,0,0,0,0,0,0,0,0,0,0,0,0,0,0,0,0
"gene_169",0,0,0,0,0,0,95,0,272,0,0,72,0,5383,0,0,45,0,0,81,0,25,0,0,3,0,0,0,1,0,0,984,1357,2,0,3,0,0,0,15,0,0,0,132,0,0,0,0,0,0,0,0,0,0,0,8,0,0,696,992,29,0,1116,4,150,810,0,9,0,2,1,24537,37,0,0,420,1,4598,325,0,325,0,0,0,0,0,0,0,0,0,4,0,7,3,4146,0,19,75,1062,124,2155,0,0,1,0,0,34,4,2861,4900,0,150,20,0,0,0,0,630,0,12195,0,0,2,0,0,3229,0,4,0,0,4,2278,1077,0,0,0,483,1,1989,2,2,760,574,13405,41,1392,184,141,448,3182,0,565,43,0,3556,20265,8098,0,78,0,218,9,799,3178,253,1173,0,87,1866,0,52,0,32,0,0,0,0,3,0,38852,0,97,64,49,2,21818,9855,2746,353,54,0,255,184,314,2,0,1907,1010,4816,0,62,757,4594,51,10413,2,0,5206,3,2065,18875,192,2354,65,1042,228,77,0,1,3761,1652,796,724,10295,2203,626,7,6,286,12482,786,21,11,3287,656,4531,717,1010,118,261,1366,8772,1,7210,179,263,12666,12,4217,1649,1486,6272,2358,7,3563,179,17830,2339,83,2059,8,48,0,0,0,0,293,0,176,2069,0,0,307,2,367,0,0,0,7,40,0,738,1,0,0,0,0,5,0,0,34,6,0,556,2169,0,0,5479,0,0,173,826,0,184,0,23,0,83,0,0,4,0,626,1,3,63,47,0,4,55,0,0,0,742,11,1,224,41,26,7,1197,27,0,4,28,4,11,440,0,30,0,32,41,12,0,334,0,0,2711,6,25,0,0,0,0,11,0,0,0,1298,0,0,0,0,335,31,0,2,0,12,6,0,0,65,0,2141,0,0,6,2,153,0,1048,14,0,18,0,9,909,733,0,0,728,48,0,595,70,0,81,108,0,0,177,16,0,32,270,0,2,2,108,0,0,455,0,0,385,0,109,3,151,0,0,9,0,0,1346,0,26,0,25,0,0,10,1501,25,0,0,0,35,0,0,3,0,0,0,0,0,1,0,0,2,0,6,3,0,80,106,0,8,0,0,0,0,0,0,0,27,0,0,0,2,0,457,142,0,0,0,6,0,2,0,0,0,78,569,11,0,0,0,0,0,0,0,3121,13,0,0,0,0,6,0,875,0,0,1210,0,0,1014,12,0,0,0,186,0,0,0,0,65,0,0,0,0,18,0,3,0,8,0,0,0,0,75,808,2,15,0,0,0,134,1237,0,17,0,3,0,0,1,0,0,0,0,0,0,5,0,0,109,143,0,0,0,0,39,0,0,32,0,0,0,0,2,0,0,0,0,8,0,651,0,1273,565,120,2368,0,0,91,0,0,0,0,0,0,0,27,0,0,0,0,0,10,1,689,0,1032,1166,58,2,0,0,0,0,0,0,41,0,0,0,150,0,0,121,0,8,0,0,0,0,0,1,215,0,0,0,83,0,0,0,2,153,9,658,0,0,2357,7,267,2228,2034,216,1,3,0,6,0,6622,0,0,31,0,0,0,0,0,0,1552,0,0,0,0,99,13,1829,0,1839,0,121,0,1,46,0,0,16,9,0,0,0,0,29,0,0,0,0,0,0,0,0,0,0,397,0,0,0,0,728,0,0,0,0,0,0,0,0,8,1337,7,0,0,0,0,0,4,445,969,0,0,0,72,0,1252,0,0,0,0,0,0,0,3,1,1,0,0,0,6,0,0,0,0,0,1,1,5,944,6,15,0,401,3904
"gene_170",2,0,5,0,8133,26,2,51,1,3632,0,970,4,292,287,0,23,221,95,0,95,0,90,19456,0,7,383,10,14,1,3,5,0,211,0,2666,0,0,222,3,13,0,699,0,0,578,0,157,0,121,0,563,17,18,0,22,2465,151,760,40,0,701,1154,2386,1,0,4089,0,0,0,3,5,4,156,58,2091,0,0,102,261,21,0,216,136,0,1710,0,58,0,6,0,1,2680,0,751,0,8526,2,10491,1091,1358,493,442,1,2806,2191,2822,4394,0,0,1478,3,40,2790,2,1,273,121,47,1248,70,10190,189,1,3073,24,1249,0,767,3154,248,1,22,1360,691,1860,0,2010,0,135,7300,23,1766,224,24119,183,5264,5925,0,1718,0,3164,5,28,1379,20985,9901,289,8296,266,199,183,448,2902,762,6197,202,24408,6,1305,9126,607,28505,5,628,27643,5122,0,146,51,2603,573,297,8318,12916,8,3088,29,99,4748,1749,3423,23884,67,0,0,1,246,558,1453,343,727,185,11,348,21,14,2380,0,103,3086,90,4710,2332,2194,8067,0,3,8567,4030,3,3,1621,789,66,27,284,322,0,0,5,23,465,626,6840,1,3937,1,1157,2,2,2999,2861,1,0,2894,8,23,2196,310,0,184,4,1,1816,0,7,2,646,2868,78,1166,2315,3,1,67,0,1126,11,2913,0,3338,1390,4,14,828,0,3300,2,303,28,0,35,1035,38,3,2797,37,171,41,27,43,3464,0,506,242,0,2,10,203,1,2259,15,142,493,1347,64,1,33,172,1,0,56,9,0,88,8065,164,0,4,142,0,0,1659,1726,0,0,95,144,1067,15,149,89,76,1283,0,20,77,0,43,0,305,0,0,336,28,562,79,1609,313,0,0,22,3,2,0,5,210,28,1339,4,0,9,34,3,4,384,1,2163,3835,0,0,1,127,135,1,15,856,4978,659,28,7307,0,774,39,83,7,3,22,19,94,138,294,915,266,47,7,1,2531,2786,7,1465,61,406,3140,3162,155,370,195,1,0,911,0,3996,1243,0,399,0,397,558,1,121,24,0,0,1083,0,53,0,129,387,812,9,2755,0,48,9,4,70,2754,870,0,0,0,732,45,4,0,84,540,1489,30,20,18,0,0,181,840,0,0,0,1016,0,1,47,525,0,0,10,0,0,0,0,0,0,0,5,0,312,0,3,1,0,0,0,0,0,0,0,0,0,0,0,12,2048,0,0,0,0,311,492,0,0,3986,1,0,0,3,1302,0,6,287,0,149,0,0,385,61,0,0,0,63,0,1,0,0,37,267,98,14,0,526,0,871,2,436,0,117,17,5,28,0,0,0,0,0,0,1,69,17,0,221,0,0,299,2,44,0,1,0,3278,0,35,2828,1080,8,1,16,1,18,0,0,20,2268,250,1,0,0,0,0,4410,6,0,0,0,0,283,0,0,0,126,62,0,0,0,0,4,0,86,0,0,3076,0,0,0,0,1,0,1013,495,0,86,0,0,38,0,5,0,0,3008,0,0,0,0,0,0,1,274,6,9740,0,1,0,1349,1,0,0,3947,1,3,1437,0,0,0,5838,39,0,0,0,168,0,0,0,0,267,89,0,2,0,0,0,0,0,94,3,0,1008,0,0,0,0,0,53,0,2,0,16,0,0,0,0,5,810,0,6,0,25,817,301,9,18,0,0,886,0,0,4,0,0,0,0,0,0,0,37,0,175,120,0,5,0,3,0,0,60,4088,4,0,41,0,1,136,0,17,0,0,0,0,0,0,205,0,3,4,0,0,0,130,839,0,0,10,1242,2,0,1,0,1490,12,0,0,0,0,0,328,0,2,0
"gene_171",0,0,0,0,0,0,0,0,0,0,0,0,0,0,0,0,0,0,0,0,0,0,0,0,0,0,0,0,0,0,0,0,0,0,0,0,0,0,0,0,0,0,0,0,0,0,0,0,0,1,0,0,0,0,0,0,0,0,0,0,0,0,0,0,0,0,0,0,0,0,0,0,0,0,0,0,0,0,0,0,0,0,0,0,0,0,0,0,0,0,0,0,0,0,0,0,0,0,0,0,0,0,0,0,0,0,0,0,0,0,0,0,0,0,0,0,0,0,0,0,0,0,0,0,0,0,0,0,0,0,0,0,0,0,0,0,0,0,0,0,0,0,0,0,0,0,0,0,0,0,0,0,0,0,0,0,0,0,0,0,0,0,0,0,0,0,0,0,0,0,0,0,0,0,0,0,0,0,0,0,0,0,0,0,0,0,0,0,0,0,0,0,0,0,0,0,0,0,0,0,0,0,0,0,0,0,0,0,0,0,0,0,0,0,0,0,0,0,0,0,0,0,0,0,0,0,0,0,0,0,0,0,0,0,0,0,0,0,0,0,0,0,0,0,0,0,0,0,0,0,0,0,0,0,0,0,0,0,0,0,0,0,0,0,0,0,0,0,0,0,0,0,0,0,0,0,0,0,0,0,0,0,2,0,0,0,0,0,0,0,0,0,0,0,0,0,0,0,0,0,0,0,0,0,0,0,0,0,0,0,0,0,0,0,0,0,0,0,0,0,0,0,0,0,0,0,0,0,0,0,0,0,0,1689,0,0,0,0,0,0,0,0,0,0,0,0,0,0,0,0,0,0,0,0,0,0,0,0,0,0,0,0,0,0,0,8,0,0,0,0,0,0,0,0,0,0,0,0,0,0,0,0,0,0,0,0,0,0,0,0,2,0,0,0,0,0,2,0,0,0,0,0,0,0,0,0,1,0,0,17,0,0,0,0,0,0,0,0,0,0,0,0,0,0,0,0,0,0,0,0,0,0,2495,0,8,5,1,4,0,0,1,0,161,2,1,155,9,0,0,3,1378,0,162,5,0,0,19,2,0,851,1,903,0,0,663,0,0,0,0,54,0,1067,0,0,589,0,21,0,0,850,1463,0,0,537,0,457,0,0,0,0,0,0,0,0,2,0,0,42,0,0,68,0,0,0,676,43,0,1038,3,0,0,0,0,0,103,0,0,0,0,4637,4,0,0,0,0,0,302,0,21,0,0,0,0,419,0,0,2812,0,0,0,0,0,116,224,0,0,6,10,0,0,0,0,0,0,0,0,0,1563,697,0,0,0,0,0,0,0,0,0,0,0,0,147,0,0,0,0,3939,0,0,362,0,0,0,0,0,0,0,0,0,0,0,0,0,197,0,0,27,0,0,0,0,0,0,0,0,17,0,0,0,0,0,0,0,0,0,0,0,0,0,0,0,0,0,0,0,0,2854,0,0,0,0,0,0,0,0,0,0,0,0,0,0,0,555,0,0,0,0,0,0,0,0,0,0,0,0,0,0,0,0,0,0,0,0,498,0,0,0,0,0,0,1,1,0,0,0,0,0,0,0,0,1029,0,0,0,0,0,0,0,0,0,0,31,0,0,0,0,0,0,0,0,0,5,0,98,0,0,2,0,0,0,0,0,0,0,0,0,5,0,6,0,0,0,0,0,0,0,0,0,0,0,0,0,0,0,0,0,0,0,0,0,0,0,0,0,0,0,0,0,0,0,0,1,0,0,0,0,0,0
"gene_172",8670,3297,16,0,2,61,1,1,0,5,0,0,0,3,0,0,0,0,0,95,0,22,7,74,0,0,52,12,0,0,0,0,1449,0,17900,0,308,427,0,236,0,0,0,29,0,0,0,0,0,6,5284,0,0,0,57,1,0,0,52,1293,0,39,0,10,0,251,0,191,1,139,1632,0,621,2277,0,0,1760,0,0,0,14,2,1,0,78,0,4,0,0,0,0,10,0,8,42,0,507,0,31,448,0,0,0,0,0,0,0,28,0,75,0,0,0,0,0,313,0,2,0,0,0,0,0,0,43,8,0,58,0,0,5,0,0,0,0,0,13282,0,2,0,6,0,0,0,6602,168,0,0,0,0,0,0,120,0,1,0,0,0,0,12,0,0,0,0,0,0,0,0,0,0,489,0,0,0,0,49,0,0,0,112,0,2160,2,0,497,0,0,0,0,0,0,0,0,0,7,0,1,1,15,5,0,0,1,2,0,0,0,0,0,1,0,0,0,5,2,2,0,2,0,0,1,2,6,0,20,2,5,2,0,1,0,0,3,0,0,3,0,0,3,4,0,0,0,0,0,4,5,0,0,0,0,3,0,0,0,0,0,1,9,0,0,0,12,1501,7424,0,0,4489,0,0,0,0,64,0,0,0,177,35,1,15,0,41,5487,8187,0,2,1,0,0,0,0,0,0,0,0,144,0,0,16,0,44,1,0,0,8,0,0,236,2,1,0,195,0,89,0,412,0,0,785,0,0,0,1,0,0,0,0,0,0,1,0,0,0,1,19,145,2,0,382,5835,1309,0,0,0,1,0,0,1,252,270,0,0,0,24,0,0,0,3423,46,0,1,2576,9,1256,652,0,20,21,0,12,1,470,5093,114,8,0,0,12,450,14610,0,8,1,92,0,121,0,29,146,0,2,0,0,0,6402,0,5,0,0,92,568,7,0,0,0,558,0,0,531,0,0,0,0,651,40875,4,0,753,28,167,3,0,0,0,19,0,1120,0,0,0,0,0,0,378,1,18,286,0,0,0,0,0,0,4,8063,7072,0,55,0,246,1,1,0,0,119,234,0,3,0,0,0,0,51,0,0,236,3622,0,0,0,43,13,0,0,0,0,0,0,0,0,0,0,292,488,0,49,0,88,0,309,0,0,6,0,2,1,1267,513,967,0,12,0,0,15,677,1060,0,0,238,0,0,221,0,0,31,245,5,15,753,0,0,0,0,0,0,0,0,18,265,0,0,0,85,1,0,0,0,0,81,185,2535,82,1916,0,0,0,18402,0,447,0,0,153,0,61,4812,0,624,2,0,0,0,28,450,1,0,131,0,0,0,1439,0,0,156,0,1,0,0,12,0,107,0,0,0,0,57,0,0,7,0,0,0,0,0,0,0,0,465,0,17,0,0,0,0,0,1225,0,458,0,0,0,2,0,145,508,0,0,2243,0,5217,0,0,95,0,0,0,0,0,0,0,0,3563,1134,0,1432,0,0,2,0,0,0,0,0,0,157,162,141,0,0,0,0,0,0,0,0,0,0,0,0,0,0,0,0,0,0,12626,0,0,0,0,0,0,0,0,0,0,808,3079,0,0,0,401,1103,0,0,0,0,0,5237,0,0,0,33,0,0,0,0,0,0,2,13292,0,0,0,0,0,90,0,0,0,0,476,0,0,0,90,0,0,833,0,4,0,0,10,0,0,0,4176,0,0,0,0,0,0,0,0,0,2,0,0,3,0,0,0,35,0,21734,1860,138,0,0,0,0,0,354,478,0,0,18
"gene_173",3,0,0,0,0,42,0,0,0,0,0,2,20,252,10,446,1,0,5,0,0,759,1,57,0,498,0,0,24,100,19,386,31,71,0,23,0,0,0,360,0,0,0,0,0,5,0,22,59,0,0,0,25,12,78,1,1,0,0,0,1,201,0,26,0,187,0,250,113,384,0,0,0,3,0,0,110,0,0,0,0,0,570,0,1,56,0,0,56,17,124,448,0,0,0,0,0,0,0,0,0,0,0,0,526,19,0,0,0,0,0,0,0,0,0,0,0,0,0,0,0,85,0,13,7,0,0,0,0,0,0,0,0,0,0,0,0,0,15,0,0,0,30,0,0,0,0,1192,0,29,11,0,0,0,0,0,0,0,0,0,0,0,0,0,185,160,0,5,0,0,0,0,2,0,0,0,0,0,0,0,0,0,0,0,0,0,0,0,10,0,62,0,0,0,0,0,0,0,0,0,0,3,0,0,2,12,0,0,0,0,0,0,691,5,0,0,0,0,162,39,0,0,10,0,0,7,0,0,0,0,0,0,0,0,0,0,8,0,30,0,0,0,0,0,0,0,15,0,0,0,26,0,1,0,0,0,1,0,42,0,0,1175,0,0,0,14,8,0,193,0,11,6,0,0,0,0,0,0,8,0,2,41,0,17,0,1,272,12,0,0,0,0,2,20,132,0,0,2,0,0,928,14,0,1,0,0,0,0,0,6,391,0,4,0,0,115,0,0,0,0,1,0,0,0,242,0,0,0,4,0,3,21,1,0,0,0,0,0,3,8,0,73,10,233,0,0,0,0,1,0,0,136,0,0,0,331,0,225,0,0,31,2,0,0,0,0,0,24,345,0,0,0,0,14,1,312,0,0,0,0,0,0,4657,2,9,0,0,0,2,0,0,214,0,6,4,0,0,0,0,0,2367,2,0,3,0,0,0,0,48,0,70,0,1607,0,0,0,0,0,89,81,16,12,187,0,1,0,0,0,0,0,0,0,0,63,23,0,43,14,0,0,0,0,505,0,0,2,0,0,0,0,36,0,1,49,0,0,0,0,12,0,0,16,93,184,0,8,0,0,0,0,0,0,28,49,0,0,0,285,0,0,0,0,0,0,0,0,0,0,0,0,0,0,0,0,0,0,0,0,1,1,0,257,0,0,0,0,0,0,31,0,14,0,0,1,0,0,390,0,97,3,0,0,0,193,0,0,0,0,73,23,0,0,0,0,0,0,0,5,0,0,0,0,1949,0,561,0,0,0,4,0,0,46,11,244,0,81,292,0,0,6,0,0,0,0,0,0,371,142,0,124,4,620,0,0,588,0,9569,0,3,0,167,0,0,7,0,0,395,185,4,0,0,0,21,1,45,1491,31,0,71,0,45,0,0,330,0,0,0,56,207,0,0,633,1618,0,0,694,24,45,0,1195,429,1,0,19,0,0,0,232,422,0,0,1989,0,0,3,2933,17,0,97,213,0,31,27,0,0,0,609,206,12,598,462,0,0,0,0,0,0,0,86,379,0,3194,1,0,1,365,0,405,1641,0,0,37,134,845,41,16,56,0,2,0,0,0,42,191,0,0,7,1,560,30,55,0,1685,10,0,816,1,0,0,0,14,0,2,7,314,0,6,223,0,363,148,0,0,869,198,12,66,6,489,5322,0,0,0,443,3260,1013,7,2701,375,127,44,0,0,161,690,5744,16,0,6,0,1,151,0,28,205,213,8,0,0,2,0,3817,0,140,659,19,0,0
"gene_174",0,0,827,49,0,16,101,1714,0,0,3163,4958,256,1295,0,8,5,0,0,0,341,3,1571,0,0,172,14,0,0,14017,104,0,96,0,0,2133,0,0,0,2,0,19,8,0,669,7762,13,0,0,0,0,0,1492,0,0,2,0,2386,10,0,0,37,12,1,1,0,669,102,20,7,0,0,0,0,0,0,0,0,113,0,0,0,78,0,4911,0,0,136,0,744,5,0,0,4904,7955,0,536,0,633,25,1,0,54,14,9,96,156,437,1,1158,0,0,0,17,3104,7,349,18,0,0,21,3,0,0,4793,0,2668,346,12,30,103,1,3334,23,74,100,5944,371,0,1625,270,5790,0,0,1217,7485,9,0,343,555,2438,156,0,1,139,1118,4398,36,6410,47,145,4491,238,217,1,0,21313,0,271,1343,777,31,0,2,16,104,0,525,0,29,57,233,0,1334,7,4934,90,621,72,1052,6243,2,6004,15616,3069,18,0,1353,45,0,688,18,27,0,61,1712,0,8,12,4047,0,2,1454,1593,255,11,13,0,4,0,86,0,0,0,37,319,24,228,6,15,6,167,412,3,24,1,28,0,1046,1,0,5,0,0,0,9,4049,0,12,5,25,4,25,608,5626,0,11,0,0,152,0,0,80,0,0,0,0,0,0,0,0,0,0,0,0,0,0,0,0,0,4,0,0,0,0,0,0,108,0,0,0,680,311,0,0,66,0,0,0,0,0,0,0,2,0,0,65,0,0,171,0,2,0,0,0,0,0,0,0,0,0,114,0,184,0,0,0,0,0,0,0,0,0,14,0,0,0,0,0,0,0,0,0,0,0,0,0,0,0,0,0,0,0,3,0,0,0,0,0,0,0,0,0,0,0,0,0,0,0,5,3,0,0,0,0,0,0,0,0,0,3655,0,8,0,0,1,0,0,98,0,0,0,0,0,0,0,0,0,0,0,0,0,0,0,0,0,0,0,0,0,9,0,0,0,0,0,0,0,308,0,0,0,0,0,0,0,0,12,0,983,0,0,0,0,545,0,0,0,0,0,0,0,0,0,0,0,0,0,0,0,0,16,65,0,0,11,0,0,0,0,0,0,0,45,0,0,0,0,0,0,0,0,0,0,0,0,0,1,0,0,0,0,0,0,0,67,0,0,0,0,0,0,0,0,0,0,0,0,0,0,0,0,0,0,18,0,0,7,0,0,0,0,0,0,0,0,0,0,0,0,0,2,0,0,0,0,0,0,0,0,0,0,0,0,0,0,73,0,0,0,0,0,0,944,0,0,0,0,0,0,0,0,0,0,0,0,0,0,0,0,0,0,0,0,0,0,0,0,0,0,0,0,0,0,0,0,0,0,0,0,0,0,0,0,0,0,0,0,0,0,0,0,0,0,0,0,0,0,0,316,0,0,0,0,0,0,0,0,0,0,0,0,0,0,0,0,0,0,0,0,0,0,0,0,0,1,0,0,0,0,0,0,0,0,0,0,0,0,0,0,0,0,0,0,0,0,0,0,0,0,0,0,0,0,0,0,0,0,0,0,0,0,0,0,0,0,0,0,0,0,0,0,0,0,1116,0,0,0,0,0,0,0,0,0,0,0,0,0,0,0,0,0,0,0,0,0,0,0,11,0,0,0,0,0,0,0,0,0,0,0,0,0,0,0,0,0,0,0,0,0,0,0,0,0,0,0,0,0,0,0,0,0,0,0,0,0,0,0,28,0,0,0,0,0,0,0,0,0,0,0,0,0,0,0,0,0,0,0
"gene_175",0,0,0,0,0,0,0,0,0,0,0,0,0,0,0,0,0,0,0,0,0,0,0,0,0,0,0,7,0,0,0,0,0,0,0,0,0,0,1,0,0,0,0,0,0,0,0,0,893,0,0,0,0,0,0,0,0,0,0,0,186,0,0,0,0,0,0,0,0,0,0,0,0,0,0,0,0,450,0,0,0,0,0,0,0,0,0,0,0,0,0,0,9,7,85,2,1,0,27,0,361,0,3573,0,3,58,3015,0,0,17,5,57,100,178,153,21772,0,0,109,0,0,178,2783,0,37,48,8,0,27,1303,0,32,8425,0,324,0,60,1789,854,192,228,0,0,506,0,1152,4,128,4,0,131,6013,0,0,1378,337,2311,4,0,0,6782,0,0,66,0,150,1671,19,0,0,57,2,19447,28,0,0,11492,0,2164,1372,0,1124,0,1298,7006,569,1010,2099,0,0,1508,0,0,3509,0,496,0,451,4,0,2337,0,2,0,3,0,1,0,0,0,0,0,0,0,5,1,0,617,0,0,17932,0,1,3,8,1,0,0,0,0,0,1398,3996,0,0,6561,11,62,0,0,0,8,2,2,0,0,0,0,0,1,16,0,593,0,1,161,0,167,18,4,0,0,0,0,0,0,0,0,0,0,0,0,0,0,0,0,0,0,0,0,0,0,0,0,0,0,0,0,0,0,0,0,0,0,0,0,0,0,0,0,0,0,0,0,0,0,0,0,0,0,0,0,0,0,0,0,0,0,0,0,0,0,0,0,0,0,0,0,0,0,0,0,0,0,0,0,0,0,0,0,0,0,0,0,0,0,0,0,0,0,0,0,0,0,0,0,0,0,0,0,0,0,0,0,0,0,0,0,0,0,0,0,0,0,0,0,0,0,0,0,0,0,0,0,0,0,0,0,0,0,0,0,0,0,0,0,0,0,0,0,0,0,0,0,0,0,0,0,0,0,0,0,0,0,0,0,0,0,0,0,0,0,0,0,0,0,0,0,0,0,0,0,0,0,0,0,0,0,0,0,0,0,0,0,0,0,0,0,0,0,0,0,0,0,0,0,0,0,0,0,0,0,0,0,0,0,0,0,0,0,0,0,0,0,0,0,0,0,0,0,0,0,0,0,0,0,0,0,0,0,0,0,0,0,0,0,0,0,0,0,0,0,0,0,0,0,0,0,0,0,0,0,0,0,0,614,0,0,0,0,0,0,0,0,0,0,0,0,0,0,0,0,0,0,0,0,0,0,0,0,0,0,0,0,0,0,0,0,0,10,0,0,0,0,0,0,0,1,0,0,0,0,322,0,0,0,0,0,0,0,0,0,0,0,0,0,4,0,0,0,0,0,0,0,0,1,0,1,0,0,0,0,0,0,0,0,0,0,0,0,0,0,0,1,0,0,0,0,0,0,0,0,0,0,0,0,0,0,0,0,0,0,0,0,0,0,0,0,0,0,0,0,0,0,0,0,0,0,0,0,0,0,0,0,0,0,0,0,0,0,0,0,0,0,0,0,0,0,0,0,0,0,0,0,0,0,0,0,0,0,0,0,0,0,0,0,0,0,0,0,0,0,0,1,1,0,0,0,1,0,0,0,0,0,0,0,0,0,0,0,0,0,0,0,0,0,0,0,0,0,0,0,0,0,0,0,0,0,1,0,0,0,0,0,0,0,0,0,1,0,0,0,0,0,0,0,0,0,0,0,0,0,0,0,0,0,0,0,0,0,0,0,0,0,0,0,0,0
"gene_176",0,0,0,0,0,0,1,0,0,0,1,0,0,0,59,0,0,0,0,0,0,0,0,779,82,0,0,6,0,2,0,0,0,0,0,0,5,1,0,0,0,0,0,0,0,0,0,0,0,1,0,44,0,6,0,4,0,0,0,0,0,0,0,0,0,3,0,0,0,0,129,0,0,6,0,0,0,0,0,0,0,0,0,0,0,0,0,0,0,0,0,0,0,0,0,0,0,0,12,0,0,0,0,0,0,0,0,0,0,0,0,0,0,0,0,0,0,0,0,0,0,0,0,0,0,11473,0,0,0,0,0,0,0,0,79,0,0,0,0,13,855,1169,0,0,0,0,0,0,0,0,0,0,0,0,0,0,0,0,0,0,0,8,0,75,0,0,0,0,0,0,0,604,0,127,0,0,0,0,0,0,0,0,2925,0,17513,1,0,0,0,0,287,0,36,0,0,0,17,0,0,0,0,0,0,0,0,0,0,0,0,0,0,0,0,0,0,0,0,0,0,0,0,0,0,0,0,0,0,0,0,0,0,0,0,0,0,0,0,0,0,0,50,0,149,0,0,0,0,0,3,0,0,0,0,0,0,0,0,0,0,0,0,0,0,0,0,329,0,0,0,406,0,5,0,0,0,0,0,0,0,0,0,0,0,16893,0,0,0,0,0,0,8,0,0,0,0,523,47,0,0,354,3,2,0,0,3,2,0,0,0,2,0,0,0,0,0,0,0,0,0,0,0,0,0,0,0,27,0,0,0,0,0,0,0,94,0,0,0,0,122,0,0,0,0,16,0,0,0,0,0,0,76,0,0,0,0,0,0,0,49,0,0,0,0,0,0,0,8,7,423,0,0,0,42,0,54,0,1,0,0,0,0,0,0,0,0,0,0,3817,2,0,9,3,0,0,0,0,0,0,0,0,0,0,0,0,0,0,0,0,0,84,0,0,0,25,0,0,0,0,0,0,0,0,0,0,0,3,0,0,0,0,0,8,0,326,0,0,6,0,0,0,0,0,0,6616,0,0,25,0,0,0,0,0,0,0,114,0,0,0,0,0,0,0,77,13,0,0,0,1,988,0,0,0,0,0,0,0,0,0,0,0,0,0,675,0,0,0,0,0,0,0,0,0,0,0,0,0,0,0,0,0,0,0,0,0,0,0,22,0,0,0,4,0,0,0,0,0,5,0,0,10441,0,1,264,0,20,0,0,1,100,308,0,0,405,0,0,0,32,0,91,0,460,3,1392,2340,0,0,0,389,0,94,0,0,0,0,0,53,0,0,237,0,0,0,2,0,0,0,0,0,0,0,59,0,0,0,0,0,0,0,0,0,0,0,20,0,21,0,0,0,0,0,0,0,0,573,0,0,0,0,0,0,0,234,0,0,0,0,0,0,0,0,0,0,0,0,0,0,0,0,0,0,2,0,0,0,0,0,0,0,0,15,0,0,0,0,0,0,0,0,0,0,0,0,0,0,0,0,0,0,0,0,0,0,0,0,0,0,0,0,0,0,467,0,17,0,0,0,0,0,0,0,0,0,0,0,0,0,0,0,0,0,0,0,0,0,0,0,0,0,0,0,0,0,104,0,0,0,0,0,0,0,0,0,0,93,0,0,0,0,0,0,0,394,0,0,0,0,0,0,0,0,0,0,0,74,0,0,0,0,0,0,0,0,0,0,0,0,0,0,0,0,0,0,9,0,0,2,0,0,0,0,0,0,19,3,0,0,2,0
"gene_177",11,228,115,16,6,2778,107,1284,34,0,752,232,3,0,595,0,0,1,317,127,650,0,328,0,0,29,38,1,319,169,23,1,162,276,8983,13,794,1592,1680,22,131,10,193,992,1,99,219,373,6,369,60,0,59,197,0,570,93,6,778,3231,181,5,239,47,4,0,138,1905,251,1201,530,0,0,2,0,65,22,7,7,49,539,28,3,98,604,0,0,33,70,469,1059,717,3,0,0,0,93,30,0,0,0,0,0,0,4149,1866,0,0,0,0,0,0,0,0,0,256,6,0,327,0,0,0,0,0,0,0,0,0,128,0,0,3159,0,0,0,0,0,0,0,0,0,0,0,9,0,0,0,40,0,0,0,0,0,0,0,0,0,4478,0,0,0,0,0,0,0,0,0,0,0,0,0,0,0,0,0,0,0,0,0,11161,0,0,0,0,0,0,0,0,0,0,0,3617,1,0,0,261,0,0,0,0,3996,0,0,0,0,0,177,7,0,0,0,9,0,0,0,0,0,0,0,0,48,0,0,0,3747,70,0,0,0,0,0,0,0,0,0,0,0,0,0,20,2899,0,0,0,0,0,0,0,0,0,0,0,0,64,0,0,19408,0,0,0,0,0,362,0,408,495,0,0,0,0,0,0,2301,10,0,0,0,0,3,0,1218,0,0,466,0,0,0,248,0,0,0,0,0,0,0,22,0,0,0,15,0,0,0,0,0,0,0,43,0,102,346,1772,1,0,0,0,14,192,122,0,0,648,0,0,521,0,0,2975,0,0,0,0,0,0,12,0,0,0,17,0,0,0,0,4042,0,0,1,0,0,8,4102,2214,0,0,3,2,0,1412,7,0,3,0,0,0,0,0,0,0,0,42,0,1,19,0,0,0,0,0,0,0,0,0,0,3010,0,1993,0,89,0,0,0,0,64,0,45,1,0,5,0,1,0,1,4731,1773,327,19,6,0,0,0,0,0,0,0,240,11,451,218,1733,0,2,0,82,0,0,1,1,0,387,248,3203,0,0,0,0,0,0,0,0,0,0,0,0,0,0,0,0,0,0,0,846,0,0,0,0,0,0,375,0,0,0,0,0,0,0,0,0,0,0,0,0,0,0,0,0,0,0,0,0,0,0,0,0,0,0,0,0,0,0,0,0,0,0,0,0,0,0,0,0,0,22,0,0,0,0,0,0,0,0,0,0,0,0,0,0,0,0,0,0,0,0,0,0,0,0,0,0,0,0,0,0,0,0,0,0,0,0,0,0,0,0,0,0,0,0,0,0,0,0,0,0,0,0,0,0,0,0,0,0,0,0,0,0,0,0,0,0,0,0,8,0,0,0,0,0,0,0,0,0,0,0,0,0,1,0,0,0,0,0,0,0,0,0,0,0,0,0,0,0,0,0,0,0,0,0,0,0,0,0,0,0,0,18,0,0,0,0,0,0,0,0,0,0,0,0,0,0,0,0,0,200,0,0,0,0,0,0,0,0,0,0,0,0,0,0,0,0,0,0,0,137,0,0,0,0,0,0,0,0,0,0,0,0,0,0,0,0,0,0,0,0,0,0,0,0,0,7,0,0,0,0,0,0,0,0,0,0,0,0,0,0,0,0,0,0,0,1,0,0,0,0,0,0,0,0,0,0,0,0,0,0,0,0,0,0,0,0,0,0,0,0,0,0,0,0,0,0,0,0,168,0,0,0,0,0,0,0,0,0,0,0,0,0,0,0,0,0,0,0,0,1,96,0,0,0,0,0,0
"gene_178",0,0,0,0,0,0,0,0,0,0,0,0,0,0,0,0,0,0,0,0,0,0,0,0,0,0,0,0,0,0,0,0,0,0,0,0,0,0,0,0,0,0,0,0,0,0,0,0,0,0,0,0,0,0,0,0,0,0,0,0,0,0,0,0,0,0,0,0,0,0,0,0,0,0,0,0,0,0,0,0,0,0,0,0,0,0,0,0,0,0,0,0,0,0,0,0,0,0,0,0,0,0,0,0,0,0,0,0,0,0,0,0,0,0,0,0,0,0,0,0,0,0,0,0,0,0,0,0,0,0,0,0,0,0,0,0,0,0,0,0,0,0,0,0,0,0,0,0,0,0,0,0,0,0,0,0,0,0,0,0,0,0,0,0,0,0,0,0,0,0,0,0,0,0,0,0,0,0,0,0,0,0,0,0,0,0,0,0,0,0,0,0,0,0,0,0,0,0,0,0,0,0,0,0,0,0,0,0,0,0,0,0,0,0,0,0,0,0,0,0,0,0,0,0,0,0,0,0,0,0,0,0,0,0,0,0,0,0,0,0,0,0,0,0,0,0,0,0,0,0,0,0,0,0,0,0,0,0,0,0,0,0,0,0,0,0,0,0,0,0,0,0,0,0,0,6,0,0,0,0,0,0,0,0,0,0,0,0,0,1,157,0,0,0,0,0,0,0,0,0,0,0,0,0,0,0,0,0,0,0,0,0,0,3,0,0,0,0,0,0,0,0,0,0,0,0,0,0,0,0,0,0,0,0,0,0,12,0,0,0,0,0,0,0,0,0,0,0,0,0,0,0,0,0,0,0,0,0,0,0,0,0,0,0,5885,0,0,0,0,0,0,0,908,0,0,0,39,0,0,0,0,0,0,0,0,0,8,0,0,0,0,15,0,0,0,105,0,0,0,0,0,0,0,0,0,0,0,0,2,0,0,0,0,0,0,0,0,0,0,0,0,0,0,0,0,0,0,0,0,0,0,0,0,0,0,0,0,0,0,0,0,0,0,0,0,0,0,0,0,0,0,0,0,0,0,0,0,0,0,0,0,0,126,0,0,0,0,0,0,0,0,0,0,0,0,0,0,0,0,0,0,0,0,2,0,0,0,0,0,0,0,0,0,0,0,0,0,0,0,0,0,0,0,0,0,0,0,0,0,0,0,0,0,0,0,0,0,0,0,0,0,1,0,0,0,0,0,0,0,18,0,0,0,0,0,0,0,0,0,0,0,0,0,0,0,0,0,0,0,0,0,0,839,0,0,0,0,0,0,19,0,0,0,0,0,0,0,0,0,0,0,0,0,0,0,0,0,0,0,0,0,0,0,0,0,0,0,0,0,0,0,0,0,0,0,0,0,0,0,0,487,1284,100,0,0,0,0,0,1,34,0,0,0,54,0,1,0,0,0,0,0,0,0,0,0,0,0,0,0,0,305,0,0,0,0,10,0,0,0,0,0,0,1102,0,0,0,0,0,87,24,0,0,0,0,0,0,0,10,0,9,0,0,0,0,131,33,0,0,400,0,0,0,0,0,0,0,0,0,218,0,0,3178,0,0,1514,0,219,0,3587,0,0,0,6,0,0,0,0,0,0,0,0,0,0,9,0,33,0,2,0,8,0,0,0,0,0,128,0,0,0,1,0,0,0,0,0,0,0,0,0,0,0,24,1,0,0,0,0,0,0,0,327,0,0,0,0,1,6,0,0,0,0,0,0,0,0,0,0,0
"gene_179",0,0,0,0,0,0,0,0,0,0,0,0,0,0,0,0,0,0,0,0,0,0,0,0,0,0,0,0,0,0,0,0,0,0,0,0,0,0,0,0,0,0,0,0,0,0,0,0,0,0,0,0,0,0,0,0,0,0,0,0,0,0,0,0,0,0,0,0,0,0,0,0,0,0,0,0,0,0,0,0,0,0,0,0,0,0,0,0,0,0,0,0,0,0,0,0,0,0,0,0,0,0,0,0,0,0,0,0,0,0,0,0,0,0,0,0,0,0,0,0,0,0,0,0,0,0,0,0,0,0,0,0,0,0,0,0,0,0,0,0,0,0,0,0,0,0,0,0,0,0,0,0,0,0,0,0,0,0,0,0,0,0,0,0,0,0,0,0,0,0,0,0,0,0,0,0,0,0,0,0,0,0,0,0,0,0,0,0,0,0,0,0,0,0,0,0,0,0,0,0,0,0,0,0,0,0,0,0,0,0,0,0,0,0,0,0,0,0,0,0,0,0,0,0,0,0,0,0,0,0,0,0,0,0,0,0,0,0,0,0,0,0,0,0,0,0,0,0,0,0,0,0,0,0,0,0,0,0,0,0,0,0,0,69,3941,9,0,0,0,0,29,68,65,0,356,0,0,0,0,57,0,0,0,0,6737,0,6,0,7629,2,4752,0,605,0,0,0,1137,3509,0,6545,762,0,0,0,0,0,114,0,0,0,15,9402,0,0,0,0,0,4641,0,0,0,92,159,0,0,0,0,0,0,1,7,293,0,2922,0,0,0,26,0,0,2,0,85,394,0,0,0,3,3,2,0,0,0,0,0,0,0,0,242,0,8,0,27,0,9535,0,533,0,249,19,0,0,33,0,0,0,30,0,0,3480,2,4266,0,0,463,0,0,1114,0,0,176,0,0,3687,0,0,97,0,0,0,0,0,0,0,4,0,27,1,0,34,6746,0,7484,316,70,710,0,0,0,11,0,0,1,0,0,0,0,0,320,0,0,0,0,0,0,0,0,0,0,0,0,0,0,0,0,0,0,0,0,0,0,0,0,0,0,0,0,0,0,0,0,0,0,0,0,0,0,0,0,0,0,0,0,0,0,0,0,0,0,0,0,0,0,0,0,0,0,0,0,0,0,0,0,0,0,0,0,0,0,0,0,0,0,0,0,0,0,0,0,0,0,0,0,0,0,0,0,0,0,0,0,0,0,0,0,0,0,0,0,0,0,0,0,0,0,0,0,0,0,0,0,0,0,0,0,0,0,0,0,0,0,0,0,0,0,0,0,0,0,0,0,0,0,0,0,0,0,0,0,0,0,0,0,12,0,0,0,0,0,0,0,0,0,0,0,0,0,1347,0,0,8,0,0,0,0,0,0,0,0,0,0,0,0,0,0,0,0,0,0,0,0,0,0,0,0,0,0,0,0,0,0,0,0,0,0,0,0,0,0,0,0,0,0,0,0,0,0,0,0,0,0,13,0,0,0,0,0,0,0,0,0,0,0,0,92,0,0,0,21,0,0,0,0,0,0,0,0,0,0,0,0,0,0,0,0,76,0,0,0,0,0,0,0,0,0,0,0,0,0,0,0,0,0,0,6,0,0,0,0,0,0,0,0,0,0,0,0,0,0,0,0,0,0,0,0,0,0,0,0,0,0,0,0,0,0,0,0,0,0,0,0,0,0,0,0,0,0,0,0,0,0,0,0,0,0,0,0,0,0,0,0,0,0,0,0,0,0,0
"gene_180",52,53,0,132,0,0,1,0,646,0,2,6,3453,79,8,179,0,0,0,52,0,0,1537,0,0,350,24,0,0,142,1096,1,83,894,0,183,0,316,1,0,0,4,0,0,499,0,85,1,3591,1,6,0,1712,0,1,0,0,0,3016,0,0,21,0,0,0,0,740,0,0,0,431,424,0,5,178,8,0,26,222,0,84,2,0,0,0,0,0,0,2,4,14,541,0,64,0,0,0,0,3401,34,0,0,0,0,0,0,0,5,0,0,0,0,0,156,61,785,0,0,0,0,0,0,0,0,0,27,8,15,0,0,0,0,0,0,308,0,0,10,1821,1,0,0,0,0,4,0,0,0,0,0,0,0,0,0,2432,0,0,0,0,0,0,0,0,0,0,0,0,0,0,0,561,0,0,27,0,0,0,105,0,6,0,0,0,0,0,30,0,0,4,1470,0,0,0,0,0,0,0,0,0,0,158,0,0,0,0,0,0,0,0,0,0,0,0,0,0,0,0,0,7,0,0,0,0,0,0,0,0,0,0,0,0,0,0,0,0,0,0,0,0,1,0,0,0,0,0,0,0,0,233,0,21,0,0,0,1552,863,0,1,115,0,0,0,0,0,0,0,0,0,0,0,0,0,0,0,0,0,0,0,0,0,0,0,0,23,0,0,5,0,0,0,0,0,4,0,0,0,0,0,0,41,17,0,0,0,0,0,28,0,0,0,0,74,0,0,0,0,17,0,0,9,29,0,0,29,4,0,0,0,534,0,0,0,0,283,0,0,0,0,0,0,0,0,0,0,66,0,0,0,0,0,0,0,0,0,0,0,0,0,0,0,0,0,0,0,0,62,36,0,0,0,0,182,2,0,0,5,0,0,0,0,0,2,0,0,0,0,0,0,1,0,0,0,0,0,0,0,0,0,0,3,0,0,0,21,0,0,0,0,1,0,0,0,0,0,99,1,0,0,0,0,0,0,0,10,0,0,0,0,0,0,0,0,43,0,5,159,0,5,0,0,1,11,0,1,0,0,1,0,409,0,0,0,0,0,0,1,0,0,0,184,4,0,40,0,0,1,0,0,0,0,7,1,0,0,50,0,0,0,0,0,0,0,0,0,0,0,0,0,11,66,13,0,47,0,0,0,35,1,0,0,0,0,0,0,0,0,0,0,4,0,0,0,61,9,0,22,0,0,1,1,0,26,4,6,0,0,1,0,0,0,0,0,1,60,0,60,0,17,0,0,0,4,0,6,0,0,0,0,0,0,0,0,0,0,0,0,1,0,1,333,0,0,0,43,0,0,3,20,1,0,5,0,0,0,303,0,0,1633,2862,0,15,0,0,465,14,0,398,0,0,0,0,0,330,0,0,485,1,2267,0,49,0,0,22,0,0,5,179,0,120,3834,0,131,0,0,7,0,0,0,0,7,0,52,0,0,0,0,0,68,0,0,8,16,0,0,1433,6,1221,0,0,0,0,0,0,0,0,20,0,1,0,0,0,0,0,5,0,2,0,0,0,38,22,2,0,0,0,0,0,0,0,1,266,43,6,102,0,1,0,0,0,0,2,2175,9,1267,0,3,0,0,868,86,7,0,0,0,0,0,24,0,0,0,5,0,0,0,4600,0,0,41,0,15,0,0,1,0,3,0,0,0,18,0,0,0,14,10,274,11,2,0,10,0,0,0,0,1,27,0,234,76,0,0,14,0,0,0,4,0,0,0,0,0,0,0,3,6,0,395,0,0
"gene_181",0,0,0,0,0,0,0,59,0,0,0,0,0,0,0,0,0,0,0,0,45,0,0,0,0,0,0,0,0,12201,215,39,0,5,6157,8,0,0,0,0,353,0,0,0,0,0,0,0,0,0,0,0,0,0,0,0,0,0,0,0,0,0,0,0,0,0,1,0,0,14,0,0,0,0,263,3656,0,0,0,0,0,12,0,366,0,0,0,42,0,0,0,0,0,0,0,0,0,0,0,0,0,0,0,0,0,0,0,10,0,0,0,0,0,0,0,0,0,0,0,0,0,0,0,0,0,0,0,0,0,0,0,0,0,0,0,0,0,0,0,0,0,0,0,0,0,0,0,0,0,0,0,0,0,0,1,0,0,0,0,0,0,0,0,0,0,0,0,389,0,0,0,0,0,0,0,0,0,0,0,0,0,0,0,0,0,0,0,0,0,0,0,0,0,0,0,3,10,59,2,26,4,0,23,0,3,9,8,8,4,20,56,34,0,0,0,4,35,0,18,0,1,0,67,4,0,0,75,21,1,68,0,1,6,0,5,0,14,34,95,3,4,0,35,0,1,0,112,82,1,1,0,1,0,5,0,0,30,26,12,127,0,0,0,0,0,0,0,0,0,0,0,0,0,0,0,0,0,0,0,0,0,0,0,0,0,0,0,0,0,0,0,0,0,0,0,0,0,0,0,0,0,0,0,0,0,0,0,0,0,0,0,0,0,0,0,0,0,0,0,0,0,0,0,0,0,0,0,0,0,0,0,0,0,0,0,0,0,0,0,0,0,0,0,0,0,0,0,0,0,0,0,0,0,0,0,0,0,0,0,0,0,0,0,0,0,0,0,0,0,0,0,0,0,0,0,0,0,0,0,0,0,0,0,0,0,0,0,0,0,0,0,0,0,0,0,0,0,0,0,0,0,0,0,0,0,0,0,0,0,0,0,0,0,0,0,0,0,0,0,0,0,0,0,0,0,0,0,0,0,0,0,0,0,0,0,0,2,0,0,0,0,0,0,0,0,0,0,0,0,0,0,0,0,0,0,0,0,0,0,0,0,0,0,0,0,0,0,0,0,0,0,0,0,0,3,0,0,0,0,0,17,0,0,0,0,0,0,0,0,0,0,0,0,0,0,92,0,0,0,0,0,0,0,0,0,0,0,0,0,0,0,0,0,0,0,1,0,0,0,0,0,0,0,0,0,0,0,0,0,0,0,0,0,0,0,0,0,0,0,0,0,0,0,0,0,0,0,0,0,0,0,0,0,0,0,0,0,0,0,0,0,0,0,0,0,0,0,0,0,0,0,0,0,0,0,0,0,0,2,0,3,0,0,0,0,207,0,0,0,0,0,0,0,0,2308,0,0,0,0,0,0,0,0,0,0,0,0,278,0,0,0,0,0,0,0,0,0,0,0,0,0,0,0,0,0,0,0,0,0,0,0,0,0,0,0,0,0,0,0,0,0,0,0,0,0,0,0,0,0,0,0,0,0,0,0,0,0,0,0,0,0,0,0,9,0,0,0,0,0,0,0,0,0,0,0,0,0,303,0,0,0,0,0,0,0,0,0,0,0,0,0,0,3,0,0,0,0,0,0,0,0,0,2513,0,0,0,0,0,0,0,0,0,0,0,202,0,0,0,0,0,0,0,0,0,0,0,0,0,0,0,0,0,0,0,0,0,0,0,0,0,0,0,0,0,676,6835,0,0,0,0,0,0,0,0,0,0,0,1194
"gene_182",3339,1895,2126,9566,8846,2429,14091,11750,809,673,2224,774,60979,12676,3897,14708,1192,5715,1097,1077,1283,6694,18598,22272,1524,1014,7752,8362,12237,1662,1343,179,9124,2782,101,5463,370,1436,213,3329,2922,2802,4110,987,82,3558,2737,12227,3729,5528,1574,1511,2383,104,3140,3599,7185,19224,2084,6738,14496,1937,3882,3815,3562,304,2305,292,4633,3926,784,631,586,3326,8820,10104,2536,8662,1504,7509,412,872,6303,355,7739,29523,192,4804,11319,12,2112,1740,96,10606,3,1,22948,4496,74,12568,17,891,359,10673,74,594,0,61,2121,48,1587,151,33,56,939,954,83,641,3696,9335,9056,3530,1058,2115,562,694,352,504,9599,18104,28,5966,156,21534,13649,21579,2613,33260,9280,59,1333,7709,1190,4745,38,0,173,20847,7535,31209,25,43690,19531,2101,461,30431,6161,1688,2063,4451,36472,6077,89,26,148,3930,0,2169,507,35845,21164,2152,82,1421,6236,65428,140177,841,1298,1549,95,2771,863,28233,318,5060,24657,971,1,40,7,12232,26826,42581,8,9,412,1539,26640,4838,1121,0,10305,41,1117,20475,407,335,3842,32590,52,0,68,30862,381,1076,0,126,13471,2482,2506,9180,0,3136,66946,5766,5,3915,67567,43682,6,6106,38,45,1369,445,1432,408,3476,112,2949,4249,1112,1292,528,13,8,104,24,934,13818,17233,1,95,5750,1325,41497,2935,152,98,2883,5250,9377,1522,2612,3002,1,857,15244,158,6488,3893,3130,29189,1676,141,140,6246,5104,742,1583,6483,13016,4684,377,895,1111,12859,18567,30068,17982,12781,1415,3994,2256,8480,22399,524,2707,6560,3568,934,3178,82,14793,963,1061,2043,24497,2305,3583,2346,26517,3142,52,27974,2076,4951,7231,1166,1475,8742,10258,191,3456,5406,6210,4316,2123,9095,6814,1487,2357,43354,11818,10331,413,18121,12168,17060,2531,273,92,1103,11528,141,5481,3948,868,354,57256,43933,9192,764,4594,661,863,9593,4080,29,15778,6929,20945,47,4563,3689,21617,1150,11283,1976,37,10,1274,13106,11518,852,3425,22074,3970,11414,110,117,2396,2373,6936,2219,393,4769,4360,1219,33216,3320,6735,162,4396,8987,6711,2438,8999,13405,1379,10063,52687,1606,182,911,4390,29657,3935,22263,4053,1400,586,5564,3229,3351,12360,2557,1089,55,1114,16879,10479,56983,571,6626,28154,151,1805,3771,18274,9560,135,1,13690,3,84,169,0,0,0,0,94,934,34258,297,258,4346,0,0,896,0,3914,285,8953,2642,0,881,0,1505,0,135,4486,0,10,3,0,0,0,447,7011,35,0,0,0,5624,4,183,4026,296,0,0,0,1418,58,0,25,432,3,1227,30,35,2,34,10,23,0,7,360,1,4,2,147,14829,1410,1,2060,0,990,318,258,1253,116,1,16,0,0,6,1,1157,1808,2,4804,3961,0,0,4200,0,0,44,3134,1895,0,26,11,0,0,1,4221,31239,6582,0,107,116,816,123,24,5,0,400,11,0,19,736,3401,5088,2139,0,0,5811,3021,49,155,129,4577,0,12686,6173,669,112,241,0,11,0,1706,9979,3,1951,157,0,15539,75,0,1036,20,0,294,344,51062,50,10,67,0,0,365,329,0,4274,833,0,549,0,59,105,0,209,61,28692,0,1559,374,22558,0,3941,181,1294,713,1,16835,0,12343,351,426,0,1475,0,14,0,378,0,3913,1092,0,6,128,1,0,12960,0,53,1,0,16,0,1,0,1279,15,588,0,122,0,0,5,3,1,780,55,0,4533,761,54438,92,13840,0,0,0,0,0,0,588,8,4,0,0,1,0,129,2926,5787,105,2,275,77,141,1299,1539,0,7060,12848,1378,1830,0,16344,133,0,0,0,0,0,5465,8473,937,1,2,245,27133,35,434,22,295,0,10,31,1302,2706,25782,399,148,55,1137,24676,4981,918,6930,176,0,13900,801,2195,0,6369,2004,0,1096,0,163,0,0,0,0,7524,0,1720,2925,0,0,1486,0,0,17436,1161,0,64,0,27,481,0
"gene_183",437,0,0,0,1,0,0,128,0,0,0,0,0,0,0,0,0,1,0,0,0,0,0,0,0,0,0,0,286,0,0,0,0,808,13,0,0,0,0,0,0,0,0,0,0,0,0,0,0,0,10,50,0,0,0,0,0,0,0,0,0,0,0,0,0,0,0,0,0,870,0,0,0,0,0,0,0,208,0,0,0,299,0,0,0,0,0,0,0,0,0,0,0,799,1111,212,1414,0,0,0,0,0,0,0,5192,3,14,793,74,18,0,0,12,1860,34,0,0,0,175,67,0,0,0,0,0,0,1,11,0,4,0,0,3117,4,0,278,0,2044,0,0,0,0,0,0,0,0,1,0,0,0,0,0,1,0,12,1604,819,12,190,0,21,0,567,823,0,27,727,0,0,0,0,128,0,0,0,0,6709,0,2471,676,4,188,0,0,0,0,0,7,0,0,0,0,0,1,0,0,0,0,0,0,0,0,0,0,13,0,0,0,0,84,0,0,2539,0,5,0,0,4,13,1807,1477,0,0,0,68,0,0,0,22,1,0,0,0,0,0,1013,0,802,0,0,0,936,0,0,0,0,55,0,0,0,0,553,0,0,0,0,74,0,0,0,0,0,0,0,0,0,0,0,0,0,0,0,495,0,0,0,1,0,0,0,0,0,0,0,0,0,0,0,0,0,0,0,0,0,0,0,0,0,0,0,0,0,0,0,0,0,0,56,0,0,0,0,0,0,0,0,0,0,0,305,0,0,0,0,0,0,0,0,0,0,0,0,0,87,0,0,0,0,0,0,0,0,0,0,0,0,0,0,0,0,0,0,0,0,0,0,0,0,0,0,0,0,0,0,1,0,0,0,0,0,0,0,0,0,0,0,0,0,0,0,0,0,0,0,0,0,0,0,0,0,0,246,0,0,0,0,0,0,0,0,0,0,0,0,0,0,0,0,0,0,0,0,0,0,0,0,0,0,0,0,0,0,0,0,0,0,0,0,0,0,0,0,1,0,0,0,0,0,0,0,0,0,0,0,0,0,0,0,0,0,0,0,0,0,0,0,0,0,0,0,0,0,0,0,0,0,0,0,0,0,0,0,0,0,0,0,0,0,0,0,0,0,0,0,0,0,0,0,0,0,0,0,0,0,0,0,0,0,0,0,0,0,0,0,0,0,0,0,0,0,0,0,0,0,0,0,0,0,0,0,0,0,0,0,0,0,0,0,0,0,0,0,0,0,0,0,1,0,0,0,0,0,0,0,0,0,0,0,0,0,0,0,0,0,0,0,0,0,0,0,0,0,0,0,0,0,0,0,0,0,0,0,0,0,0,0,0,0,0,0,0,0,0,0,0,0,0,0,0,0,0,0,0,0,0,0,0,0,0,0,0,0,0,0,0,0,0,0,0,0,0,0,0,0,0,0,0,0,0,0,0,0,0,0,0,0,0,0,0,0,0,0,0,0,0,0,0,0,0,0,0,0,0,0,0,44,0,0,0,0,0,0,0,0,0,0,0,0,0,0,0,0,0,0,0,0,0,0,0,0,0,0,0,0,0,0,0,0,0,0,0,0,0,0,0,0,0,0,0,0,0,0,0,0,0,0,0,0,0,0,0,0,0,0,0,0,0,0,0,0,0,0,0,0,0,0,0,0,0,0,0,0,0,0,0,0,0,0,0,0,0,0,0,0,0,0,0,0,0,0,0,0,0,0,0,1,4,0,0,0,0,0,0,0,0,0,0,0
"gene_184",0,6,0,2,0,0,1,0,0,1,2,0,0,0,1,0,0,0,0,1,0,0,0,0,0,0,3,0,0,0,0,0,0,0,1,0,6,0,0,0,1,1,0,1,0,0,0,0,0,0,3,1,0,0,1,0,0,0,0,1,0,0,0,0,0,1,0,0,2,0,11,0,0,0,0,0,0,0,0,0,0,0,0,1,0,0,0,0,0,0,0,2,0,1990,3,0,0,0,0,0,0,0,0,0,0,0,0,0,5,6,0,0,0,0,2,0,20,0,0,0,10,0,0,0,0,0,0,0,0,0,0,0,0,0,0,121,0,0,115,237,244,0,0,0,0,0,1360,0,208,517,0,0,0,0,0,627,69,0,238,0,0,0,0,0,26,4,0,0,0,0,3649,0,0,0,0,0,0,0,0,408,0,0,4427,0,5,475,0,0,0,177,0,4499,0,1,0,0,1,1670,28,3033,1,250,130,216,2354,21,18,270,0,0,16,2142,0,858,0,0,0,0,50,189,0,0,0,620,13,0,1,210,0,0,0,0,0,0,1,173,1,210,0,0,15767,16865,81,1331,0,0,3162,0,211,0,831,0,0,0,3233,0,0,0,26,152,0,96,0,0,0,0,0,771,0,0,0,0,123,0,0,0,0,1230,0,0,0,128,0,553,0,0,147,0,0,1,0,0,164,5,0,0,44,0,61,4859,0,7,0,0,0,0,0,0,2,788,1109,0,0,0,0,0,0,0,0,0,1973,0,1,0,10,7,0,0,1,6,0,0,0,472,0,1,295,0,108,0,0,24,74,5,83,6,0,0,0,605,2,38,0,0,26,1,0,0,0,0,0,19,0,104,2,0,0,0,0,0,0,0,1347,0,0,0,0,10,0,8,0,0,0,0,0,0,0,0,0,3,0,16002,0,4012,1,0,21,0,1,0,0,0,0,130,0,971,3,23,0,0,0,20,0,164,0,0,0,7,0,0,0,0,0,87,0,0,0,0,6309,31,6,0,0,0,0,0,0,0,0,0,0,0,0,0,0,0,0,80,0,0,0,0,5,0,0,0,0,0,0,0,0,0,0,0,0,0,0,0,0,0,0,0,0,0,0,0,0,0,0,0,0,0,0,0,0,0,0,0,212,0,0,0,0,0,0,0,0,0,0,0,0,0,0,0,0,0,0,0,0,0,0,0,923,151,0,0,0,0,0,0,0,0,0,0,0,5,0,0,0,0,0,0,0,0,0,0,0,0,1,0,212,0,0,0,0,0,0,0,0,0,0,0,0,0,0,0,0,0,0,0,0,0,0,0,0,0,0,0,0,0,0,0,0,0,0,0,0,0,0,0,0,0,0,0,3,0,0,0,0,0,0,0,0,0,0,0,0,0,0,0,0,0,0,0,0,0,0,0,0,0,0,181,0,0,0,0,8,0,0,0,0,0,0,0,0,0,0,0,0,0,0,0,0,0,0,0,0,0,0,0,0,0,0,0,0,0,0,0,0,0,0,2,0,0,0,0,0,0,0,0,0,0,0,0,0,0,0,0,0,0,0,0,0,0,0,0,0,0,0,0,0,0,0,0,0,0,800,0,0,0,0,0,0,0,0,0,0,0,0,0,0,5,0,0,0,0,0,0,0,0,0,0,0,0,0,0,0,0,539,0,0,0,0,0,0,0,209,0,0,0,0,0,5,0,0,0,0,0,0,0,0,0,0,0,0,0,0,0,0,0,0,0,0,0,0,0,0,0
"gene_185",0,0,0,0,0,0,0,0,0,0,0,0,0,0,0,0,0,0,0,0,0,0,0,0,0,0,0,0,0,0,0,0,0,0,0,0,0,0,0,0,0,0,0,0,0,0,0,0,0,0,0,0,0,0,0,0,0,0,0,0,0,0,0,0,0,0,0,0,0,0,0,0,0,0,0,0,0,0,0,0,0,0,0,0,0,0,0,0,0,0,0,0,0,0,0,0,0,0,0,0,0,0,0,0,0,0,0,0,0,0,0,0,0,0,0,0,0,0,0,0,0,0,0,0,0,0,0,0,0,0,0,0,0,0,0,0,0,0,0,0,0,0,0,0,0,0,0,0,0,0,0,0,0,0,0,0,0,0,0,0,0,0,0,0,0,0,0,0,0,0,0,0,0,0,0,0,0,0,0,0,0,0,0,0,0,0,0,0,0,0,0,0,0,0,0,0,0,0,0,0,0,0,0,0,0,0,0,0,0,0,0,0,0,0,0,0,0,0,0,0,0,0,0,0,0,0,0,0,0,0,0,0,0,0,0,0,0,0,0,0,0,0,0,0,0,0,0,0,0,0,0,0,0,0,0,0,0,0,0,0,0,0,0,1098,0,0,0,0,0,0,0,0,0,0,0,0,0,0,0,0,0,0,0,0,0,0,0,0,0,0,0,0,0,0,0,0,0,0,0,0,0,0,0,0,0,0,0,0,0,0,0,0,0,0,0,0,0,0,0,0,0,0,0,0,0,0,0,0,0,0,0,0,0,0,0,0,0,0,0,0,0,0,0,0,0,28,0,0,0,535,0,0,0,0,0,0,0,0,0,0,0,0,0,0,2,0,0,0,0,0,0,0,0,0,0,0,0,0,0,0,0,0,0,0,0,0,0,0,0,0,0,0,0,0,0,0,0,0,0,0,0,0,0,0,0,0,0,0,503,0,0,0,0,0,0,0,566,6457,0,45,0,0,0,0,0,0,47,0,0,0,0,0,13,0,0,0,0,0,0,0,0,0,0,0,0,0,0,43,0,0,0,467,0,0,0,0,80,0,0,1,0,0,0,0,2,26,0,0,0,0,0,0,0,0,0,0,0,959,0,0,0,372,0,0,0,0,0,0,0,0,0,351,0,0,0,0,0,0,0,0,0,738,0,0,0,0,0,0,12,0,0,335,0,0,0,0,0,0,53,0,0,0,1,0,0,0,109,0,0,189,0,0,0,0,0,0,0,3,1080,235,0,0,38,0,0,0,50,0,0,0,0,0,0,0,0,0,21,0,0,1,0,0,0,20,0,0,0,5,0,0,315,2026,11,0,15,5,12279,76,0,0,3,0,0,3190,359,1314,12,0,0,0,7,11,171,3995,0,0,0,136,6,0,128,27,0,0,1771,912,0,1,945,27,0,7,25,25,0,6,3126,5,41,80,95,0,0,0,513,0,2,18248,653,1122,180,0,0,0,5,0,1347,32,0,55,0,0,0,42,35,0,47,255,0,36,0,437,65,47,925,24,0,0,0,0,28,0,0,0,0,0,0,159,173,0,849,1650,0,1,2,0,11,1840,446,0,0,0,321,0,1,2809,1,183,812,0,264,0,140,168,0,0,20,0,0,101,16,5,0,1,0,1,30,28,0,0,3,0,1,0,0,10,0,0,2,0,13,2256,15,0,0,19974,0,0,0,0,25,0,2333,0,410,216,562,0,86,7,0,18,0,427,3,576,0,137,83,276,0,354,1,76,0,8,0,1076
"gene_186",0,0,0,0,0,0,0,0,0,0,0,0,0,0,0,0,0,0,0,0,0,0,0,0,0,0,0,0,0,0,0,0,0,0,0,0,0,0,0,0,0,0,0,0,0,0,0,0,0,0,0,0,0,0,0,0,0,0,0,0,0,0,0,115,0,0,0,0,0,0,0,0,0,0,13,0,0,0,0,0,0,0,0,0,0,0,0,0,0,0,0,0,0,0,0,154,0,0,0,0,1039,0,0,0,0,0,0,0,0,0,0,0,0,0,0,0,0,0,0,0,0,0,0,0,0,0,0,0,0,0,0,0,0,0,0,54,0,0,52,0,0,0,0,0,0,0,9007,0,0,0,0,0,0,0,25,0,0,0,8680,0,0,344,0,0,0,0,0,0,0,0,0,8830,0,0,0,0,0,0,0,0,0,0,0,0,73,0,0,0,0,0,0,0,0,0,0,0,0,0,0,0,0,0,0,0,0,0,0,0,0,0,0,0,54,0,0,0,0,279,0,270,0,0,0,0,0,0,0,0,0,0,0,0,0,0,0,0,0,0,0,0,0,0,0,0,0,0,0,0,0,0,0,0,0,0,6,0,0,0,0,0,0,0,0,0,0,0,0,0,0,0,0,0,0,0,0,0,0,0,0,0,0,0,0,0,0,0,0,0,0,0,0,0,0,0,0,0,0,0,0,0,0,0,0,0,0,0,7,0,0,0,0,0,0,0,0,0,0,0,0,0,0,0,0,0,0,0,0,0,0,0,0,0,0,0,0,0,0,0,0,0,0,0,15,0,0,0,0,0,0,0,0,0,0,0,0,44,0,0,0,0,0,0,0,0,0,0,0,78,0,0,0,0,0,0,0,0,0,0,0,0,0,0,0,0,0,0,0,0,0,0,0,0,0,0,0,0,235,0,0,0,0,0,0,0,0,0,0,0,0,0,0,0,0,0,1206,0,0,0,0,0,0,0,0,0,0,0,0,0,0,0,0,0,0,0,448,0,695,0,9,0,1894,0,0,0,0,0,0,0,0,0,0,0,0,0,0,0,0,0,0,4,0,13,0,0,0,0,0,0,0,0,0,0,0,0,0,0,0,0,0,0,0,0,0,0,0,0,0,0,0,0,0,0,0,0,0,0,0,0,0,0,0,101,0,0,0,0,0,0,0,0,0,0,0,0,0,0,0,0,3563,0,0,0,0,0,0,0,0,0,9,0,0,0,1,0,0,0,0,0,0,0,0,0,0,0,0,0,0,0,0,0,0,0,0,0,0,0,0,0,0,6640,0,0,0,0,0,0,0,0,0,0,0,0,0,0,74,0,0,0,0,0,0,0,0,0,0,0,0,0,0,0,0,0,0,0,0,0,0,0,0,0,0,0,0,0,0,0,0,0,0,0,0,0,0,0,0,0,0,0,0,0,0,0,0,0,0,0,0,0,0,0,0,0,0,0,0,0,0,0,0,0,0,0,0,0,0,0,0,0,0,0,0,0,0,0,0,0,1,0,0,0,0,0,0,58,0,0,0,0,0,0,0,0,0,0,0,0,0,0,0,0,0,0,0,0,0,0,0,0,107,0,0,0,0,0,0,0,0,0,0,0,2,0,0,0,0,0,0,0,0,0,0,0,0,0,0,294,0,0,0,0,0,11,0,0,0,0,0,0,0,0,0,0,0,0,0,0,0,0,0,0,0,0,0,0,0,0,0,0,0,0,0,0,0,7,0,0,0,0
"gene_187",235,130,2761,121,1064,0,9839,0,71,3456,2525,103,17,1337,2039,55,0,150,275,0,2823,0,677,0,0,775,1864,80,3,4420,75,6,57,107,0,193,6726,116,47,1042,5,132,1517,0,553,245,500,41,288,119,0,28,0,1488,32,52,208,57,31,327,0,736,91,1862,2288,531,5615,2,74,96,95,1135,11,87,8275,0,29,0,0,2124,21,362,44,0,356,0,0,6,38,0,8265,216,0,11,4231,0,1216,0,6180,0,16,5,28,16,0,0,28942,5947,8,4232,0,0,583,1516,0,1,608,5,0,0,71,0,6,5,0,0,0,67,0,0,87,0,0,0,63,33873,32,0,4811,6824,170,0,1832,1,23575,253,271,442,20,6275,6630,711,181,1,0,71,178,91268,0,0,0,79,4,0,40,511,0,46,0,0,0,227,2,98,0,1,0,1,134,14,3025,181,184,481,1,3,0,0,0,42,0,3701,9927,6,0,0,0,0,244,0,0,0,7,551,2,0,1299,0,0,0,0,5,54,5,568,0,0,0,7,0,0,0,0,20,0,0,24,870,0,2,6,0,0,306,16,11,0,8,78,24,0,1,0,1,0,1004,0,0,52,0,127,4,71,0,0,436,0,0,11,108,0,0,0,0,0,0,0,93,553,0,17,2309,2,2396,0,50,173,0,2,68,0,10,10,0,0,0,9342,0,13,0,1855,874,1,0,2,0,0,0,905,2,46,50,2,0,257,0,1299,205,310,28,59,15,8,520,2219,296,21,0,0,23,248,0,664,1,32,0,667,0,135,6585,0,0,5,0,1,4823,23,10,19,0,1,0,3,72,0,7,0,0,50,590,0,11,0,0,0,0,0,151,0,0,122,0,223,0,0,20,0,2,0,2350,0,3,271,0,2,2,0,2,0,0,0,0,0,0,0,2160,29,2,0,0,8,0,0,0,0,56,645,0,3124,0,0,11,200,102,0,2912,4,809,230,0,2,137,260,1,0,0,0,0,5172,254,885,5020,0,198,0,0,7,83,0,0,0,0,14,6,341,0,288,0,45,0,78,192,0,0,0,0,5,0,0,1,61,129,1721,3,0,3883,0,1,0,191,0,818,484,3,0,2,21,0,220,3,0,1,1,11,1653,3,0,0,0,0,0,0,3,273,93,0,2325,61,7,525,0,276,1182,0,5,0,34,100,67,0,28,0,0,0,28,453,1,68,482,0,0,0,5,0,0,55,0,93,23,0,0,39,356,0,9,33,0,0,2,18,15,0,1,357,0,3576,0,28,0,3,136,0,61,1020,149,0,0,862,284,2,552,0,82,0,0,2272,34,0,109,1,3,4,0,112,3,42,0,6,19,0,0,1575,0,0,2,0,192,0,0,0,7871,601,0,31,392,0,0,0,0,8,1049,0,50,1,221,5,0,0,9,14,0,0,32,0,0,1438,0,0,0,1,0,11,2,0,0,0,0,0,9322,23,35,13,0,245,0,0,2,81,0,94,0,10,1,1638,343,6499,0,0,0,2467,0,6454,2632,8,10,0,6,2562,0,107,719,6,0,0,670,0,0,0,0,517,0,0,0,5726,5,0,0,0,1,0,0,1,0,0,0,44,5,19,0,0,183,0,1,0,27,1147,1647,0,25,3,203,0,0,0,3,0,22,0,0,0,574,10870,0,802,0,0,0,0,0,139,52,15,0,0,0,105,27,1,1850,17,16,0,0,284,1599,16,541,0,0,0,417,36,90,0,21,650,0,0,0,0,0,0,15,0,13,66,45,0,0,11,0,905,0,1330,1379,11544,0,3
"gene_188",0,0,0,0,0,0,0,0,0,0,0,0,0,0,0,0,0,0,0,0,0,0,0,0,0,0,0,0,0,0,0,0,0,0,0,0,0,0,0,0,0,0,0,0,0,0,0,0,0,0,0,0,0,0,0,0,0,0,0,0,0,0,0,0,0,0,0,0,0,0,0,0,0,0,0,0,0,0,0,0,0,0,0,0,0,0,0,0,0,0,0,0,0,0,0,0,0,0,0,0,0,0,0,0,0,0,0,0,0,0,0,0,0,0,0,0,0,0,0,0,0,0,0,0,0,0,0,0,0,0,0,0,0,0,0,0,0,0,0,0,0,0,0,0,0,0,0,0,0,0,0,0,0,0,0,0,0,0,0,0,0,0,0,0,0,0,0,0,0,0,0,0,0,0,0,0,0,0,0,0,0,0,0,0,0,0,0,0,0,0,0,0,0,0,0,0,0,2,0,0,3,0,0,0,0,0,0,0,0,1,0,0,2,0,13,0,0,0,0,0,0,0,0,0,2,0,0,0,2,1,0,0,0,3,0,0,2,0,0,0,0,2,0,1,0,0,2,0,0,1,0,0,0,0,0,0,0,0,0,0,1788,188,0,158,1,139,18,1,0,0,2,0,224,0,1,0,252,22,80,17,80,17,0,0,2768,0,0,774,1983,3,2,345,441,2,0,2801,0,8,906,130,0,654,0,402,0,39,1,40,15,0,0,0,1109,0,0,1,5,121,8100,11,60,3814,9038,20,0,243,352,0,566,0,1,0,204,0,187,6,408,7,1605,0,6,0,9209,33,0,11,111,4,6,9,30,81,10,0,0,0,5504,0,0,0,150,0,465,2878,2353,3,24,0,34,54,0,2984,117,0,0,0,13,0,2,55,244,0,1,32,1450,0,0,1,0,2,606,0,1157,20,14594,3820,638,1213,900,2,382,35,0,0,4,0,0,2143,242,980,0,0,0,50,17,0,0,30,8,0,448,0,0,2,2,1109,1730,695,5,2,27,1,227,654,10776,10828,31,3869,12286,392,6585,540,109,166,2509,8697,1038,0,0,685,2981,8,1,203,354,22,516,1,7870,379,7851,1032,1,2932,163,468,4976,443,23,243,772,1017,11225,5,62,263,307,9145,4,3603,10231,853,4368,4524,1496,0,0,2313,267,4169,1,5585,1,206,5415,140,3390,1206,5,44,908,10855,2362,6978,47329,7,4,29954,7533,0,1730,3669,6555,32,2825,3,2351,2199,2743,1000,1,0,13,3,45,55,24,2,0,287,5677,285,899,21683,2853,1825,1,1082,3969,4002,14971,0,5033,2225,2289,154,9057,0,5134,10136,12,19,0,474,228,0,812,778,6,6074,3261,237,42,2978,57,2113,9070,2529,3333,11009,0,24,1,11600,0,0,143,408,0,0,172,5535,17904,1,10423,13038,137,11,1104,150,2975,426,60,1,0,53,0,0,27462,5,0,0,2,4354,2988,0,0,0,3663,65,5641,1,1,40,13,0,24,13,12746,12316,0,0,7,327,2220,1,3,4,7698,1940,581,0,5842,14,3,0,0,365,1,162,285,2,0,6265,1754,1346,0,767,4,0,0,24365,6294,0,1,0,10,3,0,13127,0,0,0,0,0,1002,4661,0,0,1,595,0,0,0,463,89,825,0,0,2,2266,3799,0,2,192,0,16,1,7476,6496,0,0,1426,1026,11857,12,0,0,706,0,3,466,5,4,0,44,0,0,134,0,3419,3633,11,0,203,1058,0,3,1977,1481,0,0,70,160,0,254,1247,55,0,0,0,0,0,0,3,0,1427,0,1153,882,4086,0,8,88,1,70,0,160,0,2563,3,4046,0,0,29,0,5613,0
"gene_189",0,0,38,1,0,0,0,0,0,0,0,0,0,0,0,0,0,0,0,6370,0,4,0,40,0,0,0,3,0,0,0,440,0,0,0,0,0,0,0,488,0,0,0,30,0,0,0,0,0,0,0,0,0,0,0,429,2,0,0,4,4,0,0,7,0,0,0,0,0,0,0,0,0,9,0,55,35,0,0,0,194,0,0,0,292,0,0,0,2199,240,230,0,0,0,2702,48,14,0,479,0,0,146,0,30,0,0,13,0,0,2,0,0,0,0,0,0,0,0,0,15,0,0,0,0,146,19,0,0,0,3,3,0,0,0,0,9,1457,0,762,0,0,700,42,266,3,0,0,0,14,0,0,0,0,3,0,0,3354,0,0,0,457,0,1812,0,148,1027,69,3,111,0,0,0,0,0,22,0,0,0,5,0,0,10,150,0,0,0,0,0,0,0,41,0,0,0,0,0,0,0,0,0,0,0,38,0,0,0,0,4229,0,0,0,0,0,0,0,0,0,0,0,0,0,0,0,0,0,0,0,0,0,4989,0,0,3,0,0,0,0,0,0,0,0,0,0,0,0,0,0,0,1,0,0,0,0,0,0,27,0,0,0,0,0,0,3,0,0,0,0,261,0,0,0,378,151,0,0,0,3344,0,0,0,42,0,0,0,0,0,0,0,0,0,43,1247,0,0,0,23,0,3,0,0,127,0,1,0,1,1,0,115,221,1,0,0,0,8,160,0,0,0,0,5,0,0,736,0,0,0,0,0,2429,0,0,271,2685,54,0,0,0,748,0,119,0,0,3309,1132,0,0,162,110,0,0,16,0,0,0,1,9,62,0,0,0,0,0,781,0,0,16147,72,0,597,0,0,0,0,0,237,0,7,0,0,1356,2712,0,0,3,10,0,45,23,757,0,7066,0,0,0,29,1539,0,0,0,1,0,0,0,272,0,248,582,0,0,0,0,0,0,0,0,0,0,1931,0,0,0,0,0,191,0,4,0,0,0,0,0,0,0,0,0,0,0,284,3107,569,0,1,5,0,0,1760,0,0,0,0,0,16,0,92,0,835,0,0,1,2005,2,6315,2,0,0,7335,834,0,0,438,0,0,0,5904,2776,0,174,99,1366,22,0,0,0,0,89,1,0,0,0,0,0,0,3080,0,133,0,6,0,0,0,37,0,0,0,1,317,1,0,0,67,0,0,321,0,0,2275,0,0,0,48,0,0,0,144,3,0,1053,0,2,10,256,785,2354,0,19,283,0,0,0,0,24,0,0,36,368,0,0,0,0,0,0,0,0,0,1,0,18624,3034,329,0,0,0,0,2,20,3,96,836,40,809,0,1,0,0,0,0,1,773,0,0,0,1,0,0,0,0,3248,27234,0,0,0,0,9,3849,0,0,2,0,8295,26,7,712,0,6,2,54,0,0,0,0,0,7508,480,0,0,0,0,0,0,915,0,0,0,580,38,40,0,0,1902,0,0,0,0,19,5213,0,0,2,0,13,268,0,9,0,0,0,1,0,0,0,0,13544,18,0,0,1,19,135,355,207,222,0,0,0,0,39,0,332,213,0,5,252,0,0,95,0,0,253,241,0,275,0,5,0,67,0,0,0,2,0,3,5,310,0,0,0,0,0,0,1,0,33,9694,0,103,0,0,6,0,5081,0,0,0,0,0,0,0,0,2480,6,0,0,0,1,12,0,0,0,0,0,0,0,0,1,85,0,0,48,0,0,1074,3,0,458,0,0,2124,0,0,0,0,18,0,37,35,3701,0,0
"gene_190",0,0,0,0,0,1003,2347,0,0,0,42,0,87,0,0,103,0,172,0,5,15,0,0,0,0,41,0,0,0,14,17,218,7,0,0,0,0,496,0,0,0,0,0,0,0,4,0,1,0,0,0,1,0,0,0,0,0,0,0,0,0,0,0,0,20,0,0,502,0,0,0,0,0,0,0,336,0,13,0,0,0,7,0,0,2673,232,0,0,0,48,159,0,0,3,0,0,0,0,45,0,0,2,0,0,0,48,0,0,1,0,4,0,0,0,0,0,0,0,0,0,0,0,0,0,0,0,0,0,24,0,0,0,0,0,0,0,0,0,0,0,0,0,0,0,0,0,0,0,0,0,0,0,0,0,0,532,0,0,0,0,0,0,2,0,0,0,0,0,0,0,0,0,685,0,951,2285,0,0,1,0,0,0,0,0,47,0,0,0,1,0,0,7,14,0,0,0,0,1,0,2,32,0,0,177,154,0,6,0,0,0,0,0,0,0,10,0,496,0,0,0,0,0,0,0,0,0,0,0,0,0,0,0,32,1,0,0,0,29,0,0,0,0,0,0,0,21,0,0,0,0,0,1182,0,0,13,0,0,39,0,1,0,0,0,1,0,0,0,39,0,0,0,0,0,0,0,1,0,0,0,1,0,0,0,0,40,0,3,0,0,0,0,0,0,1,0,0,0,0,0,0,0,0,0,0,0,0,4,0,0,0,75,0,0,0,3,0,0,0,0,0,0,0,30,0,7,0,0,0,78,5,5,0,0,0,0,0,0,0,0,0,0,0,0,0,0,0,0,0,5,0,0,0,0,0,0,0,0,0,0,0,1,0,0,0,0,0,0,0,0,0,1,0,0,0,0,0,0,0,0,0,0,0,0,0,0,0,4,0,0,0,0,0,0,0,4,0,0,0,0,0,0,0,0,0,0,0,0,55,0,0,87,0,0,0,0,0,0,0,1,0,0,0,0,0,0,0,0,0,0,72,0,0,86,4,0,119,0,1,1850,1953,6,10,1608,0,128,315,40,53,0,0,51,7,0,11,0,2955,0,2530,0,303,0,0,0,1740,2,10,0,115,76,0,0,522,291,3,2,1,0,26,3,54,0,80,0,24,0,54,0,0,0,172,120,0,1515,2,2,672,1,503,1,0,146,0,159,0,0,59,1867,2,0,0,1494,3,3,0,0,0,0,16,927,2016,0,38,84,2,2,0,103,40,0,0,0,0,0,10267,0,0,3,23,778,0,0,0,0,544,0,0,2,7,0,6,3,0,0,7,46,1013,14,1050,95,7448,1576,34,0,23,0,246,0,264,486,47,0,0,0,0,0,0,0,0,1712,0,0,0,0,0,0,0,0,0,0,0,0,115,345,0,0,0,88,150,0,0,0,4,0,15,62,22,0,0,21,0,0,0,0,0,109,1,81,18,0,0,0,0,48,0,0,0,0,0,1,0,0,40,0,1,0,0,0,0,0,0,0,0,0,0,0,0,0,0,0,0,0,244,0,309,0,0,0,0,1,0,0,0,0,0,66,0,0,0,37,0,261,0,8,0,10,252,0,0,0,945,4,0,0,0,0,0,0,0,0,0,1,380,0,0,0,0,0,0,0,0,0,0,0,1400,0,1544,0,0,0,0,10,0,0,0,0,0,0,0,0,0,0,0,208,0,5,0,0,0,0,0,0,217,0,22,0,0,147,0,0,166,0,166,2,2,0,22,0,0,4,1544,0,0,1,0,174,0,0,0
"gene_191",0,0,0,0,0,0,0,0,0,0,17,0,0,0,1,0,0,0,0,0,0,0,0,0,0,0,0,0,0,0,0,0,0,0,0,0,0,0,0,0,0,0,0,0,0,0,0,0,0,209,0,0,0,0,0,0,0,0,0,0,0,0,0,0,0,0,0,0,0,0,0,0,0,0,0,0,0,0,0,0,0,0,0,0,0,0,134,0,0,0,29,0,0,0,0,0,0,0,0,0,0,0,0,0,0,0,0,0,0,0,0,0,0,0,0,0,0,0,0,0,0,0,0,0,0,0,0,0,0,0,0,0,0,0,0,0,0,0,155,0,0,0,0,0,0,0,0,0,0,0,0,0,0,0,6,0,0,0,0,0,0,0,0,0,0,0,0,0,0,0,0,0,0,0,0,0,0,0,0,0,0,0,0,0,0,0,0,0,0,0,0,0,0,0,0,0,0,0,0,0,0,0,0,0,0,0,0,0,0,0,0,0,0,0,0,0,0,0,0,0,0,0,0,0,0,0,0,0,0,0,0,0,0,0,0,0,0,0,0,0,0,0,0,0,0,0,0,0,0,0,0,0,0,0,0,0,0,0,0,0,0,0,0,0,0,0,0,0,8,0,0,411,0,0,0,0,0,0,0,0,0,0,0,0,0,0,0,0,0,0,0,0,0,1,0,0,0,0,0,0,0,0,0,0,1,6,0,0,0,0,0,0,0,0,0,0,0,0,1,0,0,0,0,0,0,0,405,0,0,0,0,1,0,0,0,0,0,0,0,0,0,0,0,0,0,0,0,0,0,0,0,0,0,0,0,0,0,0,0,0,0,0,0,0,0,0,0,0,0,0,0,0,0,0,0,0,0,0,0,0,0,0,0,0,0,0,0,0,0,0,0,0,0,0,0,0,0,12,0,0,0,0,0,0,4,0,324,91,0,9,0,33,0,5,0,0,0,0,3,0,0,0,0,0,0,0,672,0,0,0,0,0,52,7,0,509,0,0,0,0,0,0,5,0,1994,0,0,161,0,91,4,0,0,0,0,0,0,0,0,0,0,0,0,1,0,0,0,13,0,0,0,100,0,196,97,0,0,0,0,0,0,0,0,0,0,19,0,0,0,14,0,0,0,0,0,0,0,0,0,0,0,0,0,0,0,0,0,277,0,0,0,0,0,307,178,0,0,2,0,2,0,0,0,0,0,27,0,0,0,0,0,0,1714,0,0,80,0,0,0,236,0,0,0,518,0,0,0,0,0,4,0,0,0,0,516,0,0,0,1996,0,0,10,269,2,20,0,306,304,0,0,107,616,0,0,908,0,0,0,0,1,0,2,0,0,0,0,0,0,0,0,0,0,2,0,301,0,0,0,0,0,0,0,1,1,0,0,0,1159,439,0,1,0,1111,0,9,302,603,0,1,0,0,0,0,0,0,0,0,0,0,20,0,16879,0,0,0,51,0,0,0,0,0,0,0,0,0,0,0,0,0,0,0,0,0,0,0,0,0,0,79,0,1908,0,121,0,6,0,0,270,0,1,0,0,8,0,0,0,0,1,0,0,0,1,56,0,0,0,0,0,0,0,143,0,0,0,0,0,0,0,0,0,2896,0,0,0,7,557,0,0,44,90,0,0,0,0,0,0,48,0,3,0,1,0,0,0,0,0,0,0,0,0,561,0,2,0,0,0,0,15,0,0,0,0,0,0,0,0,0,0,0,0,0,0,0,2,0,0,0,0
"gene_192",909,2738,14,8,9,20,1100,5,134,827,26,2,34,698,3895,4366,146,10904,227,221,2755,325,5456,0,6671,2560,97,282,527,4722,425,6390,57,1217,7262,8,1103,78,0,3963,4763,308,8,599,608,740,0,722,219,71,8418,5280,858,376,4777,421,1106,34203,2561,76,3,17,57,1479,1256,2069,5,199,1853,8868,614,3377,2205,2512,735,890,3921,2662,5004,11564,2207,4524,13545,286,29417,11773,143,190,1781,589,0,2,0,0,1074,3,36910,335,158,0,7,293,731,6193,16686,3651,45690,3206,5,284,26124,0,481,16,3244,8497,0,6394,149,13,300,2989,108,0,4577,1304,0,0,6207,3037,0,3151,0,1,15415,1375,654,6,331,0,2360,1225,138204,0,0,0,790,17434,9,102,642,21,1997,20450,42,863,12,3786,51,4237,1100,0,0,73,2,2,3360,10851,214,3801,926,15273,3,5077,0,10517,1,5231,11741,10293,1578,597,0,50,10,366,607,53,119,1276,17799,660,9938,79,0,15,8,2764,0,5,2,349,235,1,3,95,0,88,1515,17226,367,0,0,2,0,14009,180,0,19,95,0,2835,36,1,99,1106,222,6139,2,0,54,115,42,103,12024,14489,51,0,2191,8,12,0,0,66,2451,3824,9110,0,5041,2,0,410,1,1,0,3186,0,199,1816,536,1857,2570,2290,690,45,60,7083,1,162,247,109,8482,127,42,168,1105,17,915,16,502,1,1686,0,2833,3991,3785,181,1745,1199,7556,6,418,2,836,1435,6946,705,147,0,39,4929,1116,0,98,20,751,443,0,500,32,12,12,970,27,1,9292,40,57,214,784,0,1124,83,20,2267,543,121,2582,514,1268,1,140,6297,0,11642,807,211,381,287,10137,191,1905,166,226,0,254,683,256,3155,2282,1853,1545,0,3233,430,126,12,33,5983,345,81,60,13,1828,473,1920,4335,826,3071,3303,1928,1085,14,0,2247,178,0,295,253,0,8228,1459,761,2079,6154,19,291,14736,1237,2836,9982,44,2866,38,1820,3086,289,4,2730,96,21,1881,9,1179,1808,444,2607,2035,6,1952,1363,12,17287,28,1174,1061,2386,595,99,103,1950,0,2226,261,6,1254,126,220,309,235,355,1059,3934,123,8,0,24,4,267,1198,0,0,750,32,0,1373,5,0,26,679,1358,0,0,61,1,0,81,0,0,1438,0,2,8,0,7,9,6209,111,0,1449,226,3113,16,2,0,2,0,67,0,2,3817,0,64,39,3147,0,519,3,1,175,0,8,1,430,0,589,2,1,0,0,1876,141,712,0,3,728,0,4,108,365,7,2386,45,0,0,29,0,4448,637,571,76,279,23,11105,1736,0,3804,96,25,403,0,0,0,1,30,43,20,477,288,0,1254,0,48,0,52,85,9,0,0,0,2029,1,161,331,0,757,1581,0,2359,210,118,55,39,148,98,386,41,10144,382,4,12,0,3,0,0,7302,0,0,43,0,0,1257,157,5346,0,0,2842,0,0,0,925,0,76,41,1,0,82,1,318,34,0,4911,0,865,0,0,37,0,3,0,36,0,1984,298,124,0,0,288,0,0,288,0,531,9,7722,0,0,16,0,312,451,12,588,0,1,0,4,0,0,82,8,0,0,0,0,0,351,0,0,1,0,7,0,0,0,41,1,3994,0,26,14967,0,2,1433,4425,0,3037,1838,10,2033,0,3,273,0,5752,0,0,0,0,761,0,0,0,30,0,0,3,113,10,0,0,1012,588,23,10289,0,2,213,0,286,526,26,0,0,8144,1764,0,0,0,0,0,2,151,292,4,27,0,20,0,37,0,68,2924,2,33,8,0,3,128,0,0,1486,0,18,2,0,1,37,49,0,0,329,3,9,3,2,6,7758,40,0,0,0,468,0,0,0,3,0
"gene_193",0,0,6,0,1,0,1,0,0,0,0,3,0,0,0,1,0,0,0,0,0,0,0,0,0,0,0,0,0,0,0,0,0,0,0,0,0,0,1,0,0,0,1,0,0,0,1,0,1,0,0,0,1,0,2,0,0,1,0,0,0,0,0,0,0,0,0,0,0,0,0,0,0,1,0,1,0,0,0,0,0,0,0,0,0,0,0,0,0,0,0,1,0,0,0,0,0,0,0,0,0,0,0,5,0,0,2,0,0,0,0,0,0,0,0,0,0,0,0,0,3,0,0,0,0,0,0,0,0,0,0,0,0,0,0,0,0,0,0,0,0,0,0,0,0,0,0,0,0,0,0,0,0,137,0,0,0,0,0,0,0,0,0,0,0,0,0,0,0,0,1,0,0,0,0,0,0,0,0,0,0,0,0,0,0,0,529,0,0,0,0,0,0,0,0,0,527,0,1,0,0,0,7697,0,0,0,8,0,4271,41,0,0,2,1429,0,0,0,0,0,0,0,4274,0,0,0,0,0,0,0,0,0,107,0,3,0,495,0,1,0,66,0,0,0,0,13,3,0,0,0,0,0,0,1,0,0,0,97,70,692,3159,0,0,1,0,0,0,0,0,859,0,0,0,0,0,0,0,0,0,0,0,0,0,0,0,0,0,0,0,0,0,0,109,0,0,0,0,0,6,0,0,136,0,0,0,0,0,0,0,0,0,0,0,0,0,0,0,0,0,0,0,0,0,0,0,0,0,0,0,0,0,0,0,0,1,0,0,0,0,0,0,0,0,0,0,0,0,0,0,0,17,0,0,0,0,0,10,0,0,5,0,0,0,0,2429,0,0,0,0,0,0,0,0,0,0,0,0,0,0,0,300,0,0,0,0,0,0,0,0,0,0,38,0,0,0,0,1,0,37,0,0,0,0,0,8,0,0,0,0,0,0,7,0,87,1,0,0,0,0,0,0,0,0,5,0,0,0,0,0,0,0,0,4,0,0,0,0,0,0,0,0,0,0,0,1,0,0,0,0,0,0,0,0,0,0,0,0,0,0,32,0,0,0,0,0,0,0,0,0,0,0,3,0,0,0,0,0,0,0,0,45,0,5,0,1,0,0,0,0,0,0,0,0,0,0,0,0,0,0,0,0,0,9,0,0,0,0,0,0,0,0,0,0,1,0,0,0,44,960,0,0,5,0,0,0,0,0,0,0,0,0,0,0,2,0,0,0,0,0,0,197,0,0,0,0,0,0,17,0,0,0,0,0,0,0,4,0,0,0,0,0,0,177,0,0,0,0,0,0,193,0,0,28,0,13,0,0,0,0,0,1,0,0,0,4,0,0,0,26,0,0,0,0,0,0,0,2,1,0,2,0,0,0,0,0,10,1,0,0,0,0,0,0,0,0,0,0,0,1,0,6,0,0,0,104,0,2,4,0,0,0,0,0,0,0,0,0,0,0,0,0,0,0,0,0,0,6,0,0,0,0,0,0,0,0,0,0,0,0,0,0,0,0,0,52,0,0,0,0,0,0,21,0,0,0,0,0,0,0,0,0,0,0,0,0,0,0,0,0,0,0,0,0,0,0,1,0,0,0,0,0,1,0,0,0,0,0,0,4,0,0,0,0,0,0,1,0,0,0,0,0,0,0,0,0,0,0,0,0,0,0,0,0,0,0,0,0,0,0,0,0,0,0,0,0,0,0,0,0,3548,0,0,0,0,0,0,0,0,0
"gene_194",0,0,0,0,0,0,0,0,0,0,0,0,0,0,0,0,0,0,0,0,0,0,0,0,0,0,0,0,0,0,0,0,0,0,0,0,0,0,0,0,0,0,0,0,0,0,0,0,0,0,0,0,0,0,0,0,0,0,0,0,0,0,0,0,0,0,0,0,0,0,0,0,0,0,0,0,0,0,0,0,0,0,0,0,0,0,0,0,0,0,0,0,0,0,0,0,0,0,0,0,0,0,0,0,0,0,0,0,0,0,0,0,0,0,0,0,0,0,0,0,0,0,0,0,0,0,0,0,0,0,0,0,0,0,0,0,0,0,0,0,0,0,0,0,0,0,0,0,0,0,0,0,0,0,0,0,0,0,0,0,0,0,0,0,0,0,0,0,0,0,0,0,0,0,0,0,0,0,0,0,0,0,0,0,0,0,0,0,0,0,0,0,0,0,0,0,0,0,0,0,0,0,0,0,0,0,0,0,0,0,0,0,0,0,0,0,0,0,0,0,0,0,0,0,0,0,0,0,0,0,0,0,0,0,0,0,0,0,0,0,0,0,0,0,0,0,0,0,0,0,0,0,0,0,0,0,0,0,0,0,0,0,0,0,0,0,368,0,0,0,0,0,0,0,0,0,0,0,0,0,0,0,0,0,0,0,0,0,0,0,0,0,0,0,0,0,0,0,0,0,0,0,0,0,0,0,0,0,0,0,0,0,0,0,0,0,0,0,0,0,0,0,0,0,6,0,0,0,30,0,0,0,0,0,0,0,0,0,0,0,1,0,0,0,0,0,0,0,0,0,0,0,0,0,0,0,0,6,0,0,0,0,0,0,0,0,0,0,0,0,0,0,0,0,0,0,0,0,0,0,0,0,0,0,0,0,0,0,0,0,0,0,0,0,0,0,0,0,0,0,0,0,0,0,0,27,0,0,0,0,0,0,0,0,0,0,0,0,0,0,0,0,0,0,0,0,0,0,0,0,0,0,0,0,0,477,0,0,1,0,1,159,0,0,814,0,0,194,0,0,1,0,0,31,0,0,633,0,0,0,0,0,657,0,0,0,2,0,0,12,87,87,0,0,130,0,0,0,0,0,0,0,0,0,0,13,0,0,0,0,0,0,2,0,0,0,0,0,899,0,0,20,0,0,0,0,0,87,0,0,0,0,0,0,0,0,0,0,0,0,0,0,29,0,26,0,0,1,0,0,0,0,0,18,0,0,14,0,407,0,0,1459,0,0,3274,0,0,0,0,0,0,3,0,0,0,0,0,0,0,0,16,0,648,30,0,259,0,192,0,0,0,1,0,0,0,0,0,0,0,0,0,0,0,7,0,0,0,0,3,0,0,7,0,150,0,0,0,0,0,0,0,0,0,136,0,0,0,0,0,0,0,0,1,0,0,0,0,0,0,0,0,0,0,0,0,0,0,0,0,0,0,0,0,0,73,0,0,0,0,0,2,0,0,0,0,0,0,0,0,0,0,0,8,0,0,0,0,0,0,6,0,0,0,0,0,0,0,0,0,0,0,0,0,0,0,0,0,0,0,0,0,0,0,0,471,0,0,0,0,0,0,0,0,1870,0,0,0,0,0,0,0,0,0,0,0,0,0,0,1006,0,0,0,0,0,0,49,0,0,0,0,0,0,0,0,0,0,0,0,7,0,0,0,0,0,0,0,0,0,0,0,365,1,0,0,0,0,0,0,0,0,0,0,373,0,0,0,0,0
"gene_195",0,0,0,0,0,0,0,386,0,0,0,0,0,0,0,0,0,0,0,0,0,0,0,0,2,0,0,0,0,0,8,0,4,0,7,0,0,0,0,0,0,0,0,0,0,0,0,0,1,0,0,0,0,0,0,0,0,0,0,0,0,0,0,0,0,0,0,0,0,0,0,0,46,0,0,0,0,0,0,0,553,0,302,0,0,0,0,0,0,0,2677,0,0,0,0,0,0,0,0,119,0,0,0,0,364,0,0,0,0,0,0,0,0,0,0,0,0,0,0,0,0,0,0,0,0,0,0,0,0,0,0,0,0,0,0,0,0,0,0,30,0,0,0,0,0,0,0,0,0,0,0,0,0,0,0,0,0,0,0,0,0,0,0,0,0,0,0,0,0,0,0,0,0,0,0,0,0,0,0,0,0,0,0,0,42,0,0,0,0,0,0,0,0,0,0,0,0,0,0,0,0,0,0,0,0,0,0,0,0,0,0,0,0,0,0,0,0,0,0,0,0,0,0,0,0,0,0,0,0,0,0,0,3,0,0,0,0,0,0,0,0,0,0,0,0,0,0,0,0,0,0,0,0,0,0,0,0,0,0,0,0,0,0,0,0,0,0,0,0,0,0,0,0,0,0,0,0,0,0,0,0,0,0,0,136,15,0,0,0,0,0,0,0,0,0,0,0,0,0,0,0,0,0,0,0,0,0,0,0,0,0,0,0,0,0,0,0,0,0,0,0,0,0,0,0,0,0,0,0,0,0,0,0,0,0,0,0,0,0,0,0,0,0,0,0,0,0,0,0,0,0,0,0,0,0,0,0,0,0,0,0,0,0,0,0,0,0,0,0,0,0,0,0,0,0,0,0,0,0,0,0,103,0,0,0,0,0,0,0,0,0,0,0,0,0,0,0,0,0,0,0,0,0,0,0,0,0,0,0,0,0,0,57,0,0,0,0,0,0,0,0,0,0,0,0,0,0,0,0,105,0,0,0,0,0,0,0,0,0,583,0,0,0,0,0,0,2,0,0,0,0,0,0,0,22,0,0,0,0,41,46,0,0,626,0,0,0,0,0,0,156,2133,0,0,0,0,0,0,0,0,0,0,1,0,490,0,0,0,0,0,0,0,0,34,0,0,0,0,0,0,0,0,0,0,0,0,0,0,0,0,7,0,0,0,0,0,0,0,0,0,0,0,0,0,0,0,0,0,0,0,0,409,0,201,8,0,0,27,0,0,0,0,0,0,0,1,0,0,1,1,0,0,0,0,0,0,0,0,0,0,0,0,0,0,0,0,0,0,0,0,4,0,0,24,0,0,207,0,0,0,0,0,0,0,0,0,0,0,0,0,0,0,0,0,0,7169,0,0,0,0,0,0,0,0,0,0,0,0,0,0,0,0,0,0,0,0,0,0,0,0,286,0,50,0,818,76,0,0,172,0,30,0,0,0,0,0,0,0,0,0,0,0,0,0,0,0,2,0,0,0,121,0,0,0,581,0,0,0,0,1,0,0,0,0,0,0,0,0,0,0,0,1,3,0,0,248,0,0,196,0,0,0,1,0,0,2,0,0,0,0,0,0,0,0,0,0,0,0,0,0,0,0,0,0,0,0,33,0,0,0,0,0,0,0,0,598,0,0,0,379,3348,0,0,0,0,0,0,349,269,0,0,0,0,0,0,2,0,0,0,0,0,0,0,0,0,0,0,0,0,0,83,0,0,0,0,0,0,0
"gene_196",0,0,10,0,3,30,853,0,0,1,0,3,7,403,39,0,39,188,0,0,9,0,2,34,2066,0,500,4604,0,380,529,0,0,0,0,1,0,0,0,1017,17,0,3030,101,0,231,2291,1,0,1098,75,11121,948,0,623,16,0,2368,9,0,92,740,167,0,0,13,0,183,475,4,1315,9,77,7,9583,2,24,14239,621,0,130,0,14,105,2,1,0,253,43,0,703,1449,0,4292,44,0,0,0,3,0,39,5716,0,0,0,11,40,0,0,0,0,1,0,0,0,0,70,35,0,11467,0,1773,0,0,0,0,0,0,0,0,0,0,8,33,1,357,0,0,0,47,2,18,8054,0,0,1,0,38,8214,0,1390,0,0,516,19,0,0,0,0,0,0,0,0,0,0,188,0,0,0,1,2,63,0,520,0,5,5,0,0,0,0,0,22,12244,0,0,0,0,0,5,0,0,0,472,905,0,0,0,101,0,1924,0,100,25537,0,0,5005,0,0,0,8461,8855,0,1,4,559,982,1146,3,0,951,11,0,1249,0,4,0,118,0,8986,0,39,57,0,39,0,0,5173,2,130,0,1,17361,0,0,1,12614,0,26,0,24,1,0,6390,0,29416,782,0,0,7059,0,470,45,0,0,752,5768,53,624,0,0,6366,2,0,0,103,2,97,0,478,22,4,0,6860,2,0,12,155,1,5560,0,0,0,302,835,55,0,2186,660,0,275,1248,74,0,9318,0,575,0,6,0,0,0,134,2198,1609,2,710,13506,0,253,0,726,1660,632,0,0,12125,17,242,278,0,0,0,0,0,692,31,601,0,2,24,160,225,1564,0,0,3133,52,0,4401,0,0,0,4677,0,179,0,1,3208,429,6,0,749,12,0,0,123,4,1,3,13442,105,0,1854,0,0,5772,721,4320,19,6,1,2564,160,0,1,85,0,156,0,5037,10889,1342,21,6471,789,0,1057,989,95,13,207,16,233,18485,2,0,0,134,5768,30,1,1802,182,1156,25,0,280,0,0,126,892,46,29,78,0,990,0,5880,0,0,8163,1409,215,0,3,0,75,100,452,19,0,0,0,2322,0,2,0,0,46,1,2,220,511,0,0,6511,8,0,116,0,0,0,0,0,1834,857,2157,79,12,11104,0,6,0,0,0,0,12,6,0,0,0,0,0,11,0,0,1,0,71,0,34,0,0,1,2,2,32,0,0,1,0,0,4,0,0,0,0,0,0,0,1,1,0,0,2,0,9286,0,0,1,1,0,1,7,17,0,8,557,0,669,0,0,0,0,0,0,86,2,4,0,1,0,0,811,1,0,0,503,0,0,886,0,123,2,0,0,55,0,0,0,0,1741,1,362,1831,12,0,0,43,0,0,0,0,0,0,5931,3212,290,1053,0,0,0,0,0,0,6,0,1,1,0,0,0,539,0,0,0,0,0,0,3,0,0,0,0,0,0,0,0,0,0,0,0,0,0,0,81,0,0,0,20,0,0,0,124,0,403,0,0,1,0,0,0,0,0,6126,0,0,0,908,57,0,0,0,0,0,0,236,334,0,1,0,0,0,0,1,7,0,0,0,6,6,0,0,0,0,0,0,0,0,0,30,0,0,0,0,0,0,0,0,4479,0,0,0,0,0,0,0,9,0,0,0,0,3653,15,0,58,0,0,0,0,0,0,0,0,0,0,0,0,32,0,25829,112,867,0,0,0,0,2116,0,18,0,0,663,1166,0,0,0,0,0,14363,12,0,0,0,13473,0,0,1,0,0,0,0,5,0,0,0,57,0,0,0,102,0,0,0,0,0,0
"gene_197",812,0,1387,0,133,1354,0,17320,16,0,0,0,0,1134,0,4,2,8164,0,11,0,0,62,0,0,0,0,0,9,0,0,26,5,0,7,0,2009,206,245,997,0,85,0,0,0,110,0,0,0,4,0,0,0,0,83,0,0,0,0,21,0,0,0,0,0,0,0,0,16,0,9825,0,0,0,0,0,0,132,2415,0,1679,565,0,1,0,1,1044,0,0,0,0,0,0,0,0,0,0,0,0,0,0,2,0,0,0,0,0,0,0,0,0,0,0,0,0,0,0,0,0,0,0,0,0,0,0,0,0,0,0,0,0,0,0,0,85,0,0,0,0,0,17,0,0,0,0,0,0,0,0,0,0,0,0,40,0,0,0,257,0,0,0,0,0,0,0,0,193,0,0,0,0,0,0,0,0,0,0,0,0,0,0,0,0,0,0,0,0,0,0,0,0,0,0,0,0,0,0,0,0,0,0,0,0,0,0,0,0,0,0,0,0,0,0,5,0,0,0,0,0,0,0,0,0,0,0,0,0,0,0,0,0,0,0,0,0,0,0,0,0,0,0,0,0,0,62,0,0,0,0,0,0,0,0,0,0,0,0,0,0,120,0,0,155,0,0,0,0,0,0,0,0,0,0,0,0,0,0,1284,0,110,0,0,0,0,0,0,0,0,0,0,0,408,0,0,0,0,0,542,2132,0,0,0,0,0,0,0,0,0,0,0,0,0,491,0,0,0,0,0,0,0,0,0,0,0,0,8,0,0,0,0,629,0,2,0,0,0,16,1542,0,0,0,0,0,0,0,0,0,0,0,0,0,0,0,0,0,0,0,0,0,0,0,0,0,0,2099,0,0,0,0,0,0,0,467,0,0,0,18517,0,0,0,0,0,0,0,0,0,0,1163,0,0,0,0,0,0,0,227,0,0,0,0,0,0,0,0,0,0,0,5,0,0,0,0,0,9,0,0,0,0,0,0,0,0,0,0,0,0,0,0,4921,0,0,0,0,0,0,0,0,0,0,0,0,0,0,0,0,0,0,0,0,0,0,0,0,0,0,0,0,0,0,0,0,0,0,0,0,0,0,0,0,0,0,0,0,0,0,0,0,0,0,0,0,0,0,0,0,0,0,0,0,0,0,0,0,0,0,4,0,0,0,0,0,0,0,0,0,0,0,0,0,0,0,0,0,0,0,0,0,0,0,738,0,0,0,0,0,0,0,0,0,0,0,0,0,0,0,0,1,0,0,0,0,0,0,0,0,0,0,0,0,0,0,0,0,0,0,0,0,0,0,0,0,0,0,0,0,0,0,0,0,0,0,0,0,0,0,0,0,0,0,0,0,0,0,0,0,0,0,1,0,0,0,0,0,44,0,0,0,0,0,0,0,0,0,0,16,0,0,0,0,0,0,0,0,0,0,0,0,0,0,0,0,0,0,0,0,0,0,0,0,0,0,0,0,0,0,0,0,0,0,0,0,0,0,0,0,0,0,0,0,0,0,4306,0,0,0,0,0,0,0,0,0,0,0,0,0,0,0,0,0,0,0,0,0,0,0,0,0,0,0,0,0,0,0,0,0,0,0,0,0,0,0,0,0,0,0,0,0,0,0,0,0,0,0,0,0,0,0,0,0,0,0,0,0,0,0,0,0,0,0,0,0,0,0,0,0,0,0,0,0,0,0,0,0,0,0,0,0,161,0,0,416,0,0,0,0,0,0,0,0,0,0,0,0,0,0,0,0,0
"gene_198",308,705,6698,525,2872,1865,173,1238,205,146,12142,0,0,14,6090,129,13,0,603,24,616,91,77,166,227,4,4,8,2176,69,372,195,1,424,8877,139,8,93,13,62,1,1286,269,3466,1,14,294,0,157,6,142,11833,60,2,31,67,357,0,481,1190,774,1706,56,632,95,23,0,201,1007,14797,322,2768,8,4735,2151,891,13,6,4312,465,1,61,1,117,0,22,52,0,518,404,0,760,49,0,0,0,0,32,100,1,504,1,0,8,812,456,0,0,0,105,0,0,257,465,1,776,0,1,4,0,5,11,1,0,270,0,0,0,0,0,0,0,290,144,0,1781,0,0,0,13,2091,10,1539,0,0,1,0,0,147,3,63,3,162,36,0,0,931,1,467,0,0,21,2453,313,260,176,113,84,0,0,2311,6889,0,0,0,0,0,243,0,114,60,433,108,1382,0,86,1102,10,192,1714,10,0,680,0,13,382,843,0,1931,2574,588,181,2463,6,2,281,10,4,2,8166,0,1685,11,0,238,249,27,34,0,1426,4,381,58,0,589,764,3280,46,123,0,1,509,2513,2865,9,3743,0,416,776,0,0,2429,252,2,1,16,8,11129,1,572,1818,5933,251,60,14,43,22525,542,54,21367,232,238,841,1,749,306,54,711,31,193,488,147,1902,301,19,3,12,183,9,0,82,502,96,1785,4,445,96,35,148,837,157,46,183,167,95,13,0,78,222,9,8,147,31,471,1,491,38,257,4,435,2825,297,204,1,70,1,150,4,1,1,255,117,407,28,30,4,4,19,84,3,463,0,124,2316,12,55,0,16,694,8,71,663,56,667,2119,103,431,615,404,164,819,1208,44,298,0,5,288,243,245,309,9,0,3,58,210,11,1085,4,3,313,532,2,730,158,557,302,138,136,34,464,35,236,36,63,432,1201,5,11,32,338,283,11,324,62,554,6,100,66,854,1061,788,38,1258,464,91,429,171,532,1361,359,109,90,503,1765,321,24,122,35,23,582,482,862,6,0,17,1090,107,342,0,1,2,1,567,2,99,882,0,1,583,608,2,342,0,883,0,0,1,2335,8,28,116,0,779,837,180,89,1151,0,25,11,644,1120,0,1202,15,1506,0,2162,0,0,965,51,0,22,455,117,110,24,1673,0,3172,967,14,4,2,26,219,22,25,82,72,121,96,974,0,1,1970,4,0,1406,34,185,3,280,822,0,6,20,73,68,101,21,1,2,365,65,0,10,0,64,4,26,16,1141,0,1213,334,6,91,339,21,117,1280,801,110,53,0,227,252,284,73,414,4474,0,7,53,4379,1,31,0,2496,30,1,487,194,1,14,2,92,1316,100,3,7,602,1,0,507,30,34,665,5,94,0,374,0,260,702,0,31,1430,10,6,234,0,0,0,2335,0,899,4,5,11,1031,0,14,47,295,20,0,2,1438,0,385,161,45,5,8,21,2428,52,25,0,785,137,585,143,226,62,21,0,260,27,0,1,16,19,117,0,841,14,146,701,1067,10,2,0,3104,0,0,0,1112,992,179,232,11,94,0,3468,679,36,326,1,3,189,0,186,64,0,0,30,88,0,0,0,5769,3,62,43,1,0,108,2,13,45,0,865,21,89,0,0,131,432,4604,2070,1069,109,200,252,399,2132,78,56,91,0,0,2702,0,305,16,2728,0,0,13,665,133,0,192,0,0,1,5021,12,1,627,0,1,155,234,399,248,0,0,0,2027,0,1783,2,454,0,25,4,777,189,0,5247,59,1281,12,2034,2515,2,1961,534,1,34,7273,0,205,9,0,6,8,54,131,0,0,44,199
"gene_199",0,0,0,0,0,0,0,1,0,0,0,0,0,90,0,0,0,0,0,0,0,0,0,0,0,0,25,0,0,77,0,0,0,344,1,6179,0,0,0,0,0,0,0,0,1,0,0,0,120,7,0,0,0,0,0,0,1,0,0,19,0,158,0,0,0,0,0,0,17,0,0,0,0,0,0,8,0,0,0,0,0,0,3221,0,0,0,0,575,0,0,0,0,0,462,0,3,0,88,0,0,0,0,0,0,5655,0,0,0,0,0,0,0,426,0,407,22,67,0,4,0,0,4170,0,0,13,0,0,0,0,687,2,0,0,0,0,0,0,28,0,0,14,0,0,7,2634,0,0,0,2242,0,0,48,0,0,0,0,0,0,0,0,1,0,0,0,0,0,0,0,0,0,0,61,4640,0,0,0,0,0,9746,55,0,0,18,0,0,0,0,0,77,47051,0,11974,0,0,0,0,0,0,0,0,0,0,515,0,0,0,1,1,0,0,0,0,1,0,0,0,0,0,560,0,86,0,1215,0,0,0,0,0,0,0,8,0,0,0,0,0,0,0,0,0,0,0,0,23,0,0,0,0,0,732,0,0,0,0,0,4,0,0,0,0,0,0,0,0,0,0,0,0,0,1,0,0,0,14881,0,0,0,0,0,0,0,0,0,0,0,0,0,0,0,0,0,0,0,0,0,0,0,0,0,0,0,0,0,0,0,0,0,2,0,0,0,0,0,1,1,0,0,0,0,0,0,0,0,0,0,0,0,0,0,0,184,0,0,0,0,0,975,0,0,0,0,0,0,0,0,0,0,0,0,0,0,0,0,0,0,0,0,42,0,0,3,0,0,0,0,0,0,0,0,0,36,0,0,0,0,4,0,0,0,0,0,0,0,0,0,0,0,0,0,0,0,0,0,0,0,0,0,3149,0,0,0,0,0,0,52,0,0,0,0,0,0,0,0,0,0,0,0,0,0,0,0,0,23,0,0,0,0,0,1,0,0,0,0,0,0,0,3,0,0,0,1,0,0,0,0,0,0,0,0,0,3,0,0,0,0,0,0,0,0,0,0,0,0,0,0,0,0,0,0,0,0,0,0,1,0,0,0,0,0,0,0,0,1,0,0,0,1,0,0,0,0,1,0,0,0,0,0,0,0,0,0,0,0,0,0,0,0,0,0,0,0,0,0,0,0,0,0,0,0,0,0,0,0,0,0,1,0,0,0,1,0,4,0,0,0,0,0,0,0,0,1,0,0,0,0,0,0,0,0,0,0,0,0,0,0,0,0,0,0,0,0,0,0,0,0,0,0,0,0,0,0,1,0,0,0,0,0,0,0,0,0,0,0,0,0,1,0,0,0,0,0,0,0,0,0,0,0,4,0,0,89,8,0,0,0,0,0,4,28,0,190,0,0,0,0,0,2,0,0,0,0,0,0,0,0,0,0,0,0,0,0,0,0,0,0,0,0,0,0,0,0,0,0,5,0,0,0,0,0,0,0,0,214,0,0,0,0,54,0,0,0,1,0,0,0,0,0,0,0,0,0,0,0,0,0,0,0,0,0,0,19,0,0,0,0,1,0,0,0,0,0,0,0,0,0,0,0,0,0,1,0,0,0,0,0,0,0,0,0,0,0,0,0,0,0,0,0,0,0,0,1,0,0,0,0,0,0,0,0,0,0,0,0,0,0,0,0,2,17,0,211,0,0,0,0,15,0,0,0,0,0,0,0,0,0,0,0,0
"gene_200",0,381,0,0,0,0,0,0,271,0,0,0,0,0,0,0,0,916,0,0,0,0,17,0,26,0,0,0,1,0,0,2,0,23,0,0,0,1,0,0,0,0,0,55,118,630,0,0,0,0,0,0,2,0,0,1673,1736,0,0,0,0,0,0,0,0,0,0,0,788,0,0,3304,0,0,0,11,0,0,0,0,0,0,0,0,0,0,0,1,0,0,0,0,6,0,0,0,0,0,0,0,0,0,0,0,0,0,0,0,0,0,0,0,0,0,0,0,0,0,0,1004,0,0,0,0,42,0,0,0,0,147,0,0,0,0,0,0,0,5,0,0,0,0,0,0,0,0,0,0,0,0,15,0,0,1,0,0,0,0,0,91,0,0,0,0,0,0,0,0,0,0,0,0,7,0,0,2,0,0,0,0,0,0,0,0,0,0,8,0,0,0,0,1017,0,15,0,0,0,0,0,0,0,0,0,0,0,0,0,0,0,0,0,0,0,17,0,0,0,0,0,0,0,0,1,0,0,0,0,0,0,0,0,0,0,0,0,0,0,0,0,1,0,0,0,0,0,0,0,0,0,0,0,0,20,0,0,0,0,0,0,0,0,0,1,0,0,0,0,0,43,0,1,11277,0,0,637,254,2,10,8,0,0,0,0,0,0,121,0,0,0,0,1,0,0,700,0,303,0,0,0,0,298,0,1323,0,0,9,0,14,0,0,0,0,0,0,0,0,0,0,0,0,0,12,0,615,11,0,0,859,3,0,0,0,0,38,0,0,0,0,0,0,1,1,0,0,0,1,0,0,0,0,0,0,5,0,0,0,0,0,18,0,0,0,0,0,0,0,35,1,8,0,0,0,1244,19,126,853,0,0,0,0,0,0,0,192,479,0,0,0,64,0,0,0,0,0,0,0,0,0,0,0,0,0,0,0,0,0,0,0,0,682,0,0,0,0,0,0,0,0,21,0,0,158,0,0,23,0,0,0,0,0,0,0,4,0,0,14,0,0,0,0,0,986,0,2,0,0,0,0,0,0,0,0,0,0,0,0,4,13,0,0,254,0,0,0,0,0,0,1,144,0,0,0,0,251,0,3,0,0,0,35,100,2,0,17,18,0,21,0,0,54,27,0,1,0,0,0,7,0,0,1,0,44,0,0,0,0,8,0,2,0,1,0,8,0,0,0,200,1,1200,0,0,0,238,0,0,0,0,0,0,0,166,268,0,0,80,0,0,0,0,33,0,0,538,0,4,0,0,0,0,0,0,0,0,0,175,0,0,0,0,0,0,0,0,0,1335,0,0,0,0,0,0,0,0,0,0,0,485,0,0,0,0,0,0,0,0,0,0,0,0,0,1,0,5342,0,0,0,248,445,15,0,0,0,0,0,0,0,0,0,5677,0,4020,12,0,0,0,0,0,0,0,543,0,0,1,0,0,144,49,0,0,0,0,0,0,0,0,106,0,0,56,0,0,0,0,0,0,33,508,0,0,0,0,4009,0,0,0,0,0,0,0,0,3,47,0,0,0,2,0,0,0,0,160,4077,0,15,43,422,0,0,0,0,0,0,0,0,29,0,18,0,0,0,0,0,230,0,1,0,0,0,0,0,0,0,0,0,0,0,0,0,1,0,0,23,0,0,0,0,0,0,0,5,0,0,0,0,0,18,0,0,0,17,3,0,970,0,0,0,0,0,0,49,0,0,0,0,0,0,0,0,0,4,0,0,0,0,0,227,1,0
"gene_201",0,0,0,0,0,0,0,0,0,0,0,142,0,0,0,0,0,0,339,0,0,0,0,0,298,0,0,0,0,0,0,0,0,0,0,0,0,0,0,18,0,0,0,0,0,0,0,0,0,0,0,0,0,0,0,0,0,4,0,7,3,0,0,0,0,0,0,0,0,0,0,0,0,0,0,0,0,0,0,0,0,0,0,0,0,0,0,0,0,0,14,0,0,0,0,0,0,0,0,0,0,0,0,0,0,0,0,0,0,0,0,0,0,0,0,0,0,0,0,0,0,0,0,0,0,0,0,0,0,0,0,0,0,0,0,0,0,0,0,0,0,0,0,0,0,0,0,0,0,0,0,0,0,0,0,0,0,0,0,0,0,0,0,0,0,0,0,0,0,0,0,0,0,0,0,0,0,0,0,0,0,0,0,0,0,0,0,0,0,0,0,0,0,0,0,0,0,0,0,0,0,0,0,0,0,0,0,0,0,0,0,0,0,0,0,0,0,0,0,0,0,0,0,0,0,0,0,0,0,0,0,0,0,0,0,0,0,0,0,0,0,0,0,0,0,0,0,0,0,0,0,0,0,0,0,0,0,0,0,0,0,0,0,0,0,0,0,0,0,0,0,0,0,0,0,0,0,0,0,0,0,64,0,0,0,0,0,0,0,0,0,0,0,0,0,0,0,0,0,0,0,0,0,0,0,0,0,0,0,0,0,0,0,0,0,0,0,0,0,0,0,0,0,0,0,0,0,0,0,0,0,0,0,0,0,0,1,0,0,0,0,0,13,0,0,0,0,0,0,0,0,0,0,0,0,15,0,0,0,0,0,0,0,0,0,0,0,0,0,0,0,0,0,0,0,0,0,0,0,0,0,0,0,0,0,0,0,0,0,0,0,0,2,0,0,0,0,0,0,0,4,0,0,0,0,0,0,0,0,0,0,0,0,0,0,0,0,0,0,0,0,0,711,0,0,0,0,0,34,0,16,0,0,0,0,0,0,0,0,0,0,0,0,0,0,0,0,0,0,0,0,0,0,0,0,0,0,0,0,0,7,0,0,0,36,0,0,0,0,0,0,0,0,0,0,0,0,0,0,0,0,0,0,0,0,0,0,0,0,0,0,0,0,0,0,0,0,0,0,0,0,0,0,0,0,0,0,0,0,0,0,0,0,0,0,0,0,0,0,0,0,0,0,0,0,0,0,0,0,0,0,0,0,0,0,0,0,0,0,0,0,0,0,0,0,0,0,0,0,0,59,0,0,0,0,0,0,0,0,0,0,0,0,0,0,0,0,0,0,0,0,0,0,0,0,0,0,0,0,0,0,0,0,0,0,0,0,3,0,279,0,0,0,0,0,0,0,0,0,63,0,0,0,0,0,0,0,0,0,0,0,15,5,0,0,1,558,0,0,0,56,0,0,3,386,0,0,0,0,0,0,0,0,0,0,0,690,0,0,0,0,0,0,0,0,0,0,248,3,0,0,0,1246,0,1024,0,0,0,299,0,0,0,0,0,0,0,0,0,2,0,0,0,15,0,0,0,0,0,0,294,0,0,4,0,2,0,0,0,0,0,0,0,0,28,0,0,0,0,221,60,0,0,0,0,0,0,0,0,0,0,0,0,0,0,0,0,0,628,0,0,0,25,0,0,230,0,0,0,0,0,426,0,0,0,0,2432,0,0,0,0,0,348,0,0,0,0,0,169,0,0,0,0,0,0,0,0,0,0
"gene_202",28,0,0,0,6,7,0,3,0,0,5,73,1,2,0,0,0,3,2,0,0,2,8,0,0,0,0,0,8,6,0,16,2,42,20,0,2,6,9,0,2,0,6,0,4,0,6,0,0,0,0,2,6,0,0,0,0,3,7,0,0,0,0,0,0,1,0,1,34,0,2,0,0,10,0,10,11,0,10,0,0,1,4,6,1,0,0,0,1,1,1,0,0,5,0,1,0,0,3,0,4,0,0,0,0,0,36,5,0,1,2,0,0,3,0,9,0,0,0,0,0,0,0,0,2,0,3,0,1,1,0,0,2,4,10,0,1,0,0,0,2,0,0,0,0,0,0,7,2,4,1,0,1,0,0,0,1,0,3,0,40,0,2,7,0,0,0,0,2,0,0,0,0,1,1,0,1,0,34,1,1,0,1,0,0,1,1,0,4,7,0,0,3,21,0,0,0,0,0,2,1,0,0,0,1,1,0,2,1,0,0,1,0,4,0,0,0,0,0,0,0,10,7,0,0,3,2,2,0,8,0,0,6,0,12,0,2,0,0,0,0,0,1,0,0,1,19,0,0,0,8,3,0,0,0,0,0,0,0,1,0,2,6,717,0,0,1,0,0,0,98,1,53,1,0,1,2,1,130,16,25,0,17,0,136,9,30,0,199,14,0,197,0,239,0,278,0,0,0,120,0,0,0,11,2,5,14,0,0,0,0,62,356,5,0,1,241,44,360,2,0,194,15,3,22,0,41,27,1,0,0,44,0,3,38,0,23,0,669,107,0,2,0,860,64,54,2,17,0,67,0,0,3,3,21,71,49,13,0,52,0,79,257,0,0,123,0,0,862,104,1,0,0,0,264,2,0,0,100,1011,3,1,27,2,234,242,0,0,0,421,51,113,0,4,0,683,100,302,0,12,2,0,0,0,675,0,181,11,20,0,6,0,154,117,0,62,258,59,21,225,551,0,111,18,4,0,328,3,0,255,0,0,2073,1754,341,2446,20994,1239,1141,1152,1138,2238,5829,16,2012,2297,8730,4875,340,1969,0,338,1414,1308,12926,6010,3195,18517,16901,66,104,14550,1589,5690,23,258,8852,1129,10332,1,1026,694,1951,10536,412,151,337,5420,2075,217,2586,1629,344,26,361,210,11352,1376,4244,520,747,0,7318,7312,1000,555,1808,2187,5935,650,163,12880,6524,47,7042,922,157,6033,488,1865,76,866,36,4285,0,518,3171,6561,10717,892,324,122,797,34,21,5789,197,8592,698,2,9355,573,3770,116,5603,693,1510,14989,188,8225,4828,415,6263,32,4430,1605,13,1,629,427,628,108,503,10170,18,4876,37,3570,6978,16039,5627,12,9744,1611,1712,880,17,821,16,3398,32024,302,518,11189,6820,2,546,19961,91,1895,808,1154,647,4915,6,932,1,317,19,1,42,3054,457,5957,541,27639,192,2060,24,2398,178,10554,470,16491,487,2688,4658,58,21021,12781,3,19919,7800,0,23032,6027,2545,8170,8,1121,2,341,2900,18679,1011,16586,9069,26,5,4600,4347,2122,6923,25,1063,2468,0,0,0,574,4850,8191,702,109,15,23798,10433,20,7,0,251,1131,3217,796,1297,4534,145,151,1115,213,8,180,126,2902,2591,40704,8,37,21,9,1866,33,67,11,0,1,4266,3438,2197,1119,25505,125,0,0,0,5144,1525,313,237,186,0,10285,4836,0,66,70,3952,1528,2511,0,347,2953,241,17552,11498,10579,5477,640,0,860,19,490,314,3523,1015,17,774,176,4,10049,7266,67,8284,5,97,56,147,66,1210,9,135,7,0,1349,11438,101,1527,930,397,3236,2783,765,1060,2002,51,7507,290,4003,2315,3,22,1190,1069,2001,11778,3,21,900
"gene_203",0,0,0,0,0,0,0,0,0,0,0,0,0,0,0,0,0,0,0,0,0,0,0,0,0,0,0,1,0,0,0,0,162,0,0,0,0,0,0,0,0,0,0,0,8,0,0,0,0,0,0,5,17,0,0,0,0,0,0,0,146,0,0,0,0,0,0,0,0,0,0,0,0,0,0,0,0,0,0,0,0,0,0,0,0,0,0,0,0,0,0,0,0,0,0,0,0,0,0,0,0,0,3,0,0,0,0,0,0,0,0,0,0,0,0,0,0,0,0,0,0,0,0,0,0,0,0,0,0,0,0,0,0,0,0,0,0,0,0,0,0,0,0,0,0,0,0,0,0,0,0,0,0,0,0,0,672,0,0,0,0,0,0,0,0,0,0,0,0,0,0,0,0,0,0,0,0,0,0,0,0,0,0,0,0,0,0,0,0,0,0,0,0,0,0,0,0,0,2,0,0,0,0,0,1,0,0,0,0,0,0,0,0,0,0,0,0,0,0,0,0,0,34,0,0,0,7,0,0,0,32,0,0,0,0,0,0,0,14,0,0,0,0,53,0,0,201,0,0,0,23,0,0,0,0,0,0,0,2,0,0,0,0,0,0,359,0,1,0,3,0,0,0,0,0,1,0,0,0,0,0,0,1755,0,0,1,34,0,0,0,0,0,0,0,0,0,0,0,0,88,0,0,0,0,0,1,0,0,0,0,0,0,0,0,32,0,0,0,0,0,0,1468,0,52,75,0,0,0,5,0,0,49,0,0,0,112,0,0,0,0,0,1,0,0,0,0,0,0,0,0,0,0,0,6,0,3,0,127,0,0,0,1,0,0,0,96,0,0,0,43,0,0,0,0,0,0,0,0,0,0,0,1495,0,0,0,0,0,0,40,0,0,0,91,1,0,0,0,0,0,0,204,0,43,0,0,0,0,33,0,0,0,0,0,1,0,0,1,0,35,362,0,0,0,0,0,0,0,0,0,0,0,0,150,0,90,0,0,0,0,0,0,1,48,632,0,59,0,0,0,0,9,0,0,0,0,0,0,0,1,0,0,3,0,0,1,2412,0,0,0,64,110,44,0,63,0,255,0,0,0,0,0,0,0,0,0,0,1813,15,120,22,0,0,0,624,0,0,0,0,0,1,0,2,0,0,219,6,0,0,0,0,0,0,55,2239,549,2,0,0,0,873,1,0,0,0,0,120,0,0,0,1,0,0,2,1,0,20,0,0,1,0,0,0,0,0,0,0,0,0,3,0,1,0,0,0,0,727,0,1,2,0,0,0,0,0,0,61,0,0,0,0,0,0,0,0,0,0,0,0,320,0,0,0,0,0,0,0,66,0,0,0,0,0,0,0,0,0,0,0,0,0,0,0,0,0,0,1,226,37,0,0,0,0,15,1841,0,4020,0,0,137,2,0,0,0,0,0,0,0,3,1,0,0,0,94,0,3,0,0,5417,0,259,0,0,16,0,0,0,8,0,380,0,0,0,0,0,0,0,1022,0,0,0,0,0,0,0,0,0,0,0,0,0,0,0,0,0,0,0,0,0,0,0,0,0,0,0,0,0,0,0,0,0,0,0,0,0,0,0,0,0,39,0,0,0,0,0,0,1,0,4378,0,0,0,4,0,0,231,0,0,0,0,0,1205,0,0,0,0,0,0,0,0,0,0,0,0,0,0,0,0,0,0,0,0,0,0,120,0,0,0,0,0,0,0,0,0,0,0,0,0,0
"gene_204",0,10,0,13,125,0,0,0,1760,0,0,0,212,0,0,0,0,0,0,0,0,0,0,0,0,0,0,0,0,190,0,292,17,0,60,1712,58,213,0,0,0,0,2,166,0,0,0,3,0,0,16,1,1,73,0,710,4,0,0,0,0,0,0,0,0,0,355,0,0,0,0,0,0,16,3,0,0,0,0,1951,1,590,0,0,0,4,0,0,2797,1,1,20,0,6101,179,13,2,0,0,6544,876,0,11,0,0,248,0,1,0,0,9,0,0,2,55,14,0,0,18,1,14,0,52,0,0,0,0,0,1,2,1,246,228,0,0,2414,2,11538,11693,0,0,11,0,0,9,0,21,0,2,0,0,8,0,1254,0,0,0,2695,1,656,0,87,0,1,42,569,124,207,0,0,991,2,121,0,0,0,3,0,1909,0,0,0,0,90,0,0,0,0,36,359,0,0,0,0,0,1163,0,0,0,0,0,867,0,0,137,0,3,2,0,0,0,0,0,0,0,0,9,1822,0,0,0,0,0,4,3,0,0,0,2,13,0,0,0,0,0,4500,0,3,0,5,0,0,0,24,0,0,0,0,0,732,1,92,1,0,0,0,0,3,0,980,0,0,90,128,0,0,0,0,0,0,0,0,0,0,0,0,25,260,0,71,0,18,0,0,0,0,0,0,2,0,0,0,0,0,0,0,0,0,0,0,0,0,0,0,0,3,0,0,0,1,0,0,4,0,0,0,0,0,0,0,0,0,0,0,0,0,0,61,0,0,0,0,0,0,0,0,0,0,0,0,158,16,0,0,0,0,1,0,0,0,0,1,0,0,0,0,0,0,0,75,0,0,0,0,0,0,1150,0,4,0,0,0,0,0,0,30,0,0,0,0,27,0,0,0,0,0,0,0,0,0,0,0,0,0,0,0,0,152,0,0,0,0,0,0,0,0,0,0,0,0,0,0,0,0,0,0,0,0,0,0,0,0,0,0,0,0,0,0,0,0,0,0,0,0,0,0,107,0,0,0,0,0,61,0,0,0,0,0,0,0,0,0,0,0,0,0,0,0,0,0,0,0,0,0,0,0,0,0,0,0,0,0,0,0,0,0,0,0,0,0,0,0,0,0,0,0,0,0,0,0,0,0,0,0,0,4,0,0,0,0,0,0,0,0,0,0,0,0,0,0,0,0,0,0,0,3,0,0,0,0,0,0,0,0,0,0,0,0,0,0,0,0,0,0,0,0,0,0,0,0,0,0,0,0,0,0,0,0,0,0,0,0,0,0,0,0,0,0,0,0,0,0,0,0,0,0,0,0,0,0,0,0,0,0,0,0,0,0,0,0,0,0,0,0,0,0,0,0,0,0,0,0,0,0,0,0,0,0,0,0,0,0,0,0,0,0,666,0,0,0,0,0,0,0,0,0,0,0,0,0,0,0,0,0,0,0,0,0,0,0,0,0,0,0,0,0,0,0,0,0,4,0,0,0,0,0,0,0,0,0,0,0,0,0,0,0,0,0,0,0,0,0,28,0,0,0,0,0,0,0,0,0,0,0,0,0,0,0,0,0,0,0,0,0,0,0,0,0,30,0,0,0,0,0,0,0,0,0,0,0,176,0,0,0,0,0,0,0,0,0,0,0,0,0,0,0,0,0,0,0,0,0,0,0,0,0,0,0,0,0,0,0,0,0,0,0,323,97,0,0,0,0,0,0,0,0,0,0,3,0,0,0,0,0,0,0,0,0
"gene_205",0,0,0,0,0,1,0,0,5,0,146,0,0,5,0,0,166,0,0,0,0,0,0,0,0,0,0,0,0,0,0,0,0,0,0,0,0,0,0,16,0,0,0,0,0,0,13,8,0,0,0,0,0,0,0,0,1204,0,17,0,2,0,0,0,0,0,0,1,0,0,0,0,0,23,0,0,0,0,6,0,0,13,4,0,0,0,0,633,0,553,0,52,2,0,0,0,0,0,0,0,0,0,0,0,2,0,0,0,0,0,0,187,0,0,0,0,4824,0,24,0,225,0,0,0,0,1,0,0,8,0,1,0,0,0,1158,0,19,0,7,0,19,0,3,0,0,830,0,3,0,3064,0,0,753,6,0,0,0,6409,0,0,0,95,0,24,5,0,0,29,0,129,0,0,0,351,48,0,0,0,0,0,0,1462,0,0,0,0,1,153,0,0,0,32,0,1,0,0,0,0,0,0,3,0,0,0,0,0,0,0,0,0,0,1390,0,0,0,0,0,0,0,0,0,0,0,0,0,1375,0,0,0,0,0,0,0,0,0,0,0,0,0,0,0,26,150,0,5,0,192,0,0,0,0,0,0,109,0,0,0,0,0,0,0,32,0,0,0,163,164,20,0,0,1968,0,0,1940,0,0,0,656,1,0,1,2,79,0,0,0,0,6,1,0,7,0,0,0,0,0,0,250,0,444,401,0,148,0,226,174,923,3,3,0,22,4,823,67,151,0,0,0,1,0,0,450,0,11,0,0,0,8,0,71,0,160,3,0,54,0,0,0,0,0,0,0,0,1681,8,0,0,2,2,0,0,0,869,0,0,0,0,0,0,52,0,0,0,0,0,0,22,0,0,0,0,0,0,0,0,0,0,0,179,0,0,0,0,0,63,0,0,1459,0,0,0,23,596,1058,0,0,0,0,1360,0,34,0,4,0,14,769,0,0,0,178,0,111,1,0,0,0,0,0,779,13,0,0,0,0,0,476,0,0,0,0,10,0,0,0,0,0,0,0,126,0,0,0,0,1368,0,0,0,0,1,0,6,0,0,53,19,748,4,0,0,0,0,59,0,55,0,0,0,142,0,8,24,0,0,14,3,2,0,0,0,0,1623,1,171,1,0,0,0,644,48,0,0,63,819,2416,0,73,0,34,0,0,0,0,0,0,0,0,0,0,3,456,0,0,0,0,0,0,264,0,0,0,0,0,0,0,4,0,0,0,11,0,0,0,0,0,8,4,0,0,0,21,0,99,104,0,6,7,0,19,0,0,0,0,0,0,27,0,0,0,14,0,1,0,0,0,0,0,0,0,0,0,470,0,1,1,0,956,0,0,29,41,22,0,0,5,4022,0,77,0,1403,0,0,50,0,0,0,0,2879,89,115,0,86,0,1004,1,0,0,0,207,159,532,34,0,0,5,714,1989,0,17,8,12,0,0,76,0,0,20,0,0,731,3028,0,0,0,0,0,0,4,11,0,12,0,461,628,0,0,0,3269,1225,2335,1297,13,0,0,336,0,0,0,5,0,13021,1140,0,0,10482,0,0,120,9,4,1,0,13,0,6,19,0,78,214,101,11,8701,22,0,0,461,0,0,0,4,0,0,2,0,0,0,5,487,0,0,1333,0,0,3,343,0,11147,0,3,9,26,1687,2643,0,651,0,0,15,0,0,122,475,7,0,0,1996,0,19,7966,0,167,2,1,0,21,1540,1196,0,0,86,0,0,0,0,0,155,584,0,2,20,0,1,33,393,4842,0,0,1,549
"gene_206",0,0,0,0,0,0,0,0,0,0,0,0,0,0,0,0,0,0,0,0,0,0,0,0,0,0,0,0,0,0,0,0,0,0,0,0,0,0,0,0,0,0,0,0,0,0,0,0,0,0,0,0,0,0,0,0,0,0,0,0,0,0,0,0,0,0,0,0,0,0,0,0,0,0,0,0,0,0,0,0,0,0,0,0,0,0,0,0,0,0,0,0,0,0,0,0,0,0,0,0,0,0,0,0,0,0,0,0,0,0,0,0,0,0,0,0,0,0,0,0,0,0,0,0,0,0,0,0,0,0,0,0,0,0,0,0,0,0,0,0,0,0,0,0,0,0,0,0,0,0,0,0,0,0,0,0,0,0,0,0,0,0,0,0,0,0,0,0,0,0,0,0,0,0,0,0,0,0,0,0,0,0,0,0,0,0,0,0,0,0,0,0,0,0,0,0,0,0,0,0,0,0,0,0,0,0,0,0,0,0,0,0,0,0,0,0,0,0,0,0,0,0,0,0,0,0,0,0,0,0,0,0,0,0,0,0,0,0,0,0,0,0,0,0,0,0,0,0,0,0,0,0,0,0,0,0,0,0,0,0,0,0,0,0,0,0,0,0,0,0,0,0,0,0,0,0,0,0,0,0,0,0,0,0,0,0,0,0,0,0,0,0,0,0,0,0,0,0,0,0,0,0,0,0,0,0,0,0,0,0,0,0,0,0,0,0,0,0,0,0,0,0,0,0,0,0,0,0,0,0,0,0,0,0,0,0,0,0,0,0,0,0,0,0,0,0,0,0,0,0,0,0,0,0,0,0,0,0,0,0,0,0,0,0,0,0,0,0,0,0,0,0,0,0,0,0,0,0,0,0,0,0,0,0,0,0,0,0,0,0,0,0,0,0,0,0,0,0,0,0,0,0,0,0,0,0,0,0,0,0,0,0,0,0,0,0,0,0,0,0,0,0,0,0,0,0,0,0,0,0,0,0,0,1,0,0,103,0,0,0,0,0,0,0,0,1,0,0,0,0,0,0,0,0,0,0,0,0,0,0,0,0,0,0,0,0,0,0,0,0,0,0,0,2,0,0,0,0,0,0,0,0,324,0,0,0,0,0,0,0,0,0,0,0,0,1,0,0,0,0,0,0,0,0,0,0,0,0,0,0,0,0,0,0,0,0,0,0,0,0,0,0,0,6,0,0,0,0,0,0,0,0,0,0,0,0,0,0,0,0,0,0,0,0,0,0,2584,0,0,0,253,0,0,0,0,0,0,3,0,0,0,0,0,0,0,0,0,0,0,0,0,458,0,0,1,1784,0,8716,0,0,0,55,2343,0,0,23,0,0,26,0,0,11,659,0,246,0,0,14,228,482,0,0,60,53,109,20,6,2495,0,367,0,17569,1983,0,0,266,19,1828,0,2255,0,0,0,0,753,0,7,0,0,59,47,727,0,0,190,0,0,0,18,299,0,0,231,2178,0,4,4161,0,0,0,0,7,2192,0,24,0,0,0,0,332,26,13,20,0,2,2,0,0,1485,0,23,0,0,2,171,0,34,72,343,0,1045,654,0,3,0,2421,0,39,2484,0,0,0,0,0,0,127,0,0,0,0,846,1337,762,244,3056,1953,0,1104,3,0,101,0,0,0,0,427,197,2,271,0,38,862,1242,249,267,115,286,0,5,5,1,2210,0,50,0,30,0,119,27,6525,0,36,67,64,0,291,0,0,1,17,3,6,0,0,0,0,0,988
"gene_207",522,1,25,0,1274,4037,6,1288,8784,305,337,0,6,3,1,0,4925,0,1217,77,1,37,8478,2,102,3,0,0,0,941,4,0,0,59,0,2,0,0,85,4782,0,0,0,37,8449,1143,0,0,23,1779,0,56780,8,0,1,3032,1419,79,149,5,0,10758,0,0,2738,0,0,0,0,0,2,18939,0,32,1036,0,0,4,3,9,0,934,0,2426,31,0,0,0,0,0,3975,41,0,0,0,0,0,0,0,0,0,881,0,0,0,17,0,0,0,0,0,0,52,0,138,0,212,0,0,0,0,0,0,0,0,0,18,0,0,0,0,0,0,0,0,0,0,1,0,28,0,0,0,0,0,0,0,0,0,0,0,0,0,0,0,0,0,14,0,0,0,0,0,0,0,0,0,0,0,0,0,0,0,0,0,0,0,0,0,0,0,0,1,0,0,0,0,0,0,0,0,0,0,0,0,0,0,0,0,0,0,6,0,0,0,0,0,0,0,0,0,0,0,0,0,1,0,0,0,0,0,88,0,0,0,0,0,0,0,0,0,0,0,0,0,0,0,0,0,1,0,0,0,82,0,0,0,0,0,0,0,0,0,0,0,0,0,0,0,0,0,0,220,0,0,0,5,1470,0,0,0,257,0,0,0,57,2,40,0,0,0,79,0,132,0,105,0,5,247,47,6,143,0,0,0,4,0,0,0,15,0,61,256,26,0,7,0,24,735,0,1,264,0,0,1019,297,0,0,0,0,0,1,0,263,8,0,62,1,0,333,0,0,0,0,1,0,506,10,0,0,0,58,74,1582,583,0,7,0,0,0,63,0,0,725,16,0,0,2,2,0,1141,0,5,93,0,1552,48,0,380,17,0,0,275,0,0,0,577,0,101,0,0,0,0,0,4,0,155,0,1,4,0,0,0,367,0,22,0,3080,0,49,0,5,886,0,0,0,0,1,7246,0,0,940,676,848,73,0,1005,676,6,1,0,0,0,9746,0,2,0,0,0,0,0,0,0,1,0,102,0,0,0,11,2,2045,0,10,0,11,100,129,0,96,2,0,1,238,0,446,38,0,0,44,0,1,14,48,0,720,0,0,21,0,0,0,0,0,0,1088,0,1,19,0,0,16,0,0,0,3907,0,0,2,0,202,0,3558,0,1846,0,0,0,0,0,0,340,99,0,972,316,171,0,15,13,0,0,13,0,4716,0,0,0,0,16829,0,2,21,0,0,10,0,1452,0,0,1,0,0,0,0,9,7590,1468,0,0,193,2724,0,1841,27,0,9,0,0,0,16,32,0,12,0,0,0,0,14,0,3,1521,0,0,0,0,0,320,0,0,0,0,3,133,0,0,0,31,0,0,0,0,47,0,0,0,0,0,0,0,2,0,1331,0,11631,0,0,0,0,0,0,0,0,0,0,0,0,0,446,0,0,1163,0,0,0,0,96,45,0,662,0,0,0,9,0,0,198,0,0,0,0,0,0,0,0,0,0,9,0,0,0,0,0,0,0,0,0,0,0,0,0,429,0,0,323,0,0,517,0,0,0,4382,0,0,0,3,0,0,0,27,0,2,0,0,0,0,0,0,0,0,0,17,0,0,0,0,0,0,0,0,0,599,0,0,0,3,0,0,0,0,0,15,0,94,0,0,0,7229,0,0,0,0,0,87,0,0,0,0,0,0,0,0,0,0,0,2475,0,0,0,0,0,0,0,0,1,0,0,0,3,0,0,4,0,36,0,0,0,0,0,0,0,0,0,0,0,0,0,0
"gene_208",131,71,111,31,179,112,157,44,10,12,75,209,276,39,73,106,7,295,0,76,12,65,304,90,90,247,110,77,147,51,2,13,78,9,136,22,38,62,25,80,9,33,17,1,85,190,18,61,26,1,14,97,29,74,179,263,86,190,90,59,34,188,254,1,92,39,342,131,89,95,112,77,5,27,9,14,36,72,29,2,405,87,25,124,124,235,11,111,94,41,148,8,0,0,16,1,0,1,1,0,0,0,0,0,22,3,0,0,0,4,0,0,0,0,0,15,1,1,0,4,1,0,0,0,20,0,0,0,0,2,1,0,15,22,3,0,69,0,0,1,3,0,19,27,0,0,13,1,0,22,0,59,0,0,0,0,1,1,0,2,0,0,2,10,27,37,0,14,0,7,12,0,0,1,3,1,1,21,34,9,25,1,2,0,5,0,41,9,19,4,3,24,19,52,61,7,0,1,42,233,37,19,5,19,8,0,78,48,9,27,10,10,25,10,67,2,75,52,4,55,25,42,49,8,177,27,12,83,6,90,17,5,19,45,0,11,68,39,30,17,4,0,85,4,8,20,11,126,136,124,54,20,69,3,11,43,22,26,212,147,130,1,17,1038,286,67,134,25,19,30,233,1742,1283,327,798,880,84,399,711,15,22,1127,1270,64,117,688,62,22,200,169,321,129,19,1,571,170,1150,330,68,9,4,163,705,364,0,115,222,459,26,14,750,867,276,0,36,96,750,1,6,258,129,87,0,242,436,1,46,29,208,58,367,103,5,32,4,530,218,215,33,139,2,8,116,29,99,273,2128,13,2796,399,25,12,266,7,18,48,5,396,48,541,88,132,2222,1446,113,306,36,8,415,27,4,81,224,26,0,253,749,138,1,630,2525,113,432,4,15,2,234,13,180,17,44,230,0,4,454,61,22,157,893,1209,16,187,159,272,55,195,165,67,20,44,388,219,348,71,167,281,118,133,26,5,25,181,14,2,1,47,262,16,1182,6,6,50,178,169,8,317,1,668,215,207,42,91,132,0,90,152,303,17,0,82,0,82,13,4,0,226,201,57,42,52,46,50,354,7,15,9,33,20,21,85,497,4,28,102,19,285,57,167,221,104,13,101,40,64,0,64,10,36,51,10,44,108,194,108,48,2,3,189,83,0,29,19,5,119,80,65,37,126,37,136,125,473,250,54,59,60,11,331,599,458,0,0,5,44,107,12,203,112,28,54,18,50,105,186,83,70,256,119,127,27,362,0,0,6,41,526,454,106,0,169,17,1,3,108,39,17,13,206,79,200,63,627,13,12,2,25,43,9,63,21,0,209,1,1,250,507,450,1,0,1690,15,0,0,0,2,1891,0,115,152,17,0,0,1660,2,61,0,0,0,19,423,783,75,0,182,1561,166,126,4,788,386,0,2,65,26,330,3404,131,610,2,0,76,0,105,346,1499,0,2,676,0,2,0,53,1735,8145,46,484,0,1,0,2,2,904,40,70,142,28,0,46,0,185,172,4,261,67,3,100,2,0,6,722,26,0,150,988,2,730,435,412,0,194,8,72,4,141,0,265,676,29,169,1780,1500,144,7,0,523,697,0,0,0,1589,45,0,46,54,262,2061,53,20,604,1659,93,4391,0,0,33,106,122,30,317,166,4765,62,373,51,0,0,298,350,6,7,0,0,166,348,1,0,0,30,1080,678,23,0,346,4,28,122,998,0,462,1936,271,1,191,0,1,896,67,32,28,0,0,2,0,282,101,2140,247,10
"gene_209",0,0,0,0,0,0,0,0,0,0,10,0,0,0,0,0,0,2,0,0,0,0,0,37,0,0,116,0,107,0,271,0,0,1,0,0,0,0,0,0,0,0,0,26,0,3494,0,0,536,0,57,0,0,0,0,81,73,0,4331,0,33,0,0,0,0,0,16,0,0,1,5494,0,0,710,0,23,0,167,249,0,220,299,6,271,620,11,69,0,0,150,0,599,0,1185,3850,508,1281,0,0,0,6360,153,0,0,45,4,383,792,11,33,183,925,306,6,9,0,4,0,441,30,0,0,168,0,0,793,1,6,0,0,150,0,1,0,2680,0,12,651,3,851,0,9013,17,6322,0,0,0,549,6,56,0,0,0,2335,8,0,3730,5775,0,0,0,690,23,0,5,2,1,0,254,0,0,2458,1,65,1,0,0,0,104,0,0,0,0,0,675,2718,923,0,11,1,1195,0,0,139,0,0,0,0,0,0,0,0,0,0,0,0,0,0,1728,0,0,0,0,1676,0,0,0,0,0,0,0,0,229,1,0,0,0,0,0,0,0,8,1,0,0,0,0,0,17,0,0,0,0,0,2705,4207,1734,30,0,0,0,0,0,0,0,0,0,0,0,0,0,0,0,0,0,0,0,0,0,0,0,0,0,0,0,0,0,0,0,0,0,0,0,0,0,0,0,0,0,0,0,0,0,0,0,0,0,0,0,0,0,0,0,0,0,0,0,0,0,0,0,0,0,0,0,0,0,0,0,0,0,0,0,0,0,0,0,0,0,0,0,0,0,0,0,0,0,0,0,0,0,0,0,0,0,0,0,0,0,0,0,0,0,0,0,0,0,0,0,0,0,0,0,0,0,0,0,0,0,0,0,0,0,0,0,0,0,0,0,0,0,0,0,0,0,0,0,0,0,0,0,0,0,0,0,0,0,0,0,0,0,0,0,0,0,0,0,0,0,0,0,0,0,0,0,0,0,0,0,0,0,0,0,0,0,0,0,0,0,0,0,0,0,0,0,0,1430,0,0,0,0,0,0,0,0,0,0,0,0,310,0,0,0,0,0,0,0,0,0,4,0,0,0,0,0,0,0,0,409,0,0,0,0,0,0,0,0,0,0,0,0,0,0,0,0,0,0,0,0,0,0,0,1022,0,0,0,0,0,0,0,0,0,631,0,0,0,0,0,0,0,0,0,0,0,0,0,0,0,0,0,0,0,0,0,0,0,0,0,0,0,0,0,0,0,0,0,0,0,0,0,0,0,0,0,0,0,0,0,0,0,0,0,0,0,0,0,0,0,0,0,0,0,0,0,0,0,0,0,0,0,0,0,0,0,0,0,0,0,0,0,0,0,0,0,0,0,0,0,0,0,0,0,0,0,0,0,0,0,0,0,0,0,0,0,0,0,0,0,0,0,0,0,0,0,0,0,0,0,0,0,0,0,0,0,0,0,0,0,0,0,0,0,0,0,0,0,0,0,0,0,0,0,0,0,0,0,0,0,0,0,0,0,0,0,0,0,0,0,0,0,0,0,0,0,0,0,0,0,0,0,0,0,0,0,0,0,0,0,0,0,0,0,0,0,0,0,0,0,0,0,0,0,0,0,0,0,0,0,0,0,0,0,0,0,0,0,0,0,0,0,0,0,0,0,0,0,0,0,0,0,0,0,0,0,0,0,0,0,0,0,0,0,0,0,0,0,0,0,0,0,0,0,0,0,0,0,0,0,0,0,0,0,0,0,0,0,0,0
"gene_210",0,0,0,0,0,0,0,0,0,0,0,0,0,0,0,0,0,0,0,0,0,0,0,1703,0,0,0,0,0,0,0,0,0,0,0,0,0,0,0,0,0,0,0,0,0,0,771,0,0,0,0,0,0,0,0,0,0,6,0,0,0,0,0,0,0,0,0,0,0,0,0,0,0,0,0,0,0,0,0,0,0,2,0,0,0,0,0,0,0,0,0,0,0,0,0,0,2,0,0,0,4,0,0,0,0,0,0,0,0,0,0,0,45,0,0,0,0,0,5,0,0,0,0,0,0,0,0,0,0,0,151,0,0,71,13,0,9,230,671,0,0,3,31,3,0,0,0,0,0,0,0,0,19,0,0,0,13,7,0,0,0,0,0,0,6,0,0,0,0,0,0,0,0,0,0,0,1441,0,0,78,0,23,0,0,0,0,0,0,1,0,0,0,0,0,2,0,0,0,0,0,0,0,0,0,0,0,0,0,0,0,0,0,0,0,0,0,0,0,0,0,0,0,0,0,0,0,0,0,0,0,0,98,5590,0,0,0,0,0,0,0,0,0,0,0,0,0,0,0,0,0,0,0,0,0,0,0,0,0,0,0,0,0,0,0,0,0,0,0,0,0,0,0,0,0,0,0,0,0,0,0,0,0,0,0,0,0,0,0,0,0,0,0,0,0,0,0,0,0,0,0,0,0,0,0,0,0,0,0,0,0,0,0,0,0,0,0,0,0,0,0,0,0,0,0,0,0,0,0,0,0,0,0,0,0,0,0,117,0,0,0,0,0,0,0,0,0,0,0,0,0,0,0,0,0,0,0,0,0,0,0,0,0,0,0,0,0,0,0,0,0,0,0,0,0,0,0,0,0,0,0,0,0,0,0,0,0,0,0,0,0,0,0,0,0,0,0,0,0,0,0,0,0,0,0,0,0,0,0,0,0,0,0,0,0,0,0,0,0,0,0,0,0,0,0,0,0,0,0,3053,0,0,0,0,0,33,61,14,0,1,0,0,2,495,0,22,0,0,0,2,0,0,0,73,0,163,443,0,0,0,0,188,0,39,0,0,0,6,19,2,160,0,31,0,56,0,0,0,549,18,0,0,2,0,50,611,93,0,0,0,0,0,20,314,0,791,0,0,124,0,88,0,0,0,0,134,0,0,0,4085,0,3520,6,2186,0,57,0,0,350,46,480,10,0,274,1537,0,0,0,0,0,0,0,613,0,1558,5,148,7,4764,362,0,749,2,0,0,3990,0,0,863,0,0,2363,0,0,0,0,0,0,0,8706,6790,4514,342,551,0,0,3,0,18,0,0,0,550,0,372,7,0,0,0,0,0,0,4174,0,0,0,0,297,0,0,0,0,1,0,0,0,2383,14,0,0,0,0,0,0,0,372,0,0,0,9,41,3,0,0,0,0,0,0,0,1,0,0,30,0,1,0,344,0,0,0,741,0,7,11,0,0,0,0,0,5,0,0,0,659,0,0,0,222,0,0,121,0,5,15,0,23,0,0,97,1,0,0,0,3,7,684,0,2,0,0,0,0,1,114,0,0,0,0,0,0,0,0,7,0,19,2,1,0,0,1895,0,0,0,0,0,2,0,94,0,0,0,0,0,0,0,1,4,0,0,5,0,0,1,0,18,0,12,0,157,347,0,0,41,0,2,0,0,0,0,0,0,37,0,0,958,0,3,0,0,108,375,0,0,0,215,13,5815,0,0,0,0,0,0,0,0,13,0,0,0
"gene_211",0,0,0,0,0,0,0,0,0,0,0,0,0,0,0,0,0,0,0,0,0,0,0,0,0,0,0,0,0,0,0,0,0,0,0,0,0,0,0,0,0,0,0,0,0,0,0,0,0,0,0,0,0,0,0,0,0,0,0,0,0,0,0,0,0,0,0,0,0,0,0,0,0,0,0,0,0,0,0,0,0,0,0,0,0,0,0,0,0,0,0,0,0,0,96,0,0,0,0,0,0,0,27,18,0,0,0,0,35,0,0,0,0,0,0,0,11,0,0,0,0,0,1,0,0,1,0,0,0,0,1,0,0,4,0,0,0,0,0,0,1,0,0,0,0,0,0,0,0,0,0,0,0,0,1,4,0,0,0,0,0,140,0,6,0,0,10,7,0,0,0,105,3,0,1,651,1,0,0,0,0,0,0,0,0,0,0,0,0,53,310,0,0,0,0,0,0,0,0,0,0,0,0,0,0,0,0,0,0,0,0,0,0,0,0,0,0,0,0,0,0,0,0,0,0,0,0,0,0,0,0,0,0,0,0,0,0,0,0,0,0,0,0,0,0,0,0,0,0,0,0,0,0,0,0,0,0,0,0,0,0,0,2327,0,0,0,0,0,0,0,0,0,0,0,0,951,0,0,0,0,0,0,0,0,0,0,0,0,0,0,0,0,0,0,0,0,0,891,0,0,0,0,0,0,0,0,96,0,0,0,0,0,0,0,0,128,0,0,1,0,2282,0,2,0,0,0,0,0,0,0,0,0,0,0,0,0,0,0,817,0,0,2236,0,0,0,1957,0,0,0,0,0,0,0,0,0,0,0,0,0,0,0,0,0,0,0,0,0,0,0,0,0,0,0,0,0,0,0,0,210,6,0,0,0,0,860,0,0,0,0,0,0,0,0,0,0,0,0,0,0,0,0,0,2492,0,0,0,0,15285,0,0,0,0,0,1,0,17,0,3,0,3,0,0,867,0,0,0,0,0,0,0,0,0,392,0,0,0,0,0,0,0,0,18,0,0,0,1,0,0,0,0,0,0,19,19,0,0,0,0,0,0,0,175,1363,0,1,2,0,0,0,2,59,0,0,0,0,0,1,0,63,609,0,0,0,0,10,0,0,0,0,6,0,0,1,1123,0,117,517,19,0,0,0,18,0,0,0,0,0,0,31,1,0,0,0,0,0,0,0,0,0,0,0,0,63,9,0,0,0,0,0,1418,0,0,2,0,0,0,1028,0,0,0,0,0,0,0,0,0,0,5,0,0,49,0,0,0,0,0,0,0,0,0,0,0,0,0,46,0,847,0,0,0,0,0,1778,0,0,0,0,0,0,0,0,28,0,0,0,0,0,0,0,0,632,0,456,172,718,0,0,0,0,0,0,0,0,0,0,0,0,0,0,0,0,10,0,3,0,0,0,0,519,0,0,0,0,0,0,4,0,0,0,0,1,41,0,1852,420,41,0,0,0,0,0,0,2,4539,0,0,0,0,0,0,0,0,0,318,0,0,0,0,0,0,0,0,0,0,128,0,0,0,0,0,0,0,0,0,0,0,68,0,0,21,0,4049,0,0,0,0,0,0,0,0,0,11,0,0,0,3,0,0,0,0,3667,0,0,0,0,0,0,8,0,8,2,0,0,0,262,0,0,0,0,0,2,147,1,0,0,0,0,0,0,0,0,0,0,0,0,0,0,0,0,0,0,90,0,0,56,0,0,805,0,4,4,0,0,0,6,0,0,19
"gene_212",162,10,41,11,0,71,4324,0,0,22,310,22,0,143,1163,1,37,11,0,0,0,0,0,0,0,7,585,43,212,0,865,166,0,0,28,0,179,0,1,20,173,2,4,2,0,871,0,4,0,1,0,0,0,352,0,8,0,2,0,1,6,389,768,0,0,102,2,42,408,2,5,19,14,0,0,206,1,157,2,0,1491,5,0,0,0,317,0,0,4,50,3,0,0,0,0,0,0,0,230,0,1,102,0,0,0,0,13,3,69,0,0,117,0,0,0,0,2109,1,0,0,0,0,4049,0,0,1,1,94,244,62,25,2343,0,160,705,0,0,1375,90,1,3,869,374,0,0,22,3,0,0,1565,0,34,0,0,0,102,4967,0,0,0,0,21501,0,4664,0,1,0,0,0,773,5,352,0,0,124,6281,0,436,0,107,0,0,1619,0,4796,61,0,0,12,1,3,62,0,1608,0,0,0,13,0,0,0,0,2064,18,14,7,0,296,0,0,0,755,0,0,0,243,21,93,4,1,0,0,266,0,3065,0,1702,0,6,0,6,102,0,0,0,0,0,0,1059,0,0,0,1,0,0,0,0,0,0,0,0,456,0,0,0,33,0,0,0,0,1558,0,0,0,0,0,0,0,0,0,0,0,0,0,0,0,0,1,0,0,288,0,0,0,6,0,5225,8,0,0,0,0,0,0,68,0,0,0,0,0,10,0,0,8,0,0,0,0,0,0,0,0,11,0,0,0,38,0,0,0,0,0,53,0,0,0,0,0,0,0,0,0,0,0,0,0,0,0,0,0,0,0,23,0,0,0,0,0,0,0,0,0,17,0,0,0,0,0,0,0,0,0,0,9,0,0,0,0,0,0,0,0,0,0,0,0,0,0,0,51,0,0,0,0,0,0,0,0,0,0,0,0,5,1,0,0,0,0,28,0,0,0,0,0,0,0,59,0,0,0,469,0,0,0,0,1260,0,78,0,125,0,0,0,3,0,0,0,0,0,0,61,0,0,0,0,0,0,0,0,0,0,282,0,0,0,0,0,0,0,0,0,0,0,0,0,8,0,0,0,2909,0,0,0,0,0,0,0,0,0,0,0,0,0,0,0,0,0,0,0,0,0,0,0,0,0,0,0,0,0,0,0,0,0,0,0,0,0,68,0,1,0,0,14,0,0,0,0,0,0,0,0,0,0,0,0,0,0,0,0,0,0,0,0,0,0,0,0,0,0,0,0,0,0,722,0,0,0,0,0,0,0,0,0,0,0,0,0,0,0,0,0,0,0,0,0,0,0,0,0,0,0,0,0,0,0,0,0,0,0,0,0,0,0,0,0,0,0,0,0,0,0,0,0,0,0,0,0,0,0,0,0,0,0,0,0,0,0,0,0,0,0,0,0,0,0,0,0,0,0,0,0,0,0,0,0,0,0,0,0,0,0,0,0,0,0,0,0,0,0,0,0,0,0,0,0,0,0,0,0,0,0,9,0,0,0,0,0,0,0,1,0,0,0,0,0,0,0,0,0,0,0,0,0,0,0,0,0,0,0,0,0,0,0,0,0,0,0,0,0,0,0,0,0,0,0,0,0,0,1,0,0,0,0,0,0,0,0,0,0,0,0,0,0,0,0,0,0,0,0,0,0,0,0,0,0,0,0,0,0,0,0,0,0,0,0,0,0,0,0,0,0,0,0,0,0,0,0,0,0,0,0,0,0,0,0,0,0,0,0,0,0,0,0,0,0,0,0,0
"gene_213",4,0,0,0,0,0,0,0,0,0,0,0,0,0,0,0,0,0,0,7,0,0,0,0,0,0,0,0,0,0,0,0,0,0,0,0,0,0,0,0,0,0,0,0,0,0,0,0,0,0,0,0,0,0,0,0,0,0,0,0,0,76,0,0,0,0,0,0,0,0,0,0,0,0,0,565,0,0,0,0,0,0,0,0,0,0,0,0,0,0,0,0,11,0,0,0,0,0,2,15,3,0,0,0,0,0,0,0,0,0,0,0,0,0,0,0,0,12,0,0,0,0,0,0,0,0,0,0,0,0,0,0,1,0,0,0,0,0,0,0,0,0,0,0,0,0,0,0,0,0,0,0,0,0,0,0,0,0,1,0,0,0,0,2,0,0,0,8,0,0,0,2,0,0,0,0,2,0,0,0,0,0,0,0,0,0,1,0,0,0,0,0,2,0,0,0,0,0,0,0,0,0,0,0,0,0,0,0,0,0,0,0,0,0,0,0,0,0,0,0,0,0,0,0,0,0,0,0,0,0,0,0,0,0,0,0,0,0,0,0,0,0,0,0,0,0,0,0,0,0,0,0,0,0,0,0,0,0,0,0,0,0,0,0,0,0,70,0,0,0,0,0,0,0,0,0,0,0,0,607,0,0,0,0,0,0,0,0,1,0,0,0,0,0,0,0,0,0,0,0,0,0,0,0,0,0,0,0,0,0,0,0,0,2538,0,0,0,70,0,0,0,0,0,0,9,0,1233,0,0,0,0,0,0,0,0,0,0,0,0,0,0,0,0,0,0,0,0,0,0,0,0,0,0,0,0,0,0,0,0,0,0,0,0,0,0,0,0,597,0,0,0,0,0,0,0,0,0,20,0,0,0,0,0,0,0,0,0,0,0,0,0,0,0,0,0,0,0,0,0,0,0,0,0,0,0,0,0,0,0,0,0,0,0,0,0,0,0,0,0,0,0,0,0,0,198,0,0,0,0,0,0,104,83,0,0,0,0,315,78,29,0,287,310,2,0,1,0,46,72,159,1,0,0,4,0,281,235,0,0,0,0,0,5,0,0,0,0,0,0,0,0,10,0,0,339,0,0,0,0,0,0,0,4,0,0,598,0,0,25,0,0,0,0,0,0,0,0,0,2,0,1,55,0,1774,49,0,3687,6,0,2,0,0,0,0,0,11,0,4,0,0,0,87,1,0,0,6,0,734,12,0,7,3,0,3238,0,0,0,0,3,0,0,0,0,2132,0,0,15,0,0,0,0,0,0,8,0,0,60,1,0,107,0,3,5,0,244,3,0,561,0,2,0,0,0,0,136,0,0,0,0,868,0,0,0,0,0,0,0,0,79,0,0,1,0,0,0,0,0,0,0,0,0,0,0,0,0,0,0,0,0,19,0,0,0,0,0,0,2,0,0,0,0,1038,0,0,0,0,0,0,0,3074,0,7,883,0,6,0,101,9,19,0,0,0,0,14053,0,0,0,0,0,0,0,0,0,0,0,0,0,0,0,0,0,0,0,764,139,0,0,0,0,252,1136,0,0,0,0,0,0,5413,0,0,0,0,0,0,0,0,0,1015,0,0,0,1606,1683,0,0,0,0,0,0,0,1,0,1190,0,0,0,0,0,0,0,1113,0,0,0,0,0,0,0,0,0,0,0,0,0,0,0,0,0,0,0,0,18,0,0,0,0,0,1,0,11,4,0,0,1,0,0,0,0,0,0,29,0,0,0,0,1535,0,0
"gene_214",0,0,2,0,7,0,0,0,0,0,0,0,2,0,0,0,0,0,0,0,0,0,0,0,0,0,0,2,0,2,0,0,0,0,1,0,0,1,0,4,0,0,0,0,0,1,0,0,0,2,0,0,0,1,0,3,0,0,0,0,0,0,2,0,2,0,0,0,0,0,5,0,0,4,0,10,0,0,2,1,0,0,0,1,0,0,0,0,7,0,8,4,0,0,0,0,0,0,0,0,0,0,0,0,0,0,0,0,0,0,0,0,0,0,0,0,0,0,0,0,0,0,0,0,0,0,0,0,0,0,0,0,0,0,0,0,0,0,0,0,0,0,0,0,0,0,0,0,0,0,0,0,0,0,0,0,0,0,0,0,0,0,0,0,0,0,0,0,0,0,0,0,0,0,0,0,0,0,0,0,0,0,0,0,0,0,0,0,0,0,0,0,0,0,0,0,0,0,0,0,0,0,0,0,0,0,0,0,0,0,0,0,0,0,0,0,0,0,0,0,0,0,0,0,0,0,0,0,0,0,0,0,0,0,0,0,0,0,0,0,0,0,0,0,0,0,0,0,0,0,0,0,0,0,0,0,0,0,0,0,4,0,0,0,0,0,20,109,0,0,37,67,0,3,13,50,2,0,33,0,0,0,214,0,0,0,0,78,0,0,0,0,0,0,0,0,0,0,9,0,0,0,0,25,0,0,19,0,0,0,297,2,0,0,481,0,0,0,3402,0,314,0,3,0,0,0,0,0,5,0,0,0,0,0,0,162,0,0,0,0,0,0,0,0,1,11,356,0,0,0,0,0,2,0,0,1,0,0,0,0,0,0,0,0,0,0,0,0,0,0,0,0,0,0,0,0,0,13,0,0,0,0,0,0,2,32,0,0,2174,0,0,29,0,0,1689,6,0,0,0,0,532,0,36,0,2,0,0,0,0,0,786,0,0,0,580,0,0,19,0,3,2,5,0,0,0,2,0,0,0,0,132,0,10,2002,1,0,13,0,561,0,1,0,14,0,0,0,0,0,0,22,0,0,0,32,143,0,0,0,0,0,0,23,0,27,0,35,0,53,0,0,0,0,0,0,0,0,0,0,0,0,0,0,0,0,0,0,171,0,0,4,0,0,8,0,0,1,0,0,0,0,0,0,1,0,227,0,1188,3,0,0,12657,0,31,1685,1529,3,73,0,0,107,0,0,0,0,0,6,0,69,0,6,1,0,36,3,0,0,3175,0,0,0,577,0,0,0,0,0,0,0,0,0,3306,0,0,4152,0,0,3371,2843,0,9,0,0,0,0,0,2400,0,0,0,1,0,6332,0,0,3113,2792,59,14,798,12573,5103,224,0,1656,9,0,0,5113,118,11261,0,2,0,0,0,146,21,0,296,4079,2640,1,142,0,0,582,25,219,87,10,442,736,0,71,12,441,0,0,81,0,477,5,9,0,898,1,43,0,4219,11,62,0,2,10518,6528,0,2,15,213,10,7,57,4,838,1583,1202,3,0,0,6,0,14,0,0,181,0,632,8,0,3256,14,0,4,6,1493,7251,7,3,0,0,1554,0,8800,391,4178,0,0,0,0,0,2838,5,0,0,211,9,1312,439,0,0,1,5,0,0,319,3,0,10,7794,89,0,46,13,388,0,6,4759,210,0,0,0,31,0,207,2652,52,0,0,0,79,1,0,0,0,11052,1,595,80,158,414,1,225,4,226,0,207,0,8935,0,2586,0,0,193,1158,0,0,0,2091,0,0,0,297,3,0,0,0,0,17
"gene_215",17,385,0,0,38,92,0,6,0,2,265,4,0,2432,6,0,0,0,519,0,0,260,1118,0,0,332,567,0,0,193,4,0,0,1082,0,1,2,281,0,453,10,8,0,0,0,280,1376,0,0,0,11,12,0,0,0,115,0,0,1432,0,0,40,31,0,0,1,0,0,2013,0,170,0,0,0,0,0,0,1,0,506,6,3,619,0,343,0,0,4,0,919,0,3,1367,0,130,133,0,0,3505,2,35,79,8091,6790,0,365,22,485,7,0,30,0,1,13,0,110,394,14,0,0,0,1932,0,0,5591,5954,0,0,0,1801,109,0,53,10,62,943,0,0,0,4,0,3,0,1012,0,0,295,90,0,0,14347,0,1773,677,0,21300,0,1068,3,3,10,680,119,1857,1550,0,83,8,0,8,2004,267,318,115,1877,13140,2378,0,26257,2,8082,469,0,0,6,6,11,5,6382,145,12626,11823,0,1296,0,60,927,1,37,0,0,1,0,0,514,0,3,0,13,0,405,239,4,0,36,0,0,173,4185,0,0,1139,199,0,0,2008,0,0,0,0,0,0,19,10,0,0,46,387,0,0,456,4,0,24,5,0,0,0,0,8,0,0,0,168,0,0,0,91,5,0,2,0,0,0,0,0,0,111,0,0,0,3,0,0,0,0,0,0,0,0,0,0,0,0,1,0,2,0,0,0,0,2978,0,0,0,0,0,134,3,9,0,0,3,0,0,0,378,6,0,93,1,0,0,0,0,0,0,0,0,0,0,0,0,0,4,0,0,2,0,3,90,0,0,1,0,89,0,0,969,0,0,0,31,0,0,0,0,0,0,239,0,2,0,0,1,0,0,42,0,1445,0,0,0,8,0,0,0,2,0,3,0,0,0,0,0,0,0,0,81,0,0,0,453,0,0,69,0,0,0,0,0,0,0,16,2781,0,0,0,0,0,0,2,0,72,0,5,0,0,0,1,0,0,0,0,83,0,0,1762,0,0,0,0,0,0,0,0,15,0,0,243,358,0,0,24,0,0,0,0,0,0,0,543,0,0,0,0,1871,0,2735,0,0,0,0,228,0,0,24,0,0,0,0,11,0,0,0,0,0,85,0,0,0,0,0,0,0,0,0,111,2,0,469,0,0,0,0,0,295,0,0,242,23,0,19,0,0,0,1,1,8,0,13,0,0,0,0,5,0,0,2,0,0,0,443,79,0,0,8,0,0,0,0,0,0,9,442,1078,0,0,0,0,0,0,0,0,0,0,566,0,0,0,0,0,0,0,283,168,553,0,0,0,0,442,0,1,0,0,0,0,0,0,0,0,928,0,0,0,0,0,0,0,0,0,0,0,0,0,0,0,0,0,565,0,0,0,0,0,0,0,0,3,0,0,2,0,0,7,0,0,0,0,0,0,0,11,0,0,0,0,0,0,0,0,0,0,0,0,0,0,76,0,0,1,0,0,802,0,0,0,0,0,0,7034,0,0,0,0,55,200,0,0,0,0,0,0,0,0,0,0,3,58,0,0,0,0,373,0,0,2,0,3356,0,7,0,0,0,0,0,0,148,0,0,0,29,4,0,749,0,92,18,0,1958,0,0,0,0,34,0,0,0,0,285,107,0,0,0,2,77,0,0,0,0,0,0,0,0,751,0,0,0,0,0,12,0,470,0,106,0,30,0,1180,0,0,58,0,0,0,0,0,56,0,0,0,0,0,4,0,0,6781,45,0,485,1,697,0,0,1,0,0,0,0,37,0,0,137,0,0,0,0
"gene_216",0,663,0,0,0,0,147,0,0,29,0,0,0,0,0,0,0,3,916,0,0,0,4,0,0,1,0,0,0,0,0,0,0,704,0,0,0,0,0,0,804,0,0,0,0,0,0,0,0,0,2,0,47,5,18,3,0,41,0,0,298,0,1,0,0,355,0,0,0,0,5,0,0,0,0,6,0,1,86,1152,438,0,21,110,0,0,3,0,0,33,0,39,10,0,0,0,0,0,1759,0,0,1,0,3787,1,0,900,0,184,0,6,0,0,18,0,0,4,111,4,67,0,1,0,0,0,0,0,0,0,0,11,0,0,0,8338,41,0,0,0,0,0,0,0,0,0,10475,0,12,0,0,0,0,0,0,0,1,0,24560,0,50,0,0,0,0,1084,0,0,121,0,0,0,0,0,0,0,19,0,510,0,49,0,0,0,8915,219,0,0,0,0,0,0,1,13,0,0,4,0,0,0,0,55106,0,0,0,0,0,26,0,0,0,0,172,33140,39,0,0,0,243,0,319,0,0,0,9118,0,0,0,487,0,2130,669,0,0,0,479,159,0,0,0,0,0,0,0,0,0,0,154,0,0,0,0,35133,22,0,1,7,0,0,1,0,0,17,0,23,0,0,0,275,0,1,0,1,0,0,0,0,0,0,0,0,0,26,0,0,373,9,0,0,0,0,0,0,157,0,761,452,0,0,0,0,0,0,0,0,0,0,3726,0,0,0,12,2986,0,0,0,1601,0,0,0,0,0,2137,112,0,0,0,0,0,0,0,11,1,0,0,0,0,0,0,0,305,0,23,0,0,0,0,0,0,0,0,10070,0,0,1817,0,0,0,0,0,0,0,0,0,0,0,0,0,0,0,10,0,0,11377,0,0,2995,8101,0,0,0,0,0,0,0,0,0,0,451,0,63,0,0,0,0,0,0,0,0,0,0,0,0,712,2,232,0,0,0,0,0,0,0,0,1,0,0,0,0,0,124,0,0,0,0,58,0,0,0,0,0,0,0,340,0,0,0,0,0,0,0,0,0,0,0,0,0,0,0,0,0,0,0,0,0,0,0,0,0,201,0,0,0,0,594,0,0,0,0,0,0,0,0,0,0,0,399,0,0,0,0,0,0,0,0,0,0,0,0,0,309,0,0,0,0,0,0,0,14,0,0,0,0,0,0,0,0,0,53,12,7,30,0,0,0,0,0,88,0,0,0,0,0,0,0,2003,13,0,0,0,0,0,0,0,0,0,0,0,0,1803,0,0,0,0,0,0,0,0,0,0,0,1318,0,0,0,0,0,356,0,0,0,0,0,0,0,0,0,0,1,0,0,0,0,0,2,0,0,0,0,0,0,0,0,0,0,0,0,0,0,0,0,0,0,0,0,295,0,1,0,0,0,0,1,4,0,0,0,0,0,0,0,0,0,1,0,0,0,0,0,4,0,1182,0,16,0,606,0,0,0,0,0,0,0,0,0,0,0,0,0,0,0,0,0,0,0,0,0,0,0,0,0,0,0,0,0,0,0,0,0,120,0,0,0,0,0,0,430,607,0,776,0,0,0,0,0,0,0,0,0,315,0,446,0,0,0,0,0,0,0,0,0,0,0,0,0,0,351,0,1,0,11,0,0,0,0,80,0,0,0,0,0,0,0,101,2329,680,25,1,41,0,0,0,0,0,0,10,0,5282,0,0,0,0,0,0,0,0,36,0,0,0,0,0,0,0,0,0,0,0,0,0,46,874,1025,0,0,168,0,0,0
"gene_217",0,0,5,0,0,0,0,1951,0,0,0,0,0,0,0,0,0,0,0,0,0,0,0,0,0,0,0,61,0,0,0,0,0,0,0,0,0,0,0,0,0,0,0,0,0,0,0,0,0,0,0,0,0,0,0,0,577,0,0,0,1736,147,0,0,0,0,0,0,1,0,0,0,0,1,15,0,0,0,0,0,0,0,0,0,0,1,0,0,0,0,467,0,0,0,0,0,0,6,0,0,0,0,0,0,0,0,0,0,0,0,0,0,0,0,0,0,0,0,0,0,0,0,0,34,0,0,0,0,0,0,0,0,0,0,0,0,0,0,0,0,0,0,0,0,0,0,0,0,0,0,0,0,0,0,0,0,0,0,0,0,0,0,571,0,0,0,0,0,0,0,1,0,0,0,0,0,0,0,0,378,691,0,0,0,0,0,0,28,0,0,0,0,0,0,0,0,0,0,0,0,0,1,0,0,0,0,0,44,0,0,0,0,0,0,0,0,0,0,0,0,760,0,0,0,0,0,0,0,0,0,0,0,0,0,0,0,0,0,0,0,185,0,0,0,0,0,0,14,0,0,0,0,0,0,0,0,0,0,0,0,364,0,0,20,0,3949,0,0,0,0,0,0,0,268,2,0,0,0,0,0,0,0,786,0,0,0,0,0,0,0,0,0,0,152,6,1,4,0,4279,0,0,0,0,0,0,0,0,6,0,0,0,0,12,0,0,0,0,0,0,0,566,10,0,0,0,0,0,0,0,1,0,0,950,0,0,6,0,0,0,185,0,0,0,0,1,0,0,0,0,0,13,0,0,47,0,0,0,0,0,0,61,0,208,0,0,10,0,0,5,0,0,0,0,0,8,73,0,0,0,0,60,0,0,0,0,0,0,0,0,0,41,0,0,0,3,0,0,0,0,0,0,0,0,13,0,0,0,0,0,0,0,0,1,29,0,0,0,0,0,0,0,0,0,0,0,0,0,44,0,0,0,0,0,5,0,0,0,0,0,0,0,0,1130,0,0,13,0,0,0,0,4,0,0,0,142,586,0,0,0,0,0,0,3,0,0,0,0,0,0,0,0,0,0,0,0,0,0,0,0,0,184,0,214,0,0,0,0,0,0,0,0,0,0,0,0,0,0,0,0,0,0,0,0,0,0,3,0,0,0,0,0,0,0,0,0,0,0,0,0,0,0,824,0,0,0,0,0,11,782,0,0,0,0,2,0,0,0,0,0,0,0,0,0,0,0,0,1,0,0,0,0,0,1,10,125,0,7,0,0,0,0,0,0,552,0,0,0,0,0,0,0,0,0,0,0,0,0,0,0,0,0,0,0,0,0,0,0,0,0,0,5,0,24,0,0,0,0,0,0,0,0,0,0,448,3,0,0,0,0,0,0,0,0,0,0,0,0,0,0,0,0,0,0,0,0,0,0,0,0,0,0,0,0,0,0,0,0,0,0,0,0,0,0,1191,0,0,0,0,0,0,0,0,0,0,0,0,0,0,0,0,0,0,0,0,0,0,0,0,0,0,0,0,0,0,0,0,0,0,0,0,0,0,0,0,0,0,0,0,0,0,11,0,0,0,0,0,0,0,0,0,0,440,9,0,0,0,0,0,0,0,0,0,0,0,0,0,0,0,0,0,0,0,0,1121,0,0,0,0,0,0,0,0,0,0,0,0,0,51,0,0,0,0,0,0,0,0,0,0,1457,0,0,0,0,0,0,0,0,0
"gene_218",3,17,0,51,7440,0,2,1,255,1422,0,0,3,0,19,0,17,4,874,537,539,3,387,68,595,9,10,614,0,1,1904,0,5,0,237,0,590,0,1567,2540,113,2,1722,0,0,1064,7,0,75,119,0,3,694,0,0,17,581,149,73,402,1151,0,0,62,5,0,132,1,663,111,0,5,1,545,1,5,0,0,0,2889,0,47,310,8,1525,0,0,151,503,235,0,0,0,0,1,36,0,0,0,1532,4,0,0,1,1733,0,0,0,0,0,0,0,23,662,0,4,84,0,0,69,0,0,0,0,0,9,28,0,0,24,0,0,0,0,0,1,0,0,0,10,1,993,0,0,422,0,0,1,0,3,0,5337,0,0,0,0,0,0,0,6,0,0,0,1,0,3207,0,0,3,0,2955,1839,108,0,0,10669,0,0,385,2,481,0,0,0,0,0,119,0,7716,4332,2136,86,0,0,1831,0,0,58,0,48,0,1,0,313,0,762,0,0,2,4267,0,219,0,0,90,0,0,0,7,0,29,9,394,624,0,0,9,4,0,5,0,101,0,309,0,0,1510,2302,0,0,4300,3262,563,351,0,0,0,4177,0,1407,772,1438,0,442,0,0,0,0,0,57,0,0,0,0,0,0,0,0,0,0,0,179,0,0,0,1577,0,0,0,0,0,5,0,0,0,0,0,226,0,0,0,2540,0,0,0,0,0,0,0,21,0,3,0,0,0,9,12,0,0,0,0,257,0,0,0,0,0,0,0,0,0,5196,0,995,0,0,0,0,0,238,0,0,0,0,2736,0,75,0,45,0,0,0,0,0,0,0,0,0,22,2,0,0,0,1,0,0,0,0,0,0,25,0,0,0,0,0,0,0,0,0,0,0,0,0,0,0,0,0,0,0,0,1,3,43,0,0,5,0,0,168,0,0,0,0,7,0,0,0,0,24,0,0,0,1,0,111,0,0,0,0,0,0,0,0,0,61,11,0,11,0,0,0,0,0,0,3,0,0,182,0,0,0,0,0,0,253,0,0,239,3,0,91,0,0,1,13,0,0,0,0,0,0,0,0,0,0,0,268,0,0,0,1,0,0,0,23,0,0,0,0,0,196,2759,159,23,0,0,2,0,0,30,0,970,0,0,255,0,1,0,0,0,0,0,3,0,34,0,0,3,446,0,0,4,0,0,2,7,0,0,0,3,0,0,0,0,0,0,0,0,567,0,0,0,0,90,0,34,81,0,0,325,55,0,54,91,0,1,17,0,4,0,0,0,0,0,0,1,34,0,2295,0,1,0,0,0,0,2,0,0,0,0,0,0,147,3727,41,0,73,0,0,0,2668,0,0,0,0,0,0,0,0,0,0,0,0,0,78,0,0,0,1,0,0,8,0,2715,0,4261,0,0,0,0,0,671,619,66,0,904,0,0,0,0,35,12,2313,0,0,0,0,0,0,0,8,0,0,0,0,0,0,6,6589,0,0,0,0,0,0,210,3565,0,0,0,0,0,54,0,0,0,0,0,0,0,0,0,0,2,188,0,0,0,0,0,0,0,0,0,0,0,0,0,10,0,0,0,0,0,0,41,106,0,0,2,0,0,0,0,0,0,7,0,0,0,0,0,0,0,0,0,0,0,0,0,0,615,0,0,0,0,181,0,0,4133,0,0,0,0,0,0,0,43,0,0,0,0,27,0,0,0,57,1043,0,0,0,0,0,1,0,0,1403,377,0,0,0,0,0,0,0,2,3924,1209,5,199,0,0,0,0,0,0,0
"gene_219",2197,4,0,22,0,6,678,10,0,39,1646,0,2267,695,2551,19,17,0,3052,1481,0,713,17,366,191,359,0,1993,2,167,474,2470,0,51,2,10561,12112,468,911,528,180,52,84,0,0,4,634,52,2224,0,109,0,5,1,305,14,0,0,2237,0,109,984,1,2,2586,54,516,13,7928,3,0,19,0,1424,316,0,41,1385,0,6139,444,0,22,129,60,138,1724,82,459,1880,2629,1761,346,0,5,0,101,0,11,0,0,0,185,0,0,40,0,0,0,0,608,151,22,0,0,0,23,32,80,0,0,0,0,0,0,1933,0,0,0,194,0,12,0,4,2082,9,1361,352,0,10702,698,0,1483,23440,3088,1620,73,7,0,7,13826,250,0,8,0,0,91,0,33,0,11,0,0,34,5,0,156,478,0,572,0,0,8195,342,5,1541,200,0,15,0,8876,64,0,1868,2187,20,0,0,7,4,0,8986,1,0,544,0,1,5,0,0,493,14,0,3,2,0,789,0,118,0,0,0,3580,26,0,265,0,1815,94,0,235,769,54,0,3973,168,13,82,12866,1544,4,4,0,0,9602,26,1070,2,18,0,5,0,505,35,0,6,0,2,410,0,254,4817,0,0,1584,0,2712,202,33,23,5454,0,119,27,17,1,0,0,0,0,26,0,71,845,208,0,130,40,2274,14,0,5103,0,100,2,3028,0,3,1,10,236,0,0,2,6,0,0,1,0,2369,0,695,7,1550,1785,81,131,7,0,0,0,0,0,5,0,1320,63,89,0,107,2,160,586,1108,0,0,86,2,2412,0,76,0,554,217,1234,1,1,2232,1,1264,32,530,221,233,413,0,2,57,148,0,106,90,628,3,0,188,1,0,2818,2495,0,57,0,11,140,82,0,1,25,556,4,0,2383,140,35,40,66,0,50,356,16,2,576,151,796,39,1,201,0,0,1291,0,27,16312,926,0,2931,171,224,28,1544,1,2484,104,76,70,0,89,1,4,1333,2317,913,2455,0,1,1,1296,0,10,10,76,4,0,5,11086,1624,11,62,0,9,0,0,2,121,0,33,1,0,0,0,11,0,0,23,35,0,0,0,0,0,222,0,0,0,0,0,0,3946,45,946,1002,0,0,0,0,47,0,0,2,223,0,0,1,355,115,1,5,4798,0,19,0,0,0,0,0,0,0,907,0,0,0,0,0,0,2,0,4449,0,0,0,0,776,0,34,0,18,6,0,114,0,0,0,9,0,15,0,0,622,0,112,0,2,179,0,8,0,0,0,0,678,0,0,0,0,0,0,0,9087,25,0,692,0,613,0,944,0,2420,0,0,13,0,0,5382,3,0,0,0,1,0,0,0,5585,0,1,0,0,0,25,0,48,11,4,53,17742,3983,0,0,1928,0,0,5828,72,2,0,2,7058,192,1759,38,0,3024,1,769,1905,0,2947,16,0,0,23,5222,0,306,1509,3688,0,2171,12398,0,35,1863,0,1258,0,4,12,0,8,5600,17694,9376,0,0,2163,822,189,550,0,417,8021,4831,6,0,314,3523,1132,0,135,5187,0,510,3648,0,1972,0,0,30,307,324,3589,26,4853,1520,17,3165,9231,41,1992,262,1202,4,0,4,0,2642,0,496,0,814,7095,2775,3611,0,1195,0,700,4,4,22376,0,1071,0,769,0,57,1,0,0,4671,65,1797,0,0,320,0,4290,0,408,1,35373,0,442,99,639,3577,490,13333,1,46,1424,12059,0,1374,4640,14733,2774,0,83,0,5,0,3186,0,807,1212,246,82,8,9064,6,10960,1174,0,9,0,0,27,0,0,1429,153,9,15,2862,0,1426,48,19,0,136,0,6,15474,0,0,7117,19
"gene_220",12934,4373,2282,127,460,935,3069,516,213,20756,3477,26,12076,7504,3308,328,6,6898,2208,11,92,119,2498,5195,251,221,194,98,1548,42,2644,48,1759,856,4000,5991,322,436,756,760,3177,183,0,76,34,6027,1,20,96,9162,626,2440,173,165,592,524,9778,8939,9882,301,164,7317,7334,175,447,483,1604,1769,114,2114,2019,291,79,45,172,10607,55,752,7,1804,4024,1135,734,708,154,2545,52,5931,1269,22,72,5,7012,0,329,0,240,1517,352,91,16,22583,0,389,54752,170,1,38,0,211,135,142,698,4020,290,8894,1872,651,4157,2996,6988,10185,19,8,244,10735,530,19,6007,2262,28,0,48,68,534,25,73,2135,0,464,797,38148,0,4947,20750,9,13,10057,1,376,0,5006,30358,2086,171,63206,8961,6435,0,21,0,27621,113,32,53,352,6104,29,0,583,5,74,12588,9,1388,15708,813,0,12844,5,75322,516,15287,173,222,8830,4517,15763,1159,672,0,974,18,230,82,156,526,187,1975,169,1031,123,26,3253,1,2248,356,911,3,3133,5371,650,1,1659,0,150,8074,2188,2,622,200,3842,1621,1,24387,812,29,2439,244,10,1081,1605,8241,215,202,744,888,432,525,91,7076,10048,2037,347,7791,1,22,3380,1,1328,26172,1000,2715,88,3895,2728,19,610,4648,4,2082,1651,5009,19,669,4356,273,1,420,89,7808,181,39,1196,1380,8023,4909,645,6224,8,65,6337,733,4,121,1089,458,7869,4791,7984,200,1415,2127,671,913,643,24,3193,803,2307,1941,278,7391,3652,1722,15946,5263,168,270,4424,1841,10135,3572,1515,59,3143,45,470,2338,2415,782,4947,331,6009,3907,57,1002,4841,1718,2848,2271,27,113,1761,2615,986,830,7023,1352,75,30,7990,71,2160,16,98,499,2227,1030,530,13,0,189,1994,18,237,290,12626,20096,170,1690,1652,448,3938,787,336,634,137,310,722,2942,110,21,2041,3055,523,177,1642,5410,2708,3213,2533,8939,5,2603,19,2259,73,719,5266,276,1662,1019,1174,858,84,1168,1233,5712,670,1273,569,4091,113,88,344,8068,2863,1689,1195,5493,3261,8814,3345,67,752,2815,51,136,6794,1299,5003,4183,231,194,10763,3970,50,794,160,42,3930,1,8839,9,1775,622,1499,1386,14,262,2,662,3743,1954,40792,1687,20,6,670,2135,0,538,758,0,10958,62,589,144,4073,6053,33,19320,166,0,1520,6712,1373,2139,2582,142,5261,1179,301,2302,954,970,1596,836,258,5711,1179,837,0,4016,844,200,7,510,33,5,405,112,548,497,4339,7530,110,4427,4187,89,7039,174,2310,304,13502,11906,57,4662,1369,14923,13472,6224,119,4589,244,8712,3648,6181,320,6,75,817,899,3271,923,11,1,30,14856,0,3481,42,912,74,4527,1061,16848,442,2070,60,270,196,139,3175,19,13729,7520,1158,14148,361,188,558,176,26,364,11,15636,1445,582,476,6109,4835,15296,3468,23,239,22445,1416,1453,10860,216,110,195,4,106,5154,0,1,6336,14699,4931,10204,2343,0,594,18,89,5210,3,1932,14,2105,547,1098,3053,807,23582,1876,2025,1147,2160,169,4912,3625,1672,997,11,193,201,558,640,2181,2940,311,3,20904,399,1004,75,1995,39,47,1227,11207,1423,899,19546,884,3084,6192,2100,3,23910,8286,3467,41,5904,3,304,198,16,249,242,44,152,446,38,3672,1433,12629,283,9715,1,4708,10317,2372,2240,365,354,179,0,133,400,5262,2291,177,48,1813,5242,363,380,8,397,2325,0,17,1898,1497,1006,1505,0,195,32,37,1193,55,6610,14617,224,186,188,12088,30,1321,0,94,9839,469,4455,27440,244,85,211,0,467,2,4806,105,2495,1072,889,2364,118,17,12,800,11183,352,1428,1327,8965,547,4,259,2714,4961,12102,34,685,2561,9349,4473,8,0,828,6811,1,1982,408,21,11365,238,1,23400,135,25935,2609,15247,77,4155,1937,208,70,1102,1712,26,7606
"gene_221",0,0,714,0,0,32,0,0,0,0,0,50,1670,0,0,0,0,0,0,0,0,0,0,0,0,0,0,0,0,0,0,0,0,0,0,0,0,1014,2,0,0,0,0,0,0,0,8,32,0,0,0,0,218,97,231,676,84,0,0,1049,0,399,34,0,0,0,0,735,0,0,0,1,0,3,7635,39,0,0,0,0,0,0,0,0,0,90,2,0,976,0,0,0,0,0,0,0,24,0,0,0,0,0,0,0,0,0,0,0,0,0,0,0,0,0,0,239,0,0,1243,0,0,0,0,0,0,0,0,0,0,0,0,0,0,2,1759,0,4283,1,0,0,0,0,774,0,0,0,0,0,0,0,0,461,53,6,0,0,0,0,39,0,29,0,0,0,0,2697,10850,0,0,0,0,8,0,0,0,0,0,0,0,0,7160,187,0,0,12,0,0,0,0,0,0,0,0,0,0,8,0,1651,0,0,476,0,0,0,0,171,557,723,0,0,0,2,0,0,0,0,0,0,7,961,0,0,0,0,0,8,0,0,1,0,0,68,52,0,0,0,0,38,39,5,3,19,4,0,0,22,17,185,0,0,0,0,14,0,6,0,0,0,0,0,0,0,0,0,0,0,0,0,0,0,0,2787,0,8,0,0,0,0,0,30,0,0,0,0,0,0,0,0,0,8,0,14,0,0,0,0,0,0,0,0,0,0,0,0,0,0,0,0,0,5,0,0,0,0,0,0,0,0,87,0,0,0,0,0,0,0,5,0,0,0,0,0,78,0,0,25,0,0,0,0,0,0,0,0,0,0,0,0,0,0,0,0,37,4,0,0,0,80,0,0,0,0,0,0,0,39,0,0,0,0,0,0,0,0,30,0,0,0,0,0,0,0,0,0,0,0,0,0,0,0,0,0,0,0,0,0,0,139,0,0,293,0,0,0,0,1,0,0,0,0,0,0,0,0,0,0,0,0,0,0,0,0,0,0,0,0,0,0,0,0,0,0,0,0,0,0,0,0,0,0,0,0,0,0,0,0,0,0,0,0,0,0,0,0,463,0,0,0,0,1,0,0,0,0,0,0,0,1,0,0,0,0,0,0,111,0,425,0,0,0,145,0,0,0,64,0,0,0,0,0,0,0,1,0,0,0,0,0,0,0,0,0,0,0,0,0,0,56,0,0,2,0,0,0,0,0,319,0,0,0,0,0,0,0,0,0,0,0,0,0,0,1,0,1007,166,0,0,113,0,0,0,0,0,0,2969,240,0,0,0,0,0,0,0,0,8,4483,0,0,0,0,0,0,0,0,0,0,0,0,0,22,0,0,0,0,0,0,0,0,0,0,0,0,0,0,0,0,0,0,0,0,0,0,0,0,0,0,0,0,0,0,0,0,0,0,0,0,0,0,0,0,0,0,14,0,0,0,0,0,0,0,0,0,0,167,0,0,0,0,0,0,0,0,0,0,0,0,0,0,0,0,0,0,0,0,0,0,0,0,0,0,0,0,17,0,0,0,0,2988,0,0,0,0,41,0,0,0,0,0,0,0,0,0,0,0,8,0,0,0,237,0,0,0,0,0,0,0,0,0,0,0,0,0,0,0,0,0,0,0,0,0,0,0,0,0,0,0,0,0,0,0,0,0,0,0,23,0,0,0,0,0,0,0,0,0,0,0,0,0,1,0,0,0,0,0,0,0,0,0,350,0,0,0,0,0,0,0,0,0,0,0,0,0,0,0,0,0,0,0
"gene_222",56,205,3,0,2178,42,187,12,276,12,182,83,158,104,688,5,92,22,2,446,58,156,250,398,248,15,40,630,244,1255,3,27,344,227,1318,42,247,110,51,127,40,103,0,65,69,243,2,117,39,21,595,1276,3,70,203,17,10,295,511,415,179,6,27,4,82,1,199,315,35,1486,77,14,53,960,292,198,18,365,121,192,80,397,48,149,26,1,6,264,1084,45,29,263,0,0,48,0,24,3,0,877,0,2,75,351,376,0,0,0,0,0,0,0,0,0,0,0,0,299,557,487,0,0,7,0,540,0,0,306,0,1,0,949,100,1,1,1317,0,18,163,48,174,0,124,1545,233,0,0,25,830,129,0,0,0,1,118,6,0,0,105,0,2,2,0,0,2411,1,6,0,9,0,123,40,930,2,0,0,7,70,0,0,0,32,0,133,1,0,0,0,14,0,71,0,90,768,1,10,25,53,0,10,11,92,44,95,1,0,0,49,333,28,0,3,107,0,0,46,0,203,0,343,650,14,1,0,0,399,0,1,0,7,16,0,0,19,0,0,17,3,3,0,6,349,1013,32,62,11,0,26,802,0,6,629,0,0,0,156,2332,230,0,979,7,11,100,55,251,1014,22,2,192,508,20,439,1,124,2,934,4984,7,49,0,17,0,440,0,56,0,231,0,5,700,40,358,392,13,818,351,213,26,5,419,8,150,40,608,105,282,40,1,0,0,18,0,38,545,56,13,8,10,0,0,0,65,425,510,321,943,492,9,244,268,9,2,200,195,10,14,1,38,0,69,1,2,0,13,866,1,782,46,1,18,0,268,1,150,348,1074,0,40,726,378,2270,255,241,28,0,16,298,0,0,790,554,191,47,225,10,7,135,48,84,158,0,116,150,44,238,39,12,280,37,2016,152,73,2,10,797,121,616,8,72,769,1,493,92,19,2,1803,1,74,441,386,1,302,51,659,208,4,90,30,30,0,0,486,8,281,155,712,258,128,305,166,21,170,98,1483,40,18,380,717,10,20,501,355,38,295,230,1061,1108,573,1686,210,1577,504,517,10,316,1584,1316,858,2628,11,532,211,1447,16,929,30,414,602,12,292,508,163,741,902,2600,5,9,402,440,761,3317,1735,1415,235,101,630,2325,35,327,817,34,2454,1987,58,1164,92,250,77,4188,47,1,541,852,22,1526,74,307,204,493,2245,2514,627,19,3420,760,1063,131,504,1369,352,36,106,926,395,51,2577,213,2124,354,220,857,152,924,1446,901,42,911,75,2201,60,318,2556,83,639,274,789,173,69,3153,21,4091,21,609,0,4,508,6,21,5,201,169,189,1299,1000,38,575,2200,1457,0,574,187,51,874,4068,2093,44,438,5690,153,2855,277,394,1078,957,1633,61,191,2099,850,240,3347,40,1049,4,1759,6792,5044,4,0,8474,649,89,3694,38920,391,418,0,4133,19,1355,0,4,136,18650,71,2055,16913,245,358,11822,26,894,392,41,943,1956,3682,146,104,1183,4205,166,82,16147,3085,7884,2,9,380,4,318,0,19266,2159,11990,127,2,27305,618,1266,1235,268,5232,669,68,576,1018,1765,431,0,0,3960,647,482,4051,4999,1662,38,6555,10576,1628,5,1338,0,16,1451,166,160,310,1477,1582,1222,13212,801,6213,1054,26,405,2538,76,137,577,7845,184,91,7860,184,1668,47,3206,1,1418,36,1163,51,2412,533,170,15176,1362,6018,0,296,922,47,179,413,913,2740,467,8692,1045,4035,1513,2832,6200,100,3920,45,372,732,1425,295,251,260,19144,935,532,37,3110,2902,695,10387,269,2574,45417,140,9748,5777,959,2830,478,207,7124,203,3081,367,25129
"gene_223",0,9,0,20,0,0,9,0,0,0,4,17,0,6,0,0,0,0,0,20,0,0,0,0,0,1230,4,0,0,37,0,3,0,1,0,0,173,358,0,0,0,0,2112,0,0,465,1,0,0,0,0,0,0,0,6,638,0,116,0,0,0,0,0,0,0,0,0,0,0,8,0,0,0,295,15,0,0,0,0,3,0,0,139,0,53,103,0,989,0,36,0,38,2,0,0,0,0,0,2129,92,0,4,12,0,0,3,0,1949,0,0,0,0,404,198,6895,0,0,0,0,0,0,0,0,424,0,0,470,4,1,0,1078,0,0,0,0,0,0,0,0,1,6220,0,50,0,38,0,0,0,2019,3,1,0,2374,0,4,3556,0,0,480,5,36,3,275,0,2186,44,1,19,0,0,0,0,0,0,0,0,0,0,9,1,2573,2156,2,1507,0,0,111,2,0,0,0,0,0,1,550,1,40,25,0,1102,0,0,1331,0,0,128,4,1,0,0,0,18,0,0,0,315,24,0,2,0,0,389,0,62,4228,0,0,181,1797,0,0,0,0,0,112,0,1705,0,1284,10,0,90,0,0,4,0,0,4112,667,36,0,23,0,0,0,0,8,96,0,3714,4,0,0,0,0,253,1185,16,0,28,0,0,0,7,289,2,476,0,0,7,1,141,1088,4,0,0,5,0,0,119,0,0,0,0,14,0,0,84,4,0,0,0,0,0,214,0,0,0,0,2,0,0,4,0,0,1,3,0,353,0,0,0,0,0,1,99,0,0,0,0,0,0,0,26,7,0,0,0,0,0,0,0,21,0,155,0,161,0,0,0,0,22,0,0,1,0,20,21,0,0,0,0,14,1688,0,23,0,0,0,0,42,0,4770,0,14,0,0,322,3,0,0,0,0,0,1,0,0,0,0,0,0,45,29,0,0,0,6,0,0,2,0,0,439,4,0,8157,0,0,0,0,0,0,0,0,0,0,73,0,0,0,0,0,0,0,181,0,0,0,31,4,658,0,0,0,0,0,0,0,0,0,149,0,0,0,0,3,0,0,0,0,0,0,0,0,90,0,0,50,0,0,0,0,0,0,0,0,0,0,0,0,0,0,7,1,2,0,0,0,0,0,1,0,0,0,0,0,0,0,0,3,0,21,1,0,0,0,0,0,0,0,0,1,0,0,0,10,0,0,0,0,0,1,0,9,1,0,2,0,0,1,0,0,0,21,0,51,0,0,0,0,0,0,0,0,0,0,0,0,0,2,0,0,0,0,0,17,0,0,0,0,0,0,43,0,6,0,0,254,0,0,1,0,0,0,0,0,0,4,0,0,0,0,8,0,0,0,0,0,0,0,0,0,0,6,0,0,0,0,0,0,0,0,0,0,0,2,0,0,0,0,0,0,0,0,0,7001,0,0,0,0,0,0,0,0,0,0,0,0,1209,0,54,0,0,0,0,0,0,0,0,0,0,0,0,0,0,0,0,0,0,0,0,11,0,0,0,0,0,0,0,0,0,0,0,0,0,0,0,0,0,0,0,0,0,0,0,0,0,0,0,0,0,0,0,0,0,0,4,0,0,0,0,0,0,0,0,0,0,0,0,0,0,1597,0,0,0,0,1,0,0,0,0,0,0,0,0,0,0,0,0,0,0,0,0,0,0,0,0,0,0,0,0,0,0,0,0,0,0,0,0,0,0,0,0,0,0,0,2250,0,0,0,0,0,0,0,0,92,0,0,0,0,0,0,0,0,0,0,0,0
"gene_224",1729,2653,8693,5476,5299,3228,416,843,1499,3,20127,12050,208,2281,471,58,315,6538,241,267,4315,9,383,2553,748,258,9401,12060,368,182,3891,5025,1207,1093,3986,6752,4187,2192,4945,1037,1699,157,129,135,362,1832,5120,2193,448,3334,410,3195,3205,768,7078,9526,388,18856,174,3847,917,1736,7822,23368,1906,1588,918,985,5221,681,7923,1208,1630,1561,4196,19428,308,1286,2760,13033,4361,244,11319,3322,2574,2633,696,2471,643,0,160,7472,11945,788,1353,3740,648,186,6754,2342,485,841,2122,1168,3599,13080,10077,4718,1644,545,37385,3147,2962,407,14874,8760,2636,559,20,6105,1093,37,0,4,15483,6640,280,1,7,2587,342,907,6131,2097,661,16488,37,24504,11831,31,436,431,3089,11887,108,12592,48478,53307,924,296,1546,2552,325,856,22836,668,284,11380,6719,114,3976,29304,223,2280,9050,25951,4984,44008,224,737,13822,23039,1542,532,4391,5821,3767,137,15326,17116,2200,2947,21712,226,23589,34082,8692,443,1388,2018,329,123395,7044,301,328,2,251,360,15676,4114,6,277,10722,2821,16,11743,3266,137,1043,1389,84291,1611,1057,138,4674,77,13625,4524,10656,5042,4905,793,7017,7482,2120,987,28539,18860,7612,1578,7,13318,25,242,1649,779,477,43,2619,3484,908,19770,7320,158,7669,822,6,2299,149,18,19804,2460,46,1802,7586,661,134,4189,3118,416,1707,0,462,797,1,1745,705,998,15,0,892,1910,7,1,3011,336,0,197,10,4110,11,2,16,1,3201,434,6504,32,4319,981,2184,0,0,26,1,1435,591,0,701,429,829,98,1659,5,19,2150,3,9340,1,13,0,7,463,32,4,5,6,56,0,0,8,0,9,444,2,4,2885,609,181,215,274,37,88,47,1,106,97,4504,892,1425,0,161,16,446,351,212,245,0,75,1369,5,21,1,19,222,102,165,5,0,3872,463,1,0,1,296,14,285,513,14,12,1004,5068,24,114,8,0,3,208,1107,611,1025,1,32,126,544,177,122,183,465,0,0,11,0,4,5,0,848,1165,1718,201,3932,0,82,20,0,0,2,1,33,6,7233,55,31,861,3,1566,1913,210,1896,2518,0,1192,271,4,27,128,1018,6,38,0,0,479,668,582,2,28,152,1031,5662,31,1020,192,451,111,4504,628,236,32,3434,343,27,1581,361,6,566,45,1183,91,0,38,3323,2313,1192,362,2,8,456,8,3026,303,1722,196,4,2891,0,54,4,701,0,157,4625,515,340,32,8,126,2477,3321,164,884,236,35,1530,667,156,24,0,1355,1,1327,0,748,703,7513,55,3261,649,50,3488,555,480,505,922,1,100,64,328,616,632,922,238,126,28,4936,12,3751,624,1475,0,432,1404,197,955,4407,458,3,410,5738,570,17,46,1034,1607,715,3893,8,0,911,11,17,751,0,700,1,2755,11,3,16912,4680,314,5005,1827,2293,849,1002,267,4489,91,451,141,0,0,578,363,0,0,463,746,317,46,3587,44,4948,84,3909,2814,1518,498,418,0,179,1158,0,1095,412,12,23,2050,12992,885,12,5,192,65,0,4,50,302,404,0,1394,2384,12,1134,9871,2148,0,532,159,0,80,260,404,76,2049,961,1820,1202,0,16,1803,1131,370,867,17,23,1772,33,1,4579,4663,2,2333,313,1128,476,7157,1031,0,0,450,106,3966,1,4,304,34,6,0,1327,9,2,80,6060,1414,1195,10139,31,698,0,0,3,94,64,0,8,1663,0,419,1564,0,219,4,237,333,18,103,253,148,796,246,1794,0,2,12,8,11,1166,0,6322,1992,47,211,2,52,5,178,172,727,12076,956,56,513,0,396,153,220,1217,5,652,1,338,0,1385,352,1447,4,200,0,7,0,421,1127,0,2271,147,2948,1304,59,14,717,0,2,58,167,426,2,968,168,1083,137,81,389,1821,1554,3424,187,4
"gene_225",0,5216,2829,172,9,0,2445,115,178,62,83,4332,199,0,287,11,859,382,0,284,1399,90,33,58,222,2,0,9528,1426,7,0,162,41,0,7,1996,80,2465,399,0,0,852,7,1975,19,2,1765,1,16,9,69,975,0,446,699,52,6,2,583,1532,1,11,0,934,0,33,192,992,2,58,1109,714,0,125,2403,0,536,402,15,3,27,0,2040,3,2223,468,1074,0,1896,355,59,0,226,0,0,0,256,0,695,1,332,42,4210,7064,19,19,3843,182,0,0,0,2,179,6,0,2460,0,78,9,1810,8,17,0,87,2077,0,0,0,0,124,0,56,299,69,353,0,0,21,0,562,0,8,110,0,0,612,103,2007,0,1547,4781,60,56,15,65,2175,0,5429,0,0,2513,1377,0,1420,32,47,0,0,79,1,0,585,4,14,22,4156,5708,506,0,0,0,0,1851,73,2,38,844,1047,4121,0,0,226,5389,385,14869,2,1,0,9,0,225,0,0,2,0,0,108,0,0,0,1553,8,0,0,0,0,0,0,24,0,4,0,0,7,1480,29,0,0,0,941,0,0,195,0,190,7903,3496,0,0,0,0,0,0,0,20,0,2959,2,0,0,55,0,0,8,16455,0,20,0,0,0,0,0,2,0,0,0,3,0,0,0,0,0,155,0,13,0,0,0,14,0,514,131,0,7,23,16,27,0,0,0,93,15,4,0,0,26,0,90,5,0,0,0,0,0,8,43,16,0,59,0,0,0,4,0,7,29,2,0,8,2340,0,0,591,0,1,37,6,11,2,118,0,0,1,150,0,0,0,0,39,0,0,6,1939,1894,0,0,30,11,0,7,0,2,0,0,626,9,0,0,4,76,0,1,195,1,0,7,0,5,218,32,0,0,73,56,0,23,0,38,7439,0,19,0,0,0,0,4,54,1354,94,0,0,29,0,28,0,4,0,56,2,1708,0,0,2413,0,252,0,200,0,0,0,15,0,0,0,659,510,1730,41,0,69,0,1,23,77,0,0,0,26,1,0,0,932,55,561,0,10,0,0,730,0,0,0,0,50,3608,0,0,0,0,1,0,0,69,0,49,0,0,0,483,7,0,0,0,0,5,0,5,0,3,0,0,0,0,0,0,9,0,1,3361,86,0,2,411,1,1,0,0,0,0,1967,0,0,14,0,3,0,7,33,0,0,0,0,0,0,0,2,78,0,0,0,41,0,23,0,0,0,7,336,821,0,0,29,0,0,542,0,6,0,0,5,0,0,0,0,0,14,6,0,0,465,1775,0,141,0,2,2879,397,0,107,2,0,0,0,3,643,0,157,355,1,0,4,0,0,0,1,160,0,38,0,287,28,1,0,0,0,2,0,18,0,0,0,0,0,0,0,0,0,0,0,374,1595,0,1885,0,0,0,0,0,6,0,0,0,39,0,0,5,0,0,1,0,0,0,0,117,4,0,0,0,142,0,0,0,0,279,0,0,0,0,0,0,0,0,0,6,0,0,0,0,0,0,0,0,0,0,0,186,3078,131,0,0,21,0,0,0,0,4,0,83,0,0,0,0,0,0,5,0,48,0,0,0,110,0,0,0,0,0,0,0,0,0,0,0,0,0,0,0,0,0,80,0,0,0,0,0,0,0,388,0,0,0,0,0,0,0,13,0,0,0,0,0,0,0,0,0,0,0,19,0,1820,0,1779,870,2574,0,251,0,0,0,0,0,0,0,0,0,0,0,0,0,405,0,0,0,0,0,935,0,0,12,0,0,1,0,594,0,0,0,0,0
"gene_226",280,3,11,292,97,0,123,47,76,106,104,190,48,0,70,198,41,29,25,26,1,1,1001,12,4,181,3,451,157,36,907,50,86,110,88,11,48,110,80,0,3,302,276,0,59,117,194,257,203,0,142,340,62,8,25,16,431,280,18,5,36,600,116,16,3,53,59,649,10,102,139,600,4,123,0,26,78,16,235,47,272,4,44,5,30,16,46,56,53,89,17,214,21492,182,2211,1214,6563,45,6193,3402,23,128,1849,33233,487,7,73,2,139,6079,1725,2330,69,72,1616,6778,53,3428,1862,1,219,0,2010,38,2,9,632,14,195,1786,71,33,568,0,299,94,13,2148,1093,13103,321,691,0,4,90,2455,1215,2006,28090,42,465,4,7211,2,3496,74,58,4033,259,5,1930,82,165,3297,3846,1,51,20141,914,10668,507,326,1504,1089,13346,58,614,8567,8088,8152,2819,233,24826,452,3,2538,4703,2496,8725,77,4763,3521,17888,47,0,0,389,5,209,34,86,179,1,0,3,141,393,15,0,1278,43,5,1,45,574,190,88,88,10,3,135,191,422,1,2477,625,512,0,284,36,0,189,827,86,2099,1460,2763,47,101,23,1,581,428,10,94,1,234,15,10,12,1519,13,796,1,406,24,105,371,1367,33,69,46,145,66,41,27,449,43,18,62,62,311,192,235,24,71,243,50,98,33,41,9,286,93,90,63,48,57,52,421,199,46,31,59,427,137,129,51,75,117,55,261,186,262,97,398,70,30,136,9,263,60,48,1,261,18,18,98,62,25,42,84,138,186,21,12,78,29,258,213,48,11,52,48,375,17,173,45,677,240,29,256,65,244,112,2,560,85,349,18,598,359,168,217,113,88,40,122,56,79,92,256,26,14,254,127,39,97,26,180,20,63,61,58,187,155,204,118,350,167,230,82,19,4,42,168,52,227,337,91,118,81,150,55,93,39,154,40,11,13,82,83,53,22,32,25,266,26,100,54,357,156,414,16,93,110,324,103,92,52,61,4,166,215,36,115,120,12,962,89,317,252,18,62,95,118,10,11,44,42,30,41,80,62,15,69,51,27,62,31,38,20,48,5,2,63,64,44,29,131,2,38,200,8,33,54,340,29,19,40,10,20,60,21,15,32,6,31,32,2,10,122,50,35,22,14,3,21,24,44,69,15,34,88,59,88,37,7,115,4,8,4,27,43,50,13,7,41,50,38,4,49,68,44,43,8,11,148,154,113,6,5,11,17,10,17,33,68,18,120,122,76,22,230,41,33,25,63,119,72,153,29,7,10,33,76,77,18,36,17,83,51,50,89,26,35,11,150,37,58,45,160,121,123,57,83,63,25,21,54,74,34,758,67,45,21,278,141,33,132,112,7,18,45,0,23,209,81,147,0,18,3,114,17,0,1,41,0,0,6,13,152,178,59,2,44,6,84,103,211,11,174,199,246,23,36,80,0,109,125,83,0,63,52,96,43,220,17,113,0,84,333,7,10,57,11,9,0,10,45,41,26,25,151,0,38,204,64,303,10,20,5,22,0,53,59,46,60,2,100,0,7,0,0,75,260,11,89,14,136,53,273,3,108,9,13,52,15,28,0,8,0,17,1,1,0,3,24,75,25,30,0,20,8,103,33,14,14,4,93,2,0,80,519,11,9,48,218,2,10,40,0,14,4,18,233,8,111,181,295,2,6,30,183,10,1,40,5,56,143,0,0,72,26,18,50,116,21,0,107,119,28,0,102,167,99,0,32,24,287,11,152,1,1,24,10,3,0
"gene_227",2167,916,14,0,1460,0,557,24,0,0,14,47,1017,256,0,1,0,145,23,10,152,7,6333,0,2,0,0,3,0,0,681,7,60,42,131,5149,0,7,1088,32,91,2008,75,9238,0,631,20,74,1,0,139,4,1,0,0,1108,0,1383,1083,665,210,265,1,0,4103,957,5,71,608,3,130,564,2,585,627,3284,7,0,0,1047,497,2047,213,5225,102,0,19,76,439,7,574,7,0,6,0,0,0,0,0,180,0,0,25544,2,0,5436,1762,0,0,0,0,0,0,0,0,17,0,0,3598,0,0,211,0,0,0,1,0,0,385,0,0,0,0,0,0,0,0,0,0,0,0,0,0,0,0,7342,0,0,21991,0,6,0,0,0,3465,14056,421,97403,0,0,17,1,0,133,0,0,1211,4359,0,0,0,16,0,1,0,0,0,0,0,1,129,31,0,0,0,0,22,0,10,0,2,1051,0,0,0,0,12,1,0,0,4,7,0,6,0,0,19,0,10,1,0,0,0,130,0,1,6,0,0,0,0,0,0,62,0,15,0,2,0,0,35,1,0,3,0,229,0,0,42,351,0,880,15,9,0,0,1,23,78,1,0,887,360,13,0,9,77,0,0,124,59,4009,0,1,0,0,0,0,166,1,75,2115,0,1,0,0,1,20,0,0,10,72,0,0,0,143,6,0,718,25,0,22,4,1,0,28,710,2,0,3671,0,235,0,614,155,0,31,0,17,0,397,0,0,1,0,0,0,0,0,2,1906,218,0,1323,0,0,0,0,0,1,0,0,25,547,0,0,89,1,1,177,309,69,583,3,989,9,87,0,0,1743,0,0,0,0,23,4,298,1768,1407,0,93,0,0,14,0,60,0,0,0,0,130,0,9,0,1,40,563,0,0,2,0,861,0,0,0,1,179,30,0,0,2853,0,0,1937,27,0,0,0,323,0,0,133,25,0,0,200,0,0,2,0,0,263,2766,3394,0,0,274,0,2,3148,0,0,7,0,0,5,316,570,0,3,0,0,0,7,0,0,0,4,39,4,107,62,0,4348,0,0,61,0,0,0,8,147,6,0,18,0,642,0,1849,0,0,0,4197,0,0,0,114,0,1,10,0,0,0,21,1,8,13,0,0,0,0,68,0,96,0,75,1,159,3,0,16,0,0,0,25,9,18,178,5,253,17,3,0,1,3,0,0,2,61,3,182,0,456,1110,943,0,3546,0,829,4,1,0,0,63,329,45,50,16,19,0,1,0,4553,0,0,0,0,0,77,0,0,0,21,0,0,72,0,0,2,0,0,0,31,2,23,0,356,0,0,17,796,90,0,0,0,565,2,64,864,9,38,0,0,0,5,0,0,0,0,0,0,0,0,0,2,0,14,6,0,0,0,19,0,0,0,0,22,0,0,0,64,0,0,0,0,0,1630,0,14,0,322,0,165,2894,0,0,0,223,54,0,505,0,0,134,5049,186,0,6,0,0,0,0,0,20,5311,0,0,1,0,0,0,0,0,0,0,8,18,0,0,0,0,0,0,0,149,0,0,0,0,2,0,6046,0,0,0,0,172,14,0,0,0,0,7,0,0,0,1,0,52,0,0,0,0,0,0,19,3,48,919,0,1230,1878,0,0,1276,0,0,0,0,0,0,0,0,90,2117,1,0,0,1,0,0,0,0,0,0,366,6,0,0,0,0,0,0,6,0,0,0,0,8,2,0,4121,0,29,0,4,0,0,0,0,39,0,3,51,32,0,0,414,0,104,5,0,0,91,0,0,42,0
"gene_228",0,0,0,0,0,0,0,0,0,0,0,0,0,0,0,0,804,0,0,0,0,0,0,0,0,0,0,0,0,0,0,0,0,0,0,0,0,0,19,0,0,0,0,0,0,0,0,0,0,0,0,0,0,0,0,0,0,0,0,0,0,0,0,0,0,3,9,0,0,2,0,0,0,0,0,0,0,0,0,0,0,0,0,0,355,0,0,0,0,0,0,0,0,0,0,0,0,0,0,0,0,0,0,0,0,0,0,0,1,0,0,0,0,0,0,0,0,0,0,0,747,0,0,0,0,0,0,0,0,0,0,0,0,0,0,0,0,0,0,0,0,0,0,0,91,0,0,0,0,0,0,0,0,0,0,0,0,0,0,0,0,0,0,0,0,0,0,0,0,0,4,0,0,0,0,0,0,0,0,0,0,0,0,2,70,0,0,0,0,0,0,0,0,0,0,0,0,0,19,1,0,0,0,72,11,5,0,0,0,0,36,0,0,0,0,38,1003,0,0,0,0,0,0,0,0,0,0,0,0,0,0,0,0,0,0,0,1,0,0,0,0,23,0,0,278,0,0,0,0,0,0,0,0,2,8,0,0,0,0,0,0,5,0,0,0,0,0,0,4,0,0,0,15,0,0,0,0,102,0,0,0,0,0,0,0,0,0,0,0,0,0,0,0,0,0,0,0,0,0,0,0,431,0,0,0,0,0,0,0,0,0,0,1,17,0,0,7,0,0,0,0,0,0,0,0,0,0,0,0,0,0,0,0,0,8,0,0,0,0,0,0,0,0,0,0,0,0,0,0,0,0,0,0,0,0,0,0,0,88,0,0,0,0,0,0,0,0,0,0,0,0,0,0,0,0,0,0,40,14,0,0,0,0,0,0,0,0,0,0,0,0,0,0,0,100,0,0,11,0,0,87,0,0,0,3504,0,0,0,0,0,0,0,0,0,0,0,0,0,0,0,0,0,0,0,0,0,0,0,0,0,0,0,0,0,0,0,0,0,0,0,0,0,538,0,0,0,0,0,0,0,0,12,0,10,0,0,0,6,0,0,0,0,0,0,0,0,0,0,0,0,11,0,0,0,0,78,79,0,0,0,0,0,0,0,0,0,0,0,0,0,0,0,0,0,0,0,0,74,0,0,0,0,0,0,3310,0,0,0,0,8,0,0,75,0,0,0,7,0,0,0,0,705,0,0,0,0,0,0,0,0,0,3338,90,0,0,0,0,0,6,0,0,0,0,0,0,12,0,0,0,0,0,0,0,0,0,0,0,0,0,0,0,0,0,6,0,0,0,0,0,4,34,0,0,132,0,1997,0,55,0,0,0,39,0,0,491,0,0,0,0,0,0,0,0,368,0,0,0,0,0,0,0,0,0,0,0,0,0,0,2,0,190,304,0,9,7919,0,0,0,0,61,0,0,0,0,0,0,0,0,0,0,1,0,0,0,0,0,0,8,0,0,0,0,0,0,3988,0,0,2224,0,7,10,0,0,0,780,9097,0,388,41,0,0,0,0,1321,0,0,6,0,0,621,244,0,28,0,159,0,0,0,80,2,0,0,0,0,0,0,0,0,0,0,0,0,93,0,0,0,0,0,0,1,0,0,0,75,1,0,0,0,0,0,0,0,0,0,141,0,0,0,1056,0,0,0,0,0,0,55,0,9,0,1,0,0,317,0,186,1,0,215,0,6,1066,0,0,823,0,0,0,0,0,1,0,0,0,1,376,77,0,0
"gene_229",0,0,0,0,0,0,0,0,0,0,0,0,0,0,0,0,0,0,0,0,0,0,0,0,0,0,0,0,0,0,0,0,0,0,0,0,0,0,0,0,0,0,0,0,0,0,0,0,0,0,0,0,0,0,0,0,0,0,0,0,0,0,0,0,0,0,0,0,0,0,0,0,0,0,0,0,0,0,0,0,0,0,0,0,0,0,0,0,0,0,0,0,0,0,0,0,0,0,0,0,0,0,0,0,0,0,0,0,0,0,0,0,119,0,0,0,0,0,0,0,0,0,0,0,0,0,0,0,0,0,0,0,0,0,0,670,0,0,0,0,0,0,0,0,0,0,0,0,0,0,0,0,0,210,143,0,0,0,0,2,0,1,0,0,0,0,0,0,0,0,0,0,0,0,0,0,0,0,0,0,0,0,0,0,0,0,0,0,0,0,0,0,0,33,0,0,48,0,1311,0,0,0,0,0,2,0,0,3,0,0,3,0,0,0,256,0,0,0,0,0,830,0,0,0,0,0,0,2,0,0,0,17,172,0,0,235,1,5,57,4,0,0,0,0,0,2,0,1028,0,1,0,0,0,17,0,0,0,0,0,5,2887,1,0,11,0,0,23,1,0,6,1,0,0,8,0,401,0,18,23,0,0,8,1,433,0,0,0,15,1177,14,45,771,17,0,14,0,0,0,30,118,0,0,6,0,2,363,0,0,50,154,41,0,62,0,0,1,333,764,2452,0,16,0,1,182,271,0,1,7,0,18,0,34,12,28,33,0,2,32,0,12,0,4,0,26,10,0,0,12,0,597,9,0,1,2180,7,0,0,4,29,4,11,1200,0,0,2654,5,516,39,0,29,0,3,5,0,1,0,251,58,0,12,0,379,168,76,99,2,627,0,1,30,0,0,3,0,0,0,7,0,0,1,0,903,0,222,0,0,319,122,0,35,1777,161,0,0,243,0,21,1,202,0,0,219,0,40,106,133,565,470,1,268,0,625,0,0,0,0,0,0,0,0,37,0,0,0,0,405,0,136,6,0,219,266,0,41,220,7,0,0,0,15,76,108,850,0,0,188,14,0,1,0,4,0,0,0,0,724,0,0,305,3,0,0,50,0,0,0,167,0,612,0,7,0,1,0,0,11,12,5,0,0,0,0,124,0,0,0,0,102,126,0,0,0,0,0,233,0,0,121,0,1,0,1722,0,122,0,376,0,7,992,0,8,0,266,0,0,473,1,0,0,633,292,0,188,0,0,6,0,0,0,77,0,1,332,0,1,0,21,0,79,2,0,4,0,0,0,1,0,0,13,0,0,0,0,0,132,0,0,0,8,0,172,0,0,0,3,0,1713,0,3,439,339,1,34,10,0,14,1,0,0,1519,0,0,0,0,5669,2,0,0,353,0,0,0,3,3,0,0,1,0,595,79,0,65,0,0,0,10,0,0,0,5,208,2,1705,0,0,30,0,0,5,0,0,10094,0,0,0,0,0,0,0,0,436,1447,0,0,4,3230,0,0,0,2,7,0,0,0,0,0,0,45,4,804,2,9,0,938,8,0,0,557,0,0,0,0,0,0,0,13,0,0,1,0,320,0,0,1622,5,7006,0,0,8,0,0,2,0,0,0,231,9,1109,2,0,0,199,0,1,3060,3,20,0,0,311,0,0,1,0,1010,110,4593,0,1568,4,0,52,2,0,0,0,0,11,0,2781,3,2,4,0,0,162,0,0,2,14,0,490,40,0,111,0,2,1
"gene_230",260,4272,2068,113,0,2686,1,1289,5,7,8,0,0,0,0,275,5141,104,903,0,20,171,225,18596,6,0,169,0,1281,3,217,8520,4867,364,14,2304,44,575,51,7,0,233,2,0,0,0,1,11,1,0,0,6682,184,28,0,0,462,614,3,19,0,1,2565,1312,3653,1,38,6223,0,1,0,0,2,146,1036,211,0,1180,39,70,314,2,3,0,6,29,231,2287,1500,0,0,0,0,1,0,0,2,342,438,0,0,0,0,0,0,0,0,0,2,0,0,0,11,0,0,5675,0,817,0,0,0,0,0,0,0,100,0,25,0,0,0,0,0,0,0,0,0,0,190,3808,345,3,0,0,0,24,153,0,0,0,0,3,0,0,0,4,0,0,0,0,0,21186,0,0,162,0,0,0,0,25,0,0,0,787,0,15,126,0,0,13881,0,735,0,0,0,0,0,60,11238,0,1431,375,0,0,0,0,0,0,0,0,1199,14,0,0,0,6042,336,0,0,0,0,19,0,0,0,24,69,0,1,1,0,0,0,9744,0,0,0,847,0,0,0,0,0,637,7,0,9618,8229,462,0,0,0,0,0,0,0,0,0,0,0,0,0,0,0,0,10599,0,0,1706,825,1165,0,0,0,0,0,536,824,0,0,0,0,0,1,0,0,0,38,0,0,0,0,0,0,0,0,0,0,0,1,0,882,10,22,0,0,0,0,48,0,0,5,0,0,0,0,0,0,78,0,0,0,0,0,0,0,0,0,0,0,0,0,535,95,0,0,8,1335,0,0,228,0,24,93,0,0,0,0,0,0,0,0,0,0,170,0,0,4657,0,0,0,0,1388,0,0,0,0,0,1,0,3144,0,0,0,0,0,0,0,0,0,0,9545,0,0,0,3286,0,0,0,0,0,0,0,0,712,0,2,0,0,35,0,0,0,0,99,0,0,0,0,0,0,174,0,0,0,0,0,0,0,0,0,1,7,10,0,0,0,0,0,0,0,0,1,0,0,0,0,0,8,0,0,0,0,0,194,0,0,0,161,26,0,0,0,0,0,0,0,0,0,150,0,0,0,0,0,0,0,483,0,0,0,0,157,0,14,645,616,2098,35,0,7,240,0,2131,0,0,0,2,0,0,0,0,0,0,75,585,0,0,306,24,0,702,0,0,0,0,0,17,0,1,0,0,1,420,0,0,0,0,2179,4,0,6,7,0,0,0,1,468,0,610,0,0,716,0,0,1024,0,0,0,0,0,0,0,0,0,0,0,0,0,2,0,1008,0,0,7,0,0,0,84,123,0,0,628,0,0,19118,0,0,0,691,0,0,0,0,0,0,0,2,0,0,0,0,14,0,0,0,19,0,0,0,0,0,0,1,0,12726,0,957,0,2457,0,0,0,0,0,16,0,499,0,0,928,1,0,0,983,0,0,0,0,0,0,0,0,0,122,0,0,0,0,8893,0,0,0,0,0,0,0,0,0,0,0,90,55,0,0,0,0,0,0,0,0,0,0,0,0,0,0,0,1257,0,0,0,2,0,0,0,0,0,0,0,0,0,3,0,0,0,0,0,1,0,1508,0,0,0,0,0,0,2,0,0,0,0,0,0,0,0,0,487,0,44,4,0,0,0,0,0,0,683,0,0,0,319,0,879,0,0,0,0,0,0,0,0,0,119,0,3,0,0,0,0,1098,0,0,0,0,0,0,0,0,0,0,0,0,0,0,1,155,16,0,0,0,6,5,0,0,155,0,0,0,0,0,64,0,0,0,0,0,3
"gene_231",0,0,0,0,0,0,0,0,0,0,0,0,745,0,0,0,0,4,0,0,0,118,0,0,0,0,0,0,0,809,0,0,0,0,0,0,2066,0,0,58,4722,0,85,0,0,2,0,0,0,0,0,3,16,0,0,0,0,0,0,0,0,111,0,0,0,0,1,0,0,15389,0,0,0,0,0,0,0,5,0,0,0,0,10,192,0,10,0,0,0,1007,0,0,0,0,0,0,0,0,26,0,4,0,0,0,0,0,1431,0,0,0,0,0,0,0,3,0,0,0,9,0,0,0,0,0,1,0,4,0,0,0,0,0,0,0,1483,0,0,0,40,18,13,0,0,0,0,0,0,0,0,151,1178,0,1610,0,16,0,0,0,0,0,0,0,0,0,0,0,0,0,0,0,0,0,0,0,0,6473,0,0,0,0,19,0,1,0,0,0,0,7284,1407,71,0,0,0,1,0,0,0,154,0,0,0,0,0,1104,200,29,0,0,15,0,0,0,0,0,0,0,0,420,0,0,26,615,0,0,0,104,0,0,0,0,0,13,0,0,2,0,0,0,89,0,14,140,0,0,0,0,0,0,3,6,16,0,0,0,163,0,0,0,0,0,0,0,6,0,0,0,0,178,2,2,138,147,0,0,0,0,0,0,0,1,0,7,0,0,325,0,0,0,0,0,0,0,0,0,0,0,0,8,0,0,0,0,0,0,0,54,0,15,0,0,0,5,0,0,0,0,0,0,0,3,0,0,0,0,0,0,0,0,0,0,4,245,0,0,1,0,0,0,0,0,2,0,0,0,23,0,83,0,844,0,0,0,0,249,0,0,0,0,6,1,0,0,0,0,0,64,0,0,0,55,0,0,0,0,0,301,0,0,0,0,0,61,0,0,0,0,0,0,0,0,618,0,0,0,248,0,0,0,0,0,143,0,0,0,0,0,0,0,0,0,0,0,0,0,0,0,26,0,0,0,867,62,198,0,0,108,0,0,0,0,0,0,0,0,0,0,0,0,0,0,0,0,0,0,0,0,0,0,0,0,0,0,2,0,5,0,0,0,0,0,0,0,0,0,0,0,0,0,730,0,0,1649,0,0,10,0,0,0,0,0,0,4,0,0,0,98,0,0,0,8,0,0,0,0,0,0,0,0,0,0,0,0,0,0,0,0,0,0,0,0,0,0,0,0,0,4,5,768,74,0,0,0,0,0,0,0,1,0,0,0,0,0,0,0,0,0,0,0,0,0,12,0,2,0,0,0,0,0,0,0,0,0,0,0,0,0,0,0,0,0,0,0,0,941,213,0,0,0,0,0,30,0,0,0,0,0,0,0,0,0,0,0,0,0,0,0,0,0,292,0,0,1,0,0,0,0,0,0,0,0,0,0,0,0,0,28,0,0,0,0,3566,0,0,0,1,0,0,0,0,0,0,0,0,0,0,0,0,0,0,0,0,0,0,0,0,0,0,0,360,0,0,0,0,0,94,0,0,0,0,5,0,0,0,0,0,0,0,0,0,0,0,0,0,0,0,0,0,0,0,0,378,0,0,0,0,0,0,0,0,0,0,0,0,0,26,0,0,0,0,0,0,0,0,0,412,0,0,0,0,0,0,388,868,0,1,1,0,0,0,0,0,160,0,0,0,0,1,0,0,0,0,0,36,0,0,0,0,0,0,0,0,0,0,0,0,0,0,0,4,0,0,0,0,0,0,0,0,0,0,0,0,0,0,137,0,0,0,0
"gene_232",0,0,2,156,64,0,12,0,0,0,1,316,8,338,163,18,441,40,14,0,123,34,374,905,0,68,409,22,21,21,0,8,0,0,632,6,35,43,1,0,178,80,0,0,3,286,16,1,3,0,0,53,0,5,189,0,6,0,0,0,0,0,0,54,95,26,1,3,2,18,0,13,0,70,0,23,0,0,0,473,148,10,0,1,0,4,1,30,14,46,65,596,0,0,2,0,0,116,2,0,0,35,0,0,0,0,0,0,0,0,633,0,0,0,1,0,186,0,0,0,0,0,0,0,188,0,0,0,0,12,0,4,0,0,0,0,0,0,0,113,0,0,159,0,0,0,4,0,0,0,0,0,0,0,0,0,0,0,0,0,0,5182,0,0,0,121,0,0,0,0,0,0,1262,0,0,0,0,0,0,289,0,0,0,0,0,177,0,1988,0,0,0,0,4436,0,0,0,2,12,40,94,66,3,0,110,0,0,1,0,9,40,107,4,5,89,8,0,0,11,8,0,10,3,21,52,58,4,9,6,34,0,0,66,1,0,16,16,31,10,96,0,39,26,54,108,24,8,12,31,0,26,25,1,0,2,4,0,45,11,34,1,30,39,74,57,3,19,4,0,37,79,8,888,61,326,0,17,13,69,2,12,36,5,77,0,37,13,25,3,58,0,26,0,32,3,0,3,22,146,240,148,33,0,216,223,114,87,38,3,1,23,190,7,5,25,4,38,146,3,16,63,28,48,5,29,13,39,85,4,0,1,31,39,24,16,0,1,33,29,10,169,0,305,12,25,1,31,144,130,38,4,33,371,3,34,39,2,0,19,8,0,86,58,15,187,11,0,390,61,3,49,292,32,0,149,0,13,103,11,6,1,0,12,4,30,139,16,24,1,420,217,57,7,0,532,179,0,51,26,361,23,1,636,0,0,37,310,1,0,0,13,515,54,5,46,13,0,1,130,11,0,6,22,0,0,1,13,2,0,4,129,3,3,155,72,156,0,122,55,23,314,91,20,0,53,421,86,3,6,108,25,13,0,16,20,0,1171,0,0,364,9,0,46,23,0,2,0,0,1,232,103,423,2,0,19,351,6,352,0,10,25,225,0,853,15,0,0,1,27,3,1,31,223,130,1,0,0,3,87,16,206,1,0,233,0,19,124,50,100,1,17,1,8,10,2,166,2,3,0,3,46,0,1,0,0,10,53,34,324,180,98,12,0,3,30,251,537,0,334,0,397,1,356,0,55,448,0,0,88,1,0,2,8,0,0,16,0,32,32,81,341,282,384,4,4,74,1,1,0,1,149,51,11,15,9,27,0,1,209,0,674,170,0,417,863,0,357,9,0,0,1,132,9,66,8,1,230,0,110,27,0,319,1,781,243,3,216,0,0,0,540,57,24,0,11,0,0,0,0,356,80,39,692,225,0,2702,3,20,67,94,1,29,0,3,0,284,5,9,3,27,186,0,585,16,17,50,97,0,0,0,123,514,1,407,0,0,325,1,0,6,114,0,12,117,24,269,1,0,49,8,23,0,76,58,0,329,1,0,0,0,1,176,1,26,117,352,47,0,0,112,1,0,339,2,0,3,237,51,0,0,0,8,0,1,13,0,106,540,5,0,0,0,193,2,0,130,3,1,14,6,0,0,69,6,1,115,0,0,0,1947,0,1044,345,0,254,0,311,18,2,155,115,5,0,0,0,0,0,275,4457,356,0,4,0,124,4,389,92,0,37
"gene_233",0,772,0,0,0,0,1284,0,0,0,0,4,0,132,0,0,0,95,0,10,0,2957,162,0,0,118,150,0,0,0,1,0,67,0,517,0,0,403,3277,0,0,0,0,0,466,6,401,0,0,20,0,937,0,0,1063,0,0,0,0,0,50,0,0,0,0,0,538,0,0,0,0,252,0,114,0,140,0,1,0,0,4,0,0,0,429,0,0,0,0,0,0,0,0,0,0,0,0,0,0,0,0,0,134,0,0,0,1,0,21,1,0,0,0,0,71,0,220,2,0,0,15,2522,5,0,0,0,0,0,0,0,0,0,0,50,10,1,2,0,0,0,0,0,0,0,0,0,0,6,0,0,0,0,0,6,66,0,147,3,0,14,0,0,0,26,28,254,119,0,0,0,0,0,0,0,198,0,0,0,0,4,17608,0,0,0,0,0,59,0,9,0,0,0,0,0,0,0,603,0,0,0,0,0,0,0,0,0,0,0,612,0,0,0,0,272,0,0,0,0,0,40,0,4400,0,0,0,0,0,0,0,1,0,0,0,2835,0,2338,6017,0,1428,0,4,0,0,0,0,0,11,0,0,0,0,0,1,0,0,0,0,0,0,322,947,0,0,0,1,9,71,0,2,0,0,0,5,854,0,3034,0,39,1,153,0,0,53,0,10,163,0,0,0,213,18,0,353,0,0,0,0,0,947,1467,0,3700,0,0,0,0,14,442,0,0,865,110,0,1,0,0,0,0,2,2,5,0,0,0,72,1,0,1711,0,0,0,0,0,214,1,0,0,0,436,96,0,0,287,0,445,1141,0,498,0,129,2,0,2599,2,1,0,0,10,0,0,0,0,4,0,0,0,11,172,0,3003,0,159,0,0,0,0,96,0,175,0,793,1,3,3,0,1,243,25,0,0,6019,0,0,46,902,2532,156,0,0,1,0,15,0,498,0,2092,10,0,0,0,1,18,0,234,974,0,0,847,14,64,1306,0,0,0,3,0,0,0,0,2,343,2956,0,0,1,0,0,0,0,0,0,0,0,393,1154,14,1,24,1495,0,0,0,604,19,0,3,6050,0,0,0,0,0,0,0,45,5,3,0,72,0,0,2230,0,0,785,0,0,0,4633,205,203,0,0,0,0,0,2,0,0,36,0,0,6,0,0,0,378,0,120,558,0,37,0,0,0,35,0,6,0,1,0,17,59,0,567,0,0,0,1191,11116,11,0,0,0,0,3,0,17211,390,21,0,0,173,16,12,0,6,0,8,1,0,0,0,0,139,0,0,0,1,0,0,121,206,0,0,473,204,0,0,0,0,0,0,0,358,0,0,3018,77,0,0,15,0,7,14,0,0,0,0,0,0,0,0,552,2627,0,0,190,0,13,7,0,0,0,0,0,0,0,19,0,0,0,1203,2,8,2,0,6,8,0,0,4482,0,340,0,0,49,0,91,3,0,0,6,0,0,0,584,0,0,0,0,0,0,0,0,0,0,0,0,263,0,0,0,0,0,0,426,0,7,0,496,0,0,740,0,0,0,0,0,0,0,0,0,0,0,4,0,4028,0,0,0,0,0,1,677,0,183,0,0,0,0,583,0,0,0,0,3,0,0,136,1,0,0,0,0,4198,0,0,0,0,0,2734,0,0,0,136,1,7,0,4,0,0,0,0,0,0,0,14,146,3617,0,1,5,132,0,0,2633,2,1,0,37,0,0,0,0,0,0,0,93,0,1,0,0,0,0,0,20,0,0,0,1,0,0,0,0,0,0,17
"gene_234",0,0,0,0,0,0,0,0,0,0,0,0,0,0,0,0,0,0,0,0,0,0,0,0,0,0,0,0,0,0,0,0,0,0,0,0,0,0,0,0,0,0,0,0,0,0,0,0,0,0,0,0,0,0,0,0,0,0,0,0,0,0,0,0,0,0,0,0,0,0,0,0,0,0,0,0,0,0,0,0,0,0,0,0,0,0,0,0,0,0,0,0,0,0,0,0,0,0,0,0,0,0,0,0,0,0,0,0,0,0,0,0,0,0,0,0,0,0,0,0,0,0,0,0,0,0,0,0,0,0,0,0,0,0,0,0,0,0,0,0,0,0,0,0,0,0,0,0,0,0,0,0,0,0,0,0,0,0,0,0,0,0,0,0,0,0,0,0,0,0,0,0,0,0,0,0,0,0,0,0,0,0,0,0,0,0,0,0,0,0,0,0,0,0,0,0,0,0,0,0,0,0,0,0,0,0,0,0,0,0,0,0,0,0,0,0,0,0,0,0,0,0,0,0,0,0,0,0,0,0,0,0,0,0,0,0,0,0,0,0,0,0,0,0,0,0,0,0,0,0,0,0,0,0,0,0,0,0,0,0,0,0,0,0,0,0,0,2,0,0,0,0,0,0,0,0,0,0,0,0,0,0,0,0,0,0,0,0,0,1909,0,0,0,0,0,0,0,0,0,0,0,0,0,31,0,0,0,0,1,0,0,0,0,0,0,0,0,4,0,0,56,0,0,0,0,0,0,0,0,0,0,0,0,303,0,0,0,0,0,0,0,145,0,1,0,0,1,0,0,0,0,0,0,0,6594,2014,2,0,0,0,0,0,0,0,29,0,0,0,0,0,0,0,0,0,0,0,0,0,0,0,0,0,0,0,0,0,0,0,2,0,0,0,4,4,0,0,0,0,0,0,0,0,0,0,0,0,0,0,0,0,0,0,0,0,0,0,0,0,0,0,0,0,0,2,0,0,0,0,180,0,0,0,0,0,0,0,0,0,0,0,0,0,0,0,0,0,0,0,0,0,0,0,0,0,0,0,0,0,0,0,0,0,0,0,0,0,0,0,0,0,0,0,0,0,0,0,97,0,0,0,0,0,0,0,0,0,0,0,0,0,0,0,0,0,0,0,0,0,0,0,0,188,0,0,0,0,0,0,0,0,0,0,0,0,0,0,0,0,0,0,0,0,0,0,0,0,0,0,368,0,0,0,0,44,0,0,0,0,0,0,0,0,0,0,0,0,0,0,0,0,0,0,0,0,0,0,0,0,0,0,0,0,0,0,0,0,0,0,0,0,0,0,321,0,0,0,0,0,0,0,15,0,0,0,0,0,0,0,0,0,0,1,0,1,0,0,0,0,0,0,0,0,0,0,0,2,0,4993,0,0,0,0,17,0,0,0,0,0,0,9,0,0,210,0,0,0,0,0,0,0,0,1,0,0,0,20,0,0,0,1407,0,0,0,13,0,0,0,0,0,0,0,0,0,0,0,0,0,0,0,0,0,0,0,327,0,0,18,0,0,0,0,0,0,0,0,0,0,0,0,0,0,0,0,0,0,30,0,0,0,0,0,1948,0,0,0,0,2,0,1203,0,20,0,0,0,1,0,5,0,0,0,0,0,0,0,386,28,0,0,0,0,0,0,0,0,0,0,0,0,0,0,0,0,0,102,0,0,131,9,407,0,0,0,72,0,0,0,0,0,32,0,0,0,0,0,654,0,0,0
"gene_235",0,82,42,542,391,955,106,1,243,224,171,1,4,0,175,1052,30,1226,30,5,103,0,67,1312,514,3,124,128,0,5,2,1,152,655,3901,0,225,111,7,8,24,1,0,116,1004,0,0,372,0,2,1690,111,10,124,0,11,610,0,52,625,0,1001,28,2307,0,36,800,125,0,0,3,126,1,29,2279,26,0,159,44,8,311,0,20,2564,0,877,1,33,257,65,2,18,1,3,1942,0,0,0,0,117,0,195,0,0,0,52,17654,62,32,0,36144,0,24,0,1707,98,11,0,0,0,0,0,4,0,0,3,0,0,0,0,3,0,3,0,0,0,0,0,14,0,82,0,1238,0,25,1,1,0,64,0,0,0,0,5,0,8979,0,8,0,0,92,1,5424,3461,72,0,0,4154,2,0,0,0,5,0,0,1237,0,0,26,2542,0,35,0,263,0,0,0,0,1886,0,2034,126,2,0,21,9,6,549,189,52,2984,0,0,549,76,49,2361,11,0,16,1156,0,46,52,885,84,50,1,0,316,15,710,284,263,0,0,2869,2266,135,172,9,9653,4463,0,267,50,5146,38,19,0,416,2,1,0,8779,6366,54,5179,170,2179,2057,48,2273,148,418,355,25,333,161,0,2666,167,190,11,1,357,1,261,0,0,4,55,875,3,180,8,203,6,95,467,39,824,28,386,369,2677,749,532,214,442,1,396,41,743,1,165,3,1,5,0,32,0,55,1135,583,21,695,426,1285,6,0,41,31,456,0,27,0,0,0,48,26,1165,2,545,1098,400,539,158,4874,163,1268,0,0,1,143,248,720,8,0,583,0,11,1048,94,2853,276,1,407,1478,1,71,34,3,1,159,8,857,24,370,0,116,50,1,0,126,83,0,91,153,549,520,243,15,270,1510,8,268,89,498,206,361,0,120,1911,0,1,0,0,137,271,6,597,0,2090,128,6,118,29,792,46,1198,4388,430,0,5,141,1375,48,487,0,458,422,0,138,4,13,974,420,270,513,8,0,1121,37,42,86,3467,0,97,1,1,48,2,0,21,19,0,86,281,0,708,1,4,106,29,58,16,0,176,0,43,2,379,17,18,0,54,0,8,0,8,1,29,8,0,345,15,732,29,0,0,0,212,0,10,0,0,0,5,452,674,43,1,5,194,199,121,72,831,42,10,0,122,285,4,0,854,6,57,0,67,0,63,0,2741,0,0,696,801,0,6,239,1,738,0,56,63,104,0,198,201,1,519,1,43,470,0,646,0,889,210,0,0,42,0,0,4,90,166,778,9,0,0,0,21,204,12,0,17,3,1,222,103,0,195,7,0,298,0,11,64,0,0,0,272,0,477,3,1410,0,0,2148,225,5,0,10,0,0,0,6919,0,0,0,4570,0,1,35,0,389,31,0,58,12,0,6,19,234,0,40,0,2105,42,1,1,0,1,53,0,64,3,0,1,3672,25,58,13,0,4776,0,218,0,1,352,4,11,112,47,0,3,1,1736,203,5760,1735,0,0,364,1353,305,135,534,0,676,2433,1955,166,71,0,4,0,0,41,501,0,2,254,13,0,0,0,8,1,69,60,911,7,0,0,0,8,200,1,0,2559,0,2623,0,1716,698,23,0,281,0,16,0,28,0,186,19,1436,0,0,5,3,13,4,175,138,21,9,1566,1,1368,0,0,0,2431,0,200,455,0,3,1518,74,340,9479,2060,158,1170,1075,0,738,21,57,0,2843,0,0,0,518,1,2,4,11,26,214,0,1665,1417,1494,0,0,422,185,181,750,0,871,0,520,0,959,0,0,1828,0,0,203
"gene_236",0,0,0,0,0,0,18,0,0,32,547,0,0,0,0,0,0,467,6,1,0,0,1,3,0,0,0,0,0,0,5,137,62,1,0,0,0,0,15,0,8,0,0,0,0,10,0,0,1,0,0,900,0,13,1331,0,36,3,0,7,354,92,0,0,0,0,0,152,5,0,0,1069,0,0,0,1,0,258,0,0,0,0,5,260,2,3,8,1,0,0,7,0,2,0,0,0,176,0,0,3,0,0,21,0,0,0,14,24,2,0,0,517,1,0,8,0,0,3,45,139,0,186,1,0,0,474,0,0,0,0,138,46,0,3,0,0,82,0,1,0,0,0,1312,9996,0,2,0,263,1,326,0,6,8,0,18,0,1,4397,43,8,2777,1,378,0,1046,0,0,2,118,370,0,258,60,81,0,0,0,107,0,194,3,0,0,13716,0,6,308,0,0,326,0,0,2,784,5290,178,1614,4185,432,4430,1085,1275,0,0,9892,104,33,173,3001,0,162,289,4,3,5419,5056,33,26,444,0,1537,1198,31,2833,3077,101,361,2224,0,1996,0,20,60,55,14,2642,5299,522,730,145,0,0,1045,549,13,6900,3,2045,0,276,3,109,3336,35,0,657,0,478,497,26,0,1,4,0,3208,317,0,474,0,7,4,0,2,0,0,24,0,6,80,3,0,49,0,240,0,0,0,0,0,1,0,801,0,1486,0,0,8,0,0,164,0,0,0,0,386,0,234,0,0,0,0,0,389,18,123,0,0,0,0,0,0,0,0,0,0,0,1121,1,0,352,240,80,0,0,0,2978,0,0,0,0,0,5,0,0,0,115,0,20,400,0,2685,51,0,0,0,0,0,5,0,401,0,119,261,1396,0,0,0,0,210,0,44,0,0,765,9647,0,5,4,0,0,0,23,1082,1751,0,0,22,1,2,1534,0,1,0,463,0,2997,0,26,0,1,0,0,0,0,351,14,0,0,1877,5,445,0,215,0,0,169,0,55,0,0,0,0,11,0,0,5,0,0,0,7,0,15,0,0,0,24,0,0,10,185,0,0,6677,0,0,0,1,0,0,0,0,0,0,0,0,0,0,0,0,5,0,0,1,0,0,0,0,0,0,0,0,0,0,0,0,137,0,0,0,0,0,0,0,0,2357,813,0,0,817,0,40,0,3801,0,0,0,23,0,0,0,0,2283,740,0,0,0,0,16531,0,105,0,0,1,0,0,0,0,0,0,0,15,0,0,0,0,0,0,0,0,0,0,1895,0,0,0,152,16,0,320,2,0,0,0,0,135,0,0,0,0,0,0,0,592,0,0,0,0,0,0,0,0,0,0,2650,0,0,0,0,0,0,0,0,0,1,0,0,540,0,0,0,25,0,7,0,0,0,0,0,0,0,1,0,0,0,0,0,0,1206,2,0,0,0,0,3984,0,0,0,0,1,1,0,43,0,2026,0,0,3008,0,24,0,0,0,16,0,0,0,26,0,7325,0,57,81,326,40,0,15376,3,127,0,1,0,0,0,2,0,0,0,0,0,0,0,0,0,0,0,0,0,1,0,0,0,0,0,0,1505,2,1,317,0,0,0,26,0,0,1693,0,106,0,0,0,0,0,1264,0,0,0,0,0,11,0,0,0,5385,0,0,0,0,0,0,0,438,0,10,0,0,0,0,1,0,0,0,0,11,15,0,0,0,17,0,196,0,0,186,3,2,0,0,0,1,0,1,0,6717,41,2,771,0,0,11042,1642,0,0,0,0,0,0,0,0,0,0,0,0,1,0,0,0,0,3460
"gene_237",0,1373,3776,133,47,158,0,0,1106,1735,39952,46,3,201,0,4,275,0,0,0,3,96,2429,175,46,0,18,3,108,1219,109,0,13210,13541,0,52,170,376,12,502,3319,0,301,3651,110,6112,112,0,4,860,0,2,1536,0,636,0,5883,1952,0,0,8,7656,0,1232,0,0,0,0,2847,422,0,0,0,7,0,13,0,2510,1,1726,1770,84,298,0,0,163,1791,26,718,642,15980,339,16,1432,5464,0,0,2,27,11482,1199,789,0,457,17408,11,1817,5766,10,0,519,479,0,0,440,79,2,0,0,11,18948,0,3974,0,0,0,11,5725,84,897,0,0,40,0,0,0,3032,0,53,5,7052,0,0,1618,56251,12,108,0,24590,694,2,1237,697,191,29,0,0,9130,0,27,108,0,1252,0,1020,103,1,6,16,52,0,0,1,0,0,0,3563,3,181,0,0,321,9770,23,6,1,7905,7346,485,144,322,685,16197,0,463,52,410,6,2186,0,123,0,230,4,0,1,2521,0,0,0,1,1,1,0,15,1,1750,0,0,0,636,2,0,1,84,1308,1,0,0,4372,1,0,558,2,2235,0,20,2,4481,0,0,1072,0,0,1597,557,0,0,0,0,0,1,220,9,0,0,27,0,0,0,0,0,0,0,81,5152,95,0,79,0,2770,4,36,1313,710,6,18,273,109,352,2303,4,0,728,139,0,1881,20,32,48,2,360,10,6,67,2,0,0,555,0,13,44,5,1,672,126,1771,314,10,0,0,4,1078,11,2,1,0,0,221,3,339,1192,0,0,32,266,2709,0,165,76,4678,0,983,0,16,35,0,7,0,970,27,3602,0,35,0,0,660,15,442,169,1095,822,0,2023,134,0,0,583,1070,0,0,3278,6153,236,3799,212,60,90,419,0,253,12,78,60,17,1,2,0,0,5572,12,0,2460,2,502,0,0,421,1,0,0,0,0,141,0,0,786,1732,16,77,308,1749,295,37,420,0,2454,82,0,392,59,5,34,7,0,0,21,31,2,0,5258,1105,0,10,0,137,488,0,3,34,6859,8491,292,0,0,6,2,0,1,0,0,138,452,219,0,0,287,0,0,1,0,0,316,0,944,0,1589,99,34,0,0,639,659,0,1,0,209,32,9,1014,0,3052,2837,0,0,10,94,1,63,165,1,0,0,0,1,0,0,0,0,0,225,0,253,58,82,11,0,5,1,0,0,0,58,0,0,25,173,0,6,0,2577,650,371,848,0,0,0,0,0,0,10,0,285,41,0,0,2,390,1428,0,0,0,68,2577,0,0,0,0,65,0,4,0,0,0,0,3,21,218,3618,4,2,0,0,980,4,256,3,4642,2,0,0,1,0,3376,0,1,0,0,1116,974,0,67,18,0,0,0,1,1791,0,0,0,0,0,6053,0,0,0,1,0,0,1156,0,238,0,0,103,4544,0,0,54,0,6,950,0,506,0,0,0,0,51,0,0,0,254,0,4,0,0,6636,14460,0,71,0,0,0,7,0,0,0,0,0,380,9676,22,188,41,0,1996,0,26,183,0,0,0,0,0,0,1,0,0,19123,0,1,145,534,1295,0,81,472,0,1405,0,0,0,0,14,16394,0,641,0,0,0,0,0,0,0,101,14,0,0,0,0,5823,4415,0,0,0,8,0,0,0,1227,113,1,0,2,1,2,0,1,7,0,4,698,0,0,0,0,0,0,0,0,0,0,854,0,59,0,0,0,0,1,0,15,1,0,0,0,0,716,0,49,1,0,0,446,19,0,0,0,0,0,0,885,1,2669,536,1720,962,0,0,0,0,0,0,0,676,5828
"gene_238",4,273,0,0,99,82,0,1,138,0,0,0,0,0,0,895,2592,4,421,1,80,0,0,0,0,0,7,60,0,0,0,0,0,2,0,97,118,8,0,151,0,0,0,0,58,2,58,7,0,0,0,0,588,0,3202,2,44,0,0,13222,483,0,0,4,537,0,29,0,0,0,0,4,0,1541,1,0,0,0,0,519,0,0,0,176,0,519,293,848,0,0,6,3,1,2,0,112,21,1,0,0,3,0,431,0,0,108,60,0,0,0,0,54,0,0,35,0,0,6,654,0,0,1670,0,0,1,0,0,186,0,0,0,28,8,0,5,0,0,0,0,0,279,938,23,0,1,129,33,0,53,0,0,0,109,0,10880,5755,0,2,0,0,0,0,10,0,0,1,0,0,2,3,0,2,0,0,1,1759,0,0,0,0,0,0,0,0,11,0,0,71,2,132,0,103,0,0,11,40,0,0,0,0,0,0,0,0,0,0,0,0,0,2,0,0,0,0,0,0,171,0,1,3,0,0,0,0,0,1657,0,0,0,111,0,0,0,0,0,0,0,0,0,0,0,501,0,0,0,5303,0,0,0,0,0,0,0,0,0,0,607,131,1626,0,0,0,0,0,2,1,0,0,0,82,0,0,42,0,0,0,0,176,0,0,0,0,661,0,0,0,90,2318,0,164,0,13,2,0,0,46,67,6,0,0,0,0,0,1327,0,0,0,1,111,3,1387,377,0,0,0,0,0,0,0,1,0,0,452,1,0,0,0,0,0,0,1678,0,0,11,1,402,0,0,55,0,0,0,0,2,0,0,0,0,0,8,1,0,92,0,0,0,1,32,0,0,0,0,0,0,0,1319,62,12792,2,8,96,0,35,0,0,0,3048,1403,504,0,0,0,0,33,1,0,0,5841,0,0,1021,0,0,0,110,0,0,0,0,0,0,0,0,0,0,0,0,4,0,11,0,0,69,1,0,0,5992,17,1,0,0,0,0,0,22,15492,7426,0,0,0,1,6,0,0,0,0,8,0,0,0,0,0,0,0,530,0,0,0,0,0,0,0,0,0,0,0,0,0,0,0,0,0,0,0,0,0,0,0,0,0,33,0,563,0,0,0,0,247,0,4,0,0,0,0,0,0,0,0,0,0,0,0,0,0,0,0,0,0,0,0,0,0,0,0,0,0,0,0,0,0,0,0,0,0,0,0,10,0,0,0,0,0,0,403,0,0,0,0,0,0,0,0,0,0,0,0,0,0,0,0,0,0,0,0,0,1,2,0,0,0,0,0,0,177,0,0,0,0,0,0,0,0,0,0,0,0,0,0,0,0,3056,0,0,98,0,0,0,0,0,0,0,0,0,0,0,0,0,0,0,0,0,0,0,0,0,0,0,0,0,0,193,0,0,0,1,0,0,0,0,0,0,0,0,0,0,0,0,0,153,0,0,0,0,0,0,0,0,0,0,0,0,6557,0,0,0,0,0,0,0,195,0,0,0,0,0,0,0,0,0,0,0,0,0,0,0,0,0,0,0,0,0,0,0,0,0,0,26,0,0,0,0,30,0,0,0,0,0,0,0,11,0,0,0,0,0,0,0,0,0,0,0,0,0,0,0,0,641,0,72,0,0,0,0,0,122,0,0,430,0,0,0,12,64,0,0,0,0,0,0,0,0,0,0,0,0,0,0,0,0,0,0,0,4,0,0,0,0,0,0,0,0,0,0,0,0,4,0,0,0,0,1,0,76,0,0,0,0,2962
"gene_239",0,56,3,88,0,13,5,0,19,4,3,0,10,1471,0,0,0,121,0,0,0,0,0,5,0,0,0,3,0,0,0,11,568,1,0,0,0,0,0,0,139,619,0,1,0,0,0,0,0,0,0,2,448,6,327,0,26,2,1625,0,0,0,0,636,0,0,9,0,0,1,196,0,181,0,0,0,16,129,87,57,182,634,13,0,220,0,0,0,0,0,7,0,0,236,0,0,0,0,0,0,0,0,0,0,0,0,0,0,0,0,0,0,3232,0,0,0,5,0,0,0,0,0,0,0,803,0,0,0,0,2,0,0,0,0,0,0,46,26,0,0,29,0,5829,0,0,0,0,0,0,0,272,0,0,0,0,0,0,0,0,0,500,0,0,0,0,3,14099,0,0,0,0,1776,9633,0,0,0,0,0,0,0,0,0,0,0,0,0,0,0,0,0,0,0,442,0,0,0,0,0,0,1,0,1,0,32,0,0,0,0,0,6,0,0,1,0,211,0,0,0,0,0,0,43,0,0,0,0,0,0,0,0,0,0,0,970,5,0,1911,46,0,0,0,0,0,0,0,0,0,134,0,0,0,0,2,0,0,0,0,0,0,0,0,0,0,0,0,5574,0,0,0,0,0,1,0,0,0,0,0,36,10,0,4710,0,0,0,0,96,0,0,1,0,0,0,0,87,18,0,0,0,0,2534,0,0,0,0,0,0,0,54,0,0,0,0,0,0,0,3,0,39,46,0,0,0,0,0,0,0,0,4,0,0,0,331,14,0,0,19,608,0,0,0,24,14,4421,0,0,107,2,0,13,0,12,0,2481,0,0,1,44,0,36,0,60,0,0,117,39,0,0,0,0,0,37,0,0,0,0,0,0,0,3500,151,0,5138,0,0,0,0,0,0,4,16,0,0,0,0,0,0,0,0,0,31,0,0,478,0,0,0,0,195,10426,0,0,0,0,0,2559,0,0,0,0,0,0,0,0,0,0,0,7424,0,0,175,0,328,0,0,0,0,0,0,0,0,3,997,0,0,0,0,15,0,0,0,0,0,0,0,0,0,97,0,0,0,1,0,19,0,699,0,0,56,156,1,0,0,0,0,0,0,0,9,50,0,196,8,0,0,1998,327,0,0,0,3,0,182,0,146,9,0,495,0,0,0,0,0,0,7,3411,991,0,1658,3881,0,853,806,1117,353,0,0,0,0,0,1,0,0,0,0,1,0,0,93,0,8,0,1,0,975,1,0,257,0,578,0,0,0,2,1958,0,0,0,0,0,2,0,0,0,0,0,0,0,233,43,0,0,0,0,0,0,5768,0,0,0,64,64,104,0,0,0,398,0,1,0,0,0,0,4,0,291,0,0,0,0,0,8501,0,0,0,0,0,0,0,0,0,0,55,16,0,0,0,0,0,541,0,0,0,0,0,0,0,890,0,0,0,0,49,0,5,0,0,0,0,43,0,0,0,0,0,0,0,0,0,0,0,0,1601,0,0,0,0,0,0,4316,6,0,0,0,0,0,0,2,0,0,6,0,0,0,0,0,0,0,0,0,611,15,0,0,0,0,0,0,0,2,274,75,0,0,0,0,160,0,0,0,0,0,0,10,0,0,0,0,0,0,0,0,240,34,0,499,0,0,0,0,1,2787,1,0,0,0,0,0,12444,0,27,0,3,0,0,0,3,0,0,0,0,0,0,0,0,0,114,0,44,1,0,0,0,0,0,0,0,0,0,1,0,0,0,0,0,0,0,0,0
"gene_240",0,0,14,460,0,0,0,0,210,0,1,1,0,0,0,0,0,0,0,0,0,0,0,0,0,0,0,0,0,0,0,0,0,0,0,0,0,0,0,0,0,0,0,0,0,0,0,0,0,0,1,0,0,0,0,0,1,0,4,0,0,0,0,0,0,0,0,0,0,7,0,0,2,0,0,0,0,0,0,0,0,0,0,0,0,0,0,0,28,45,0,0,0,0,0,0,0,0,0,0,0,0,0,0,0,0,0,0,0,0,0,0,0,0,0,0,0,0,0,0,0,0,0,0,0,0,0,0,0,0,0,0,0,0,0,0,0,0,0,0,0,0,0,0,0,0,0,0,0,0,0,0,0,0,0,0,0,0,0,0,0,0,0,0,0,0,0,0,0,0,0,0,0,0,0,0,0,0,0,0,0,0,0,0,0,0,0,0,0,0,0,0,0,0,0,0,0,0,0,0,0,0,0,0,0,0,0,0,0,0,0,0,0,0,0,0,0,0,0,0,0,0,0,0,0,0,0,0,1,0,0,0,0,0,0,0,0,0,0,0,0,0,0,0,0,0,0,0,0,0,0,0,0,0,0,0,0,0,0,0,0,0,0,0,0,0,0,0,0,0,2,0,0,0,0,0,0,0,0,0,0,0,1,0,0,120,0,0,4,0,263,0,0,0,0,0,0,0,0,0,0,0,0,0,3021,0,0,0,0,0,0,0,0,0,0,0,0,0,0,0,0,0,0,0,0,0,0,0,6,3,0,0,0,0,0,0,0,0,0,0,0,0,0,0,0,0,0,0,0,0,0,0,0,0,0,0,0,0,0,0,0,0,0,13,0,0,0,0,0,0,0,0,0,0,0,0,0,0,901,0,0,0,0,0,628,0,0,0,0,0,0,0,0,0,0,0,0,0,0,0,0,0,0,0,0,0,0,0,0,0,18,0,0,0,0,0,0,0,0,5,0,0,0,27,0,0,0,0,0,0,0,0,7,0,4,0,0,0,179,0,0,0,0,274,27,0,0,0,0,0,0,797,0,18,16,0,0,0,0,0,3065,7,0,13,0,0,0,0,0,0,0,0,0,183,0,0,0,0,0,1546,0,0,0,0,0,0,0,0,0,0,4,0,33,0,0,208,0,0,0,0,128,0,0,0,0,0,0,379,0,0,0,0,0,0,0,0,0,0,0,0,5,0,0,0,0,0,9051,0,0,0,0,1,0,0,0,0,0,0,0,4,241,3267,0,0,0,0,35,445,0,0,6007,0,484,10,0,0,0,0,0,13,9,0,0,0,0,1100,0,0,0,0,0,0,0,0,0,0,0,0,0,0,0,0,0,0,0,0,0,0,0,0,1,0,0,0,0,0,0,2,0,0,0,0,0,0,0,0,0,0,0,0,0,0,1,0,0,0,0,0,190,0,0,0,78,0,0,0,0,0,203,0,0,0,0,0,29,0,0,64,0,0,0,0,0,0,0,1,0,0,0,0,0,0,0,0,0,0,0,0,182,0,0,0,0,0,0,0,0,0,0,0,0,0,19,0,0,0,0,0,0,34,0,0,0,0,0,13,0,0,0,493,0,1,2,0,0,0,0,0,0,0,0,0,6,0,2,0,0,0,0,0,0,1,0,0,0,0,0,7,0,0,0,0,5,8,0,0,41,0,0,254,0,0,0,0,0,0,0,0,0,0,0,0,0,77,0,0,0,0,90,0,0,0,0,0,0,0,0,0
"gene_241",3610,12,40,3168,0,222,0,0,329,449,27,1,23,233,47,24,48,7965,1773,79,1976,6,63,7549,941,5,2018,1,1448,452,0,60,1,513,1117,1,838,0,0,883,64,1118,5803,33,796,1843,282,740,11,543,0,0,0,996,0,153,4,0,27,1,3718,136,2238,0,3,0,104,88,1,1510,22,0,13,51,14139,403,1425,63,149,124,4,159,15,908,362,0,78,4,61,488,0,1,125,0,107,0,3767,0,22122,0,0,81,4488,12972,0,1,40,460,0,242,22993,3,27,169,21,0,0,29,5,235,14183,1,22,3,0,0,1527,991,10445,215,375,0,1115,0,785,0,0,0,402,85,14332,21,0,809,1534,16810,388,133,309,0,0,1834,0,39,0,19,53192,489,1,2020,718,66511,25966,630,0,1,3280,7,0,0,66,15447,0,2,2495,0,0,0,16112,15296,822,1,175,4107,57,248,0,0,290,0,2443,30,0,10,6756,295,108,0,1358,4383,16577,9891,87,345,1167,36422,715,2737,65,1655,1795,0,0,11309,11818,6357,1211,7454,259,0,2,1170,1331,0,15,30,1844,403,169,2299,2851,3,28,4357,480,15,18020,22105,0,0,2479,18,2359,4373,3694,0,618,6499,1443,128,1829,62765,0,990,3649,4,274,18,81,47391,1745,48,0,27,355,0,0,410,0,2,2,0,24,20,7143,0,0,565,3,122,910,298,5313,0,41,1114,85,4,2039,0,147,11,0,6,0,167,0,10,1,1084,1704,0,16,410,0,145,76,1591,0,518,283,24,99,481,2,0,8,77,605,680,0,393,628,398,10484,227,11,1,5,0,4,2,678,0,3,80,1,1135,0,3926,0,4,1,0,51,0,5,7101,395,0,176,13,1557,0,993,38,0,10,1885,2385,0,0,4727,451,9,84,0,1946,73,0,691,1987,0,0,1903,0,1480,24,62,0,361,1221,1172,1108,2252,0,0,879,551,43,0,570,0,108,1586,450,152,20,385,9687,151,2169,4010,374,116,0,2,3,0,33473,2408,8,573,143,0,0,462,1,0,0,9,0,0,10,15,167,0,30,12722,173,173,0,245,0,0,7620,0,0,694,0,431,0,18,6778,932,0,46,0,10,269,0,0,1632,0,7,294,79,0,0,8316,0,4290,196,274,1,0,0,8924,0,0,1685,6,0,2908,63,23,0,529,0,0,987,1783,2976,0,7299,0,0,0,0,125,1,737,0,50,31,3055,2,0,1182,1,28,0,0,1,354,3974,661,5,1326,1533,102,11016,29,2,1295,102,81,84,97,19,0,0,1341,0,1,209,1301,0,0,298,113,0,0,0,64,23829,3692,0,0,215,91,2,0,278,8881,403,0,170,5,13,166,204,5935,2618,459,0,252,0,1244,132,155,528,3498,78,0,7809,1668,44,2,119,0,0,4718,0,4745,0,63,0,85,0,0,198,0,370,0,606,0,5,4,43,334,0,0,0,1046,0,0,0,174,0,0,0,515,0,10061,0,3764,41,10503,2103,10420,0,0,0,0,0,0,0,10,0,0,425,212,0,0,0,0,0,0,0,1065,287,5740,4064,0,0,0,1269,0,0,0,24,35,241,0,6572,0,0,74,0,0,0,0,0,0,773,0,0,231,0,0,943,0,0,44,0,209,900,0,885,121,1,30,0,2,871,0,41282,0,0,0,0,30725,0,0,1,0,0,8,0,0,32,388,0,0,551,0,2,0,0,0,0,0,231,0,0,0,8,0,6,0,0,4478,0,0,146,19,0,2444,1,5677,0,0,0,0,52,166,171,3,2,0,0,0,0,970,0,199,18,4,0,348,3,0,0,0,966,0,0,0,0,0,31,0,42,5719,252,1,0
"gene_242",0,953,0,0,12,0,0,0,181,0,2,1,0,1239,0,0,0,6,0,0,0,0,0,0,133,0,0,129,0,0,199,0,49,0,0,0,2,17,0,0,0,9,0,0,197,4,0,3,0,42,0,0,22,0,0,301,23,0,372,0,0,0,0,0,0,0,1450,0,116,0,0,73,0,440,0,0,0,0,0,68,153,0,0,0,0,0,0,773,0,120,0,0,0,0,0,0,0,0,10,0,0,0,0,0,0,0,0,654,0,0,0,0,44,0,784,2,0,1,0,0,0,2,0,701,0,7641,0,9,9,0,0,0,0,0,0,1607,55,0,0,0,0,3012,0,0,0,0,0,0,0,0,0,0,0,0,0,0,0,0,0,0,0,0,0,0,0,0,6,0,0,0,0,0,0,0,0,0,0,0,0,0,0,0,0,0,0,0,0,0,0,0,0,0,4972,0,0,0,0,0,0,0,0,0,0,0,0,0,0,0,0,0,0,5,0,0,0,0,0,0,0,0,0,40,0,0,1126,0,0,0,0,155,0,0,0,0,0,0,0,0,0,0,0,0,0,0,0,436,0,0,16,0,0,0,0,0,0,0,2,15,0,0,0,0,0,0,0,0,0,7,0,0,0,0,0,0,0,0,0,0,0,3,0,0,0,0,0,0,0,0,0,0,0,0,0,0,0,0,0,0,0,0,0,0,0,0,0,0,0,0,0,0,0,906,0,0,0,0,0,0,0,0,0,0,209,0,0,0,0,0,0,0,0,0,0,0,0,0,0,0,0,0,0,0,0,0,0,0,0,0,0,0,0,0,0,0,0,0,0,0,0,0,0,0,0,0,0,0,0,0,0,0,0,0,0,0,0,0,0,0,0,0,0,0,0,0,0,98,0,0,0,48,0,0,0,0,0,0,0,0,0,0,0,0,0,0,0,0,0,0,0,0,1,0,0,0,0,0,0,0,0,0,0,0,0,0,0,0,0,0,0,0,0,0,0,0,0,0,0,0,0,0,0,0,0,0,0,0,2385,0,0,0,0,0,577,968,0,0,0,0,0,0,0,0,0,0,0,0,0,0,0,0,0,0,0,0,0,0,0,0,0,0,0,0,0,0,0,0,0,0,0,0,3,0,0,0,0,0,0,0,0,0,0,0,0,0,0,0,0,0,0,0,0,0,0,0,0,0,0,0,0,0,0,0,0,1,0,0,0,0,0,0,0,176,0,0,0,0,0,0,0,0,0,0,0,0,0,0,0,0,0,0,0,12,0,0,0,0,4,0,0,0,0,0,0,0,0,0,0,0,0,0,0,0,0,0,0,0,0,0,0,0,0,0,0,0,0,0,0,0,0,0,0,0,0,0,0,0,0,0,0,0,0,0,0,0,0,0,0,0,0,0,0,0,0,0,0,0,0,0,0,0,0,0,0,0,0,0,0,0,0,0,0,0,0,0,0,0,0,0,0,0,0,0,0,0,0,0,0,0,0,0,0,0,2,0,3,0,0,0,0,0,250,0,0,0,0,0,0,0,0,0,0,0,0,0,0,0,0,0,0,0,0,0,0,0,0,0,0,0,0,0,0,0,0,0,0,26,0,0,0,0,0,0,0,0,0,0,0,0,0,0,0,0,0,0,0,0,0,0,0,0,0,0,0,0,0,0,0,0,0,0,0,0,0,0,0,0,0,0,0,0,0,15,0,0,0,0,0,0,0,0,0,0,0,0,0,0,0,0
"gene_243",0,0,1699,9,0,0,0,0,0,0,20,0,3470,0,0,0,11,0,0,0,0,0,0,0,4,0,0,0,0,0,263,158,31,0,0,0,0,0,0,0,0,0,0,0,0,0,0,0,0,1,0,0,0,0,0,372,0,0,0,0,8,0,0,0,0,0,0,0,0,0,0,0,0,0,0,0,0,0,0,0,0,8,0,0,0,0,0,0,0,30,0,0,0,1,0,0,0,0,0,0,0,0,0,0,0,0,0,0,0,951,0,1,0,0,0,0,0,0,0,0,15,0,0,0,0,20,0,0,4436,0,0,0,0,0,0,0,0,0,0,0,0,0,0,0,0,0,0,0,0,0,0,0,0,0,0,0,0,0,0,0,0,0,0,0,0,0,4385,0,1,0,0,0,0,0,0,0,0,0,36,6,0,0,326,380,0,0,929,24,0,0,0,2053,0,0,2,0,69,36,6,0,13061,0,0,6,5907,0,0,0,0,0,1,38,3,0,178,0,0,11,7602,24,0,37,0,21,0,2,68,0,0,6251,0,124,0,0,0,214,0,0,12677,0,333,7,209,0,0,0,0,0,385,0,439,0,70,0,63,29,942,6,0,20,0,0,0,0,0,0,0,0,0,0,0,0,0,0,0,0,0,0,0,0,0,0,0,0,0,0,0,0,0,0,0,0,0,0,0,0,0,0,0,0,0,0,0,0,0,0,0,0,0,0,0,0,0,0,0,0,0,0,0,0,0,0,0,0,0,0,0,0,0,0,0,0,0,0,0,0,0,0,0,0,0,0,0,0,0,0,0,0,0,0,0,0,0,0,0,0,0,0,0,0,0,0,0,0,0,0,0,0,0,0,0,0,0,0,0,0,0,0,0,0,0,0,0,0,0,0,0,0,0,0,0,0,0,0,0,0,0,0,0,0,0,0,0,0,0,0,0,0,0,0,0,0,0,0,0,0,0,0,0,0,0,0,0,0,0,0,0,0,0,0,0,0,0,0,0,0,0,0,0,0,0,0,0,0,0,0,0,0,0,0,0,0,0,0,0,0,0,0,0,0,0,0,0,0,0,0,0,0,48,0,0,0,0,0,0,0,0,0,0,0,0,0,0,0,0,0,25,0,0,0,0,0,0,0,0,0,0,0,0,0,0,0,0,0,0,0,0,0,332,0,0,0,0,0,0,0,0,0,0,0,0,0,0,0,0,0,0,0,0,0,0,0,0,0,0,0,0,0,0,0,0,0,0,0,0,0,0,0,0,0,0,0,0,0,0,0,0,0,0,132,0,0,0,0,0,0,0,0,0,0,0,0,0,0,0,0,0,0,2,0,0,0,0,0,0,0,0,0,0,0,0,0,0,30,0,0,0,0,0,0,0,0,0,0,0,0,0,0,0,0,0,0,0,0,0,0,0,5,0,0,0,0,0,0,0,0,0,0,0,0,0,0,0,0,0,0,20,0,0,0,0,0,0,0,0,0,0,0,0,0,0,0,0,0,0,0,0,0,0,0,0,0,1,0,0,0,0,0,0,0,0,0,0,0,0,0,0,0,0,0,0,0,0,1,189,0,0,0,0,0,0,0,0,0,0,0,0,0,0,0,0,30,0,0,0,0,0,0,0,0,0,0,0,0,0,0,0,0,0,0,0,0,0,0,0,0,0,0,0,0,0,0,0,0,0,0,0,0,0,0,0,0,0,0,0,0,18,0,0,0,0,0,0,0,0,0,0,0
"gene_244",4,160,0,61,126,1198,147,932,64,293,118,255,97,303,7,219,2,3858,226,76,845,1,0,240,3,119,0,0,407,0,53,0,195,0,226,0,46,100,0,93,341,1647,0,365,3,0,0,625,2002,167,17951,3,674,278,5,780,278,29,3560,0,61,1,2120,1312,386,28,854,0,0,2,452,190,21,3,4,376,0,74,79,15,1,0,22,31,28,1736,235,0,999,0,3,25,940,1996,0,0,0,0,0,0,16,0,305,0,0,2399,0,2,220,0,3300,1,0,0,0,0,0,332,5579,51,3,4994,14,0,44,149,0,0,408,0,3,0,0,0,9499,0,0,0,14614,1,12256,4,0,0,0,6536,0,0,0,15,0,571,0,0,1559,0,631,842,32,0,22,39,788,2,0,2117,5,0,0,37,0,0,2671,2923,0,821,7,524,89,26,857,0,0,1294,0,0,2,311,0,0,141,196,0,0,0,109,82,0,163,1142,0,30,0,0,5216,27,610,284,1,13967,5911,0,2037,33,1170,78,658,0,8,12,2191,0,0,0,0,386,25,16,8,0,0,0,0,4,0,2604,126,187,47,574,8674,3742,1,1,449,10,26,90,0,0,0,0,279,0,410,6155,3,0,5627,0,0,621,1782,38,0,1,966,399,879,0,84,431,190,30,665,336,11,0,4649,14,0,530,0,147,7,907,0,287,0,7,0,0,16,18,5,1,158,2,4999,104,109,501,10,0,29,550,0,278,53,34,0,21,1,2,0,88,0,3010,0,0,0,420,791,2,468,0,109,1,484,0,27,161,19,7,253,0,0,0,0,0,22,0,7,0,196,0,0,0,218,0,11,0,0,48,0,106,3,0,57,0,303,936,40,87,2,1045,35,4,222,108,48,2,2,546,0,0,0,312,697,1225,2933,25,420,0,555,266,0,125,0,5,0,628,67,0,0,291,230,6,0,0,7,0,34,0,67,0,758,0,12,0,0,2,735,149,17,743,5956,0,4,230,618,695,1037,97,574,2,3,19,0,14,1376,0,0,0,0,0,0,0,0,23,0,0,0,0,0,0,0,0,0,9222,0,0,0,0,0,1062,0,0,144,0,0,665,0,1,313,0,0,0,671,0,0,260,0,0,0,633,0,0,1,46,0,0,0,549,0,0,0,0,10,0,3,0,1,1,0,0,1,0,0,13,361,0,1,0,228,0,0,0,0,0,0,0,0,0,0,0,0,2,0,209,0,0,911,0,0,0,0,0,0,3276,0,0,0,0,16,0,0,0,6,0,0,0,2,118,0,2,0,755,0,0,0,0,50,0,0,0,12,9,0,0,0,0,0,5,0,267,0,0,0,3,0,235,0,0,0,0,0,0,0,0,0,0,0,0,0,0,1,0,0,0,0,0,0,0,2,0,11,0,0,44,2,0,0,0,0,0,0,0,0,1106,0,1,0,0,0,0,355,0,0,0,0,0,0,0,0,0,0,0,282,0,5,68,0,0,0,0,0,0,3,0,3,0,0,0,167,0,0,0,0,0,4,0,0,0,83,0,0,0,1,0,0,0,0,0,0,0,0,0,0,0,0,0,7,0,0,0,0,0,5,0,0,63,0,1778,0,0,0,0,0,0,0,0,0,0,135,0,0,6431,0,270,1745,1473,0,0,389,0,40,0,0,0,0,6,0,11,0,0,0,4,0,0,0,0,0,0,0,0,0,0,0,0,0,22,0,0,0,0,0,0,3520,0,1,0,0,0,0,0,0,0,0,0,0,0,165,0,0,0,1038,0
"gene_245",0,0,0,13,0,0,0,0,3,0,124,0,0,0,0,0,0,0,0,0,0,0,0,0,0,0,0,402,0,0,0,0,0,0,0,0,0,0,0,0,0,0,0,0,0,0,0,0,0,0,0,0,0,0,0,0,0,0,0,0,0,5,0,0,0,0,0,0,0,0,0,0,0,0,0,0,0,75,0,0,0,0,0,0,0,0,0,0,0,585,0,0,0,0,0,0,0,0,0,0,0,0,0,0,640,0,0,0,0,0,0,0,0,0,0,0,0,0,0,0,0,1721,0,0,0,0,0,0,0,0,0,0,0,0,0,0,0,0,0,0,0,0,0,0,0,0,0,0,0,0,0,0,0,0,0,0,0,0,0,0,0,0,0,0,0,0,0,0,0,0,0,0,0,0,0,0,0,0,0,0,0,0,0,0,0,0,0,0,0,554,0,0,0,0,0,0,0,0,0,0,0,0,0,0,0,0,0,0,0,0,0,0,0,0,0,0,0,0,0,0,0,0,0,0,0,0,0,0,0,0,0,0,0,0,0,0,0,0,0,0,0,0,0,0,0,0,0,0,0,0,0,0,0,0,0,0,0,0,0,0,0,1,0,0,1,1,0,1,0,0,2,0,0,0,0,27,0,1,3,3,0,0,180,218,28,0,0,22,89,7,0,0,0,0,0,2,0,12,0,0,0,0,0,86,0,0,0,0,0,0,0,0,0,0,0,134,0,5,0,0,0,0,0,1,0,4,0,0,1864,0,1,0,0,0,0,0,0,70,0,0,15,329,0,51,0,0,0,0,0,5,145,0,0,0,0,666,0,1,0,0,0,0,0,0,0,0,0,0,1958,33,98,0,0,0,0,244,0,0,0,12,2,0,0,0,2,2,0,94,0,0,0,115,0,10,0,1,5,1,0,0,0,0,0,0,0,2,0,1,0,746,20,110,0,0,0,0,5,0,262,0,0,70,0,6,0,0,0,11,20,0,3,0,0,0,0,0,0,1,0,0,1,0,1226,0,0,41,1,0,0,15,2035,0,0,0,0,0,48,0,0,0,0,1,0,0,0,0,218,0,0,0,0,0,0,0,247,0,0,0,0,0,115,28,282,0,0,134,0,0,310,0,0,23,178,0,0,0,1113,29,0,0,0,29,0,90,0,1,0,0,0,0,220,155,0,2,0,0,0,0,0,5,0,0,0,0,22,6,10,0,1163,0,152,0,29,0,0,1880,0,2,0,0,1,0,0,61,1,0,0,0,0,0,0,14,0,0,0,0,8,0,0,0,0,1,0,0,42,95,0,0,0,0,0,0,0,0,0,0,0,2,0,1,1,0,0,0,0,0,0,0,0,0,0,0,0,0,0,0,0,0,0,2584,0,0,24,0,0,0,0,0,2,0,0,1,0,0,0,1,0,0,0,0,24,1,0,0,0,0,0,0,0,0,0,0,0,0,0,0,0,0,0,0,0,4,0,0,2,0,0,0,8,0,0,0,0,0,0,0,0,0,0,0,0,0,0,0,0,0,0,0,0,0,0,0,0,0,408,0,0,0,0,0,0,0,0,0,0,0,0,0,0,0,0,0,7,0,0,0,0,0,0,0,624,0,0,0,0,0,0,0,0,0,0,0,782,0,0,0,0,0,0,0,5440,0,0,1819,0,0,0,17,0,0,0,0,0,0,0,0,0,0,51,0,0,0,196,0,0,0,0,0,0,0,0,0,0,0,0,0,856,0
"gene_246",0,0,0,3,0,0,0,0,0,0,0,0,0,0,0,0,0,0,0,0,0,0,0,0,0,0,0,0,0,0,0,0,0,0,0,0,0,0,0,0,0,0,112,0,0,0,0,0,0,6,0,0,0,0,0,0,15,0,0,0,0,0,0,0,0,0,0,0,0,0,0,0,0,0,0,0,0,0,0,0,0,0,0,0,0,0,0,0,0,0,0,0,0,0,0,0,0,0,0,0,0,0,0,0,0,0,0,0,0,0,0,0,0,0,0,0,0,0,0,0,0,0,4,0,0,0,0,0,0,0,0,0,0,0,0,0,661,0,0,0,0,0,73,0,0,0,0,0,0,0,0,0,0,0,0,0,0,0,0,0,0,0,0,0,0,0,0,0,0,0,0,0,0,3,0,0,0,0,0,0,0,0,0,0,0,0,0,0,0,0,0,0,0,0,0,0,0,0,0,0,0,0,0,0,0,0,0,0,0,0,0,0,0,0,0,0,0,0,0,0,0,0,0,0,0,0,0,0,0,0,0,0,0,0,0,0,0,0,0,0,0,0,0,0,0,0,0,0,0,0,0,0,0,0,0,0,0,0,0,0,0,0,0,0,0,0,0,135,0,0,0,0,0,0,0,0,0,0,2,0,0,0,0,0,0,0,0,26,0,0,0,0,0,0,224,0,0,0,0,0,0,0,0,0,0,0,0,0,0,0,0,0,9,0,0,0,0,0,0,0,0,0,0,0,1,0,0,0,0,0,4,0,0,0,0,0,0,158,225,0,0,0,0,6,0,0,0,0,0,0,0,0,2,0,0,0,0,0,0,0,0,0,0,2,554,0,0,0,0,0,0,0,0,0,6,0,0,0,0,0,0,0,0,77,0,0,0,0,0,112,0,0,0,0,11,1,0,0,0,0,0,0,0,0,225,18,0,0,3,0,0,0,0,0,0,0,0,0,0,0,0,0,0,0,0,0,0,0,0,0,0,0,0,0,1,2,0,0,0,0,0,0,0,0,0,0,0,0,0,0,0,0,0,0,0,0,0,0,0,0,0,0,0,0,0,0,0,0,24,0,0,0,0,1554,0,0,0,0,0,0,0,0,0,2,0,0,0,0,0,0,1,0,0,0,2,0,44,0,0,0,0,0,0,0,0,0,0,0,0,0,0,0,0,0,0,0,0,0,0,0,0,0,2,303,0,0,0,0,6812,563,0,0,0,0,0,3,0,1218,0,0,0,0,0,0,0,0,0,0,0,0,0,0,4,6,0,0,0,0,3,0,0,0,2,0,0,0,0,0,0,0,0,0,0,0,0,19,0,0,0,0,0,0,0,0,0,0,0,0,0,0,0,0,0,0,0,0,0,0,0,0,0,0,0,0,0,0,0,0,0,0,0,0,0,0,0,0,0,0,0,0,0,0,0,0,0,0,0,0,0,0,0,0,0,4,0,0,0,0,1,0,0,0,0,0,0,0,0,0,0,0,0,0,0,0,0,0,0,0,0,0,0,0,0,0,0,0,0,0,0,10499,0,0,0,0,0,0,0,0,0,0,0,0,0,0,0,0,0,0,19,0,0,0,0,0,0,0,0,0,0,0,0,0,0,0,0,0,0,0,0,0,0,0,0,0,0,0,328,0,0,0,0,0,0,0,0,0,0,150,0,0,0,0,0,0,0,0,0,0,0,0,0,0,0,0,0,0,0,0,0,3,0,0,0,0,0,0,0,0
"gene_247",0,0,0,0,0,0,0,0,0,0,0,0,0,0,0,0,0,0,0,0,0,0,0,0,1,0,0,0,0,0,0,0,0,0,26,0,0,0,0,0,0,0,0,0,471,385,0,0,0,0,0,0,0,0,0,0,0,0,0,0,0,0,0,0,0,0,0,0,0,0,0,0,0,30,0,0,0,0,0,0,0,0,0,0,0,0,0,0,0,0,0,0,1607,0,0,0,0,0,0,0,0,0,0,0,0,0,0,0,0,0,0,0,0,0,0,0,0,0,0,0,0,0,0,0,0,0,0,877,0,0,0,0,6,0,0,0,0,0,4642,0,0,0,0,17,0,0,192,0,0,0,0,0,0,0,0,1067,0,0,0,0,0,0,0,2016,0,0,0,0,0,0,0,0,0,0,0,0,9,0,0,0,0,0,0,0,0,0,0,0,0,0,0,0,0,0,0,0,0,0,0,0,0,0,0,0,0,0,0,0,0,0,0,0,0,7,0,0,0,0,4,0,0,0,0,0,0,0,3,0,0,0,0,0,0,0,0,0,0,30,0,1,0,0,0,0,0,0,0,0,0,0,0,0,0,20,0,0,0,0,0,0,0,0,0,0,0,0,1387,0,26,0,0,0,13,0,0,0,0,0,0,0,0,1867,0,0,0,0,0,0,0,0,0,416,0,0,0,0,0,0,0,0,0,0,0,0,0,0,0,0,0,0,3,0,0,0,0,0,0,0,0,0,0,0,0,32,5,0,0,0,0,0,0,0,0,0,0,0,0,0,0,0,0,9,0,0,77,0,82,0,0,0,0,265,0,0,0,0,0,0,0,85,0,0,0,0,0,0,0,0,0,0,3,0,0,0,0,1,0,0,0,0,0,0,0,0,0,0,0,0,0,0,0,0,0,0,0,0,0,0,0,8,0,0,0,0,0,0,0,0,0,0,0,1,0,0,0,0,0,0,1,0,0,0,0,0,0,0,0,0,0,0,0,0,0,0,9,0,0,0,0,0,0,0,0,0,0,0,0,0,0,0,544,0,1,4,0,0,0,0,0,0,165,0,0,0,0,0,0,0,2104,0,0,0,0,0,0,0,719,0,0,0,0,0,105,0,2,0,0,0,0,0,7,0,0,0,4,0,0,13,0,0,0,0,1,0,166,0,3,0,0,0,0,13,4,1426,0,0,0,0,0,0,0,0,0,42,0,0,0,0,0,0,164,65,0,0,1,0,0,0,0,0,0,0,0,4,0,0,0,158,0,122,0,2854,369,27,0,2,543,0,0,0,0,0,0,0,0,0,0,0,3,0,0,0,0,0,0,0,0,0,0,0,1,0,0,0,0,0,0,0,0,0,1964,0,0,0,0,0,0,13,0,0,0,0,0,0,0,0,0,0,0,0,0,0,0,0,1766,0,0,0,4,4,0,0,17,0,0,0,0,0,0,0,0,16,0,0,0,0,0,0,0,0,0,0,3,0,0,0,2338,0,0,0,0,0,0,0,0,0,0,4,0,0,0,0,0,0,0,0,0,0,30,0,0,0,0,0,0,0,0,0,0,0,0,0,0,0,0,0,0,0,0,0,0,0,0,0,0,0,0,0,0,0,0,0,0,0,0,0,0,0,0,2,0,0,0,0,8,0,0,0,0,0,0,0,0,0,0,0,0,0,0,0,0,0,0,0,0,0,0,0,0,0,17877,0,10,0,0,0,0,0,0,134,0,0,0,0,0,0,0,0
"gene_248",11332,540,6615,0,9,1479,6137,1839,11416,48,453,188,5,3585,1398,1310,6,2672,10837,179,236,3469,372,635,1549,524,1062,3,2776,4101,0,5169,668,54,3740,4416,161,1061,1288,0,2611,1640,98,2829,298,3509,24,1275,981,0,686,261,1751,91,883,412,54,1355,0,32,1709,80,979,28,426,886,57,967,251,2537,1107,71,8,788,10163,1050,288,897,336,1505,1143,9,0,301,454,1,1143,1169,652,0,521,4561,0,0,0,0,0,0,4,0,0,310,0,318,0,0,350,0,0,3,0,0,16,9,0,1,0,0,135,2,21,23,1,1,0,2,0,0,0,0,1,0,0,459,0,0,1,0,0,0,0,0,0,0,64,0,58,41,0,0,0,27,0,0,79,21,0,0,24,0,1,9,34,0,17,0,0,26,0,3,2,0,0,0,570,1,1,0,0,0,575,122,238,0,0,0,0,0,2,1,1,1261,0,5,120,914,2,26,68,1652,3426,8,806,128,15,90,0,46,149,0,2665,109,1254,1586,160,681,845,704,77,1375,25,69,2,1038,380,83,13,592,1366,96,0,1,235,122,57,2604,149,1278,147,2,4121,583,1975,0,6,399,37,1542,1829,13,1507,2,101,1884,0,10108,547,0,820,592,23,22,29,549,1617,1394,2148,237,1356,1234,603,7407,753,270,491,0,382,2179,5,18,35,1090,79,599,103,481,26,505,244,7027,1,520,3400,271,626,0,36,81,1296,5265,479,2,7777,42,478,576,12,237,129,498,8,127,43,60,575,0,7169,101,743,226,70,331,2963,1,4292,1,546,7,1270,1751,3427,97,0,737,503,446,44,1249,488,214,1,546,910,1,91,231,472,910,2316,191,39,129,0,1231,32,20,2433,1770,131,81,1677,405,4404,1922,3,5,6149,1731,52,676,195,100,0,3336,310,3720,0,554,2352,4938,697,7179,197,1935,75,106,0,754,722,252,949,2378,84,8251,0,17,23,6282,430,555,2036,742,75,1543,78,0,4967,158,485,1,1228,1496,8,152,321,38,901,4,2024,3514,2558,1890,380,1742,0,60,488,723,238,28,34,114,20,181,46,82,11,422,249,1850,357,835,6,33,4,411,441,221,1,7,60,209,0,6,77,3,0,93,803,1861,0,79,176,74,470,322,20,188,24,1955,3341,3,819,271,81,171,0,386,235,0,572,8,439,277,1,0,12,353,0,257,478,342,281,568,11,342,439,2355,453,205,171,0,2774,1902,425,31,105,100,283,1346,1874,729,0,659,0,1,12,1576,18,2498,59,40,193,0,88,1670,8,817,7,1,384,1,1,505,264,41,755,164,121,179,1756,6,465,33,8,24,819,1125,12,223,693,70,2077,387,302,136,1231,937,155,12,350,0,9,0,412,69,140,25,0,239,0,0,0,0,0,0,66,184,11,1,280,575,0,334,0,1,95,890,0,1329,122,3,0,0,271,163,3326,4,0,318,94,500,3,644,2652,0,3042,0,18,5,1,1270,158,38,168,1,5,548,2288,206,115,567,668,0,15,0,118,134,46,11,22,3361,0,0,2,2,36,137,27,1287,852,12,0,735,73,0,47,0,47,0,356,0,570,5,0,55,926,231,1,0,1157,0,311,0,621,0,139,536,0,5,1,3156,206,65,0,0,0,218,197,2,18,1204,118,2330,0,9,307,23,55,397,140,18,189,139,0,0,2,49,1216,62,53,19,0,0,448,115,18,2,717,0,31,0,90,28,2,2384,163,437,3,856,77,0,0,39,430,0,2,36,0,0,196,49,0,0,0,0,0,2,19,2199,3888,0,1951,0,98,709,295,134,0,1,0,1,1,0,0,806,14,326
"gene_249",0,0,0,0,0,0,0,0,0,0,0,0,0,0,0,0,0,0,0,0,0,0,0,0,0,0,0,0,0,0,0,0,0,0,0,0,0,0,0,0,0,0,0,0,0,0,0,0,0,0,0,0,0,0,0,0,0,0,0,0,0,0,0,0,0,0,0,0,0,0,0,0,0,0,0,0,0,0,0,0,0,0,0,0,0,0,0,0,0,0,0,0,0,0,0,0,0,0,0,0,64,0,0,0,77,0,0,0,0,6,0,0,7,0,0,0,89,0,0,0,0,5,152,0,0,617,0,0,0,0,0,597,0,1355,0,0,0,0,0,0,0,0,2,0,0,0,0,0,0,0,3995,0,0,0,0,0,0,0,0,0,0,0,0,0,0,0,0,169,0,0,0,0,0,0,0,0,0,0,3024,0,0,0,0,0,0,41,0,0,0,0,0,0,0,0,0,0,53,330,0,0,0,0,1176,38,392,28,0,358,0,2548,163,0,645,1,0,0,63,0,4,0,13,1006,701,328,1445,0,1175,0,0,0,0,0,17,0,0,1525,0,0,1,0,0,0,0,0,1119,1,30,11,0,11429,776,0,2,111,0,82,0,0,0,0,19,0,29,0,0,116,0,0,314,0,654,0,0,11,0,0,487,0,20,0,0,5,14474,0,0,0,0,0,46,1,0,0,0,0,0,27,10002,0,0,0,0,0,128,0,418,0,0,8,244,0,345,0,228,0,0,5,0,1,833,0,1443,0,0,0,0,0,35,0,72,0,0,0,0,1,0,0,0,837,379,0,0,0,1,0,0,0,1,10,0,62,0,0,0,0,0,4,2,0,0,4236,0,0,0,0,0,5463,0,0,0,0,0,0,0,0,0,0,0,0,1689,0,93,2,0,15564,0,185,0,0,4,0,3261,0,1,0,746,0,1315,37,0,0,0,977,6,0,0,2,340,0,0,0,0,0,106,0,318,0,0,0,53,0,0,0,0,179,0,0,0,0,193,275,2286,0,0,0,2,0,0,0,0,0,0,397,0,0,0,0,0,0,0,0,0,0,0,0,0,0,0,3,0,28,0,0,0,0,0,0,0,0,0,0,0,0,0,0,0,0,252,0,0,0,167,0,0,0,2,0,0,0,0,0,0,75,0,0,0,0,464,0,0,395,0,0,0,0,0,0,0,0,0,0,0,0,0,0,0,0,0,0,0,0,0,156,0,0,0,0,0,0,0,0,0,80,0,0,3,0,0,0,0,0,0,0,1,0,0,444,0,0,0,2,0,0,0,0,0,0,0,0,0,0,0,0,0,1727,0,132,0,4,0,0,0,0,0,0,0,0,0,0,0,0,0,0,0,0,0,0,0,0,0,0,0,0,0,0,0,90,0,0,0,78,0,0,0,0,0,0,0,0,0,0,0,0,0,0,0,0,0,0,0,0,0,0,0,0,0,0,0,0,234,0,0,0,0,0,0,0,0,0,0,0,0,0,0,0,0,0,0,0,0,0,0,0,0,0,0,0,0,0,0,0,0,0,0,0,0,0,1168,0,0,0,0,0,0,0,1,0,0,0,0,0,0,0,0,0,0,645,0,0,0,0,0,0,0,0,0,2,0,0,0,0,84,0,0,0,0,0,0,0,0,0,0,0,0,1631,6,0,0,0,0,0,0,0,0,0,0,0,0,0,0,0,0,0,0,0,7,0,0,0,0,0,0,0,0,0,0,0,0,0,0,0,0,0,0,0,0,0,0,0
"gene_250",0,0,0,0,1,18,0,0,0,0,0,0,0,0,0,0,0,0,0,0,0,0,0,0,0,465,0,0,0,0,0,0,0,0,0,0,0,0,0,0,0,0,0,0,0,0,1,0,0,0,0,0,0,0,0,0,950,0,0,0,0,30,0,0,0,368,0,0,0,52,0,0,0,0,0,0,5,0,5,0,0,0,0,0,0,0,0,0,0,0,0,0,1,0,0,0,0,0,0,0,0,0,0,0,0,0,0,0,0,0,0,0,0,0,0,0,0,0,0,0,0,0,0,0,0,0,0,0,0,0,0,0,0,0,0,0,0,0,0,0,0,0,0,0,0,0,0,52,0,0,0,0,0,0,0,0,0,0,0,0,0,0,0,0,6,0,0,0,0,0,0,0,0,0,0,0,0,0,0,0,0,0,0,0,0,0,0,3101,0,0,0,0,0,0,0,0,0,0,0,0,0,0,0,0,0,0,0,0,0,0,0,10,0,0,0,0,0,0,0,0,0,0,0,0,0,0,0,0,0,0,0,0,0,0,0,326,0,0,0,0,0,0,0,0,0,0,0,0,0,0,0,0,0,0,0,0,0,0,0,0,0,0,0,0,0,0,0,0,4,0,0,0,0,0,27,0,0,0,0,0,1,0,0,0,0,0,300,0,605,152,0,0,1,0,0,0,0,0,0,0,0,0,0,0,0,0,159,149,0,0,0,0,5,16,0,0,4,0,0,0,9,0,0,0,0,0,0,0,394,0,0,0,48,0,0,0,0,0,68,0,10,61,0,45,0,0,0,0,0,409,0,0,0,468,0,0,0,0,1,74,0,0,0,98,12,0,0,0,0,0,0,0,0,0,8,0,0,0,2,518,0,0,0,0,0,0,21,0,40,0,0,821,0,0,0,0,0,0,43,0,0,0,16,0,0,0,0,0,0,0,0,0,5,0,4629,0,0,1,110,947,346,2,0,0,0,1,0,0,0,0,0,0,0,3,0,0,0,0,0,2,0,0,240,0,0,0,0,0,2,1093,0,0,0,0,1,0,0,0,2,0,0,53,0,0,0,0,0,0,0,261,0,2450,0,0,0,0,0,0,0,8,0,0,0,0,0,0,0,0,0,0,0,0,0,0,0,0,0,1,336,0,0,0,0,0,0,15,0,0,0,0,0,147,0,0,285,0,0,0,15,0,5,0,0,0,0,0,0,0,3226,0,0,0,0,0,0,0,0,0,0,0,0,0,3,0,0,0,0,0,0,0,2,0,0,0,1,0,0,0,0,9,6,0,130,0,0,0,2009,39,0,0,28,0,0,0,0,0,0,0,0,0,0,0,0,6104,0,0,0,0,0,0,0,0,13,0,20,0,0,0,0,0,0,0,0,16839,0,0,0,0,0,0,0,28,97,0,0,0,0,0,0,0,0,0,0,4243,0,0,0,0,0,0,0,4367,0,1076,11219,0,270,0,0,0,0,0,0,0,0,0,0,790,0,0,0,0,0,0,0,15,0,0,0,0,0,0,0,0,0,0,1247,0,0,0,0,57,0,0,0,0,67,0,0,0,11,0,0,0,0,0,0,4,0,0,0,0,0,0,0,0,1990,0,0,0,0,0,0,0,0,0,1698,0,0,0,0,0,0,0,0,0,110,0,0,0,0,0,0,0,0,0,0,0,130,0,0,0,0,0,166,7362,0,0,0,0,0,0,0,0,0,0,0,0,0,0,0,0,0,0,0,40,0,0
"gene_251",492,1072,621,149,0,262,2252,0,0,958,0,0,7390,7302,0,582,0,19,1,440,750,3,0,21,1,0,142,37,0,75,0,95,4,3036,0,461,821,941,1982,103,0,12,6,174,1,5,0,0,0,0,16,2344,18,13,0,290,1,0,9639,1515,0,560,1731,6515,59,86,0,526,19,174,0,0,9,284,1727,4374,0,344,1,1656,0,843,8,0,3,13,0,1,1742,0,216,43,319,0,0,0,4,0,0,0,0,0,0,0,12,0,0,0,0,0,2,0,0,0,0,0,0,0,0,0,0,0,0,0,549,0,0,0,0,0,0,0,0,0,0,0,0,0,9,0,0,0,0,0,0,0,0,0,0,452,1,16,0,9,3,0,0,0,0,0,0,0,0,0,0,0,0,0,0,0,62,0,19365,0,2,8381,0,0,0,0,0,0,0,1,0,0,952,0,45,0,0,1255,0,0,0,0,0,0,0,0,33,0,0,0,0,0,1321,0,0,1,0,395,0,0,0,139,0,26,0,0,0,0,0,172,28,16,0,21,0,0,0,0,0,0,0,1551,0,11,0,0,0,0,0,0,0,0,0,0,0,0,0,0,0,0,0,0,0,0,609,871,0,0,0,0,0,0,0,0,0,0,0,0,0,0,0,0,0,0,0,0,0,0,8,0,0,0,0,0,0,0,0,18,5,0,0,0,0,0,0,20,2,0,0,0,0,47,0,0,0,0,188,0,0,0,15,0,0,3057,0,40,0,0,0,0,0,0,0,0,0,0,0,0,0,2,0,0,0,3,7,0,120,192,0,0,0,0,0,1,0,0,0,0,0,0,0,0,152,0,0,0,19,0,0,0,0,0,0,0,0,0,0,0,0,0,25,0,0,0,0,0,0,3252,0,0,0,0,0,0,0,0,1,0,0,0,0,0,1,0,0,0,0,0,0,0,0,0,0,0,0,0,756,0,27,0,0,0,0,0,0,0,0,40,0,0,0,68,0,0,0,0,0,8,0,0,0,0,2,0,0,0,0,0,0,0,0,0,0,0,0,0,0,0,0,0,0,0,0,0,0,0,0,0,19,0,0,0,0,0,0,0,0,0,0,0,0,0,0,0,0,0,0,0,0,0,0,0,0,0,0,0,0,0,0,0,0,0,0,0,0,0,0,0,0,0,0,0,0,0,0,0,0,0,0,0,0,0,0,0,0,0,0,0,0,0,0,0,0,0,0,0,0,0,0,0,0,0,0,0,0,0,0,0,0,0,0,0,0,0,0,0,0,0,0,0,184,0,57,0,0,0,0,10,0,0,0,0,0,0,0,0,0,0,0,0,0,0,109,0,24,0,0,0,0,0,0,0,0,156,0,0,0,0,4447,0,0,9,0,0,0,0,0,0,0,0,72,101,0,0,0,0,0,0,0,0,0,0,0,0,0,0,0,0,0,208,0,0,119,19635,0,0,0,0,0,0,0,0,0,0,0,4,0,0,0,0,0,0,0,0,0,0,1,0,0,0,0,0,0,0,0,0,0,0,0,0,1582,28,0,0,0,0,0,0,0,0,0,0,0,0,0,0,0,0,0,0,316,0,0,0,0,0,0,0,0,0,0,0,0,0,0,0,0,0,7,0,0,0,0,0,0,0,0,0,0,0,0,0,236,4103,0,0,0,0,0,0,0,0,0,0,0,0,0,0,0,8,0,0,0,0,0,0,0,0,0,0,0,0,0,0,0,0,0,0,0,0,0,0,0,0
"gene_252",0,1,0,119,0,3,0,12,0,41,0,1,25,155,0,0,0,0,0,0,4,0,0,2,14,13,0,406,0,14,1,0,32,0,0,0,0,0,23,8,0,0,0,14,0,53,0,575,0,168,54,0,0,159,0,6,475,0,27,13,14,0,0,346,13,0,0,0,0,235,5,30,12,0,0,0,0,0,178,0,0,0,43,5,3,1,0,436,18,14,0,138,2,0,0,0,1,1,0,0,0,0,0,0,6,0,0,0,1,0,0,2,0,0,1,0,0,0,0,2,0,0,0,0,1,4,0,0,0,0,0,0,0,0,0,0,3,4,1,0,0,2,1,5,3,0,0,0,0,0,0,0,0,0,0,0,7,1,0,0,0,3,1,0,1,2,0,2,0,1,0,0,2,0,0,0,0,0,8,0,0,0,0,0,0,0,0,0,0,2,1,0,3,0,0,0,0,0,0,0,0,0,0,0,0,0,0,0,0,0,0,0,0,0,0,2,0,0,0,0,0,0,0,128,0,0,0,0,0,0,0,0,0,0,0,0,0,0,0,0,0,0,1,0,0,0,0,0,0,0,0,1,0,0,193,0,0,0,0,2,583,0,0,0,0,0,0,0,0,0,228,91,0,0,47,0,0,4,93,1,0,0,0,0,10,0,6,0,62,0,314,0,7,0,2,0,0,0,97,0,0,5,0,1,3,0,0,115,11,0,0,0,0,14,17,33,0,156,0,0,0,9,0,2,1,0,0,14,1,9,0,0,1,0,0,6,0,3,8,0,27,0,1,13,0,0,0,0,139,3,0,40,13,0,324,10,118,49,0,0,0,2,48,0,9,3,0,7,195,11,28,6,0,22,0,1,0,1,94,2,265,131,56,25,0,87,7,271,0,0,67,342,0,22,0,0,23,1031,0,0,0,0,0,118,30,0,5,65,0,1,0,22,60,0,0,0,127,0,0,24,0,18,0,0,3,0,383,16,38,0,489,0,5098,407,26,434,51,0,359,7,1,250,35,2312,2774,0,0,324,1843,0,237,1,135,2,0,0,117,0,0,52,511,301,21,2261,0,90,17,1169,2698,86,0,236,80,5,2239,127,588,597,0,1,70,52,2,485,1274,48,1619,391,4,261,5837,0,3290,0,0,0,2928,897,0,0,6,6,1,1096,11,2770,1186,0,0,2,2,1715,0,4,892,564,6,323,21834,1313,0,1858,0,138,105,41,7,3183,1843,41,35,170,115,7332,0,2,1290,26,279,0,53,6,0,1058,0,208,4,945,473,234,2,0,431,47,695,0,1885,0,2199,1090,0,0,5755,18,0,634,55,38,940,798,987,4,1628,6515,6279,0,3960,10832,5811,2887,376,274,1,4548,36,6752,1446,21,2480,1,3782,104,0,9200,1955,754,1537,3482,621,23,2156,46,862,5804,10023,46,116,23,1,5849,25660,6,2332,255,21,207,9093,8629,5065,3717,1195,3544,3895,2,6171,0,1,3179,0,68,2442,3271,256,11888,2144,87,1345,163,6,148,16,69,10085,3,2,6517,27,1186,0,436,2197,11606,1470,15,102,0,1092,4796,21,9166,2837,5587,17,12970,126,42,7745,419,2409,9,1768,4481,6839,5688,873,45,788,865,759,3361,3,3652,437,2354,317,2641,289,0,174,52,212,168,0,144,220,1697,5056,1705,520,6397,28,1136,108,0,0,11959,7664,7745,10048,9465,2595,18593,8,5159,337,4743,404,765,213,11841,29,190,816,371,6401,701,56,5995,3,0,1,22,170,14,5812,2837,45,390,30601,2,137,5394,4090,1,5863,2096,10,0,867,169,173,9438,11,0,17258,8041,0,45
"gene_253",203,3073,37,127,485,13,736,3,0,129,21,0,2469,6,0,0,0,0,1259,0,0,0,0,0,390,4,515,0,0,86,0,10,0,3,3,318,131,3,0,0,392,0,0,1,10,682,0,0,0,0,176,571,0,8,0,0,0,0,0,91,0,200,166,0,0,2088,1,0,3,0,0,427,3,5,502,1,0,0,49,998,0,83,116,148,0,4,0,255,0,144,40,0,0,0,103,0,1,545,0,27918,0,1059,287,0,8354,0,0,232,18,1,0,0,0,0,21,7189,0,1,21,8,0,0,0,0,843,0,0,0,0,610,0,0,58,95,0,0,1871,0,0,0,629,17,0,0,3064,0,917,0,0,0,2,0,206,31,72,843,0,1,0,37,0,14,0,0,817,6,18,0,26,0,0,81,5,0,10,1001,4,0,0,5,1153,21,0,416,0,979,3,3,34,5975,0,35,1090,191,683,619,1201,5216,0,0,23,0,0,119,398,1495,0,626,15,0,26,1,1,0,0,0,3429,170,3,0,217,6,0,1339,257,1,2569,45,86,0,0,0,0,1361,0,0,12,16,0,457,28,0,0,0,634,64,238,0,0,761,1,43,0,0,49,245,47,229,309,0,143,0,0,0,0,0,0,0,3253,2,0,0,0,0,0,0,0,0,0,0,0,0,0,0,2,0,0,0,0,0,0,2536,0,0,0,0,0,0,28,0,0,0,0,0,0,0,0,0,0,0,0,1,0,0,1,0,123,58,0,0,1631,6,0,368,0,0,0,0,0,0,0,0,0,15,0,0,0,0,0,0,506,0,0,0,617,0,0,0,0,0,0,0,0,0,0,0,0,0,0,0,0,0,1,0,0,0,0,0,0,0,61,0,0,0,522,0,0,0,0,0,0,0,7526,0,465,0,0,0,0,0,15,0,0,0,273,0,0,0,0,0,0,14,0,0,0,0,98,0,0,0,0,0,0,0,0,0,0,0,0,2979,0,0,0,0,0,0,0,1,0,0,3,7895,0,0,0,0,0,0,0,0,0,0,13,42,0,0,0,216,0,0,0,9,0,0,0,15,0,0,0,0,0,0,0,0,0,0,0,0,31,0,0,0,0,0,0,0,0,0,1,0,0,0,0,0,0,0,0,0,0,0,0,0,14,0,0,4,0,0,3,0,0,0,0,0,0,0,0,0,0,0,0,2,0,0,45,0,0,444,56,0,0,0,0,0,0,0,10,0,0,0,0,0,0,1,0,397,0,0,0,0,0,56,0,0,0,0,0,0,0,0,0,140,0,0,0,0,0,0,0,0,0,86,0,3,0,8,0,0,0,0,3,0,0,0,0,0,0,0,0,0,0,0,0,0,0,0,0,43,0,0,0,0,0,0,0,0,0,0,0,0,0,0,5362,0,0,0,0,0,0,0,0,0,0,0,0,0,0,0,0,0,1,0,0,0,9832,0,0,0,2954,0,0,0,0,0,0,0,0,0,0,0,0,0,0,0,0,0,0,0,0,18,0,0,0,0,0,1,0,0,0,0,0,0,0,0,0,0,0,0,0,0,0,0,0,0,0,0,0,0,1051,0,0,0,0,0,0,0,0,0,0,0,0,0,0,0,0,0,0,0,0,0,0,0,2530,0,0,7,0,0,0,0,0,0,0,0,0,0,0,28,0,0,0,0,0,0,0,0,0,0,0,0,0,0,0,0,0,0,0,0,0,0,0,0,0,0,0,0,0,0,0,0,0,0,0,0,0,0,0,0
"gene_254",24,286,49,126,2278,101,14,10837,42,299,405,225,0,1439,1374,327,0,430,233,844,30,2,2122,222,244,10,339,0,7,241,1402,269,0,874,11,107,1,111,354,43,0,10,88,563,2128,8763,1,180,6,6204,9,3,191,70,499,97,2,2062,995,10,2305,111,41,2550,6894,2164,26,222,26,4099,80,109,407,122,56,236,21,0,50,124,0,0,4443,417,374,331,107,1095,1836,2382,207,8,29,236,2794,2600,0,332,482,3521,2298,207,1315,1731,9198,658,12401,2747,425,2578,2,2844,6,0,24,12137,1354,0,2,56,0,102,410,1310,1470,12017,0,16,3032,60,1322,207,5529,0,13931,4012,0,3,402,18917,106,40969,2443,1564,21343,1997,4,82,22,91,12573,0,0,132,23,17923,486,432,5252,163,6932,3727,2404,2131,254,7496,14260,990,1080,4959,18026,17197,98,0,20196,657,9,5,48930,44,601,6,1951,129,106,0,26259,1,12,177,688,513,1115,0,2,50,8036,0,4958,397,8571,437,0,790,109,1112,1797,136,8348,155,1391,18,24,0,840,1370,542,7,136,2,4322,1,15164,10,58,3,4,31,3343,291,97,3,998,30,248,601,0,5666,148,0,0,8,772,4943,168,120,1471,2131,6030,299,83,111,3249,6,301,3235,0,1017,4246,211,4,5,1532,3071,72,676,12,993,1226,449,2677,3299,106,286,96,2459,12163,782,1566,238,5,639,8384,88,2,5304,3,452,1958,3752,5140,1706,799,18,36,115,738,4689,3326,645,12,22,2182,862,34,38,774,401,801,38,2378,1757,198,13,1381,898,889,5204,847,5269,3081,652,125,9,15,8,174,1286,1,9602,1241,634,2351,12811,1203,305,24,2976,79,9087,534,618,95,2350,107,177,6453,1714,1458,1206,9,363,2841,2263,3647,104,148,823,86,22,226,2546,1188,1,1925,230,13,422,16,1101,1949,1115,1441,84,1217,549,1167,89,39,23,4826,82,8,6037,0,2162,1541,4944,78,982,371,123,91,2719,977,28,9,13936,436,3446,22,194,1007,731,114,3715,14,0,1639,7068,1803,44,2,74,711,39,1221,975,0,10,358,53,172,245,59,12195,14574,520,8591,1846,1663,129,1025,0,0,2,177,0,13,33,519,0,1610,24,2727,761,164,385,8186,570,15,1554,13,0,0,1385,2,14,174,3553,1594,0,2565,95,9,11,268,131,198,0,2095,0,579,1,81,27,33,5,0,0,773,5,44,18,19,1,64,5,9,1279,0,650,1,0,37,167,0,2,0,259,0,0,14,342,0,476,0,933,19,1,620,0,1,1982,62,18,0,22,14239,0,14,0,1,0,618,887,2,1,0,0,892,0,0,12,2,1,28,0,1998,7190,412,0,24,372,0,0,41,3408,1720,21,201,0,0,260,1881,16,0,1628,0,0,0,3,77,0,0,1,0,37,1052,3,0,0,1567,35,1,320,0,0,52,0,2730,0,460,33,0,0,136,9291,0,8,0,0,612,0,0,474,0,3433,0,0,0,305,0,60,0,888,951,247,74,20,38,6569,1,97,0,0,135,418,1,19,23,260,66,0,0,831,0,34,0,0,446,0,710,5,23,1,5,0,3845,0,209,131,30,0,0,0,948,33,29,0,0,0,17,0,21,0,21,0,0,0,19,2,0,1,5104,650,15,0,63,1418,0,0,34,0,3,0,0,511,16,2214,7396,1582,0,1124,5,27,0,0,0,0,0,0,25,0,2156,1,1,0,0,0,4,60,0,811,0,2,15,0,201,55,1889,1424,0,2743,0,29,55,0,9,1,100,74,1,0,29,0,1171,3,0,0,39,0,1305,285,1689,54,5,10,27,10114,112,88,3543,406,224,0,1904,2471,7860,207,0,23,0,0,0,2325,0,4
"gene_255",2,19,0,3,0,1,588,5,0,36,6179,707,17,196,441,1,0,24,19,3,0,495,0,99,1041,42,0,590,32,3,4,5,5,1391,5,0,281,0,87,58,0,2161,175,507,7,0,0,106,922,798,236,0,244,57,70,109,3480,0,67,5,0,284,0,7093,14,0,365,0,0,504,2592,5,123,0,0,959,0,115,138,46,0,1028,494,6203,43,789,613,0,109,70,0,2183,355,2,22,0,1289,0,0,504,0,67,0,4360,0,2189,1,2,0,2,0,52,137,165,1,1926,4,0,954,35,888,304,1,4,2,219,84,8,0,5423,6,134,0,342,0,0,0,0,21904,0,0,22533,0,57,621,117,43,3,199,114,21,0,196,0,268,0,0,55,0,114,0,1,16,13234,0,2622,1354,7404,0,11727,5341,0,198,227,55,7977,5931,36,4990,0,0,2,8563,128,25613,157,26943,0,2,0,0,6203,21161,11,10,38,242,0,1,3478,322,31,62,4923,158,667,1,4,6,0,0,8,1372,0,0,0,376,11861,90,5813,0,0,2,260,30,26,2213,0,0,975,0,24,2,0,0,221,2,1335,0,0,404,775,0,1,335,445,338,3,117,125,0,0,6,400,91,1,0,0,0,0,65,0,0,853,1,485,0,0,0,1,6424,113,0,291,10,6,0,83,0,374,2,1668,4332,56,0,486,6,2663,0,238,551,159,3,0,1338,20,3336,208,56,235,0,648,1,6,24,0,439,2,0,0,2714,15,6,14,0,10,222,448,307,0,109,471,1,0,545,0,0,923,991,0,3640,621,24,0,35,0,54,53,0,0,37,118,159,37,1,0,0,6,0,91,0,0,26,5,1101,88,0,181,0,31,5,221,1,1,27,0,0,17,0,38,1899,7998,2969,829,0,509,549,121,9197,4467,10883,224,0,194,634,0,10,0,0,10,392,614,0,40,184,0,3,63,10,88,49,96,850,89,6,57,4,1228,1,1115,0,529,3562,2327,0,0,2304,559,7,18,655,1552,649,0,283,0,6784,0,0,0,2,698,0,8,3293,3,167,29,9111,196,0,837,2,593,0,50,0,592,4,5,0,447,625,2,21,123,6,3,2,0,0,15,3,660,2,19,14,376,91,9,2384,0,735,0,0,872,0,754,8,376,90,0,763,69,120,0,255,14,235,600,365,879,2,2,29,0,6,234,2133,0,100,0,13,2,0,1,0,34,4,4,2,0,16,166,0,21,0,15,1,12,1,243,37,0,23,3868,14,0,65,3837,1751,0,53,16,1240,0,0,3101,3508,2,0,86,9,0,0,691,1225,135,2,36,0,1417,4,0,213,443,0,510,0,0,0,0,5,0,25,675,1,0,1368,555,0,0,0,0,24,23,3,5115,0,32,0,0,1,0,0,0,0,0,0,4,0,0,0,91,40,0,0,0,11082,807,0,0,16,2,2551,5157,788,22,0,0,5,0,0,0,0,116,0,1159,0,195,0,0,0,310,0,0,0,0,0,10,5519,2706,0,1017,1099,0,0,0,6,248,2,0,0,0,0,218,0,372,0,50,691,0,4816,18,0,719,0,2177,0,159,0,0,0,9,2,64,2209,79,0,2,0,0,0,0,154,0,0,0,5925,0,105,0,0,0,0,0,0,0,0,2829,0,0,0,1063,0,2,0,0,0,0,0,0,0,65,12,0,0,0,6653,21,0,0,0,0,1,0,0,0,0,0,410,0,12,0,0,4250,106,0,132,0,70,0,0,0,2085,100,63,0,0,18,1898,0,0,0,0,7451,0,1618,0,2706,0,126,0,521,0,0,4,0
"gene_256",0,0,0,0,0,0,0,0,84,0,0,0,0,0,0,0,0,0,0,0,0,0,1,0,385,3964,0,0,126,0,1368,0,24,0,0,8,1148,0,0,0,0,0,0,13,0,1,0,85,0,0,0,0,118,9,47,0,1,0,3,0,0,0,0,0,10,0,0,0,2654,0,5569,0,1,384,1,0,20,0,0,0,0,25,0,0,0,0,0,0,0,0,217,2142,0,0,237,0,126,5,0,0,0,0,7129,813,0,403,0,0,6,2,0,0,0,4,1,0,0,37,0,6,348,0,0,0,0,0,0,0,0,0,0,133,1,0,0,0,0,0,0,0,0,0,33,0,0,0,2,0,0,0,0,0,0,0,2,0,0,349,0,0,0,0,0,12,12,7217,0,2140,0,0,0,0,0,0,0,0,0,0,0,0,0,0,148,0,57,1507,0,242,0,0,0,12640,0,0,1244,0,0,0,0,0,165,0,75,0,112,0,0,20,0,43,0,0,0,208,0,0,0,0,0,0,0,1094,0,0,0,0,0,1,0,0,0,1,0,0,125,0,0,341,0,5,0,0,0,0,0,0,0,0,0,0,0,0,0,0,0,0,0,0,7624,0,139,0,0,0,0,0,0,0,0,0,1,0,0,0,65,0,0,0,0,101,0,0,0,0,0,478,10,6,31,0,0,0,0,5,2793,10339,0,0,0,0,0,22,0,0,0,5,19,0,0,0,0,0,0,0,0,0,0,12,0,13,0,0,4022,459,0,0,0,3902,0,134,0,0,0,0,0,0,2,7,0,0,0,14,66,1,0,0,955,0,4,0,0,0,0,0,0,6,21,1,0,0,0,0,0,0,0,0,0,91,751,0,0,2541,0,0,16,1330,0,0,0,0,148,843,0,0,1,0,0,158,0,0,0,72,2,179,0,0,0,0,0,4063,0,144,0,0,0,90,0,1,19,0,0,0,0,807,0,0,0,0,0,0,0,0,303,0,0,0,0,0,0,0,48,1031,0,0,0,0,0,0,0,0,621,0,0,65,91,0,66,2,0,0,0,0,78,0,0,0,0,0,102,0,0,0,21,0,0,0,0,0,0,0,21,0,0,0,0,15,0,0,0,1226,0,0,0,0,0,0,0,0,0,0,42,0,0,0,0,0,0,0,0,180,0,0,0,0,38,0,33,0,0,1668,0,0,0,0,0,0,0,0,0,609,0,0,0,1266,0,0,5,77,0,0,0,0,0,1,0,0,0,3,150,13,0,0,165,0,60,0,1,0,0,0,0,0,52,0,0,0,0,0,0,0,0,0,0,154,0,0,0,0,0,0,0,0,0,0,0,0,0,0,1995,0,0,0,183,0,0,0,0,0,0,0,0,0,0,0,78,4,80,0,4,0,0,0,0,322,0,0,0,0,0,0,0,0,49,0,292,34,5,200,0,0,7,0,3777,0,0,0,0,0,202,0,37,0,0,0,20,208,0,0,0,2,0,127,0,7,0,0,7,1,0,0,68,0,0,0,0,779,0,0,0,19,0,497,0,0,0,0,0,0,0,3,64,0,0,0,2427,0,0,76,0,0,6,604,0,0,0,0,1,0,17,0,0,0,0,9,0,0,52,0,52,0,0,0,0,0,27,0,3,0,0,0,0,0,98,0,0,0,898,447,0,3,0,0,44,0,0,0,0,18,0,0,0,0,0,394,0,0,0,543,0,0,43,0,1028,238,0,0,300,0,0,0,3681,0,0,0,0,0,0,0
"gene_257",0,1662,4,0,3,5,0,0,21,0,7085,0,46,0,8808,533,213,0,0,2,0,9,30,0,0,1778,0,669,1,51,260,3,0,324,33,0,134,0,0,0,38,21,92,0,0,0,38,0,0,0,0,3,0,28,0,0,0,0,1763,0,0,0,18,0,611,189,0,0,193,15,0,437,0,7939,0,0,5,6,3061,0,6,190,81,435,155,0,0,0,0,1,0,0,0,26,0,0,0,0,0,0,0,0,0,0,0,0,0,0,44,0,0,0,0,0,0,0,0,0,0,0,0,0,0,0,0,0,0,0,0,0,0,0,0,0,0,0,0,0,0,0,6,0,0,0,0,0,0,0,0,0,0,0,0,0,0,0,75,0,0,0,0,0,0,0,0,0,0,0,0,0,0,97,0,7,0,0,0,0,0,0,0,0,1132,0,0,0,0,0,0,0,0,0,0,0,1,0,0,0,0,0,0,0,0,0,0,0,0,0,0,0,0,0,0,0,0,0,0,0,0,0,0,0,0,0,0,0,0,0,0,0,0,0,0,0,0,0,0,0,0,0,0,0,0,0,15514,0,0,0,0,0,0,0,0,0,0,603,0,46,0,0,0,0,0,0,18,0,0,0,0,0,0,0,0,0,0,0,0,0,0,0,0,0,0,0,0,0,0,0,0,0,0,0,0,0,0,0,0,0,0,0,0,0,0,0,0,0,0,0,0,0,0,0,0,0,0,0,0,0,0,0,0,0,0,0,0,0,0,0,0,0,0,0,0,0,0,0,0,0,0,0,0,0,0,0,0,0,0,0,0,0,0,13,0,0,0,0,0,0,0,0,0,0,0,0,0,0,0,0,0,0,0,0,0,0,0,0,0,0,0,0,0,0,0,0,0,0,0,0,0,0,0,0,0,0,0,0,0,0,0,0,0,0,0,0,0,0,0,0,0,0,0,0,0,0,0,0,0,0,0,0,0,0,0,0,0,0,0,0,0,0,0,0,0,0,0,0,0,0,0,0,329,0,0,0,0,0,17,0,0,0,0,0,0,0,0,0,0,0,0,0,0,0,0,0,0,0,0,0,0,0,0,0,0,0,0,0,0,0,0,0,0,0,0,0,0,0,0,0,0,0,0,0,0,0,0,0,0,0,0,0,0,0,0,0,0,0,0,1,0,0,0,0,0,0,0,0,0,0,0,0,0,0,0,10,0,0,0,0,0,0,0,0,0,0,0,0,0,0,0,0,0,0,0,0,0,0,0,0,0,62,0,0,0,0,0,0,0,0,0,0,0,0,0,0,165,0,0,0,0,8,0,0,0,0,0,0,0,0,0,1,0,0,0,79,0,0,0,0,0,0,0,0,0,0,0,0,0,0,1,25,0,0,9,0,0,0,0,0,0,0,0,0,0,0,0,0,1,0,0,40,17,0,0,0,0,0,0,0,0,0,0,0,0,0,0,0,0,0,0,0,0,0,0,0,0,0,0,0,0,43,0,0,0,0,0,0,0,0,0,0,0,0,0,0,0,0,3,0,72,0,0,0,0,0,0,0,0,0,0,0,0,0,223,0,0,0,0,0,0,0,0,0,0,0,0,0,0,0,0,0,0,0,0,0,0,0,0,0,0,0,0,0,0,0,0,0,0,0,0,0,0,0,0,0,4,0,0,0,0,0,0,0,0,0,0,0,0,0,0,38,0,0,0,0,132,0,0,0,0,0,0,0,0,0,0,0,0,0
"gene_258",0,0,0,0,1,0,0,0,1,0,0,7,3,0,0,4,0,0,0,0,0,1,0,1,0,0,4,0,1,0,4,1,2,0,0,1,1,0,0,0,3,0,0,0,0,0,0,1,0,0,0,0,2,0,0,0,0,0,0,0,3,0,0,0,0,1,2,2,1,0,31,3,0,2,1,1,6,0,3,0,0,0,0,6,9,0,0,0,2,0,0,0,0,0,0,0,2,0,0,0,0,1,0,1,0,0,0,0,0,0,0,0,0,0,0,0,0,0,0,0,0,0,0,0,0,0,0,0,1,0,0,0,0,0,0,0,0,0,0,0,2,1,0,0,0,0,0,0,0,0,0,0,0,0,0,0,0,0,0,0,0,0,0,0,0,0,0,6,1,0,0,0,0,0,0,0,0,0,3,0,0,0,0,0,0,0,0,0,0,0,0,2,0,0,0,2,5,0,0,12,0,0,0,21,0,6,1,1,1,19,11,24,33,2,0,0,0,1,5,22,0,4,4,1,0,0,0,1,1,0,2,0,0,2,16,5,0,0,3,1,6,0,0,0,3,0,20,0,1,0,0,13,0,0,0,0,0,1,0,4,0,0,0,0,46,2,0,0,0,0,0,0,8,0,0,2,0,0,0,0,0,0,0,0,0,1389,0,7,0,17,0,0,0,0,0,0,0,0,1,0,0,0,23,0,7,53,0,8,0,0,0,0,0,0,0,0,0,0,0,20,0,0,232,0,0,0,3398,0,0,0,0,1,0,0,0,0,0,0,0,252,0,0,0,0,228,6,469,0,18,0,0,0,0,0,55,0,0,0,0,0,0,3,0,0,0,0,0,0,0,0,1,0,0,0,1,0,11,0,0,0,0,0,1807,0,0,0,0,5,0,0,0,0,5,0,0,0,9,0,0,0,0,0,0,0,12,0,0,267,0,0,0,0,0,0,0,0,431,46,0,262,0,0,0,0,0,0,45,0,0,0,303,0,0,7,0,2,214,31,4,0,0,0,0,0,0,323,36,0,708,182,0,31,0,0,38,1,0,1,0,1,0,38,0,0,18,4,0,0,86,106,0,0,0,0,0,14,0,84,0,0,0,0,0,0,0,0,0,2,11,0,72,0,0,0,0,0,0,2,0,0,0,0,0,742,0,0,0,0,0,0,5,0,4,10,0,0,0,142,3,0,0,0,71,0,48,0,0,0,67,0,6,0,0,0,0,0,0,0,0,4,0,0,0,0,0,0,0,0,43,0,0,0,0,0,0,20,0,0,0,0,0,0,0,0,20,0,0,0,0,0,0,1,0,0,0,0,0,0,0,0,0,0,0,1,0,0,0,0,0,0,3,3517,0,0,25,0,0,0,1169,105,0,0,0,0,0,0,0,0,0,0,0,0,0,0,0,0,0,0,0,0,0,0,0,333,0,0,0,0,51,0,0,0,0,0,0,0,0,0,0,0,0,0,1,0,3828,0,0,1,0,0,0,0,0,0,4,0,572,0,0,0,0,0,0,0,0,0,0,0,0,0,4,0,843,1,0,807,0,0,2114,0,211,0,0,2,4,0,0,0,0,0,0,0,0,0,19,0,128,0,14,0,0,0,0,0,0,0,0,16,127,0,0,0,0,0,7,0,0,0,0,0,0,0,4578,0,0,3153,0,0,0,0,0,0,0,0,0,0,0,0,0,0,0,0,0,0,0,0,0,0,0,0,10,0,0,0,0,0,0,0
"gene_259",0,24,0,12,8808,2,0,640,7,0,0,0,71,0,84,0,0,257,5,47,33,0,0,206,0,27,214,681,180,5776,104,24,0,5,0,1,345,0,147,0,18,0,470,0,0,40,0,0,254,911,0,0,95,608,12,54,142,9,79,112,1101,0,0,30,0,1035,5,36,0,2693,175,5,0,1582,0,393,49,0,0,305,1,62,385,213,349,210,141,1873,196,84,936,0,1,0,0,0,0,45,0,0,135,0,0,0,318,174,0,0,2977,30,0,0,0,0,0,2,204,0,14,0,0,0,564,0,453,0,0,0,0,0,0,0,0,0,97,0,187,2,0,0,0,0,0,12757,0,0,0,0,10727,779,3,0,0,18,30,0,1,0,148,0,0,0,0,0,285,1,0,1,0,1114,0,29,0,520,0,1,0,0,0,0,1690,1090,0,2,0,10,2,0,0,0,0,0,0,0,6834,0,0,1,6757,104,0,632,0,73,0,50,0,7,1,0,4686,0,41,0,12,0,1330,5,0,854,0,0,0,723,2104,0,0,0,44,0,94,1,0,0,53,1458,0,2400,0,126,0,0,0,0,0,276,0,0,21,0,1360,2,530,0,325,0,0,1,0,0,866,299,0,0,1,6,0,7,330,168,155,246,749,0,1,9,785,784,1267,65,161,3,345,60,764,1,11,16,0,168,0,305,305,118,3,1209,109,168,9,10,18,0,15,152,1357,2,52,1,117,0,26,81,3,0,134,0,0,4,0,560,7,513,230,216,65,0,0,720,980,1267,64,0,0,133,778,236,8,502,2,644,8,719,0,7,1946,0,1,1,190,5,24,68,1624,223,269,0,241,0,34,3,274,1,980,0,74,113,447,3,1,307,163,0,33,591,0,61,87,8,0,1,785,12,1807,62,5,1,1,12,400,0,150,647,2,3373,0,192,0,46,28,510,77,2431,33,517,2,0,0,52,62,113,489,5,45,0,2844,498,0,0,0,857,7,26,0,238,23,4,155,170,4,598,1142,556,0,0,0,43,2145,21,302,2325,1,0,578,1,0,1236,0,0,2,0,1,1,10019,0,135,207,1197,0,2,0,0,168,122,0,1,10,2107,0,1322,16,17,0,0,1,973,1012,0,2,23,33,786,3029,108,0,7,2275,13,139,0,7,0,42,165,0,278,474,123,455,1,1361,0,2,1557,280,25,0,1083,5029,1298,0,0,0,890,0,0,13,6,0,1103,852,0,0,0,0,67,1750,95,0,27,3,0,0,219,0,1,0,0,5501,6,24,5,44,417,321,0,182,0,0,0,2,120,39,0,2,66,735,0,64,59,0,0,119,10575,96,1,10,2,1,329,1234,171,6,0,0,0,0,1,0,5,14,9,0,0,3,66,0,0,0,3297,0,0,0,97,1,2,0,8,71,1,0,5,0,53,0,0,1,358,176,170,437,836,5,13,0,29,0,0,0,1,0,0,1,23,85,0,6,5,551,1,0,366,0,61,529,594,0,0,0,2,1074,0,30,400,0,0,0,0,0,0,0,19,856,0,0,1,5,2,0,20,0,42,0,189,0,0,2,65,0,1867,0,1,0,348,178,0,19,0,12,422,0,110,38,19,3,0,400,0,0,11,0,26,21,0,0,0,77,29,0,0,149,0,1581,0,0,30,136,2184,15,63,6,107,0,0,79,52,1,27,13,582,1,9,0,0,146,0,251,46,0,0,3,0,98,152,234,0,0,18,0,23,0,199,0,0,0,0,126,3,0,33,561,74,16,0,224,49,0,0,0
"gene_260",546,5809,6702,8577,712,9110,2694,0,1667,434,1074,3527,8893,643,5676,411,4818,4,236,4167,305,1578,2303,79,0,101,0,1538,2409,0,582,32,5,741,14,1516,2479,18,8260,51,131,206,169,393,65,8,24,6,2,0,237,3788,606,9,503,245,416,17084,1966,148,353,165,2284,298,38,2229,288,74,18215,259,246,48,77,67,4520,729,232,0,0,9334,2777,68,234,87,2230,51,144,2460,0,25,10139,0,0,11626,1878,42,2399,0,32660,4,8835,1619,0,1084,232,845,305,3,0,0,27,0,2,4151,887,19910,149,0,3209,807,33,59,573,96,4027,44033,3947,3,3727,0,85,5,2,126,76,24522,108,5362,91,1759,4459,2952,0,16429,1845,19595,0,381,60,42754,0,634,7923,1,1619,17843,140,490,447,2,2797,4291,19727,617,104,5440,281,5230,894,25,32,486,1573,241,15009,689,32850,4639,2560,0,1354,14112,1091,2022,0,6495,641,4537,1884,14189,3613,4347,6713,68,2410,26,273,8120,163,261,63,20836,0,81,1464,4667,141,524,670,472,9927,0,1456,1,0,6717,0,1192,6,450,1882,102,0,5025,2461,12,32,248,220,9,0,24,76,200,0,1,0,112,8119,0,264,12,11,3466,256,1005,6039,4274,0,1231,180,23000,0,257,525,5893,0,1103,205,20158,132,247,7,623,40,111,4279,575,1431,179,21109,42,22734,1182,30212,350,3733,4367,251,465,0,438,2,3,3692,2462,2873,440,184,507,457,3,1811,9658,3,8103,180,2068,1114,1,0,4959,259,4161,8591,395,808,326,200,2465,604,3876,584,84,369,5071,1061,3954,1680,2649,0,582,5,8554,38,30,49,1537,2080,624,26,693,5733,2978,4215,75,17,0,1083,1860,84,12,1052,898,92,974,176,173,2982,269,578,2647,414,5247,6547,1241,58,377,1851,2366,436,1990,625,12362,1902,3951,37,0,884,78,979,0,4380,834,351,817,6002,1544,3605,3455,1426,46,515,930,210,791,0,10,1155,2202,6661,0,7710,1292,0,11,745,3796,71,4775,3585,633,689,11166,26,17375,226,274,30,1947,340,614,414,163,0,6053,3016,312,10540,15,4547,1047,1967,0,12,0,1090,360,720,4372,8,2293,2,14,109,292,399,749,522,1,0,318,5646,0,367,31,191,0,111,147,968,4,21,0,16,3255,307,233,947,8265,354,330,8016,79,1094,199,1883,19,647,5,1119,0,228,1364,1205,497,6304,214,7,39,13,55,3,1503,0,1,3,1031,0,98,554,6,1570,88,134,0,160,83,5,620,0,5,1433,676,505,0,409,4753,245,465,0,574,27,0,2,235,1398,1392,0,6,0,39,980,21,6,0,0,1730,43,418,886,0,17,1096,7,148,15,1,64,293,55,5,0,77,618,84,11,78,645,1819,28,3,39,1629,0,1,463,0,4317,236,0,10,9,0,342,1,275,1,1,0,0,4809,8,0,0,1538,0,0,44,449,4,2,0,31,0,169,0,523,7,0,188,408,102,1,3249,0,0,0,51,1,2536,710,2202,460,14,0,32,1,221,71,1,0,1,0,0,0,483,0,1,0,125,1,0,8,1,77,0,2,24,0,68,175,2,0,0,0,0,210,429,4344,586,95,4442,0,10901,1,2,0,31,9241,0,23,0,0,1,2,0,2722,53,4442,2082,72,0,0,80,695,358,0,0,255,2115,0,0,35,34,0,63,0,42,0,3029,1,266,0,23,16,4,0,0,339,0,0,293,0,1,0,172,0,0,8782,77,0,0,0,114,314,90,147,733,9,107,0,41,0,0,0,0,10,0,22,0,0,0,0,312,1,462,8,11817,0,0,58,1,0,0,0,34,1881,0,0,0,0,2935,16,0,1,5789,1247,0,0,1,0,0,5,29,975,129,0
"gene_261",233,584,1005,10,0,637,378,24,1087,4134,8,257,5,248,243,474,134,561,2362,252,413,2539,77,6107,51,1351,436,18,500,1598,283,4544,2239,303,348,1624,13940,12,1827,885,1108,94,322,2783,1390,92,466,6770,4273,668,690,5642,10143,2325,5288,115,2279,15,421,1348,6110,1262,5731,3176,50,238,147,12,1602,615,296,2,100,1757,400,2292,52,20873,4355,18622,434,3690,2367,8633,8711,321,949,7571,1838,381,903,1946,2388,2561,1831,2,28,574,6601,2496,215,984,32,11,0,174,11907,1655,19314,586,8066,1981,474,25,39,2168,297,774,270,1486,17,6,0,52,0,10,2,15,4,201,459,316,1582,5172,140,77,470,2316,1733,31,1809,1978,788,3493,22335,0,4377,12,753,2173,25,2,55,1031,17314,860,429,422,12902,77,70,1262,390,3667,62,5313,494,766,84,0,615,1244,305,20,146,7844,28,546,3,6373,2683,0,25,854,647,0,332,934,1846,4269,2713,5132,2872,27,160,824,110,6,11291,329,155,0,21243,963,0,0,279,7540,43,2009,0,228,0,168,0,3773,33,0,10,0,0,0,0,0,0,89,0,72,17789,4897,0,0,641,4,87,62,145,73,599,16,21,3695,5249,0,855,883,94,0,277,38,363,6518,0,3,0,8,51,0,0,0,344,0,480,3,0,0,241,2625,2,118,1040,7,19,2,2738,16,3,14,4,24,4,0,5311,4,289,0,777,655,0,4,34,10,0,0,4,34,798,105,466,3451,54,4772,6356,0,322,0,948,1337,165,0,859,3,2,5,0,5450,0,11732,5,4701,3810,39,0,36,4,854,0,148,148,1122,3,50,10,3545,1906,51,0,0,92,1,5,7993,13,0,289,0,206,69,1575,10,258,0,4,52,20,0,5,9,0,161,49,0,1,22,1238,0,6,400,1116,333,0,2958,128,21,30,142,570,0,3,57,42,1583,0,108,1176,548,309,2392,2430,917,373,207,0,3,500,140,45,3133,0,164,15412,0,16,730,0,338,595,308,398,22,1120,0,0,4,18,1442,0,436,8,184,388,33,1485,7,5,0,536,129,1897,91,321,1607,0,1120,0,11,1489,6,0,0,63,15,550,0,168,0,0,4500,30,95,0,0,0,64,5,1453,9,1,89,0,16,10627,419,0,8,0,2591,127,40,0,0,1027,2135,0,547,0,75,0,1417,9735,4485,0,1,427,0,1778,1103,1,0,0,341,0,0,3,0,0,22,0,0,0,0,0,21,2,438,0,153,1250,164,2201,0,871,262,1613,54,2,0,0,0,0,49,0,215,721,729,1326,0,0,0,2,0,2,115,0,49,0,0,90,0,0,0,2,678,37,607,0,2283,221,35,147,2,41,1358,0,289,1,0,0,0,2,0,17,285,362,2,0,68,9,0,3257,88,0,61,3,0,1,0,0,0,0,243,307,3301,21,3,0,0,17,0,0,0,0,1,0,0,8,0,0,968,67,218,232,0,1154,11,343,1,0,0,269,0,3323,0,88,2,0,2,0,1433,2440,0,3700,679,57,0,0,127,1365,0,577,0,0,826,0,0,0,0,0,0,0,208,137,1,0,22,0,0,2,217,0,0,0,0,0,5,0,0,1,5,514,110,1,1503,0,0,0,824,0,1,194,0,0,0,27,2,0,0,1872,0,0,0,11,16,0,872,0,96,0,33,0,2,0,1785,1606,0,573,374,0,0,60,5,0,164,0,1,0,0,48,0,0,11,1,3,0,0,0,0,0,0,151,126,0,36,0,2196,164,0,0,400,0,0,0,0,265,0,14,0,0,0,0,5,195,0,0,15,0,6,9,0,0,177,9926,0,0,2216,25,175,0
"gene_262",0,0,0,0,0,0,0,0,0,0,0,0,0,0,0,0,0,0,0,0,0,0,0,0,0,0,0,0,0,0,0,0,0,0,0,0,1,0,3,0,0,0,0,0,0,0,4,0,0,0,0,0,0,0,0,0,0,0,0,0,0,0,0,0,0,0,0,0,0,0,0,0,0,0,0,0,0,0,0,0,0,0,0,0,0,0,0,0,0,0,0,0,0,1,0,0,0,11,0,0,0,0,0,0,72,0,0,0,0,11,1,175,0,0,544,0,0,0,0,73,0,0,1,19,0,500,0,0,978,0,0,0,0,0,0,0,0,0,0,0,0,1,112,0,3,0,1424,0,231,7,0,0,0,0,0,127,620,0,0,0,22,0,10,0,37,0,0,134,0,0,0,32,0,0,0,0,0,5,0,0,714,2364,0,0,0,0,0,0,126,0,45,0,1,0,0,0,0,0,0,0,0,0,11722,0,0,0,0,0,50,0,0,0,0,0,0,0,0,0,0,0,301,0,0,0,0,0,1251,0,0,0,823,1,0,0,23,0,0,0,0,0,0,18730,0,531,68,0,0,0,208,8517,0,0,1310,0,0,0,0,0,0,0,241,0,0,0,0,0,0,0,0,0,0,0,9,0,0,0,0,0,0,0,0,0,4,0,0,0,0,0,0,0,20,0,0,55,0,0,257,0,0,88,11,0,0,0,2839,0,0,0,0,0,0,0,63,0,0,0,0,0,0,1684,0,0,0,0,0,0,0,0,0,0,52,0,0,0,160,22,0,88,0,0,0,0,0,0,0,0,0,0,0,0,4,0,0,0,0,3,0,0,0,0,0,0,0,0,0,0,1,0,0,0,0,0,0,0,0,0,234,0,0,0,0,0,0,1,0,0,0,0,157,1729,0,0,0,0,0,0,0,0,0,0,0,0,0,0,0,1,0,2656,0,2440,0,0,0,0,0,0,0,0,0,0,0,0,0,0,0,0,0,1,896,0,0,0,0,0,0,0,0,0,0,0,0,0,4,0,0,0,0,320,0,0,0,0,0,0,0,0,0,0,0,0,0,0,0,0,0,0,0,0,0,0,0,0,0,0,0,0,0,0,0,0,0,0,0,5,0,0,5,0,0,0,0,0,8,0,0,0,0,0,2,0,0,0,0,26,0,0,0,0,0,0,0,0,2,0,0,0,0,0,0,0,0,0,0,0,0,0,0,0,0,16,0,0,0,0,0,0,0,0,1021,0,1022,0,1,0,0,0,0,0,0,0,0,406,0,0,0,0,0,0,0,0,0,0,0,0,0,0,0,0,0,0,0,0,0,0,0,0,0,0,0,0,921,0,0,0,5635,0,0,0,0,0,0,0,0,0,0,0,0,0,0,0,0,0,0,0,0,0,0,0,0,0,0,0,0,0,0,65,0,0,0,0,2462,0,254,0,0,0,0,0,0,0,0,0,0,0,0,0,0,0,0,495,0,0,0,1,0,0,0,0,0,0,0,0,0,0,0,4758,0,0,0,0,10,0,0,0,0,0,3,0,0,0,32,77,0,0,0,0,0,0,0,0,0,0,0,0,0,398,0,995,0,0,0,50,0,0,0,0,0,0,0,0,0,0,0,0,0,0,0,0,0,61,0,0,0,0,0,0,0,0,0,0,0,0,0,0,0,0,0,0,0,0,9,0,0,0,0,0,0,0,0,0,0,0,47,0,0,0,0,0,0,0,0,0,0,0,0,0,0,0
"gene_263",0,0,0,0,0,0,0,18,0,0,0,504,0,2,0,0,0,0,0,11,0,0,35,590,0,0,0,0,0,0,147,801,0,0,0,2167,0,0,0,0,0,0,0,0,0,0,0,0,0,0,0,19,6,0,0,0,0,0,0,0,0,0,0,0,0,3644,0,0,0,0,0,11,0,224,211,0,0,0,0,687,0,0,0,0,647,0,2,0,0,1,134,36,0,0,0,0,5,0,0,0,0,0,0,91,0,0,0,0,0,0,0,0,3,0,0,0,0,0,3,1,0,254,0,0,1236,0,0,0,0,0,0,0,0,10,0,0,0,0,0,0,0,0,0,1,0,0,0,0,0,0,0,97,0,0,0,0,0,0,0,6,0,8,0,0,0,0,0,0,0,2,0,0,0,2,66,0,0,0,0,0,0,0,43,0,0,0,2739,0,0,0,0,2,0,0,14,0,0,86,9,23,4,106,1,0,2,0,0,1436,3751,0,138,0,0,0,289,0,0,0,0,0,184,0,28,13,0,12,0,0,0,3,30,0,170,0,0,0,0,0,6137,63,0,7,0,178,0,0,0,1613,5885,0,0,122,0,1164,5,8,1565,0,32,11,1759,140,1,1568,2738,1911,120,4491,568,20,2,0,0,39,1666,5579,0,191,1101,0,430,5465,0,0,1062,7,62,1095,46,0,2,0,0,0,626,944,1683,110,110,5,1,601,603,2,2283,0,1359,0,813,2814,0,6,774,660,1565,67,1,3392,7,8,532,1,294,0,304,773,42,0,80,327,4465,2,96,0,43,20,275,2569,0,2449,25,0,13,3262,751,1,189,0,4,2759,18,5917,9545,0,35,773,0,23,0,513,37,42,3773,2578,13,155,450,0,3,4748,61,7,0,2090,12,95,206,220,0,0,13,0,145,956,1021,0,0,0,0,0,13,2,5807,144,0,317,3614,0,687,1909,4395,0,300,1448,2077,15,0,3,66,0,0,0,4687,129,932,429,0,0,127,573,71,3,608,5395,0,263,21280,0,799,0,0,220,48,584,30,65,26,54,5810,353,22,98,4371,629,172,2285,16,3980,6909,41,1164,188,624,84,977,19162,6663,872,2,3,947,399,502,1,183,1,4513,3,1123,14,0,15,343,8,315,255,199,0,3277,6474,263,2888,115,2127,3675,155,5058,1470,604,14,1864,0,2502,36,17,28,0,0,1083,5707,45,5,3,3049,11,0,0,23254,11838,117,7177,1,13,23487,553,2576,3,1362,0,1547,0,20,12598,248,0,2432,17919,720,3540,314,6920,10840,0,3586,267,4075,254,132,2005,10517,1,1680,0,28,1,1845,1,14,1336,42,123,3157,0,867,1,13,169,3430,172,1402,1122,0,4408,1,0,10400,97,3795,94,827,0,2796,19,503,4372,3,2745,15,21356,5706,6515,26815,616,25057,0,22738,0,10836,446,2,0,0,20821,9,1,6650,0,4309,593,14481,17513,4921,139,5096,50,23537,1678,1683,1401,4214,0,4184,691,3,1213,2670,236,15,5215,3,0,2,27,35,1,708,957,2533,19,795,489,0,2752,85,805,899,0,165,1,0,37909,9940,4,3825,0,208,0,818,153,238,8,56,955,544,913,24,1307,49,15,15,16796,7166,0,739,225,2,21995,67,3,104,282,0,1966,5213,0,7,3710,198,3746,8,0,6780,605,747,10338,76,281,98,1584,1018,0,16,656,126,530,3718,639,112,4033,1,0,8,133,0,7335,1050,5737,1721,767,26,12,23,0,0,615,0,139,55,0,1,679,0,1,39,3028,4729,56840,9508,0,198,1,1290,513,545,83,408,208,4454,3005,67,6724,1,5816,1,4197,147,181,426,441,37,29581,3755,339,0,5,0,0,167
"gene_264",32,0,42,58,7,0,5942,343,0,0,61,1032,940,2151,31,0,11,0,0,180,0,427,2,0,0,1738,90,16,4,1033,0,0,1,895,74,10471,0,9,3977,1,10,0,17,972,674,1531,2,0,0,10,0,0,0,0,0,1405,20,1246,0,6822,0,4709,0,2509,0,239,340,0,7,0,0,0,278,354,0,0,44,0,0,0,2,29,860,0,2530,610,377,7,1586,0,274,0,0,617,88,0,587,0,822,104,16,1,18,866,206,2,0,3,18,0,2680,0,0,0,25647,14,0,331,0,22,0,7510,1,0,0,6,0,0,0,1377,77,9,24,0,0,41,0,0,207,1888,16,0,4372,0,0,0,1244,0,0,29,173,3722,1468,0,2064,0,4447,239,0,1,0,2,0,160,1016,0,1125,0,0,5414,0,15258,1546,6461,36,7773,0,793,0,3091,1,0,13464,0,0,611,1,146,0,0,0,0,37,0,0,0,0,0,0,0,0,5,0,461,0,0,0,41,0,0,75,18651,0,0,5480,0,458,8,0,0,0,0,0,0,0,0,0,0,0,0,0,0,0,0,0,434,0,0,358,184,5,0,0,1077,400,4547,0,99,0,0,14,8,0,0,21,0,0,63,0,0,138,0,0,0,0,1,0,0,0,0,0,0,130,0,0,0,1,0,11,0,0,0,0,0,0,0,0,3,22,0,0,0,0,0,305,0,1168,1,0,0,14,0,0,0,0,972,0,0,0,0,5,0,0,0,0,0,191,0,0,932,0,0,28,0,0,0,26,0,0,0,245,42,0,0,0,0,0,0,1,0,0,0,17,99,0,0,0,0,2,3,0,0,0,0,0,0,0,0,0,0,0,0,0,0,0,0,0,145,0,0,0,0,11,0,0,8,0,0,49,1,0,0,0,9,0,0,0,0,0,0,3011,0,0,0,0,1,0,0,0,0,0,0,0,0,0,0,0,3095,0,0,0,0,0,0,0,0,0,29,0,0,0,0,0,2215,0,0,241,0,0,0,3,0,0,0,0,0,0,0,0,0,0,0,0,0,0,0,0,127,0,34,0,0,0,0,0,0,0,0,0,0,0,0,0,0,0,0,0,0,0,0,0,0,21,0,0,0,0,0,0,0,0,0,0,0,0,0,0,0,0,0,0,0,0,0,0,0,0,0,0,0,0,0,0,0,1075,2,1,0,0,0,0,2,0,0,0,0,0,0,0,0,0,0,0,0,0,0,0,105,12,0,0,0,0,2,0,0,0,2178,0,0,0,0,7,0,0,0,0,0,0,0,0,0,0,0,0,0,0,0,0,0,0,0,1,0,0,117,0,0,58,0,0,0,0,0,0,0,0,0,0,0,0,0,0,0,0,0,0,0,934,0,0,0,0,0,0,0,0,0,0,0,0,0,0,0,0,0,1,0,0,0,0,0,0,0,0,0,0,0,0,0,0,0,0,0,0,0,0,0,0,33,457,896,0,0,0,345,0,0,0,0,0,0,0,0,0,0,0,0,0,0,0,0,3,0,0,0,0,0,0,0,0,0,0,0,0,0,0,0,0,0,0,0,0,0,0,0,0,0,0,0,0,0,0,0,0,0,0,0,0,0,0,0,0,0,0,609,0,0,0,0,121,0,0,0,0,0,0,0,0,283,0,0,0,0,0,0,0,0,0,0,0,0,0,0,0,0,0,0,0,0,0,0,0,0,0,0,0,20,73,0,0,0,0,0,0,0,0,0,0,0,219,0,0,0,0,0,0,0
"gene_265",11,0,32,15,415,798,0,256,1,56,702,19,0,148,5719,373,2998,47,71,0,0,61,2322,0,0,0,1,1537,93,1128,0,872,0,19,0,1765,0,0,23,0,2,5,5,107,4,0,51,0,0,121,3685,1263,2049,0,0,8140,0,10412,53,105,0,1,3,83,2,0,1799,9,0,1642,0,0,10,2235,0,1,45,0,5791,2456,0,45,23,30,198,11248,0,0,529,44,3,15736,6,0,0,0,0,0,74,903,0,0,0,48,841,0,610,610,0,0,0,0,0,10115,0,4,0,0,2,141,212,9,107,0,0,0,0,0,0,45,0,9,0,0,4155,0,202,0,0,3,301,0,3575,0,649,0,754,0,0,7997,0,0,0,0,0,116,27,0,0,0,0,18929,5,0,0,0,0,0,0,784,0,0,0,0,0,0,11,0,0,0,0,0,0,0,8884,0,0,2,0,6,0,0,3,0,0,0,220,0,0,0,0,0,0,1619,17,0,30,2380,0,1268,373,0,0,0,157,27,0,0,0,0,0,0,0,0,2,30,74,26,386,0,0,3,0,0,0,0,0,1022,0,0,32,0,152,0,0,0,0,0,0,0,0,0,2410,0,1304,3825,0,0,0,0,0,0,0,0,0,0,0,0,0,0,0,0,0,0,0,0,0,0,0,0,0,0,0,0,0,0,0,0,0,0,0,0,0,0,0,0,0,0,0,0,0,0,0,0,0,0,0,0,0,0,0,0,0,0,0,0,0,0,0,0,0,0,0,0,0,0,0,0,0,0,0,0,0,0,0,0,0,0,0,0,0,0,0,0,0,0,0,0,0,0,0,0,0,0,0,0,0,0,0,0,0,0,0,0,0,0,0,0,0,0,0,0,0,0,0,0,0,0,0,0,0,0,0,0,0,0,0,0,0,0,0,0,0,0,0,0,0,0,0,0,0,0,0,0,0,0,0,0,0,0,0,0,0,0,0,0,0,0,0,0,0,0,0,0,0,0,0,0,0,0,0,0,0,0,0,0,0,0,0,0,0,0,0,0,0,0,0,0,0,0,0,0,0,0,0,0,0,0,0,0,0,0,0,0,0,0,0,0,0,0,0,0,0,0,0,0,0,0,0,0,0,0,0,0,0,0,0,0,0,0,0,0,0,0,0,0,0,0,0,0,0,0,0,0,0,0,0,0,0,0,0,0,0,0,0,0,0,0,0,0,0,0,0,0,0,0,0,0,0,0,0,0,0,0,0,0,0,0,0,0,0,0,0,0,0,0,0,0,0,0,0,0,0,0,0,0,0,0,0,0,0,0,0,0,0,0,0,0,0,0,0,0,0,0,0,0,0,0,0,0,0,0,0,0,0,0,0,0,0,0,0,0,0,0,0,0,0,0,0,0,0,0,0,0,0,0,0,0,0,0,0,0,0,0,0,0,0,0,0,0,0,0,0,0,0,0,0,0,0,0,0,0,0,0,0,0,0,0,0,0,0,0,0,0,0,0,0,0,0,0,0,0,0,0,0,0,0,0,0,0,0,0,0,0,0,0,0,0,0,0,0,0,0,0,0,0,0,0,0,0,0,0,0,0,0,0,0,0,0,0,0,0,0,0,0,0,0,0,0,0,0,0,0,0,0,0,0,0,0,0,0,0,0,0,0,0,0,0,0,0,0,0,0,0,0,0,0,0,0,0,0,0,0,0,0,0,0,0,0,0,0,0,0,0,0,0,0,0,0,0,0,0,0,0,0,0,0,0
"gene_266",115046,31460,49664,37272,29177,36143,49859,41475,85054,41998,88897,70038,58190,134924,78803,28145,49800,143603,40049,36003,23348,29301,31916,102234,26220,56511,70166,112595,39270,33503,52977,45890,37047,27758,126207,54460,94649,50069,49361,23076,58998,58131,22599,43129,40193,94240,59140,40265,34485,33725,39075,49904,15649,28018,51070,37808,53812,67244,46230,68605,55206,42557,52643,105623,19596,27772,29692,91134,31784,95786,87862,80689,4986,95647,40730,80129,31574,35487,70338,47326,71723,25074,36813,31963,37469,98813,18721,69587,21541,19061,75390,67180,299,18001,405,2045,11552,274,5,13635,3669,814,14882,1045,2617,1,1508,5090,2021,4087,3595,9979,1,992,2806,2162,3254,68,195,19,173,79,2574,1272,14,4908,131,13220,15542,2329,6449,456,108,886,716,4625,2791,417,6628,6411,3913,9414,6261,1013,531,9564,18294,1623,7203,6644,3162,3357,5255,954,1448,8211,30071,2031,0,2069,4310,15952,701,34861,8129,2070,5627,36808,1266,9,4379,2844,96,1375,17223,11,34342,2710,657,51601,29122,5308,656,32915,19716,2764,3950,11303,49979,10073,22999,286,17351,39145,16753,8954,2463,7522,4497,6086,2575,1361,3860,1601,9283,1243,9156,1219,4157,2200,11215,16612,12679,4144,11989,11308,11132,6520,1918,2629,1015,7810,3155,10071,16240,4618,15378,7230,22377,6141,1713,7955,3384,2988,469,10105,4269,1340,4794,2184,2385,23924,12762,9346,7009,19701,5276,12440,856,1906,11396,4106,17536,1441,12609,1495,8713,6547,3550,8884,1062,25402,4579,8784,18441,4658,25360,5236,2458,11459,6986,90562,251,10506,99,1239,25890,2557,1074,932,3745,16791,5246,1870,323,2931,8732,9208,8764,23104,15185,462,3472,47244,31427,7688,17036,267,22724,98,297,6312,876,2244,7746,805,13215,20988,1466,4680,11552,3378,3933,761,1090,1321,20746,1097,5227,8117,8339,16458,5453,7828,7017,838,18104,13234,12815,5329,27847,2,14868,7443,29982,1054,1935,2552,3750,2391,168,5910,2476,924,10638,567,2235,5978,39577,5716,1801,17665,2817,1474,3254,1820,1072,8434,7775,2956,6238,1935,637,29221,6765,48576,1274,2439,6385,1664,5428,12932,7426,11304,752,19444,13873,4334,42708,4240,11732,3358,36486,5013,12218,5747,2102,34584,5544,281,4697,5108,1105,3363,981,7310,2520,2725,7317,7838,6853,4104,4986,10768,1468,4713,18777,4072,5614,2651,8994,13549,7354,1788,10819,24,2233,13120,6270,5323,5490,1083,902,301,624,10409,4217,2978,904,3241,3021,2955,852,5451,3958,670,3343,3129,9472,10107,1664,746,249,2671,11635,8065,337,2153,12327,3041,1681,233,2368,1128,2587,4155,3449,1643,595,7970,9008,176,2741,2740,719,9330,2495,3380,12765,1630,7716,4657,7462,1930,892,1221,3693,2274,2358,1253,371,111,3648,5662,156,9734,1682,1263,5863,1917,698,3002,3225,8588,793,1062,830,2317,12735,682,1466,398,354,7097,14062,117,6372,4202,1210,1784,460,2733,14,47307,997,2485,2429,11131,1525,233,772,11954,2057,34101,481,3113,5318,3104,1779,772,14861,11930,2909,7993,7956,4072,9519,1089,7492,6527,1561,1147,1552,6415,1239,6759,8082,2646,282,877,4735,1363,794,19628,1661,2258,1469,4616,4085,448,2062,4894,12012,5010,14667,11005,85,3644,1292,8818,2703,16473,1746,2590,2422,539,2881,568,3055,443,7666,1843,5916,14,5,6112,9047,275,5599,27,4687,4120,7,2591,3283,816,29,1763,11749,10146,15289,1932,18275,14,1755,4040,5879,6491,2082,659,3690,11683,6,16042,12534,1144,276,1212,1642,400,604,6135,7442,0,3545,21360,547,750,301,501,8439,1459,2862,724,476,8555,5120,7360,9026,931,5349,2285,2240,5138,1269,10454,20406,1611,30109,490,12733,119,7,1914,4042,11356,2981,352,985,632,34979,9112,1297,18763,1675,9602,5120,6614,7439,862,3883,365,26,7282,29650,9971,24796,1182,2232,3460,11475,9484,1294,15495,1741,676,4,810,2431,4046,7163,13601,2658,26098,9245,3214,9300,28,320,2225,23799,340,12042,2268,15696,2656,2855,471,9682,6309,3374,1331,100,39937,5905,1571,1406,14871,7366,2119,4409,52,6758,425,405,70,3064,1483,6496,576,311,48,4893,1476,1510,5759,2340,4730,4158,14120,1322,5299,50941,5271,1388,3506,1762,8003,813,1985,13001,27375,4473,10567,4103,11041,600,10609
"gene_267",413,0,1227,0,683,0,147,32,25,0,0,0,0,0,0,2190,0,0,4,0,0,1,0,0,0,0,0,0,0,0,13,0,1,0,0,0,0,0,417,0,48,881,0,0,0,0,0,1,0,11,154,0,0,0,0,0,5,2927,0,0,0,15,0,254,0,0,1,0,2,0,50,949,0,0,2,0,595,0,0,334,2,0,0,0,1,0,0,0,0,0,0,0,105,0,0,0,0,0,0,11,0,0,0,0,0,0,0,0,0,1,0,0,0,0,0,87,0,0,0,1638,0,0,48,105,0,0,0,0,709,2,0,4,0,0,0,0,0,0,7,3,0,0,0,0,0,0,0,0,0,0,0,2007,5,11,0,0,1,0,408,1,0,0,0,0,0,0,0,1075,0,0,0,0,166,0,0,0,342,0,444,301,0,0,0,0,0,0,26,0,0,5,0,0,3,0,0,0,528,0,0,0,0,0,0,0,3666,0,0,0,0,0,0,5,0,0,0,717,0,0,0,0,0,0,0,0,0,0,0,24,0,0,0,0,0,0,0,0,0,0,0,0,0,0,0,0,0,0,0,0,0,0,0,0,0,0,0,0,0,0,0,0,0,0,0,0,0,0,0,0,0,0,0,0,0,0,0,0,0,0,0,0,0,0,0,0,0,0,0,0,0,0,0,0,0,0,0,0,0,0,0,0,0,0,0,0,0,0,0,0,0,0,0,0,0,0,0,0,0,0,0,0,0,0,0,0,0,0,0,0,0,0,0,0,0,0,0,0,0,0,0,0,0,0,0,0,0,0,0,0,0,0,0,0,0,0,0,0,0,0,0,0,0,0,0,0,0,0,0,0,0,0,0,0,0,0,0,0,0,0,0,0,0,0,0,0,0,0,0,0,0,0,0,0,0,0,0,0,0,0,0,0,0,0,0,0,0,0,0,0,0,0,0,0,0,0,0,0,0,0,0,0,0,0,0,0,0,0,0,0,0,0,0,0,0,0,0,0,0,0,0,0,0,0,0,0,0,0,0,0,0,0,0,0,0,0,0,0,0,0,0,0,0,0,0,0,0,0,0,0,0,0,0,0,0,0,0,0,0,0,0,0,0,0,0,0,0,0,0,0,0,0,0,0,0,0,0,0,0,0,0,0,0,0,0,0,0,0,0,0,0,0,0,0,0,0,0,0,0,0,0,0,0,0,0,0,0,0,0,0,0,0,0,0,0,0,0,0,0,0,0,0,0,0,0,0,0,0,0,0,0,0,0,0,0,0,0,0,0,0,0,0,0,0,0,0,0,0,0,0,0,0,0,0,0,0,0,0,0,0,0,0,0,0,0,0,0,0,0,0,0,0,0,0,0,0,0,0,0,0,0,0,0,0,0,0,0,0,0,0,0,0,0,0,0,0,0,0,0,0,0,0,879,0,0,0,0,0,0,0,0,0,0,14,0,0,0,0,0,0,0,0,0,0,0,0,0,0,0,0,0,0,0,0,0,0,0,0,0,0,0,0,0,0,0,0,0,0,0,0,0,0,0,0,0,0,0,0,0,0,0,0,0,1,0,0,0,0,0,0,0,0,0,0,0,0,0,0,0,0,0,0,0,0,0,0,0,0,0,0,0,0,0,0,1,0,0,0,0,0,0,0,0,0,0,0,0,0,0,0,0,0,0,0,0,0,0,0,0,0,0,0,0,0,0,0,0,0,0,0,0,0,188,0,0,0,0,0,0,0
"gene_268",55,0,0,0,0,0,0,0,0,0,0,0,14,0,0,0,0,0,0,0,0,0,0,0,7,2,0,0,0,0,3,0,0,0,0,0,0,3,0,0,0,0,0,0,0,0,0,0,3,0,0,0,0,0,0,0,0,0,0,0,0,0,0,0,0,15,0,0,0,0,0,0,0,1,3,0,0,0,652,0,0,0,0,0,0,0,0,0,0,0,0,856,0,0,47,38,0,0,0,0,3,15,2,0,2,0,1076,56,694,373,33,0,0,2,2,225,4,1,0,2,0,615,29,0,0,0,0,1,121,112,0,6,0,392,0,16,0,0,0,2,0,0,0,5,358,338,5891,2226,0,0,48,213,4,0,9,38,13,29,0,0,0,0,0,0,37,0,0,15,119,0,0,2,15,0,0,338,1123,0,1,5,0,1943,0,0,368,117,8182,1,0,382,0,0,15,0,0,1,0,0,540,0,0,0,2,0,0,0,0,0,0,0,30,0,0,0,0,0,0,0,0,0,0,0,0,0,0,0,0,0,0,0,0,0,0,0,0,0,0,4,0,0,0,0,0,0,0,0,1,0,0,0,0,0,0,0,0,0,15,0,0,0,0,0,63,0,277,118,0,0,0,0,40,1171,400,0,0,0,57,0,0,0,0,158,0,2,4,0,35,0,1401,0,0,299,0,0,5,291,0,2,0,17,27,0,0,962,152,0,1,93,47,0,19,146,0,0,35,1,0,5,5,166,251,0,6,0,1492,4,0,72,59,267,0,0,0,37,0,0,169,48,15,0,0,0,0,0,139,0,0,0,0,0,32,83,0,0,438,985,1,1,107,946,47,178,1,2,0,1619,0,0,0,0,52,0,5775,45,11,7,0,0,5124,2,8,195,14,0,0,216,0,0,0,598,4468,5,0,249,0,0,703,0,13,0,0,0,12,0,126,9,0,35,0,5,1114,0,32,0,29,30,0,1,0,0,616,57,9,0,0,0,150,0,14,0,8,0,3,49,0,0,0,0,0,0,1333,0,243,787,1,705,0,2283,0,12,0,34,0,41,1,19,387,45,8,0,413,2583,0,0,17,0,479,0,33,9,2,13,0,0,0,0,0,0,0,0,279,4,9,5,1,108,0,0,157,1065,10,2,0,0,296,0,0,0,0,267,614,0,0,19,615,330,0,0,0,6,1,49,56,0,0,0,0,0,0,0,0,1200,0,4559,1,17,430,0,0,228,0,0,0,2995,0,77,0,1,464,20,1,0,3084,911,0,843,130,5,2327,0,12,10,1,42,1385,6,6,504,8,1,0,2,0,118,1,191,280,10,0,319,6,0,19,98,0,3489,0,0,7,780,2,0,2,0,0,645,254,0,0,279,0,1645,0,0,7721,1,1,56,1,15063,1,3096,0,5,0,9353,0,0,0,0,15,0,0,0,46,0,0,0,63,0,5414,0,0,1369,195,0,4450,112,0,0,8100,0,0,0,0,2896,0,16,0,0,79,481,0,14,0,1,3638,0,0,0,0,3,0,2,10,0,0,0,0,2,421,2,158,2875,0,138,436,4,0,0,0,0,0,0,0,0,0,139,0,24,0,0,11952,0,0,9,0,135,0,851,453,961,0,33,27,0,0,0,0,0,0,0,1273,0,0,128,0,21,0,335,0,0,0,0,0,0,0,9,1,0,1,0,17,0,0,46,0,0,0,4,2420,523,24,1,1,3416,216,3156,0,11658,1762,1,0,0,0,0,179,0,0,245,268,414,0,1,515,778,94,118
"gene_269",35,141,51,0,5,6,49,0,0,8,0,86,183,193,0,87,1,39,170,0,16,0,14,0,0,468,2,459,32,20,3,5,3,230,244,8,7,0,95,2,2,29,1,0,8,1,60,4,2,8,151,355,224,0,2,387,4,861,0,97,28,20,204,0,342,32,28,179,0,172,49,193,26,128,0,112,131,0,114,14,180,0,370,12,0,0,1,53,127,1,5,156,0,40,0,73,16,0,250,0,0,1,1,1,0,1,0,188,0,9,0,0,5,209,38,0,3070,0,0,0,0,0,0,0,0,486,4,9941,0,3,364,134,3763,0,0,5,2,7,10,0,0,0,0,0,14,6,0,1277,0,1,0,2342,0,111,0,6129,2,0,0,1,0,2,4139,18624,3848,6249,1103,0,0,0,35,2,0,0,0,0,21,0,0,0,4,503,0,3832,1,302,947,0,5,1802,0,4789,15,13723,3,19,0,3269,18,0,0,0,279,0,2144,0,0,17,0,0,0,0,179,0,804,2169,0,0,5,2,0,28,0,0,0,0,0,5332,6496,0,15,0,7,23,0,642,383,0,9201,0,0,392,25,0,0,0,265,0,0,0,4,0,0,0,2,0,0,0,146,0,0,548,0,389,1,421,283,0,0,3,27,0,0,0,0,42,0,10,1,0,27,0,0,0,52,1756,0,0,1910,872,122,0,778,3049,0,0,4,124,1724,0,2464,0,5,4,176,351,3,3,1,24,966,0,610,0,0,9,0,0,0,0,97,631,0,0,444,0,0,7,0,278,96,2,12,0,2675,338,932,0,0,0,0,2,0,4,441,22,164,60,0,1,1,0,1,153,0,38,0,4,8911,680,366,141,6,0,1155,0,0,785,0,1052,5,6,36,1,6,0,0,1,5,0,1,109,11,417,0,0,189,0,1,47,92,0,21,0,0,1383,0,0,1,375,0,21,0,0,2,4,23,7,0,187,23,0,0,639,122,3,47,603,11,0,0,0,0,0,0,0,128,3,20,1610,1,0,0,325,33,0,765,101,3177,39,0,5901,0,0,0,0,51,249,1487,313,0,18,89,224,585,1,505,1,8,2,2649,287,77,15,63,1,589,174,39,154,2,114,0,1325,528,95,4,138,9,0,24,1192,1938,339,16,313,283,5210,1,3,1351,4,929,0,15,41,20,323,3,132,0,4462,382,175,127,11,1439,963,1025,5266,353,1366,31,6241,0,57,112,1672,144,189,13,2,195,22,4,125,4,0,7,234,24,1672,73,0,77,1198,9,0,201,14,649,5971,263,234,4,1812,79,771,45,240,215,19,154,154,208,13832,7115,279,82,127,393,0,261,236,484,0,4442,429,3256,322,7246,0,36,198,6636,3,1151,301,85,1,16,23,6835,46023,0,717,0,1,44,743,0,0,1,973,5754,0,337,69,454,0,0,16,104,3,9550,183,1675,1896,9164,0,1306,5,495,124,1,5139,0,0,3,335,73,0,2509,88,0,182,1,99,550,0,1,56,428,0,29,2812,1509,8651,6968,916,0,0,5442,0,131,0,1407,5,1940,0,953,0,621,0,4,119,1122,0,0,7322,69,341,200,82,9135,1322,27,2,9282,2920,0,1261,8,10,12,0,3,1259,2595,0,36,23,376,0,10,166,296,3,29,116,1100,29,2,9,1,0,0,918,45,0,409,506,0,1551,1490,2,39,58,301,242,2561,56,234,0,0,0,319,79,2,32,737,0,976,0,1275,2508,2322,27,1691,2,229,24,302,712,1,0,1,152,0,748,2848,95,174,0,70,8,12,4276,6129,12,485,7358,217,1911,4392,626,931,3
"gene_270",0,0,2,0,1,0,1,0,0,0,0,0,0,0,2,4,2,0,0,0,0,0,3,0,0,0,0,0,0,2,0,0,3,0,0,0,0,1,0,0,0,0,0,2,0,1,0,1,0,2,0,0,0,0,0,4,0,0,0,0,0,0,0,0,0,0,0,1,1,1,3,0,0,0,0,0,1,0,0,1,0,0,0,1,1,0,0,2,0,0,9,0,4,0,0,0,0,0,153,231,0,0,1,0,0,4,0,0,1,0,0,0,3,3,0,282,0,0,0,0,0,0,0,0,0,0,0,0,338,0,0,0,0,0,0,0,0,14,0,65,0,0,0,0,0,0,0,40,0,0,0,0,0,0,0,0,0,0,0,0,17,0,0,0,0,0,0,0,0,0,0,0,0,0,0,0,0,15,0,0,130,0,168,0,0,0,0,0,0,0,13,0,0,0,0,2,0,0,0,183,0,0,455,0,0,5775,0,0,3,154,24,2,0,491,0,0,8,17350,8042,0,5,3,0,0,6867,1619,1923,0,0,2241,1,1,0,1804,0,0,0,0,0,1525,0,0,0,5,6804,0,35,1,0,1,1703,7,157,27,0,0,0,661,0,0,0,0,0,0,0,0,0,0,0,0,0,0,0,0,0,0,0,0,0,0,0,2,0,0,0,0,0,0,4,0,0,0,0,0,0,0,0,0,0,0,4,0,0,0,0,0,0,0,0,0,0,0,0,0,0,0,0,0,0,0,0,0,0,0,0,0,0,0,0,0,0,0,0,0,0,0,0,0,0,0,0,0,0,212,0,0,0,0,0,0,1,0,0,0,0,0,0,0,0,0,0,0,0,0,0,0,0,0,0,0,0,0,0,0,0,0,0,0,0,0,0,0,7,0,0,0,0,0,0,0,0,0,0,0,0,28,0,0,0,0,0,0,0,0,0,0,0,0,0,0,0,0,0,198,0,854,0,0,0,0,0,0,0,0,0,0,0,0,0,0,0,0,0,0,0,0,0,0,0,2,0,0,0,0,0,0,0,0,0,221,0,0,0,0,0,5,0,0,0,0,0,0,36,0,541,364,0,0,0,0,0,0,0,0,0,0,0,0,0,0,0,0,0,0,0,0,0,0,0,0,0,0,0,0,0,0,0,0,0,0,0,0,0,0,0,0,0,0,0,0,6,0,0,0,0,0,0,0,0,2,0,0,161,0,32,0,0,0,0,0,0,0,0,0,0,10,0,0,0,0,0,0,0,0,0,0,0,0,0,0,0,0,0,0,0,0,0,0,0,0,0,0,45,0,0,0,0,0,0,0,0,0,0,0,0,0,0,0,0,2563,0,0,0,0,0,0,0,0,0,0,0,0,0,0,0,0,0,0,0,0,0,0,0,0,0,0,0,0,0,0,0,0,0,0,0,0,0,0,0,0,0,0,0,0,0,0,0,0,0,0,0,0,0,0,0,0,0,0,0,0,0,0,0,0,0,0,0,0,0,0,0,0,0,0,0,0,0,0,0,0,0,0,0,0,0,0,0,0,0,0,0,0,0,0,0,0,0,0,11,0,0,0,0,0,0,0,0,0,0,0,0,0,0,0,0,0,0,0,0,0,0,0,0,0,0,0,0,0,0,0,0,0,0,0,0,0,0,0,0,0,0,0,0,109,0,143,0,0,0,0,0,0,0,0,0,0,0,0,0,0,0,0,0,0,0,0,0,0,0,0,0,0,0,0,0,0,0,0
"gene_271",0,98,1,656,0,1789,0,81,0,31,105,261,601,1927,4176,0,7,2,33,0,92,1094,0,59,743,1338,8,839,474,0,118,5,1,0,822,636,137,7386,154,0,26,0,0,0,9,742,150,0,1,4,3963,104,21,69,1,131,1768,213,0,0,0,160,2,3124,1491,4,92,14,0,0,0,43,143,1888,52,0,0,124,687,1,0,163,1,32,0,3525,223,3599,3954,55,50,85,6,39,2207,1955,51,3068,84,1,7,216,15,0,29,15669,0,0,0,2657,2604,8645,0,0,3,572,0,1755,0,1408,5938,0,369,0,124,0,0,7,742,0,136,0,0,12,566,1441,3,3,0,0,8,0,564,0,2,0,187,46,0,0,25,1,7,0,0,0,918,0,1,0,4687,0,15651,0,7074,48435,33,1,1253,1,0,194,0,10,0,0,3,13,0,0,4,0,46903,0,0,0,1,0,967,25,1,282,172,0,0,51,0,8198,0,27,0,0,0,1,0,219,0,508,0,123,0,0,0,0,3,0,0,0,5044,3683,0,3456,0,0,0,0,0,12,0,0,0,0,1044,2288,0,0,15,87,83,0,229,0,0,0,6,0,4,0,0,0,0,0,7465,342,0,0,0,5169,234,0,105,8,376,462,0,566,128,1,38,20,1,1276,556,63,289,2,33,678,193,1,405,3874,1249,0,219,942,4764,915,24,24,150,37,1524,3191,15,1049,358,28,15,50,255,298,0,744,633,222,0,0,117,348,321,6027,57,0,11,5,6,63,351,375,3,33,1266,4384,157,292,4723,767,0,1,82,239,111,1,4155,11,0,4200,589,250,2,28,52,21,133,69,0,0,1401,1,111,1,940,0,0,275,158,7,15,111,421,32,8,1747,0,1780,874,436,34,2991,8,0,0,82,571,0,245,394,0,1697,1132,3702,0,1,836,91,0,942,883,1860,69,49,0,0,3844,2060,0,988,1071,2386,24,2568,3,123,142,309,320,94,0,20,10047,95,536,666,10,1438,512,850,0,40,736,693,5791,4802,16,2,0,1023,545,2,1,3178,4,878,0,0,0,515,3783,0,606,0,0,0,11,0,16,20,19,2229,3761,0,0,172,0,0,1,14,1175,0,60,3,44,0,0,0,2,6,0,9,2,0,2,78,1,268,88,0,0,0,448,2,69,1,260,1459,0,0,0,0,57,0,0,25,0,0,31,0,4,0,0,174,2,0,6,0,7,0,142,0,5151,0,178,0,0,1,13,1635,353,735,0,0,44,222,0,0,0,0,164,0,0,0,729,0,0,0,0,0,207,699,0,114,0,2,36,0,0,3,0,0,45,0,1,0,0,31,0,263,0,0,82,0,0,0,0,676,3,1,0,42,0,0,0,134,0,1,307,0,0,98,0,0,0,5,0,31,8,17,0,39,5,0,0,0,0,10,0,0,127,16,0,0,0,866,0,0,0,887,0,0,193,0,22,118,2911,51,300,360,2863,96,100,30,0,3,3526,0,120,0,0,598,0,0,0,27,607,84,0,0,147,0,1,0,0,0,497,23,0,4402,0,37,83,0,0,0,0,695,0,32,0,389,0,23248,0,0,0,0,0,0,60,98,0,3244,58,0,0,0,0,11,0,3007,872,22,7,0,0,0,271,1,0,967,0,399,0,1,16,3,9,0,0,200,304,4,0,3696,0,0,0,8608,3,388,6,0,0,83,0,0,0,0,0,3,0,0,3,70,39,27,2703,0,35,0,10,1,3,7,262,0,1,23628,0,614,0,0,4,1,27,338,0,351,0,0,0,0,0,24,0,0,0,0
"gene_272",1,1,0,4,0,28,64,12,0,1,54,0,0,16,189,1,1,12,11,0,0,0,0,132,0,29,1,27,0,0,0,6,0,4,19,0,0,0,0,79,0,2,0,82,0,3,164,1,8,25,0,2,6,0,0,0,1,0,2,2,0,8,93,0,39,95,21,3,0,6,6,0,3,2,10,0,0,0,2,0,269,0,5,0,0,46,25,0,0,0,0,81,0,0,0,0,0,0,0,0,0,0,0,0,0,2,0,0,0,0,0,0,0,0,0,0,0,0,0,0,0,0,0,0,0,0,0,0,0,0,0,0,0,0,0,0,0,0,0,0,0,0,0,0,0,0,0,0,0,0,0,0,0,0,0,0,0,0,0,0,0,0,0,0,0,0,0,0,0,0,0,0,0,0,0,0,0,0,0,0,0,0,0,161,0,0,0,0,0,0,0,0,0,0,14,0,0,0,0,0,0,0,226,0,3764,0,69,0,1,0,0,0,0,19,0,1,2,69,0,0,0,46,0,30,0,184,0,0,143,0,128,301,0,2,0,0,0,0,0,0,0,0,67,0,0,1,315,3332,0,0,3,0,23,0,0,0,56,0,1,8,41,11,2,7,49,26,91,0,0,0,0,0,0,29,676,1140,29,243,37,0,0,208,15,0,177,44,331,49,2,34,2,0,3,9,307,51,1,0,5,0,5,114,17,4,2,2,7,19,105,1,88,276,145,0,1,120,1,2,0,26,135,0,0,144,0,19,405,0,463,45,1,0,0,3,912,0,0,113,44,11,0,15,7,0,125,0,0,33,344,0,300,0,14,221,0,0,13,0,653,17,0,0,31,110,126,1362,2,3,244,120,11,85,11,0,96,25,39,1,2,3,0,162,2,0,52,20,0,239,83,0,0,3,139,12,599,5,8,1,41,0,163,149,0,0,25,8,177,10,36,19,473,0,0,236,253,45,4,1,13,0,31,113,1,117,0,36,35,101,0,1,0,195,38,6,0,0,0,8,3,113,9,7,0,8,10,0,0,35,121,1,0,3,41,9,0,224,74,168,0,21,55,26,33,25,14,3,0,0,0,2,32,0,0,95,37,47,27,2,0,3,0,2,0,0,9,0,0,0,0,0,4,1,1,99,86,0,0,21,1,8,0,29,0,6,0,0,12,0,32,0,0,0,0,0,50,3,0,293,1,9,0,7,0,2,0,3,2,19,0,58,0,10,63,0,0,0,0,0,46,12,0,0,6,0,0,77,3,4,9,6,0,0,161,73,0,0,5,0,53,0,1,36,0,0,3,0,15,44,0,0,28,226,6,36,0,0,0,0,0,0,0,0,0,0,0,0,0,0,1,0,1661,0,163,0,0,0,0,53,284,0,0,0,0,3,32,0,0,0,0,1236,0,0,0,0,0,0,127,1,0,0,0,0,0,0,253,0,9,24,0,1067,0,33,0,0,2,0,0,0,69,2435,0,625,76,0,602,203,0,0,0,898,468,0,56,0,0,2,1,0,0,0,375,320,0,511,0,35,0,221,0,0,0,0,843,9,0,0,0,103,2027,12,102,497,0,0,33,0,0,199,0,0,0,0,0,0,0,7,0,0,3,2,0,0,23,155,19,0,0,0,0,0,0,5,1,0,150,0,29,0,66,421,66,0,0,0,2415,300,32,0,0,0,38,0,0,0,233,0,188,109,0,1,0,0,0,0,32,56,0,0,0,38,14,29,0,0,1472,0,1,0
"gene_273",0,0,0,0,18,34,258,427,0,0,0,0,9,9,8,575,0,5,0,0,0,0,38,0,0,0,1319,286,0,0,1,20,0,0,1363,0,0,1,0,18,0,55,0,2,0,9,0,0,0,0,0,63,0,0,3,0,0,0,0,232,0,0,0,151,0,1,0,0,0,0,0,0,0,0,30,0,0,1,0,9,0,0,157,21,0,25,0,0,930,1085,407,0,45,0,0,0,0,0,0,0,450,0,0,0,0,0,0,0,0,508,0,1,0,0,0,29,0,0,4,0,2,0,0,58,0,232,0,0,22,4,0,2,0,0,0,2075,0,0,0,0,0,0,0,0,1795,8,0,0,0,553,0,0,0,0,19,0,0,0,0,0,0,0,0,0,0,1,0,10523,0,0,64,0,0,0,0,0,0,26,0,0,0,0,61,0,0,0,0,2361,0,504,0,75,21,0,1,1,0,0,0,0,0,0,0,0,0,0,56,0,0,0,0,4,0,0,52,0,0,0,1,0,70,0,0,0,0,0,0,0,0,0,0,0,0,0,0,0,0,598,15,0,0,694,0,0,0,0,2,0,0,0,0,0,1,0,0,0,0,0,0,0,87,17,0,0,0,0,3,0,0,475,0,0,0,12,0,0,0,143,309,0,1,0,0,1381,0,238,0,0,0,101,472,246,18,0,0,0,1042,0,0,0,0,0,0,44,0,32,0,0,0,0,0,1,0,0,0,24,0,225,6,0,0,0,0,5,0,0,0,0,60,0,1,0,0,8,0,598,0,0,0,733,0,0,549,0,0,0,0,935,0,0,2,0,0,16,0,31,0,94,0,0,0,0,0,0,0,0,0,2755,6,0,0,0,325,0,0,0,37,0,0,0,0,0,0,0,22,53,0,1681,3,0,0,0,200,2025,0,1009,62,0,0,1,486,0,0,0,0,0,0,0,733,0,0,0,3492,2,1,0,0,215,0,0,1129,319,994,1818,0,53,0,1,1,9,0,590,0,1,0,0,525,2,0,0,37,0,11,0,2495,0,0,0,0,1469,606,0,0,0,0,0,0,8,0,0,279,0,0,520,0,32,0,40,0,0,0,868,218,1,74,0,0,0,0,0,1302,9,0,0,4,0,49,129,0,640,364,0,0,0,0,47,38,267,26,22,0,15,0,0,876,0,113,4,1803,1,0,0,0,2,0,0,0,1,0,0,0,157,0,58,0,0,0,0,305,2230,0,0,2533,0,91,0,0,0,3,2,0,0,28,0,0,0,0,0,0,91,22,0,0,0,3,0,614,939,0,0,0,0,0,0,0,0,0,0,0,0,103,2,0,0,0,0,0,61,30,0,12643,0,0,0,0,0,0,0,0,0,0,0,0,0,1362,0,0,0,0,0,0,2814,0,0,0,0,0,0,0,313,115,0,0,0,0,0,0,0,0,25030,0,0,0,0,0,0,0,3,0,0,0,100,0,0,0,0,0,0,0,0,0,0,0,0,1,0,0,0,0,0,0,0,0,0,0,432,0,0,0,0,0,0,0,0,0,26,0,0,2,0,641,884,0,0,0,0,0,416,0,0,0,0,0,0,171,348,0,0,0,0,0,0,0,0,0,0,0,0,0,17,1000,0,0,0,0,0,5,17,0,0,0,0,3,0,0,0,0,0,0,0,0,0,0,0,1,0,0,50,0,1339,0,0,0,0,1,0,0,1827,0,489,23106,0,0,0,0,0,0,0,0,0,0,12,1,164,2,0,32,0
"gene_274",146,2050,5281,2304,1491,6732,297,39,0,6213,83,3505,20,3112,41,25,0,2326,38,6,2,47,7,556,1235,2414,0,19696,311,25,135,4344,104,0,1057,14299,0,232,281,678,364,12,808,418,1603,4,11,484,470,0,6906,387,120,3529,385,7657,177,5689,49,40,142,2601,1067,7,107,1,13,380,2022,0,0,2426,596,1234,162,4,261,1429,0,0,248,399,4,7249,7948,28,48,5,7,352,1969,0,0,24945,0,813,749,48,9885,1876,12426,0,2,6469,5,2687,7215,18,3,361,0,0,731,2,81,134,0,95,15,2726,4140,0,1,479,678,0,281,0,2353,0,100,616,834,87,262,108,0,65,24,13762,0,0,39828,3306,102,20,12,1248,203,49,1,35151,86,23,1984,0,20193,809,11273,25,463,2,0,879,22216,84,30,0,128,2,23275,10625,15694,1032,3,305,10866,2583,11674,2386,1681,3506,2187,6595,5,0,3814,1501,7615,40,0,19821,0,63,3,0,0,219,75,852,318,0,6830,0,0,4,125,321,5261,37,676,3,429,7,0,690,106,141,8027,202,943,51,2015,12,12,960,2165,3073,942,96,278,6379,0,2,2028,900,320,115,832,4,1808,112,2076,280,0,0,1079,78,3,0,5902,4,2103,2,4011,98,0,88,2511,1,2,48,258,72,6,4,508,2245,1068,117,2396,34760,4,54,7683,0,214,94,338,0,180,8298,215,28,312,946,1743,3924,1224,9377,380,3177,549,309,1,960,4189,96,257,2291,38,5022,2585,114,24,13154,239,103,1,811,632,0,913,36,2241,320,110,6483,77,141,2312,2931,0,1873,655,1253,0,86,97,1592,0,15,6710,1,628,2,152,1619,3354,1281,2,517,2536,1508,376,3,1794,595,1044,18,275,4,13,162,40,3344,1486,3,77,35,844,1,40,11,2,0,641,28,1259,3929,157,1948,122,161,0,437,2735,458,1811,4610,1772,140,486,286,87,21,1266,135,22,3034,614,985,776,4,162,1569,420,0,2411,1,1720,542,67,303,16,18,60,4654,1,233,702,1028,1459,1788,214,842,2737,118,72,1082,7,325,2,666,8,3794,1760,36,5698,9667,168,0,3,1488,2472,3413,0,8,9981,1462,1,40,3545,116,57,0,0,0,5792,0,6615,2355,428,11,35,1419,174,95,9,0,0,0,381,0,56,2,36,631,0,0,246,0,98,82,0,2395,0,0,6,490,55,187,664,783,30,47,0,217,0,419,0,4052,1749,17079,262,0,0,15,0,1746,1646,1,5,0,0,0,1572,1664,1,218,2505,219,49,71,157,75,1466,32,0,0,0,0,4709,0,238,0,0,5419,0,1771,219,0,0,4393,0,0,8,1383,0,0,0,0,0,2,0,1796,7141,0,1803,0,0,0,164,0,1474,0,519,0,0,0,309,25,8982,602,96,94,88,50,298,75,0,0,0,0,2549,0,1,0,7000,2,11,0,0,115,1,1481,0,0,0,0,2,0,0,0,680,0,94,1,0,0,1003,62,0,0,12602,0,5,1,0,0,0,85,0,1230,0,0,83,2365,0,0,8,0,0,549,6187,0,0,0,832,0,0,0,2868,2845,0,146,0,0,10,60,0,0,0,0,82,615,1813,0,0,0,0,2,35,156,0,33,11,1,0,396,1554,3,0,0,0,0,0,0,247,0,0,3,433,0,0,18,36,474,0,0,0,0,0,0,962,0,0,0,64,0,1,0,0,0,10,7,0,0,0,0,47,2402,0,41,0,0,0,0,252,0,2219,62,0,0,40,0,0,6,19,0,0,0,0,1624,0,0,0,0,1814,0,100,1,15,1,577,0,551,7,11,0,0,0,0,0,0,1,4,54,2,0,0,2113,0,0,11,0,0,3845
"gene_275",0,0,0,0,0,0,0,0,0,0,0,0,0,0,0,0,83,0,0,0,0,0,0,0,0,0,0,0,0,0,0,0,0,0,0,0,0,27,0,0,0,0,0,0,0,0,0,0,0,0,0,0,0,0,0,0,0,0,0,0,0,0,0,0,0,1,0,0,0,0,0,0,0,0,0,0,0,0,0,0,203,0,0,0,0,0,0,0,0,0,0,0,0,0,0,0,0,0,0,0,0,380,0,0,0,0,0,0,0,0,0,0,0,0,0,0,0,0,0,0,0,0,0,0,0,0,0,0,0,0,0,0,0,0,0,0,0,0,0,0,0,0,0,0,0,0,0,0,0,0,0,0,0,0,0,0,80,0,0,0,0,0,5953,0,0,0,3519,163,0,0,0,0,0,0,0,0,0,0,0,0,0,0,0,1,0,0,0,0,0,0,0,0,0,0,0,88,0,2,0,0,0,0,0,0,0,0,0,0,0,0,0,0,0,0,0,0,0,0,0,0,0,0,0,0,0,0,0,0,0,0,389,0,422,0,0,0,0,0,198,0,0,0,0,0,0,0,0,1,1,0,0,0,0,0,0,0,0,0,0,0,0,44,0,0,0,0,0,0,451,0,6925,0,0,0,0,0,0,0,0,0,0,636,0,135,16,0,711,359,0,0,0,0,0,3,0,0,257,0,0,0,14,0,0,0,0,0,0,39,1,6,0,0,0,0,0,756,0,0,0,0,0,0,23,0,375,215,0,66,694,0,369,9,1,0,425,0,0,0,0,0,0,0,0,289,0,0,0,0,0,0,0,22,0,0,0,0,34,394,0,0,1,51,0,0,0,0,182,23,0,0,0,0,0,2,0,0,1,0,1,339,1047,0,0,0,0,11,0,9,0,0,0,0,81,0,0,2,0,0,0,0,0,0,27,21,942,0,0,26,0,0,684,0,339,19,0,0,0,0,0,0,9,0,0,497,0,0,1629,0,0,0,0,0,5,0,0,0,0,0,0,0,0,0,1,0,0,0,0,0,0,0,0,0,0,0,0,0,0,0,0,0,0,0,0,0,0,0,337,0,0,0,0,0,0,0,58,0,0,0,0,3,0,0,0,0,0,0,0,0,0,0,0,0,0,3,0,0,0,0,0,0,0,82,0,0,0,0,0,74,0,0,0,26,0,0,0,0,0,0,0,388,0,0,0,0,147,0,0,46,0,0,0,17,6,0,0,0,0,0,0,0,0,0,0,0,0,0,0,0,2,0,0,0,0,0,0,0,0,0,0,0,0,0,0,0,0,0,0,0,1,1,0,539,0,0,106,1,95,304,0,3,352,9,0,0,1332,141,0,2177,0,0,0,5,0,0,47,173,0,0,0,92,0,32,0,6,334,4,658,0,86,307,0,0,0,0,0,0,0,0,194,0,0,4,0,0,37,0,583,198,14,276,0,0,0,597,2,8,0,0,26,0,57,0,0,0,0,0,0,0,456,0,0,0,0,0,180,1,6,0,0,0,0,0,0,11,15,1,0,67,2,0,13,0,0,0,11,0,0,14751,0,25,0,10,0,38,0,815,0,0,831,0,0,0,3,0,0,1,0,0,0,0,329,4,60,0,16,0,0,0,6,0,0,14,0,0,0,0,0,0,5,4,0,0,0,16,319,0,8,0,0,0,78,0,0,0,338,8,0,2997,614,0,0,1,1,1,2541,65,0,1073,0,0,3,0,0,0,0,3,0,179
"gene_276",0,0,0,0,0,100,0,6,0,0,0,107,494,31,24,269,0,358,0,0,0,2784,0,5079,0,0,11,0,0,0,0,0,0,0,2480,0,0,2,0,0,3949,0,1807,0,0,0,119,112,0,268,0,21,0,0,0,0,1,3,1,0,0,0,168,989,1108,0,0,8,527,0,0,0,0,0,0,1459,0,0,2,299,256,0,103,0,63,0,0,0,0,0,1350,222,0,1,0,0,0,0,859,0,0,39,0,0,0,119,0,0,0,0,0,0,0,0,1611,0,0,0,0,0,0,0,0,0,0,0,0,0,0,0,257,0,1,22438,0,5,48,0,0,0,36,0,0,0,0,0,0,0,0,3288,0,0,0,0,0,0,0,0,0,0,0,0,0,0,0,0,0,39,0,0,0,0,68,1477,0,0,37858,3593,1236,0,1198,0,0,37,0,0,37,1,0,0,0,0,0,0,0,0,0,0,1948,0,0,0,0,0,0,0,1087,0,0,0,29,0,0,0,81,0,1995,94,0,109,0,224,0,58,0,0,0,0,0,0,0,0,0,0,0,0,102,24,1,0,0,1,14,0,0,0,0,0,16,0,0,0,0,0,0,0,0,1,0,0,0,319,0,0,0,0,0,0,0,2,0,2,0,191,0,0,0,0,0,0,9,0,14,0,33,883,281,0,1348,106,27,0,213,0,3,12,0,0,48,0,759,0,0,0,1,14282,1,248,0,0,0,3381,0,0,0,0,0,0,0,0,0,0,3112,0,0,0,0,70,4258,1,3,0,0,0,0,0,3259,156,0,0,0,2,0,33,1,19,0,4256,0,0,0,0,13,0,472,0,0,0,0,69,0,487,0,0,0,0,0,0,0,0,392,0,668,0,14,0,0,0,7,0,71,0,34,0,0,12,70,0,6,30,0,11,11,0,243,20,0,1388,1,0,1,3,0,9,0,0,53,0,4416,0,0,308,292,0,0,296,0,20,0,0,990,91,0,0,0,1482,0,22,0,0,0,0,77,0,0,0,2,75,0,97,76,1797,298,112,3,0,0,0,28,0,4,0,295,0,0,448,0,2,713,29,0,0,3680,0,0,0,1347,0,6,0,0,100,0,0,12316,0,758,325,2376,0,6,989,822,12,16,0,0,1,44,0,0,242,0,1720,1,305,0,0,6559,41,0,0,6,1,1,0,31,0,4,0,0,0,2,0,209,0,462,0,0,3,1,0,1,0,6,54,0,0,1,2,795,6,9,589,34,18,51,0,1,3,420,38,380,0,57,483,0,1,88,0,14,0,963,0,0,0,326,0,6,0,0,0,170,440,10,92,0,0,8,1618,0,0,65,0,1,0,12,491,0,0,0,0,0,0,26,0,0,0,0,7999,0,0,1477,0,0,0,0,0,0,0,0,0,0,0,0,0,1591,0,2,3197,0,0,0,0,21263,0,0,0,0,0,10,0,0,0,0,1,6,0,0,0,0,0,0,77,0,0,0,2,0,0,252,247,0,0,3635,0,0,0,603,0,0,0,0,0,166,0,0,0,0,1,0,0,0,0,382,0,0,1,1,826,0,193,0,92,1145,990,0,0,37,0,12579,4,1,0,0,0,0,0,0,0,24,0,0,7777,6432,683,0,0,0,26,0,134,0,0,0,2,0,0,0,0,2328,41,0,0,1,28,213,328,0,0,0,0,0,0,0,2096,1874,0,343,0,0,0,2,0,4,0,0,1489,0,18622,0,0,2226,0,0,0,260,0,0,2144,0,0,0,0,0,0,0,0
"gene_277",0,0,0,0,0,3,0,0,0,0,0,0,0,0,0,0,0,0,0,0,4,0,0,0,0,0,0,88,0,0,0,0,0,0,0,0,0,0,0,0,0,0,0,0,0,0,0,0,0,0,0,301,0,0,0,0,0,0,0,0,0,3,0,0,0,0,0,0,0,0,16,0,0,0,0,0,1,0,0,0,249,0,0,0,0,0,4,0,0,0,0,0,0,0,0,0,0,0,0,0,0,0,0,0,0,0,0,0,0,0,0,0,0,0,0,0,0,0,0,0,0,0,0,0,0,0,0,0,0,0,0,0,0,162,0,873,0,0,0,0,0,0,0,0,0,0,0,0,0,0,0,0,0,0,0,0,0,0,0,0,0,0,0,0,0,47,0,0,0,0,0,481,0,0,0,0,0,0,0,0,0,0,224,0,0,0,0,0,0,0,0,8,0,0,0,0,0,0,0,0,0,0,0,0,3994,0,0,0,0,0,0,0,0,0,0,0,0,0,0,0,0,0,0,1,0,0,0,0,0,0,0,0,0,0,0,0,0,134,0,0,0,4,0,0,0,0,0,0,0,0,0,0,0,0,0,0,0,0,0,0,0,0,1,0,0,0,0,0,0,279,6,1216,0,0,0,0,0,117,0,0,0,1732,1365,0,0,0,0,0,2059,0,0,0,29,0,0,1,0,0,0,0,210,1,0,5513,0,0,0,89,0,0,0,1,15,0,39,0,0,0,12,0,0,0,0,29,23,13,0,0,1,0,0,6,963,0,0,0,224,47,0,1,0,0,0,0,483,0,0,0,2,0,0,0,4,0,0,4,0,3483,0,4,0,630,16,58,0,0,644,0,0,4,0,41,2,0,0,0,0,0,0,1,0,2044,0,0,0,0,0,0,5775,3,5927,214,4,27,0,0,19,0,0,0,0,19,119,0,0,0,0,173,199,0,0,74,0,0,0,0,24,0,0,0,1623,1067,0,218,9,0,1,2,147,0,0,0,9,0,1289,0,579,2,34,751,0,0,0,88,0,33,242,0,5,0,0,5,0,0,0,15,0,0,383,0,0,0,1,0,0,5,0,0,1582,0,1,0,60,0,0,0,0,0,0,12,0,2,0,0,0,1,0,0,182,498,0,0,0,0,0,13,0,0,4,0,0,0,0,154,0,0,0,0,0,47,0,2,0,3,0,0,0,195,18,0,3,0,0,4119,0,0,1,0,1,0,237,0,0,0,0,305,1,0,0,0,0,0,0,0,15,0,1001,0,0,0,0,0,0,0,1530,0,0,0,0,0,0,1,75,1,0,2,0,0,0,3,2927,104,49,2502,1,271,37,0,4,579,0,0,6,0,26,0,5,0,9,0,0,0,0,0,0,0,0,31,3415,15,0,59,0,0,0,0,0,0,69,2,0,58,1413,1,0,0,0,0,32,0,0,408,1,3,0,534,0,27,1,0,17,0,591,0,6114,0,0,0,364,93,969,35,111,0,2,9,0,47,1,0,0,1,5,0,19,366,0,0,0,1,48,3,0,50,800,2,0,4,0,0,2,0,52,0,0,0,0,1459,0,0,0,0,0,0,932,0,0,2,0,36,0,0,251,3,0,1436,119,0,0,64,0,0,0,0,4,0,0,33,433,1031,6,0,0,42,639,41,26,0,0,8,0,0,2777,12,0,0,0,0,0,88,0,0,0,0,213,247,4,0,35,56,1,535,7,6,0,0,0,0,5,9,0,2,0,6,417,1,711,0
"gene_278",0,0,0,0,0,0,0,4,0,0,0,0,0,0,0,0,0,0,0,0,0,0,0,0,0,0,0,0,0,69,0,0,0,0,0,0,0,2,0,0,0,0,0,0,0,21,0,0,0,0,7,173,0,0,0,13,0,0,32,0,0,0,0,0,0,0,0,0,0,0,0,0,7,0,0,0,1,2,0,0,0,17,0,25,0,0,0,0,0,0,0,5,0,0,0,0,0,0,0,0,0,0,0,0,0,0,0,0,0,0,0,0,0,0,0,0,0,10,0,0,0,0,0,0,0,0,0,0,0,0,0,0,0,0,0,0,0,0,2,114,0,0,0,0,0,0,0,0,0,0,0,1,0,0,0,0,0,3,0,0,0,0,0,0,0,0,0,0,0,0,0,0,0,0,0,0,0,0,0,0,0,0,0,0,0,0,0,0,0,0,0,0,0,0,0,107,0,0,0,214,0,0,5,0,0,0,0,0,0,0,377,0,0,0,0,0,0,0,230,0,0,0,148,0,0,0,0,0,0,0,0,0,0,0,0,1,46,0,0,0,0,0,0,0,395,0,0,0,2,0,0,0,0,0,0,0,20,0,0,0,4,1,0,29,0,22,0,0,0,0,8,0,0,0,0,0,0,0,0,0,0,0,132,0,0,16,0,1,189,0,0,0,0,2,0,35,1865,0,0,10,0,0,0,0,0,0,102,0,0,8,0,0,0,0,35,0,0,0,0,0,0,0,0,73,1,2,0,0,0,0,0,0,0,4,5,84,0,0,2,0,20,0,0,0,0,0,75,2,0,0,17,96,0,0,0,0,0,32,26,0,0,0,0,0,0,1,4,821,2,3,39,0,30,0,0,34,0,0,0,0,0,18,69,0,0,7,502,619,0,0,17,0,0,942,0,0,0,7,0,0,1,497,0,13,0,0,21,1,0,0,103,104,0,0,0,0,6,0,0,0,0,0,0,41,0,0,0,0,2,0,1,0,0,0,0,0,0,508,1,154,1,0,0,165,0,0,3,0,140,0,1,0,0,0,0,0,0,0,0,0,257,0,0,0,22,0,1,1283,0,0,0,107,0,0,0,0,32,2,0,5,0,0,0,0,0,0,9,0,0,63,0,0,2,0,0,1,2,55,0,0,216,0,65,0,0,0,387,0,0,0,112,157,0,0,0,0,0,465,0,0,0,0,941,0,0,0,14,0,12,0,0,4866,0,0,2,0,0,0,0,0,0,0,6,1,13,0,0,0,20,0,10,0,0,0,0,0,0,0,0,0,0,0,1612,0,0,77,0,0,70,0,0,9,0,21,0,18,0,0,47,0,56,0,3,0,0,0,0,72,0,0,0,21,2577,136,2478,858,0,0,10474,0,1136,0,374,10,581,0,0,0,0,0,0,0,0,0,2,0,99,0,0,1,0,170,0,3,0,336,0,0,0,17,10271,0,281,5543,130,0,0,0,0,213,0,0,0,0,0,0,0,0,313,11,0,0,0,0,0,0,0,0,0,0,0,0,0,377,45,931,0,0,0,0,300,0,0,0,441,84,0,0,0,0,0,0,1080,0,0,0,0,48,0,0,3201,0,83,0,0,0,0,1,0,242,0,29,0,0,0,0,15,0,6,0,875,0,0,2255,13,95,11,0,365,0,0,4,0,0,3,295,0,2823,104,0,0,0,0,861,0,898,0,365,0,0,0,0,0,0,0,9,0,4064,10,42,0,0,0,0,0,0,0,38
"gene_279",1,190,0,0,37,2,0,0,0,316,589,3363,1955,1241,45,0,1960,1,0,0,485,0,80,576,167,1037,0,28,0,0,0,416,0,0,2524,0,691,0,0,5,168,1571,435,0,0,59,0,0,1,278,1,1,1,0,676,2012,0,1132,127,21,8,2,0,62,0,0,155,1,1050,5,0,1,2,15128,19,0,4354,380,0,12,0,0,74,0,4,56,536,0,0,55,1989,0,0,0,0,0,0,16,0,0,0,0,0,0,0,0,0,0,0,0,0,0,0,0,0,0,0,0,0,5,0,0,0,0,0,0,0,0,74,0,0,0,0,0,0,0,0,0,0,0,0,0,0,0,0,0,0,0,0,0,0,0,0,0,0,0,0,0,0,0,0,0,0,0,0,0,0,0,0,0,0,0,4,0,2,1,0,0,0,0,0,0,0,0,0,0,0,0,0,0,0,0,0,0,0,0,0,0,0,0,1,42,0,0,0,1,0,0,0,0,0,91,0,0,1226,0,0,0,53,0,0,0,1,0,0,9,0,1,0,0,0,0,0,0,45,203,0,0,0,17,0,0,1445,528,0,0,5,0,0,0,39,4794,0,0,0,0,0,0,0,0,0,1,0,0,0,0,2,0,0,0,0,0,0,0,0,0,0,0,0,0,0,11,0,14,0,0,0,0,0,0,0,0,0,0,0,0,0,0,0,0,0,90,149,1,7,0,0,3,0,0,5,12,0,0,0,0,0,0,0,0,0,0,0,0,0,0,0,0,0,0,0,0,0,0,0,155,0,0,0,0,0,0,0,61,0,0,0,0,0,0,0,0,0,12,0,0,116,0,0,0,0,0,0,0,0,0,0,0,0,0,0,0,0,0,0,0,0,0,3,36,0,0,13,2,0,0,0,0,45,0,0,0,0,0,0,113,0,0,0,1,0,0,0,0,0,0,0,0,0,0,0,367,0,0,0,0,0,0,0,0,1,0,0,41,0,0,0,0,0,1,0,0,0,0,0,60,1,2,0,0,0,0,0,0,0,0,0,834,0,0,1,0,0,0,0,0,0,0,0,0,5,77,0,0,0,0,0,0,0,0,0,0,0,0,0,0,0,7,0,3,0,0,22,0,0,0,0,7,0,0,0,0,0,0,0,0,0,0,0,0,0,0,0,0,0,2,0,0,1959,0,0,18,276,0,0,0,0,0,0,0,0,0,0,0,0,5,0,0,0,0,0,0,0,0,29,0,0,153,0,0,0,2,0,0,0,0,0,0,75,0,0,0,0,0,0,0,0,0,0,22,0,0,0,0,0,0,0,0,0,0,0,0,0,0,1,0,1,0,3,0,0,0,0,0,0,0,0,0,0,0,0,0,0,1235,0,0,0,0,0,0,0,638,0,0,1192,0,0,0,0,0,0,0,0,1,0,2595,0,0,207,0,0,37,0,0,0,0,0,0,0,0,0,0,0,0,0,0,46,0,0,0,0,0,0,0,0,0,0,47,0,0,0,0,0,0,0,0,0,0,1,1638,0,0,0,4,0,0,0,0,361,0,0,2883,0,125,1,7,0,0,0,218,0,0,0,0,0,0,0,0,0,0,0,9,41,2019,0,0,0,0,0,0,0,0,0,0,0,0,0,0,0,0,0,8,0,0,1,17,0,0,0,4,0,310,456,0,0,0,0,564,0,183,0,0,0,0,0,0,0,345,0,381,0,0,0,0,0,0,0,0,0,0,0,0,0,0,3447,0,0,0
"gene_280",0,13,0,0,0,3,0,62,0,0,39,0,0,0,0,22,0,0,0,0,0,0,0,0,0,1,1147,0,1,511,43,0,910,0,8,219,0,3,0,11,0,0,1,0,0,1815,3,0,10,1506,3,0,36,498,0,38,1,0,324,0,0,0,562,0,5,0,0,1924,0,388,15,0,8,0,0,0,2,0,1,0,0,0,93,2,0,0,0,0,0,0,0,0,0,15,0,74,0,212,0,0,0,0,87,0,558,0,1528,0,0,0,0,0,48,9,0,0,1,0,0,0,0,7,0,0,0,0,0,13,0,0,0,73,0,0,0,0,97,53,0,0,0,0,0,0,0,0,0,0,59,3,0,0,0,0,0,0,0,0,0,0,0,7,67,0,0,0,0,0,0,0,0,0,0,4,0,0,0,0,0,0,0,0,0,0,0,14,0,0,0,0,0,0,0,0,0,0,0,1,2,0,0,0,0,0,0,0,0,3,0,4,1,12,0,0,0,0,0,0,0,2,15,0,42,0,0,0,0,0,0,0,0,0,11,0,0,0,0,30,1,0,0,15,0,0,3,0,0,0,0,6,68,0,0,0,0,65,1,0,53,0,0,0,0,0,0,0,0,1,0,0,0,16,0,0,0,0,18,0,0,0,0,5,0,0,0,0,0,0,37,0,0,8,2,2,6,140,0,0,0,0,14,8,0,37,0,0,0,0,338,128,2,0,17,0,0,163,22,0,45,0,19,0,0,0,0,0,0,0,0,0,3,0,0,0,0,1,11,0,0,0,0,0,0,0,90,0,0,0,2456,0,0,0,0,0,0,0,4,90,0,0,0,0,5,0,463,5,0,4,1,0,0,74,0,0,0,0,0,0,0,0,0,1,0,0,47,0,4,0,2,0,0,1,0,0,0,0,0,0,0,644,2,0,55,0,972,1,1,0,0,1559,0,0,0,14,0,0,0,0,0,1662,0,0,0,0,53,0,0,0,0,152,100,130,37,0,0,0,0,0,0,0,0,1,0,7,5,103,168,0,0,102,93,74,46,0,71,879,0,0,0,4025,865,2435,3,613,0,5,41,0,54,0,193,52,240,149,0,0,7,7,0,501,0,0,1,140,0,0,38,21,0,18,0,1,0,0,0,152,11,123,387,0,66,72,195,1,141,7,0,4888,0,0,0,0,0,0,0,7,0,0,101,0,0,0,0,0,0,1737,0,262,0,0,0,1813,0,51,1,0,0,0,0,0,2,1,18,0,52,1165,190,0,163,286,0,204,0,58,12,122,1596,0,0,0,0,0,15,0,0,0,0,5,0,146,359,0,0,1,1108,1,0,6,160,8,0,27,165,182,0,0,1,523,0,0,1,1,1,16,5056,2869,490,0,2799,0,84,151,276,0,0,0,0,229,0,0,3,1,0,26,97,11452,0,4,1,821,6,0,11,1,8580,347,67,6364,3,0,3840,1655,3960,739,0,0,5735,0,0,0,11,0,22,1456,0,23,0,0,3562,14,17,74,657,0,2851,0,1093,0,0,87,4,2814,4,0,16674,789,3141,0,2564,312,0,0,121,1,2518,0,164,0,19,401,0,128,22,0,2331,1,0,1,0,0,2,0,7,2128,0,32637,442,0,2,162,0,8963,275,9,0,646,1,4268,0,97,13,983,1,0,0,89,41,244,8,0,62,0,36,184,0,0,6,1020,0,4255,683,4452,0,33,0,58,1,0,0,0,63,898,1,0,0,0,0,1683,0,136,4,1564,1760,2,288,502,481,2345
"gene_281",12606,23710,18831,1093,12141,1937,20934,2397,247,467,4981,22354,2371,4886,20960,2742,7265,4223,3080,2025,383,3351,7326,109,4059,13125,7143,13234,875,1253,15623,1702,2901,12288,17597,2731,7231,12775,2015,579,3618,8974,9871,2564,6685,7044,8789,6201,1255,4711,4168,9546,700,8041,5485,2784,10148,9345,18630,2786,6327,11784,7760,5740,11680,568,8004,7408,21009,17963,16601,2953,335,3920,2619,13894,3831,5182,12234,20989,2853,2498,12566,16421,4942,1032,1056,22253,21551,403,4935,6588,4017,48005,109811,12469,27650,10639,12013,2002,6648,45918,26053,15131,32793,15739,10074,68152,17396,9583,5767,10678,5867,19944,42853,47352,3774,11875,11760,4635,3220,14869,5493,2092,16684,8414,8785,10557,21556,15688,8462,8558,40864,30511,35251,13164,7463,15334,26694,10360,43538,5168,15305,43862,139124,24453,24690,79057,47317,42783,29990,28045,4098,28086,71573,57106,26821,27168,33556,3432,172459,57142,66962,96475,17155,13554,32384,14808,6200,35763,33851,68963,248721,4076,54497,54233,35850,14262,88093,72759,41851,47000,42065,68697,16166,17894,98520,25605,57141,22806,36872,57135,63360,31700,31319,1855,9339,19979,12923,34133,8186,4985,13232,18592,9060,23187,5879,31058,22058,9872,59718,11126,15986,12050,7005,28366,16644,17503,2994,7724,18718,12499,15694,7462,18864,31905,27708,39780,47120,64922,3035,7791,14447,20793,15085,3387,14220,17760,29506,6457,15633,14967,22323,5093,15613,25054,9329,28562,16381,21118,40042,44324,31006,9006,18032,10195,14087,9107,13056,17106,3431,6929,4446,5820,6241,2263,343,1884,2864,30219,6990,21624,10934,1656,17525,1918,6569,4386,1435,2810,2464,7224,3590,2147,90,12119,7457,1121,4487,8841,1297,8123,16816,16478,1933,6572,354,5826,44484,16987,17642,14457,14783,7343,20362,6573,5474,10026,7720,6450,10594,15676,3483,8945,1557,3272,15452,13658,18780,3670,1984,5854,1382,15182,7612,1587,19917,18041,6196,6572,18838,371,15714,3188,8843,6654,4163,5314,11889,6099,1203,1500,15800,3584,3291,191,4044,28821,15142,1625,13770,8925,562,3994,2810,377,4628,8085,13982,14424,7149,8597,261,24866,23464,1061,4169,13593,5914,2934,17847,2186,13354,4950,3967,47716,5632,25223,34674,20237,47554,20273,20781,5300,9455,4322,353,7913,2653,24884,11330,11562,7671,4129,1317,11403,11305,12121,1558,8884,15795,2453,3746,208,784,13356,26452,3346,3518,4593,4609,2002,1819,7823,714,4460,14393,43866,4192,1371,10857,4542,4303,39357,65,14655,16455,787,15212,21585,13703,19757,12552,10069,3152,4870,7010,2075,12153,4777,2109,3483,4746,1053,5784,5346,748,4067,919,559,8219,1948,525,3,1059,34457,52854,1052,5953,15966,837,9278,14628,3647,1380,277,8570,7199,733,16068,2865,952,224,1754,2344,447,2525,43,160,1563,5399,4850,8653,6863,5644,7769,1238,6251,255,1757,1533,14830,656,7145,9548,6525,118,120,96,12800,8969,1539,374,9328,14998,7116,10559,9960,4392,3130,2059,1920,2823,13843,1678,327,5114,4097,6375,9002,1707,6997,5118,14095,10310,56360,2294,1445,840,2079,4201,2216,23006,21241,6704,384,14058,8071,4572,2878,14424,611,7822,19657,10641,2112,2043,2728,6339,18,330,3891,18928,6733,1744,672,5326,34419,5167,936,37795,461,13080,5183,24426,23860,8124,16446,4549,4271,12093,123,9434,2,246,24484,225,17832,12143,2518,196,39000,5502,7046,291,3327,6221,117,26399,2804,50623,893,28742,280,20238,13170,774,6483,295,14930,4721,53573,4920,6076,9235,16884,448,1988,26000,26,13660,1116,3370,8796,15377,40955,18068,1330,1598,0,73,27460,8693,26369,28679,1997,4459,0,454,340,16571,895,25771,45330,59,54844,6843,2340,318,48519,692,12566,59820,17470,19515,9970,17245,2102,466,979,29872,1838,26916,208,7801,940,2393,120327,1568,28587,16,66,5460,39729,23174,9306,32068,4321,1,10968,25061,10,262,13663,286,20,6198,1167,14673,1236,17461,584,14024,547,16387,9666,5451,26571,6996,8466,13516,208,11,2151,8703,466,19753,8498,5418,25103,16,16635,18,17676,451,8218,12469,43201,24338,11496,5461,4071,9394,24373,606,22731,11537,176,75,19611,1804,512,8174,6,2172,8139,1090,1258,3549,29540,15676,450,3990,3976,64524,14295,788,84813,739,1120,1133,20047,281,1186,362,11,4766,31083,3692,19114,33333,1053,389,27424,8181,225,377,10109
"gene_282",0,0,0,0,0,0,0,0,0,0,60,0,1280,0,0,0,0,0,0,0,0,65,0,0,0,0,0,0,1,0,0,0,0,0,0,0,0,0,0,2,505,0,0,0,0,0,0,0,0,0,0,0,0,0,0,0,0,0,0,0,0,0,0,0,0,0,0,0,0,0,0,0,0,0,0,0,112,0,0,0,0,0,0,0,0,0,0,0,0,88,0,0,0,0,0,0,0,0,0,0,0,0,0,0,0,112,0,0,0,0,0,0,0,0,0,0,0,0,0,0,0,0,0,0,0,73,0,0,0,0,0,0,0,0,0,0,0,0,0,0,0,0,0,0,0,0,0,0,0,0,2,0,0,3,339,2268,0,5,2667,0,0,24,0,0,0,0,0,0,0,0,0,0,0,0,0,0,0,0,0,0,0,0,0,0,0,0,0,0,0,1,0,0,0,0,0,100,5,0,0,0,0,0,0,0,0,0,0,0,54,0,0,0,0,0,0,0,0,0,0,6132,0,1979,0,0,0,0,0,0,0,0,0,0,0,1,0,0,0,0,0,0,0,0,0,0,1,0,0,0,0,0,0,0,0,0,0,0,0,0,0,29,0,0,1,1,0,0,78,0,0,0,0,0,0,2020,0,361,0,0,0,0,0,0,0,0,0,0,0,0,0,0,0,0,0,0,0,3,0,0,0,0,0,0,88,0,0,0,0,0,0,0,84,0,0,0,0,0,0,0,0,0,0,0,0,0,0,0,0,3568,0,0,0,0,22,24,0,295,0,0,9,1,0,0,0,0,0,159,0,0,0,0,0,0,0,0,0,0,0,843,0,0,0,34,792,0,0,403,0,0,0,0,0,28,0,0,0,0,0,0,2128,0,0,1154,0,0,0,0,96,0,0,0,0,0,0,28,0,0,0,0,0,0,73,0,0,882,0,0,0,0,6070,0,0,0,0,0,0,0,85,94,0,0,1444,0,0,0,230,0,0,0,0,0,0,0,0,0,0,846,0,0,2760,0,0,0,1819,3,0,864,0,464,0,0,1022,710,0,0,0,0,2,0,0,486,0,602,0,0,0,59,5,0,62,0,0,33,62,0,4,0,0,0,0,10,0,9,0,22,0,56,431,0,0,393,0,341,3,3078,0,0,11841,0,3,0,0,0,2,0,60,0,0,0,37,18,2,0,691,0,1445,4,0,0,0,3074,0,0,350,0,0,0,7,0,454,1,1,0,5331,0,0,0,1,5450,0,2812,80,17,2143,76,160,0,1,1,0,4,362,0,3,105,115,1264,177,1,8,0,0,0,4,167,509,38,19,0,477,0,1,5,4513,0,0,0,0,0,0,43,0,0,0,0,0,181,0,0,0,3,390,0,0,0,140,0,0,151,0,83,0,4923,0,0,1,1414,13,13,0,678,56,199,357,0,0,0,0,0,0,1,0,2,0,9451,54,0,0,0,0,0,0,0,0,256,0,196,0,59,0,55,25,2,0,0,26,38,0,0,80,0,2152,0,2187,186,0,0,0,0,0,0,0,0,0,4746,0,0,0,0,250,0,291,0,55,0,49,0,1,2711,937,0,0,0,0,0,0,0,0,2,106,0,31,0,479,2,0,0,0,0,0,0,106,0,0,18,0,0,36,303,0,0,1805,0,0,0,67,22,3,25,0,17,0,0,0,0,0,0,12,0,0,160,807,332,8517,0,3308,0,24,0,110,0,8684,0,0,0,0,0,0,1,0,0,0,884,0,3418,0,0,0,194
"gene_283",2,0,282,33,54,0,0,24,0,901,0,9,53,33,0,1990,5,210,0,0,0,0,0,0,9,1,12,0,109,0,0,116,0,13,1,31,473,0,1855,0,0,54,16,0,22,547,175,106,1,0,991,0,165,42,0,0,0,178,396,237,1094,105,0,4,535,8,784,6,17,0,59,0,506,0,0,55,370,0,0,0,3739,281,0,111,18,11,0,0,707,64,0,0,0,11719,0,127,0,7,0,64,0,0,14,0,0,0,1382,0,0,0,73,0,0,0,0,0,0,0,0,0,0,0,0,0,0,0,0,0,0,0,0,0,0,0,0,577,0,12,18,0,0,0,0,0,4610,29,0,0,0,0,0,6,0,0,0,0,0,0,0,0,0,0,782,0,0,0,0,0,0,0,0,0,0,0,0,0,0,0,0,0,0,0,0,0,0,0,0,192,0,0,0,0,0,0,0,0,0,0,0,6,1,0,2405,0,0,0,0,0,0,0,1240,0,0,0,0,0,0,0,92,0,0,0,0,0,0,0,2,0,0,0,0,0,50,0,1469,0,0,0,31,0,0,0,0,0,0,0,0,79,0,0,0,0,0,0,9,0,109,0,0,0,1205,0,52,23,2,4,0,379,1,5489,69,0,189,71,112,139,243,3,75,14,717,1,389,1874,14,5,0,20,147,721,797,0,0,1573,0,1569,979,783,3,0,0,201,194,0,880,2,1,183,114,25,155,376,31,0,768,0,18,0,5,0,8,5,345,0,0,321,559,0,185,1058,1112,0,301,27,0,261,15,9,87,3,5,261,2363,11,1384,3,94,195,0,0,0,4066,216,599,0,8,119,73,786,1010,4,1,4860,390,735,0,2,8,0,2,1,0,9,79,1189,0,0,2428,145,12,398,0,213,0,0,144,635,1,1752,94,5,1,1402,772,3928,0,479,0,24,0,1,1,1679,3,1768,146,352,76,22,0,20,0,0,1126,0,0,335,1,2238,3,2,0,398,0,4,0,195,19,2876,0,1,28,6,1,614,256,0,0,0,1,617,2195,5,0,701,43,148,3,2,241,0,0,0,0,0,105,12,0,115,1118,115,80,1476,0,0,5,405,56,101,45,11,0,646,0,98,39,2,0,6,0,0,2993,28,37,5,0,43,0,215,0,317,0,132,16,169,2,0,327,0,931,7,880,13,980,0,2,0,0,119,1,0,0,11,502,8,26,0,0,154,7183,0,184,0,0,34,151,159,466,4,0,42,832,0,535,0,201,18,11,24,2493,72,0,0,6,0,0,0,31,74,3,1,2,44,0,7,183,0,148,3,1,158,31,0,210,6,1067,205,1838,0,97,38,8170,0,816,0,0,0,0,0,0,0,0,19,0,0,106,107,0,0,162,0,2164,60,0,0,539,0,2,0,0,3398,0,0,0,0,0,0,2,0,0,379,0,0,0,0,21,0,0,0,8,0,0,0,43,0,2268,6943,0,1,1075,0,0,374,0,0,324,7,3055,88,0,6543,0,0,1,1,0,0,11,7,0,0,0,522,0,0,0,2311,3,0,2,0,0,0,0,0,0,21,17,187,3,12,0,0,0,0,0,8016,0,0,1364,64,0,0,0,0,0,0,0,215,0,924,0,0,765,352,4,0,0,0,10,0,0,1687,0,0,0,0,0,0,0,0,65,0,0,0,0,0,268,89,0,129,0,0,0,0,0,1,0,1381,0,0,0,637,59,0,0,0,0,52,46,37,170,42,0,0,0,6477,0,0,0,0,1,0,0,0,2,0,0
"gene_284",0,0,0,22,0,0,0,0,0,0,0,0,0,0,0,0,0,0,4,0,0,0,0,0,0,0,0,0,0,0,0,0,0,0,0,0,0,0,310,0,0,1,0,0,0,0,0,0,0,0,0,0,0,0,0,0,0,0,0,2298,0,0,405,1985,0,0,0,0,0,0,4841,0,0,0,0,0,7,0,0,0,0,0,0,12,9,0,0,0,0,0,0,844,0,0,0,0,0,0,11,0,0,0,0,0,162,0,0,0,0,0,383,0,0,0,0,0,6,0,0,0,0,0,0,0,0,0,0,1054,0,0,0,0,2,0,0,0,0,0,0,2,0,0,0,0,0,0,0,0,0,0,0,0,0,0,0,0,0,0,0,0,0,0,0,0,0,1480,0,0,0,0,0,0,0,0,0,14461,0,0,0,0,0,0,0,0,0,0,0,0,0,0,0,0,0,0,0,0,0,152,0,0,0,0,0,0,0,0,0,0,0,0,0,0,0,0,0,0,108,0,7,80,0,0,0,0,0,0,0,0,0,0,0,0,0,0,0,0,0,0,0,0,0,0,0,0,0,0,0,1,1,0,0,0,0,0,20350,0,0,14,0,0,0,584,0,0,0,0,0,0,0,101,0,0,0,0,7,0,0,4024,0,0,0,0,0,0,0,0,0,0,0,0,1,0,0,0,0,0,0,0,0,0,0,59,0,0,0,0,0,0,147,0,6,0,0,0,0,3,0,0,0,0,0,0,506,0,0,0,3,11,0,0,0,0,0,0,0,71,0,0,0,0,0,55,0,0,0,0,0,0,0,903,0,0,0,0,0,0,0,0,0,0,0,0,0,0,6355,0,1,0,0,0,0,0,0,0,0,0,0,0,0,0,0,0,0,0,0,0,0,0,0,0,0,0,0,0,5,0,0,0,0,0,0,0,390,665,0,0,0,0,0,0,0,0,0,0,3745,0,0,0,0,0,463,0,0,0,0,0,0,1,0,0,0,0,0,0,0,13,0,0,0,137,50,0,0,0,0,0,0,0,0,0,0,0,0,0,0,0,907,0,0,0,225,0,0,0,0,0,3,0,0,0,3,0,0,0,0,0,0,0,2,0,235,0,0,0,0,0,0,5,0,0,0,0,0,0,0,0,0,0,0,192,0,0,0,0,22,0,0,1,0,0,129,0,0,0,47,2,0,0,2,0,0,0,0,0,245,0,0,0,0,0,47,0,0,0,0,27,0,0,0,0,0,0,0,0,0,0,0,0,175,0,0,171,0,0,0,0,0,591,0,0,0,0,0,0,0,0,836,0,0,0,1,0,0,9,0,0,3528,0,1036,0,12,0,0,0,0,528,0,0,0,0,0,0,1564,0,0,0,0,1,0,0,0,0,0,3,0,0,483,0,0,0,0,0,0,921,156,79,0,0,134,0,0,0,20,0,0,0,0,0,0,0,0,0,0,0,0,0,0,0,0,0,11,0,0,450,0,0,1664,29,0,0,1,0,0,0,0,0,0,0,0,0,0,0,0,0,1,0,0,0,0,0,0,0,0,844,0,0,0,0,0,1881,2,0,0,0,0,0,2,0,0,0,0,0,0,0,0,3872,0,0,0,0,0,0,71,0,0,0,0,0,0,0,28,0,0,0,0,0,0,0,25,0,0,0,0,0,0,0,0,0,0,0,4597,0,0,0,1130,0,0,0,0,0,0,0,83,0,0,2766,0,0,2,0,0,0,0,29,8,0,4,0
"gene_285",0,1665,2,0,5,2340,0,0,44,1760,222,31482,120,0,4572,0,0,0,0,1852,0,439,0,0,0,1,0,0,0,3029,0,212,0,312,1379,32067,9,0,1492,0,222,0,2179,0,9656,0,0,7,2,2078,0,67,58,1,4,1,328,7,3,1,0,273,0,0,0,0,0,0,1945,775,1,0,22,3,0,313,4956,55,2820,206,0,4405,0,0,361,0,499,0,5,44,0,0,0,0,310,0,0,0,0,0,0,0,0,9396,0,0,0,88,0,0,0,0,0,497,0,0,0,0,1311,2287,0,1,11,0,0,0,205,0,0,0,0,0,0,0,1191,1,26,0,160,1,0,2,0,0,5434,0,0,0,0,0,65,0,0,4840,21704,2,0,0,0,0,373,1,0,8,21,0,0,5967,0,0,0,14,5,0,14,0,0,12,0,0,0,0,1503,1,7,95,466,0,10449,0,0,15,12,0,296,0,9248,0,1,0,0,0,116,2671,0,0,0,1,1540,6111,0,0,1,1211,9,235,150,0,0,304,0,0,0,0,0,198,0,0,0,0,1,793,372,0,0,196,0,0,516,0,7,0,55,23,0,0,4,0,0,1,34,1,82,0,53,13,27279,0,0,0,0,0,0,0,1234,0,0,0,0,867,1080,516,0,0,525,0,0,0,1,0,45,0,2,0,0,0,2,8488,27,2,507,0,0,2,1,0,0,0,8,0,114,2,1909,0,0,2,59,0,0,0,0,0,0,2,988,2,509,73,1,0,0,5,748,30,0,93,0,413,0,0,1,75,3,32,0,3,4182,0,1843,0,0,1,0,0,4,0,0,37,36,456,0,2332,79,24,1001,0,9,37,217,0,0,0,0,23,1067,0,0,116,0,25,0,0,1230,16,0,0,29,1,35,84,86,0,0,799,11,11,11,0,0,0,0,0,5,42,0,185,1724,176,2,3481,0,177,61,0,1,254,7557,0,1,616,0,655,0,0,0,1,0,0,0,334,508,52,55,0,17,2901,120,240,0,0,0,4207,0,14,0,0,680,0,2,0,0,0,5298,0,243,0,0,9,37,1,0,0,0,0,0,0,0,1918,0,0,0,104,0,0,0,0,0,0,0,35,0,606,5409,0,0,0,0,0,0,0,0,0,0,0,0,35,0,0,0,7223,0,2,0,0,0,0,0,0,0,0,0,0,0,0,0,12,0,1,0,139,0,22,0,0,0,0,34,0,0,0,0,0,0,0,0,0,0,0,0,0,40,0,0,0,253,0,0,564,48,0,954,0,0,0,0,2803,0,7287,0,0,0,0,0,0,0,8769,0,0,0,0,2,0,0,0,2957,32,0,88,68,0,0,15,0,0,0,0,0,0,0,0,5180,0,0,0,0,0,0,0,952,0,0,803,0,0,0,0,0,0,186,0,0,1807,0,0,0,1,0,0,0,0,0,255,0,0,0,2,0,0,64,0,0,171,0,0,0,0,0,0,0,0,0,0,192,0,0,0,0,0,114,0,0,0,0,0,0,0,0,13351,0,333,0,0,87,0,0,0,0,0,0,0,2,0,0,0,0,0,0,0,0,0,1,0,0,0,0,3155,8,0,0,0,0,0,2,0,0,118,0,0,366,0,0,0,0,2,0,0,0,0,0,0,0,0,0,0,0,51,67,0,0,0,0,0,0,0,0,0,0,0,0,2,0,0,0,0,0,0,0,0,12,2,0,0,0,0,0,0,0,0,0,0,0,67,0,0,0,0,19,0,0,0,1,0,0,0,193,0,0,0
"gene_286",1,0,0,0,821,0,0,0,1,0,0,0,0,0,0,0,0,0,0,255,78,0,0,113,0,0,0,0,0,1,0,0,0,252,38,0,0,30,0,0,6,0,545,0,0,31,0,0,0,0,0,164,0,0,0,0,339,0,0,0,109,0,0,0,478,0,30,0,0,0,0,357,0,0,0,0,0,0,0,0,0,0,0,0,0,0,0,323,0,0,0,657,0,0,0,0,0,0,0,0,0,0,0,0,0,0,0,0,0,0,0,0,482,0,0,2641,0,0,0,0,0,0,0,0,0,0,0,0,0,0,0,0,0,0,0,0,6,0,0,0,0,0,0,0,0,0,0,0,0,0,0,638,0,0,0,0,0,0,0,0,0,0,0,0,0,0,0,0,0,0,0,0,0,0,2549,0,0,0,0,21887,0,0,0,0,0,0,0,0,0,0,64,0,1,0,0,0,0,0,0,0,0,0,0,0,0,0,0,0,0,0,0,0,0,0,0,0,0,0,0,0,0,0,0,0,0,0,0,0,0,0,0,0,0,0,0,0,0,0,0,0,0,0,0,0,0,0,0,0,0,0,0,0,0,0,0,0,0,0,0,0,0,0,0,0,0,0,0,0,0,0,0,0,0,0,0,0,0,0,0,0,0,0,0,0,0,0,219,0,0,0,9,0,0,0,0,0,0,0,0,0,0,0,0,0,0,0,0,0,0,0,0,0,0,0,0,0,0,0,0,0,0,0,0,34,0,0,0,0,0,0,0,0,0,0,0,0,0,0,0,0,0,0,0,0,0,0,0,0,0,0,0,0,0,0,0,0,0,0,0,0,0,0,0,0,0,0,0,0,0,0,0,0,0,0,0,0,2817,37,0,0,0,0,0,0,0,0,0,0,0,0,0,0,0,0,0,0,0,0,0,0,0,0,0,0,0,0,0,0,0,0,0,0,0,11,0,0,0,0,0,0,0,0,0,0,0,0,0,0,0,0,0,0,0,0,0,0,0,0,0,0,0,0,0,0,0,363,0,1,0,0,270,0,0,0,0,0,0,0,0,0,0,0,0,0,0,0,0,0,8,0,0,0,0,0,0,0,0,0,0,0,0,0,0,0,0,1,0,0,0,0,0,710,0,0,0,0,0,0,0,0,0,0,3,0,0,0,0,0,0,0,2,0,0,0,0,0,0,0,31,0,0,0,0,0,0,0,0,0,0,16,0,0,3,0,11,288,0,0,0,3,0,0,0,0,0,0,0,0,0,0,0,0,0,0,0,47,0,0,0,0,0,0,0,0,0,0,0,0,0,0,0,0,0,0,0,0,0,0,0,0,0,0,0,0,0,0,0,0,0,0,0,0,0,0,0,0,0,0,0,0,0,0,0,0,0,0,0,0,0,0,0,0,0,0,0,0,0,0,0,0,0,0,0,0,0,0,0,0,0,0,0,0,0,0,0,0,0,0,0,0,0,0,0,0,0,0,0,0,0,0,0,0,0,0,0,0,0,0,0,0,0,0,0,0,0,0,0,0,0,0,0,0,0,0,0,0,0,0,0,0,0,0,0,0,0,0,0,0,0,0,0,0,0,0,0,0,0,0,0,0,0,0,0,0,0,0,0,0,0,0,0,0,0,0,0,0,0,0,0,0,0,0,0,0,0,0,0,0,0,0,0,0,0,0,0,0,0,0,0,0,0,0,0,0,0,0,0,0,0,0,0,0,0,0,0,0,0,0
"gene_287",104,0,0,27,0,28,70,68,2,861,0,271,1101,128,0,2340,0,0,2,0,3,2353,12,0,28,69,0,8,0,8322,4637,1906,1829,0,1,43,0,10076,0,0,1433,0,0,0,0,4289,0,0,5,27,0,3682,44,382,4,6738,1,0,468,126,0,0,458,1,2,2,13,101,0,0,0,399,22,0,0,9,0,7018,22641,0,334,41,0,5,0,60,0,0,5117,0,0,65,3,0,0,1366,0,713,0,76,0,0,0,0,1912,0,123,6,0,0,0,0,0,0,1488,0,0,0,0,6,700,76,1,236,1234,17,0,0,2,0,0,2,2,0,0,0,0,359,0,199,0,0,931,0,391,0,124,0,0,0,0,0,501,0,5,117,728,8,5213,0,0,0,0,8,0,0,0,415,0,0,1,0,0,0,3192,0,592,0,0,0,0,4285,0,114,0,1,0,888,0,7254,0,2203,0,5,0,0,0,0,38,0,1,221,1254,8,1,5,1,79,0,39,87,160,0,121,0,107,0,0,0,2,0,132,26,0,0,0,4,0,0,0,11,0,0,4,488,0,0,0,0,0,23,0,190,0,0,0,0,904,3,0,0,22,3,29,0,3,16,0,20,0,1,332,1967,7,10,55,101,0,2928,0,489,0,0,13,1118,10,14,0,0,169,0,39,4,0,0,0,0,16,1792,6,196,0,127,0,0,750,1,168,0,3,282,2845,2561,0,521,0,313,0,167,0,0,0,0,0,1611,1,0,2747,1142,2088,8,174,0,210,45,22,289,3622,0,0,0,0,0,12,2796,0,4,3,0,0,0,0,0,1,238,0,3,109,83,0,3,334,26,0,262,0,2596,156,0,5,24,0,0,0,0,0,560,0,0,0,13,1,72,21,331,339,3278,139,0,18,307,568,0,0,3,0,0,1053,443,112,168,0,0,48,0,15,145,2831,1,587,0,19,8,1692,87,0,0,3,2,1930,24,0,1808,5,32,11,5,8,0,0,0,0,347,219,0,0,3,2,0,134,79,340,1403,257,556,240,0,1,68,0,4,43,4801,61,3199,0,2,4685,178,0,22,768,0,529,30,386,3065,585,3447,2558,2444,0,0,290,55,436,248,2976,0,0,0,17,9,21,5093,4,10488,0,3,336,496,1775,0,23,13,0,816,37,67,92,160,2,146,97,10,41,13,0,891,0,0,0,79,7,0,0,56,0,0,5,933,25,0,0,69,0,1224,1257,6,1,8,0,5389,0,0,14789,34,2344,1799,8,0,0,771,2471,0,2157,6421,8512,3,6,4,995,3711,4497,0,1,909,49,6,0,0,46,907,0,0,0,0,75,2219,22,12183,1187,43,549,0,0,37,0,2443,3,0,0,1234,0,657,12,158,0,79,3682,0,5,0,17,26,408,3427,6408,2,1502,0,0,0,79,709,0,7,2136,28,0,0,0,0,3,1,911,0,0,137,0,8798,20,312,175,0,536,0,45,0,0,0,0,0,40,0,0,0,0,0,23,0,1,84,12,73,69,0,0,46,0,522,6026,0,1,1565,78,45,0,0,0,0,15,0,1600,4,0,18,35,0,34,557,0,213,9,893,447,0,4,0,55,28,59,0,0,0,4327,89,10,22,0,0,86,0,207,0,257,1,767,1117,0,0,0,0,0,128,191,0,977,913,0,0,0,0,0,0,0,0,20,6,0,0,207,0,0,0,11,0,0,9,0,0,0,0,0,0,8,0,24,15,13,0,4,0,34,382,0,0,2,1,23,112,1837,0,0,0,74,0,0,0,1010,0,27961,0,0,2,2,0,0
"gene_288",1059,175,1,5,0,402,309,1046,0,0,39,4258,0,806,0,178,3,959,0,2,1,5,17,0,1,1,0,0,48,391,0,5,0,12270,53,2118,0,0,444,0,0,2,6,5,1,21,44,2062,132,0,0,461,1091,307,19,0,450,1,52,0,12,2942,0,0,1552,0,550,0,0,407,96,64,0,24,5182,35,0,3,2377,2654,5797,299,0,11,0,1472,1,220,189,24,0,91,0,0,0,1,0,84,0,0,42,0,0,0,0,0,0,2,0,0,0,0,564,0,0,0,0,0,3061,0,0,0,0,0,197,0,0,0,0,0,0,0,0,0,0,776,0,3330,0,0,0,1,3454,0,0,0,0,0,0,13,0,65,19,0,0,0,0,3,18,0,123,116,0,0,0,0,0,0,0,5,0,0,0,0,331,8,0,3,0,10,0,393,0,0,1,0,0,0,237,0,0,0,0,0,876,0,1,0,361,0,98,0,208,0,0,0,160,0,223,0,9,0,3,0,0,230,0,37,531,0,214,48,0,24,0,0,0,0,48,549,35,31,41,107,35,5,43,0,0,4,0,0,0,0,0,0,0,0,0,0,940,0,0,950,0,10216,0,0,11,0,0,4,9,0,953,0,0,1623,8,65,0,5,2466,810,55,0,36,48,0,0,23,5,18,0,0,0,194,0,9,227,0,0,0,241,26,12,1431,0,124,1,354,15,0,0,9,9,0,12,42,0,0,362,532,32,19,0,0,0,85,0,0,18,309,0,5,0,1367,0,31,0,87,0,47,0,231,1,133,631,742,0,56,0,2335,0,531,3,119,2,22,0,0,47,49,121,101,30,0,0,1536,0,0,0,149,61,1,0,234,292,2384,1,0,27,33,0,0,0,0,255,0,1,30,29,3,9,0,2,3,694,2597,674,31,1,0,0,3,1552,478,2539,0,6,1,205,114,38,124,0,81,103,6,255,1,0,2,2,72,1764,0,1,20,25,0,0,48,0,32,0,2,250,157,0,0,91,73,0,156,67,1,0,321,0,1,43,5810,0,0,12,228,786,2,1406,1871,0,27,6,1,677,0,87,9,2,41,1,265,0,247,0,10,735,77,0,24,0,0,0,1,78,4,0,1,0,1101,349,0,0,170,0,0,0,354,328,71,2044,13,271,0,0,0,0,3894,0,114,235,167,0,8238,68,1,0,0,18,159,0,451,189,105,71,0,0,40,0,0,13,15,980,22,233,0,4,0,272,39,3,0,3,0,2338,191,6364,983,1092,6715,0,81,0,17,326,5,8,113,22,0,0,806,0,1011,15,622,0,0,54,12,150,3,0,0,4,6912,19,0,0,0,0,0,7,0,18,2358,0,2,7,166,1500,0,583,0,685,976,0,11578,3544,0,1,0,194,0,347,141,0,1,22,0,0,0,0,0,0,1,23,0,318,10,0,0,0,116,38,0,0,0,0,31,0,12,14,0,0,2646,14,0,351,123,0,0,0,706,3043,0,1620,97,0,0,5613,97,1977,279,0,0,1653,273,0,1625,628,0,0,0,3,7,13,0,0,0,0,0,329,65,0,0,67,0,0,1,2,0,187,6,0,5,520,5,0,0,3993,0,0,14,5,0,250,6566,0,0,0,0,254,0,0,0,0,2549,0,122,0,0,0,0,90,0,975,0,0,0,238,7,9,2178,0,0,0,263,0,48,0,0,184,791,0,0,142,2225,130,0,1,67,19,81,379,7692,0,0,2195,2,3275,0,304,1,17,1,118,3436,0,6,9,6,886,115,0,1870,0
"gene_289",0,0,0,0,0,0,0,481,0,0,0,0,16,948,28,0,4037,0,0,0,27,0,0,0,0,39,0,0,0,35,0,0,0,0,0,0,0,0,0,1,0,1380,0,0,0,0,0,0,0,2,78,0,0,0,261,0,0,0,0,0,205,0,0,0,0,0,2,0,0,0,0,0,0,0,0,0,0,0,1,0,11,0,1,0,0,0,0,359,26,0,2,0,0,13,0,0,0,0,0,3,11,0,0,0,0,0,0,0,2,0,0,0,46,0,47,0,0,0,310,0,0,0,0,0,0,97,0,0,5,0,0,0,0,0,0,0,0,0,0,1,0,0,0,455,0,0,0,0,0,0,0,11,0,0,386,0,0,0,0,0,0,0,0,0,0,6,0,0,43,0,0,0,22,0,0,0,0,0,0,0,3,0,0,1,0,55,0,0,7,0,0,74,0,0,0,0,0,0,0,0,0,0,0,0,0,0,0,0,0,0,0,0,0,0,0,0,0,0,5,1485,0,0,0,0,0,0,0,0,1,0,392,0,223,0,0,0,3757,0,0,0,0,0,0,0,0,0,0,0,0,0,0,0,0,0,0,0,0,0,0,0,0,0,0,0,0,0,0,0,2,0,0,0,0,0,0,1,0,0,72,0,0,0,0,0,0,0,0,1,0,0,0,10,0,0,0,2244,0,134,0,0,0,0,0,31,0,0,0,0,0,0,0,0,4,0,0,0,0,0,0,0,0,4,0,0,0,0,9,0,0,0,0,0,52,0,0,0,0,0,0,16,0,0,681,0,0,0,0,0,0,0,0,0,0,0,0,0,0,0,0,0,0,0,0,0,0,50,0,0,0,0,0,2482,0,0,0,0,0,0,0,0,0,0,0,0,0,0,0,0,26,0,0,1,0,0,0,0,0,0,0,0,0,0,0,0,0,0,0,298,0,0,3,0,0,0,61,0,0,0,0,0,0,0,6,0,0,0,0,0,0,0,0,0,0,0,0,0,0,0,0,0,0,4,0,0,0,34,51,0,0,0,0,0,0,0,0,0,0,0,0,0,0,0,0,0,0,0,0,1,0,0,0,0,0,0,39,0,217,3,853,0,0,0,0,0,0,0,0,4,0,88,901,0,139,0,0,0,0,0,301,0,0,0,0,0,0,0,50,0,131,0,0,3,0,0,0,0,0,0,0,0,0,4,0,0,9,0,0,0,0,0,0,0,0,0,0,0,0,0,0,4,0,279,0,1308,4,1,0,0,0,0,0,0,0,0,0,1,2742,0,0,0,0,0,0,48,0,0,0,0,0,0,0,0,0,0,0,0,0,0,0,0,0,0,0,0,0,0,0,3,8075,0,3,26,0,0,9,0,0,1,0,12,0,0,1,0,0,0,1,0,0,0,0,0,0,0,3,0,0,0,0,0,0,0,0,0,0,0,0,0,0,0,0,0,1,0,0,0,0,96,0,0,0,0,0,0,0,0,0,2,0,0,0,0,0,0,0,0,532,0,0,0,0,0,0,0,0,0,0,0,0,0,0,0,0,0,0,0,0,0,0,0,0,0,0,0,97,0,0,5553,0,0,1,0,0,0,0,0,0,0,0,0,1,0,0,0,260,0,0,0,0,0,0,0,0,0,11,0,0,0,1305,319,170,0,0,0,0,0,0,0,0,0,684,0,0,0,0,0,0,0,973,0,0,0,217,0,0,0,0,0,0,0,0,0,0,0,32,22,0,0
"gene_290",444,0,0,45,11,0,0,0,0,0,0,0,0,0,0,0,0,0,0,0,0,0,0,0,0,0,0,0,0,0,0,0,0,0,0,0,1,0,0,0,0,1012,37,0,0,0,142,0,0,0,0,0,54,2,0,0,0,0,0,151,0,0,152,0,0,71,194,0,0,0,0,0,0,0,0,81,146,0,0,0,0,0,0,0,0,0,0,0,0,2,2,0,0,0,0,0,0,0,0,0,0,0,0,0,0,156,0,0,0,0,0,0,0,0,0,0,0,0,0,83,0,0,0,12,0,14,0,0,0,0,0,0,0,0,0,0,0,1,0,0,0,0,444,0,0,0,88,0,0,0,0,0,0,0,0,0,0,0,0,0,0,0,0,0,0,0,0,0,1,9,0,0,0,0,10556,0,889,0,0,0,0,9,0,0,0,65,0,0,2,0,0,0,114,0,7,0,0,49,0,0,0,0,0,1,0,0,1,129,0,0,0,13,583,1,0,0,0,1,1485,0,0,0,0,0,1,0,4,0,0,0,1,2210,0,0,2,0,0,0,0,0,89,0,12,0,0,0,0,0,0,0,0,0,0,0,0,5,0,0,0,392,4,0,0,0,0,1,0,0,0,0,110,0,0,0,0,797,0,0,0,0,0,0,0,0,0,111,16,0,349,0,0,0,651,0,0,0,1,0,0,0,20,0,0,0,280,0,0,0,49,0,0,11,0,27,0,0,0,0,0,0,72,479,0,0,0,0,0,0,5,866,0,6,0,0,0,0,0,73,1424,5,0,2,3,0,0,0,18,12,0,0,1939,948,0,0,7,0,76,11,0,0,0,0,0,0,0,0,0,0,0,21,1,0,0,0,0,0,0,0,0,0,43,0,0,1,0,0,0,5,0,2657,0,0,0,2,0,436,0,0,0,553,0,0,0,10,0,1911,0,209,5162,0,11,0,0,0,0,0,0,119,0,0,1,0,0,1232,0,0,0,0,0,816,128,19,0,1,0,0,0,0,0,1,12,0,0,1,0,0,0,714,0,5,17,0,0,0,0,0,0,0,0,1,0,0,1,0,0,0,0,17,0,0,0,38,2,4,1,11,0,0,2444,0,0,549,83,0,1475,0,0,0,0,0,0,12,0,28,0,37,0,661,0,0,0,0,1,0,0,2,976,0,0,0,0,47,96,0,0,0,3081,0,1002,731,0,1,0,0,0,0,0,182,0,0,0,8,2,2345,0,0,0,364,8,3,0,0,0,0,0,0,87,1,8,0,0,0,0,3,0,0,0,0,2,7,0,2,103,0,0,0,0,0,0,0,0,0,0,621,56,0,0,0,0,12,0,32,0,79,0,15,0,0,0,0,0,0,0,0,0,705,18,0,83,0,0,0,0,1322,0,0,8,0,0,0,17,0,0,0,0,0,7,0,229,1289,0,0,1,0,0,1528,202,0,0,0,0,4,0,0,77,0,0,0,0,0,0,0,0,0,127,0,0,27,23,0,0,3,0,99,0,0,0,0,0,6,0,61,2,0,220,1,10,0,0,0,0,0,0,11,0,0,0,0,0,0,0,0,0,0,221,0,0,0,0,0,0,0,0,0,0,957,0,0,0,42,426,1,0,0,0,0,1406,0,0,0,484,0,54,492,1,9,0,1,0,0,0,0,0,675,0,405,256,0,0,0,0,0,0,0,0,0,2,58,0,0,0,0,0,0,677,0,0,389,0,35,0,0,2,5142,0,0,0,0
"gene_291",0,0,0,0,0,0,0,0,0,0,0,0,0,0,0,0,0,0,0,0,0,0,0,0,0,0,0,0,0,0,0,0,0,0,19,0,0,0,0,0,0,0,0,0,0,54,0,0,0,0,26,0,0,0,0,0,0,0,0,0,0,0,0,0,0,20,518,0,0,0,0,0,6,0,0,0,0,0,0,0,0,0,0,0,0,0,0,0,0,0,0,0,0,0,0,0,0,0,0,0,0,0,0,12757,0,0,0,0,0,0,0,1163,0,0,60,0,3,0,0,0,26,0,2270,2,605,0,0,6,0,0,0,0,0,0,0,10818,0,0,0,0,0,0,1048,0,0,0,0,0,0,0,2,0,0,0,0,0,0,0,5,0,0,0,58,0,0,0,0,10878,73,0,0,0,0,1,0,0,0,0,0,0,0,0,0,0,0,0,0,0,0,0,0,0,7,0,0,4,0,0,0,0,0,0,0,155,0,3,0,0,0,0,0,0,0,0,0,0,0,0,0,0,0,0,0,0,0,0,0,0,0,6,0,0,0,0,0,0,0,0,0,0,0,0,0,0,23,0,0,0,0,0,5,86,0,6,0,0,0,0,0,0,2123,7,413,0,0,0,0,0,0,0,0,0,2,0,0,0,0,0,0,0,2,33,0,0,0,0,0,0,0,0,0,0,0,0,0,0,0,0,0,67,0,1,0,0,0,0,0,0,0,0,0,0,125,181,0,0,0,0,7049,427,0,0,0,0,0,0,0,0,0,7,626,0,60,64,3,0,0,0,0,0,0,35,1039,1,0,0,0,0,0,0,0,0,0,0,0,0,0,0,0,0,1,0,0,0,0,0,0,0,0,0,0,2,0,88,0,0,85,0,0,0,0,0,7,0,0,0,0,0,1292,165,0,0,0,0,1,0,305,0,0,0,200,0,0,9,0,0,0,0,1,0,57,37,0,0,0,35,0,0,0,0,193,0,0,0,0,0,200,0,0,33,4,0,39,0,1,0,0,0,1,0,0,0,0,0,1,0,0,0,0,20,0,0,0,0,0,0,0,0,0,0,0,0,1,0,0,0,0,0,0,4,0,0,4,6,0,0,0,0,0,0,0,0,0,263,3,0,0,0,0,0,0,0,8,0,0,0,0,0,0,0,0,237,0,0,0,0,0,0,0,0,0,0,37,0,0,0,0,1,0,0,1,0,0,0,0,1316,0,0,0,252,0,0,0,0,0,0,0,0,0,0,0,0,0,0,0,1,0,140,24,0,0,0,0,0,0,0,0,0,0,0,0,0,0,0,0,0,181,26,0,0,6,0,2,30,33,0,0,0,0,0,142,0,212,0,0,0,0,0,0,0,0,0,755,0,0,0,0,0,0,0,0,1,0,652,0,0,0,0,0,0,0,0,1,0,0,0,0,0,0,7,0,0,3,0,0,1,0,7,0,1237,0,0,133,0,0,0,0,0,676,1936,0,0,0,0,0,0,6,0,0,0,27,282,0,2515,0,90,0,0,0,0,0,0,0,120,0,0,0,0,0,0,0,0,0,0,0,0,0,0,0,0,0,81,0,2,0,0,0,0,0,0,0,0,0,0,0,0,0,0,0,0,0,0,775,0,0,4,0,0,12,7,1,0,0,0,0,0,2,0,0,0,0,0,0,0,0,0,0,0,133,0,0,0,0,0,768,0,152,0,0,0,0,0,0,0,0,0,4281,0,0,5,0,0,74,0,0,0,0,0
"gene_292",0,13,0,6,0,0,0,0,183,0,1,0,0,0,0,0,0,0,0,0,0,2480,0,313,0,0,0,0,0,0,0,0,0,2,0,0,0,2,0,0,0,0,0,0,792,0,0,0,14901,29,0,0,1859,0,0,1787,0,0,0,0,0,0,0,0,0,15708,0,0,0,0,0,0,0,0,0,7286,0,23,0,0,0,0,0,502,0,0,0,0,0,0,0,1,0,0,0,0,0,0,0,0,0,0,0,0,0,0,0,0,0,0,0,0,0,0,0,0,0,0,0,0,0,0,0,0,0,0,0,0,0,0,0,0,0,0,0,0,0,0,0,0,0,0,0,0,0,0,0,0,0,0,5,0,0,0,0,0,0,0,0,0,0,0,0,0,0,0,0,0,0,0,0,0,0,14,0,0,0,0,0,0,0,0,0,0,0,0,0,0,0,0,0,0,0,0,0,0,1,0,0,10,0,0,0,0,2,1,0,0,0,0,1,0,6,0,0,1,1,1,2,4,1,1,0,0,0,0,0,0,10,1,0,0,1,1,3,1,19,0,21,0,1,2,0,2,1,0,13,0,0,11,4,0,0,0,5,0,0,0,0,5,243,0,1,1,59,0,0,0,120,1044,0,0,0,17,0,8,0,0,0,8,0,47,0,43,62,445,0,0,0,20,0,0,0,0,6762,1301,390,0,0,0,0,229,0,154,0,1,0,10,0,130,0,57,0,0,67,0,0,3014,0,0,585,0,0,1,1828,395,7,0,0,0,0,0,0,0,2540,4,2,0,0,0,0,0,4291,97,0,153,0,1849,0,45,0,0,0,0,0,2,48,146,394,8467,0,0,0,0,0,0,0,0,26,0,0,0,11,0,0,0,0,0,0,0,1,0,0,0,0,0,0,0,0,3,0,0,4,1,0,0,384,0,0,0,190,12,0,0,0,2,0,0,397,0,1174,0,0,7501,0,0,96,2106,0,32,3,28,57,2924,0,0,0,0,0,0,12,0,9,11,1166,0,649,0,70,0,303,21,35,53,2034,1040,257,0,6044,195,1501,66,11,47,4306,0,6,194,26493,676,14,0,67,234,2,30,0,22,2069,1447,0,676,99,2,4,1,43,0,210,39,1293,683,1843,10,272,418,2,0,24,0,174,1,9,64,54,41,126,0,11,88,3,0,3126,104,7585,223,901,0,75,12,11139,0,2859,1138,104,143,4514,1060,85,0,3,5,0,0,196,661,0,38,1,0,1,529,3,234,1870,0,542,67,1916,21,1407,437,4424,0,298,1309,887,6,155,43,12,1782,2,976,13465,1883,61,19,31,218,3534,1210,0,995,1527,7,549,780,194,0,0,3,0,1996,0,591,61,14982,1,1,5249,19290,0,19,4,0,90658,46,19,15,17941,349,4789,0,0,0,2,9,7258,2149,0,1,1,91,47218,0,0,2740,604,0,0,3986,48,0,0,0,18697,7,2557,0,0,18440,50,0,0,0,318,0,6385,0,3101,127,63,228,75,1,0,11,0,351,15,429,0,17184,481,1,0,11449,6,663,0,35296,8492,7,5387,1826,4175,20,0,0,14,3536,3782,422,0,0,2044,0,25,197,0,0,1881,0,92,8553,0,3,268,0,179,1,0,859,0,0,25,0,0,357,161,382,51,0,432,2,0,850,7848,165,11,0,126,0,0,0,0,3,40,52,0,28,33,0,416,87,719,6,299,0,0,1159,0,0,631,0,730,160,128,0,3687,67,325,1,0,912,127,6945,59,122,0,969,0,2,17,1,441,632,1,244,4,294,0,17118,50,3256,0,0
"gene_293",35,0,4,2511,6879,8,5,1261,4460,0,0,151,11,348,5614,930,2,647,453,0,0,670,92,9390,0,0,529,45,0,0,82,0,0,4,1356,10304,1159,1736,0,104,4209,15,472,333,0,19,0,0,252,0,0,1370,464,3,0,1,0,0,461,6,0,4667,816,120,0,3719,519,0,1,321,4813,0,0,9171,209,0,0,158,1051,284,11,84,6,2269,47,1988,25,1,7,198,0,267,17,6467,39,391,60,407,0,405,0,14511,2287,345,1697,0,0,31094,0,421,3,2062,0,257,2,97,374,0,0,7,0,0,0,0,1,1586,0,26,0,16,1499,904,0,1,28,0,0,0,1,565,1,210,2294,713,470,7994,0,37,3,0,30,34,0,0,0,4,670,19968,0,6,0,77,0,897,0,1791,5,1897,14,1,0,34,87,0,1788,0,626,0,0,0,0,0,30,1,0,52,13330,10016,1317,71,8112,0,68,0,116,0,0,6497,340,404,76,2332,0,798,0,80,0,30,0,493,0,0,419,1,24,0,1030,0,21,0,2,360,2431,0,40241,3639,191,2211,2,0,16,278,425,1966,2678,0,1,0,1353,2,690,887,0,5,596,3873,0,0,1598,63,996,91,2294,0,0,0,3,0,34,14,4,3049,18,186,2,48,264,0,394,0,5,0,93,89,30,0,677,0,0,0,330,85,54,105,453,0,0,2,7090,8,67,2,158,3,0,1792,2251,15,32,5,69,1,0,1,1696,1,3515,0,0,0,151,75,549,7,277,656,3551,45,0,1840,40,23,0,3177,119,19,8,146,25,0,0,11,59,362,5,0,0,72,0,0,0,1,2,65,6,41,13691,0,64,1,5570,942,181,0,0,767,0,0,412,0,0,12,403,64,211,0,323,2394,0,257,0,1073,888,3,530,137,2,8,14639,106,9,186,0,2,71,94,1519,17,0,2057,1319,0,0,397,11071,177,0,341,80,8350,4641,0,14841,0,0,166,118,1415,1663,127,1,1769,0,0,7837,0,0,7,1495,996,1407,29,133,4873,0,77,0,60,206,1,362,36,0,13,0,0,57,0,0,360,0,413,0,2,16869,0,0,4,0,0,111,0,0,28,0,30,3,2,0,13,0,189,0,6,230,0,19,0,0,61,1400,0,933,5,0,1015,0,0,0,0,1133,0,0,172,0,472,4975,0,248,0,105,1,44,287,1469,46,0,0,0,0,0,0,432,15,211,0,1208,0,0,0,0,0,0,1289,0,0,2120,0,0,0,0,0,0,0,0,3795,0,0,0,907,24,60,0,0,0,42,0,0,0,192,6,0,3,1,0,0,0,0,0,0,75,15,5,0,0,0,0,0,0,700,7,371,0,2,38,0,0,0,0,0,0,0,2,20,0,1,0,43,0,0,0,3932,667,3,0,0,3537,0,89,0,0,1,0,0,0,0,21,59,132,0,0,0,0,959,0,0,2,0,411,130,5171,0,0,0,749,4,0,0,2036,0,0,0,0,4456,0,0,0,489,0,0,0,0,0,0,34,0,0,0,25,0,0,0,0,0,0,0,423,3678,0,1,0,0,0,0,0,78,0,0,0,5,2077,1,0,0,238,0,0,6586,0,0,0,12,0,0,2,0,3460,0,0,0,0,0,0,0,0,27,0,0,0,0,0,0,0,0,0,0,6,0,42,1,0,0,2075,0,0,0,0,0,0,0,0,1199,0,0,8,0,0,0,9,0,54,0,0,0,1798,0,37,546,0,0,0,0,0,0,0,0,0,0,0,0,0,0,679,0,43,0,0,0,0,5,311,14179,0,0,0,0,0,0
"gene_294",0,1331,2808,756,89,64,778,3290,210,3168,5329,7007,5812,1238,339,39,507,1710,2146,346,695,163,106,918,432,4938,390,1236,2322,169,2719,263,538,23,1103,2676,0,13,1001,3968,5871,14,58,15,10,607,355,678,18,19,2093,45,413,30,5,162,441,5110,1192,125,2724,818,2418,31,305,1885,1071,258,1703,0,648,8,265,1028,32,292,1,151,1593,1057,113,1728,58,3,162,237,601,139,455,928,6499,1393,106,0,7778,960,3394,598,64,0,63,0,2449,901,2961,223,9408,18,0,1276,47,0,0,526,7230,19669,1,0,291,0,1396,11,0,93,964,110,0,22,0,945,0,4692,1,38,63,10334,0,1947,1506,25,0,0,167,41,60,73,0,36,1849,2500,254,550,140,2,0,1,79,11,0,102,121,17,1429,2969,0,1305,1493,1957,3,0,37,888,33,53,5126,156,0,38789,376,33,7632,150,6816,214,0,42,431,3,3328,132,0,15,4,5502,1,0,0,9,459,455,5286,44,795,1027,4726,1009,4,107,95,910,414,43,2670,0,13,1530,498,3405,525,760,5,5,0,3,822,685,5,2721,235,120,65,1634,1522,3385,0,214,717,7,32,241,952,0,6,0,19,90,3,49,670,190,1424,619,1542,306,38,2,359,1176,19,755,0,35,199,0,1061,0,20,96,8,192,253,70,811,391,11,2,14,0,2,1,11,54,0,43,0,2,54,81,311,168,256,56,413,0,21,1008,38,2,0,148,133,2,237,0,14,174,120,3,0,178,12,0,46,202,104,1034,877,0,114,217,323,1,0,42,265,19,10,0,1,1,0,0,17,415,2074,2,86,11,27,3,0,118,634,207,8,193,139,41,998,0,9,84,478,149,4,164,0,140,556,13,140,2,292,74,379,86,1066,135,12,0,845,294,528,60,33,777,1170,16,0,502,333,54,119,74,3,593,529,992,137,2034,454,2066,121,1,2751,64,207,889,82,95,0,515,242,105,358,31,2,2,31,12,2386,123,253,248,181,0,0,220,740,58,0,98,55,567,214,2352,2,319,979,450,283,315,155,5,4,7,15,0,465,114,0,1,15,1254,43,500,0,18,122,0,30,9,18,32,533,14,123,194,38,17,0,25,496,6,15,48,175,0,1,0,179,92,422,109,0,0,0,30,223,5,50,118,0,46,576,651,0,39,8,11,62,7,126,4,7,13,0,259,33,39,0,0,23,0,3,740,0,2,285,7,5,107,11,0,398,7,297,150,933,0,5,0,127,106,2,14,2,2,1,2,65,38,84,17,137,22,0,123,41,15,1,36,0,394,177,118,0,0,57,43,4,9,8,147,15,0,101,6,103,30,0,21,5,55,50,4,519,213,0,141,577,1019,286,3,151,1,367,4668,931,0,5,54,0,1095,405,22,551,42,1976,42,2319,445,0,0,0,0,1993,14,291,1,0,8959,558,86,0,0,841,0,1727,1636,0,135,0,0,136,0,0,201,2098,0,24,0,12,55,5335,5,2388,6834,0,1290,5,36,4351,1659,4990,1,0,7,927,1108,220,2,62,65,881,926,0,5,66,2359,21,173,213,2088,399,6,1945,1,0,0,806,453,0,0,0,135,3229,438,89,916,25,0,0,1119,38,2,558,1304,39,74,2901,0,105,0,4,73,17,82,0,2621,103,0,801,113,0,2559,0,43,0,0,22,39,0,3,8,1980,19,494,3475,0,1,0,276,84,100,3384,0,8,0,67,710,535,91,8,6,0,7189,1229,203,0,4,0,272,101,3602,184,0,1,0,0,0,0,23,2405,38,206,0,0,0,84,0,0,1,0,301,1022,277,0
"gene_295",3580,26782,7447,2742,1780,1198,465,3715,6828,315,1412,8788,1270,36013,12768,3640,4630,17521,5393,2,908,140,2653,19652,1845,2549,2231,2038,365,296,213,1439,1239,798,1631,1772,3470,8512,189,36,1732,189,4123,2831,932,572,397,7324,909,24,7521,12358,3827,252,5991,554,5724,23644,748,6939,83,141,9804,10044,308,2079,25871,12183,12353,7147,369,126,29,452,645,8376,56,7463,2634,5745,867,97,7589,3094,10271,5778,529,664,14954,54,17536,732,0,0,1,0,14,15,16,0,0,4,0,0,0,23,297,34575,3,27,1302,314,1,0,57,2306,0,0,0,0,162,207,167,0,0,2884,310,0,2175,28,0,0,19,1558,0,318,43719,2303,1,476,17,2851,287,58,373,7635,3634,4,17311,120,603,0,2,7,69,0,0,7843,319,115,4262,0,16900,63564,0,7078,116,197,0,1,1572,44,1,11765,7,0,28759,0,0,21384,0,886,0,0,4,0,8,29,0,0,20973,16,26,1070,0,0,10,2,21,0,0,2,6939,0,0,951,36,0,9362,0,0,0,7889,1,2497,2,1,0,0,74,0,0,9,0,0,11,7,0,0,2,16,0,0,1993,0,0,1830,0,0,179,0,18,0,0,0,0,2,528,0,0,3,0,0,0,238,1337,1,14,0,4563,1688,0,0,17,3,70,109,3,1,0,1729,0,7130,0,29,145,7,0,130,1812,0,447,31,0,44,150,0,1892,40,0,1186,1346,0,74,2230,15111,33,0,9,95,0,0,0,15,0,0,0,937,9,0,0,0,9,1,0,0,1731,38,0,4,0,1904,523,537,0,44,449,0,6,0,4,0,0,0,2378,3863,0,10,1921,11,0,99,113,740,0,24,0,862,5869,28,1716,9577,0,0,8102,43,0,104,1,0,0,10,0,1,0,0,0,3110,0,11,0,7853,0,361,4640,55,682,0,0,444,3,1395,1,12,5066,1004,0,1408,561,0,4,757,244,20,966,11,905,0,76,0,6752,1,0,1,0,11075,0,0,326,148,1582,741,858,707,0,2011,8,0,400,5,2,0,0,3,0,342,248,0,8919,1,0,44,10622,1,252,4776,468,4011,1118,15704,97,9296,937,1094,3029,9976,1612,293,10,0,62,4457,24,0,1016,28,804,4547,2081,223,333,1397,407,93,2573,62,11156,1404,436,2683,3203,1716,845,117,214,3,2289,8101,1514,0,22916,2252,43,9596,3337,766,0,2079,1271,19,3922,2609,3716,1802,80,176,1870,678,0,1340,89,731,3453,272,555,1138,868,2551,60,4018,3023,250,143,3387,14459,0,774,9643,670,78703,277,23547,208,4345,903,473,0,19,0,2178,2610,2,31,7257,5626,0,1529,1,2850,204,24,211,1011,0,4919,1290,2739,0,963,2289,129,24747,2273,503,1663,2801,2686,0,1010,91,2955,168,1859,4944,293,403,62,48,476,1306,0,2312,0,2072,5,1652,6965,204,0,100,101,0,1,2,0,24,2,56,21,3343,8948,0,102,13299,29,3180,2345,623,0,8,64,4985,3,224,34,0,68,3974,326,413,11,4103,870,637,1351,28172,22796,0,4,8630,15796,6803,10,97,33,210,1,150,11527,56,2637,13086,557,6,0,4432,0,0,0,15005,19,152,132,0,255,3,6213,2496,169,2,882,16490,0,0,6822,2939,49,438,103,1,0,46,67,3237,3,36,2208,3,0,631,62,1925,0,3795,949,0,108,802,10,3,817,0,377,444,258,18867,775,0,1344,0,1334,624,11,0,1,611,33832,0,395,380,349,3527,1657,0,8431,1109,4481,0,0,2384,130,323,2308,2827,0,31833,7897,0,5552,1709,0,1,19429,730,0,2955,93,3388,4,1,7432,632,7435,0,0,18271,954,229,26365,2,11,2,872,2,2,0,737,4908,3991,0,0,9698,0,1401,9,36,272,0
"gene_296",312,5,296,0,0,3012,159,0,0,198,37,637,1,148,3281,599,275,0,0,0,18,799,631,187,1,133,255,7,2615,1406,8,93,0,25,0,8,0,0,1036,13,0,2,2156,52,983,1,3,79,0,1292,1123,28,162,24,1,0,2,0,0,458,853,0,1266,15,458,117,166,213,1115,1,18,289,3,2849,0,419,0,65,0,2,25,1059,1692,2401,567,4,364,3119,1,0,0,31,0,15,0,0,23,0,558,0,0,1001,0,944,1,57,400,6,12,132,74,0,0,0,18,0,0,0,0,1460,0,0,0,3,137,40,0,1,0,0,0,78,0,0,0,0,29,0,0,0,0,16,0,2,0,0,329,0,0,2,2457,0,51,0,242,1212,0,0,1515,192,459,5,60,2,1,0,27,7002,0,0,0,0,0,0,0,2,0,0,0,0,35,0,1821,18,2,0,0,0,0,0,6211,2985,5916,320,5,589,0,0,0,146,0,0,0,0,9,0,1282,8,0,772,0,0,0,0,0,4,0,0,0,160,0,1082,1,0,0,0,0,0,0,0,0,0,0,25,83,0,4,2063,0,0,0,3,7,12,778,1,0,1,219,2,0,109,9,279,3610,0,0,0,0,0,0,46,4,242,478,8,0,35,0,1,188,0,0,28,17,2,1,126,162,0,1,288,462,0,2,10,13,3,484,8,172,4,7,3,0,2,0,0,7,19,114,18,1,0,0,27,0,0,0,20,155,96,3,0,4,0,25,0,1,61,48,0,1,11,0,130,1,22,696,317,63,6,0,0,52,0,1,0,0,0,0,5,190,0,223,3,0,100,390,0,0,0,1,19,1,0,132,132,46,37,40,196,17,3,4,1261,566,50,12,0,588,0,0,1,46,15,42,0,5,0,0,6,36,253,585,11,0,22,4,3,41,0,2,8,1,934,87,0,1,2,0,45,27,0,514,464,40,390,49,1,8,19,4,144,2,280,135,78,0,0,261,0,0,15,2,0,0,1,1115,0,0,0,0,14,11,0,181,0,64,284,0,10,0,0,33,0,0,3,86,115,3,0,6,0,85,22,28,1,390,62,0,0,1,84,16,0,102,31,8,5,0,17,0,5,1,19,136,0,1,246,1,116,0,34,30,132,0,162,5,1,0,0,0,0,0,0,248,0,0,0,178,297,0,15,0,0,0,0,2,14,7,2,0,0,4,24,0,1,1980,0,0,0,537,0,0,19,1,890,75,0,121,3,3,43,0,1,0,0,0,152,1,13,1,4,0,0,0,0,19,4,8,39,129,3,610,0,135,405,92,1,6,0,34,46,15,662,500,0,1,0,0,0,23,18,0,0,0,0,2,0,137,1,0,178,56,13,0,0,0,0,0,0,0,786,23,4142,0,0,0,3,0,1,0,13611,0,1,0,4,55,372,0,0,0,43,0,2798,0,0,0,0,0,124,71,0,40,0,0,0,0,202,170,9749,671,2,10330,20,529,156,2388,0,1,2,0,962,0,0,7057,0,0,0,4,0,0,0,0,0,0,6,0,13,0,0,0,0,0,0,8,0,0,0,291,0,1,87,0,0,4970,298,0,22,3399,0,227,1026,0,0,0,21,0,16,0,0,29,0,1108,1,0,0,516,0,1,0,0,0,1,47,0,5,21,20,0,2,94,0,0,0,53,16,5158,1932,0,3034,0,1441,0,318,0,1382,0,38,0,0,0,0,27,0,47,0,0,0,9,0,0,0,545,0,167,240,0,0,0,39,0,145,0,0,2813,0
"gene_297",0,0,0,737,0,0,1729,0,0,0,22,1860,1471,0,13,0,0,1148,31,1,13,0,1356,73,338,0,18,0,2,0,54,13,1,8,372,1,188,0,0,0,0,6,10,0,40,7820,0,201,14,4,2,0,0,38,658,353,0,0,490,0,8151,938,3308,76,51,0,0,856,5797,2830,0,0,0,0,0,5,0,1,17,7049,0,0,0,0,0,0,67,12,5092,348,0,226,0,0,0,0,0,0,0,10,192,0,0,21,24,0,0,513,1522,4,0,0,0,0,0,0,0,0,0,1,0,0,0,0,179,0,0,142,0,0,0,0,3,0,0,0,0,0,0,0,162,0,0,0,0,0,0,0,0,0,0,0,0,1,541,1065,3,0,0,0,4,0,6,0,16,0,2,1225,0,0,99,0,0,0,4970,0,0,0,2,0,0,6,0,0,0,1,0,0,8,0,0,0,0,0,0,417,7,34,317,0,423,906,2895,265,1,0,3,9,3,7,1,13,0,1,422,63,195,0,0,0,0,0,285,91,1166,2032,3,72,175,0,4,0,2,368,104,788,0,0,73,56,0,0,0,59,22,14,97,3,7,507,618,245,0,57,155,322,127,0,0,298,1,9797,0,4,499,2557,522,5678,80,0,12,9912,1170,1580,28,83,0,2,620,441,19,238,6,0,659,3403,0,5,0,1,0,960,13,390,4,2,617,24,484,74,262,1,4080,688,451,3287,0,139,24,857,8278,624,61,81,1078,18,161,168,5048,354,0,95,1,7,19,735,27,9158,0,437,7791,0,2661,111,0,3030,70,119,1201,0,0,0,0,1110,45,1130,3533,0,249,8,487,158,0,4211,3,0,0,188,24,19,134,37,83,489,4885,78,6,0,593,1268,0,0,8428,45,0,9,37,0,1901,0,562,451,1627,0,0,0,0,0,1,0,0,9,27,46,221,197,261,3052,96,4682,0,1,1827,0,0,0,0,0,3024,0,5338,1254,4,6,15,55,1,90,331,0,2351,0,49,7245,22,224,113,677,33,10415,0,183,583,7,0,795,4080,32,20,76,132,4,7687,4989,830,13,0,4,2095,132,238,0,0,2,357,3324,2,562,0,183,112,1764,129,419,141,0,9220,2,0,0,2968,2,482,11,671,13,32,270,567,2392,0,4,19,57,2,3,217,14,12,0,43,39,1562,1614,89,4115,0,689,326,4692,902,39,2383,32,1577,36,613,0,101,37,0,208,172,88,0,2617,15,0,11,5,51,583,14,1283,11,0,48,1,0,128,957,1,10,1,1,50,0,595,2514,0,0,328,14,1275,4607,69,0,69,0,3987,2258,0,241,239,648,3,31,2105,126,119,2667,175,855,864,6204,295,108,6,5691,558,0,0,9692,432,3,935,17,0,278,0,6162,166,88,471,0,864,0,1180,1863,9,1309,218,0,4472,9,9,969,797,3451,291,0,89,709,27,3200,165,0,1649,0,37,18,0,366,332,1278,1,23543,4,740,510,0,0,0,8,0,3731,0,0,1,0,486,115,0,0,274,14,28,18,363,9654,1,197,6,150,0,1762,5870,0,0,0,0,7709,0,333,1,1,484,672,0,0,171,30,0,0,210,0,1222,0,479,471,0,131,0,544,5359,564,476,0,6,3347,1590,47,130,0,198,1583,811,0,0,735,102,177,552,4966,0,0,5,43,0,590,166,291,626,0,40,421,0,0,264,345,1533,109,794,6913,14,0,3268,0,3818,0,3505,3404,0,3,4,0,0,2381,247,0,64,151,405,0,3,97,406,4,0,20,1137,0,741,4366,440,0,2279,0,0,0,1124,6,29,1,0,5,228,148
"gene_298",0,0,25,0,0,0,4,144,0,0,0,0,0,0,0,0,0,16,0,241,0,0,0,0,0,0,0,0,0,0,0,0,0,0,0,155,0,0,0,0,0,0,0,0,0,0,0,0,0,0,0,284,0,0,0,0,0,0,0,0,5,0,0,0,0,0,0,0,0,102,0,0,0,0,81,0,0,0,0,0,0,0,0,0,0,241,0,0,0,0,0,0,0,0,1,0,0,0,0,0,0,0,0,0,0,142,0,0,19,0,0,0,0,0,0,0,0,0,0,0,0,0,0,0,0,0,0,5,0,0,0,0,0,0,0,37,0,0,0,0,0,0,0,0,0,0,5,0,0,0,0,0,0,0,2,11,0,0,0,0,0,0,0,936,0,0,0,0,0,0,0,0,0,0,0,0,0,0,0,0,0,0,0,0,0,0,0,0,1,0,0,12,0,0,1266,0,0,0,0,1,115,0,0,0,1,0,0,192,0,0,0,0,0,0,75,0,0,0,0,0,0,0,0,0,0,0,0,569,0,0,0,101,625,0,1,99,0,0,0,0,0,0,0,0,0,0,0,0,0,0,0,0,0,0,0,3,0,0,0,0,0,0,0,0,3,0,0,0,0,0,0,0,0,0,0,0,0,0,3,0,0,239,0,143,0,0,0,0,0,238,2,0,0,0,0,0,0,0,167,1,0,0,0,0,227,0,0,0,0,0,0,0,0,0,0,0,0,0,100,0,0,0,0,0,362,0,0,0,0,0,0,0,0,0,0,0,52,0,0,2,0,0,3566,0,0,0,3,0,0,0,4714,87,0,0,0,0,0,0,0,0,0,0,0,0,0,3978,0,0,0,0,0,0,2,0,0,0,0,0,0,1,0,0,31,0,0,0,118,0,0,0,0,2014,0,0,0,0,0,0,0,0,0,0,0,0,217,0,1,0,0,0,0,0,0,0,0,0,0,0,0,0,0,0,0,0,0,0,0,0,0,0,0,0,0,0,0,0,0,0,0,2,0,0,0,0,0,0,0,0,0,0,0,0,0,0,0,0,161,0,0,7069,0,0,0,0,0,0,18,0,0,0,0,0,0,0,48,0,0,0,0,0,20,0,0,0,428,0,0,0,0,0,0,0,1,0,2,0,0,0,0,0,0,0,0,0,0,0,0,48,137,0,2234,0,0,0,0,0,4,0,0,0,0,0,0,0,0,0,0,0,21,537,0,429,0,0,0,0,0,0,0,0,0,0,0,0,0,0,0,0,0,0,0,0,0,0,1902,0,0,0,0,0,1436,0,349,0,0,504,0,0,0,0,113,24,0,0,0,0,0,0,0,0,0,0,29,0,0,0,2,0,0,43,0,0,0,0,0,0,0,0,1,0,0,0,0,0,22,0,2,0,0,0,0,0,0,0,0,0,0,0,0,0,0,1,0,3484,0,0,570,0,0,0,287,0,1502,0,0,0,0,0,3,0,0,0,0,90,0,0,949,26,13,0,0,0,0,0,157,0,0,0,2,0,0,0,0,0,443,12,0,0,0,0,0,0,0,2,0,21,0,0,0,0,0,0,0,0,0,0,0,0,0,0,0,0,16,76,584,0,30,0,0,0,0,0,555,229,54,0,755,31,0,0,0,0,0,0,0,0,0,0,0,0,0,0,0,0,0,1,0,0,241,10,0,2389,0,0,0,0,0,0,0,0,0,0,0,1,33,0,4,0,0,0,0,292,0,4,0,0,0,0
"gene_299",9,4738,5,0,0,0,3,351,57,0,0,0,4654,0,307,0,3,0,830,0,0,755,6327,0,396,0,4417,0,1,0,99,0,0,108,0,0,0,74,149,82,0,32,5,33,145,1,0,0,0,2,0,482,0,2,53,721,0,1,2,386,198,0,205,0,0,12,5,0,274,1,167,1058,285,0,9272,0,0,1098,68,0,0,0,1941,0,0,3,374,0,22,0,136,2,0,0,1,0,0,0,0,0,0,0,0,75,0,0,0,0,0,0,68,0,28,338,1,0,0,0,0,0,0,0,0,532,0,4,0,0,0,0,0,0,0,0,0,0,0,0,0,0,0,0,0,10519,0,0,11687,0,0,17,0,0,0,0,0,0,0,0,0,0,0,0,0,0,0,54,0,0,0,0,0,0,0,0,0,0,0,0,0,0,0,0,2,0,0,0,0,0,0,0,32,0,0,0,2264,0,0,0,562,1,0,0,0,0,0,0,0,0,0,0,0,0,9,0,0,0,1535,0,0,1034,0,0,1,0,142,0,2,0,0,0,0,101,0,268,29,0,0,0,0,0,0,0,0,0,0,0,10,0,0,0,0,0,0,0,180,0,19,0,246,0,0,0,0,0,0,0,0,0,0,0,0,0,0,0,0,0,0,0,0,0,0,0,0,0,0,0,0,0,0,0,0,0,0,0,0,0,0,0,0,0,0,0,0,0,0,0,0,0,0,0,0,0,0,0,0,0,0,0,0,0,0,0,0,0,0,0,0,0,0,0,0,0,0,0,0,0,0,0,0,0,0,0,0,0,0,0,0,0,0,0,0,0,0,0,0,0,0,0,0,0,0,0,0,0,0,0,0,0,0,0,0,0,0,0,0,0,0,0,0,0,0,0,0,0,0,0,0,0,0,0,0,0,0,0,0,0,0,0,0,0,0,0,0,0,0,0,0,0,0,0,0,0,0,0,0,0,0,0,0,0,0,0,0,0,0,0,0,0,0,0,0,0,0,1,0,2,0,0,0,0,0,0,0,0,0,0,0,0,0,0,0,2,0,0,0,0,0,2,0,0,0,0,0,0,1,0,0,0,0,0,0,0,0,0,0,0,0,0,0,0,0,0,1,0,0,3,0,0,0,0,0,0,0,3,0,0,0,0,0,0,0,0,3,2,0,0,0,0,1,0,0,0,0,0,0,0,0,4,0,0,0,0,6,0,0,0,4,0,0,0,1,0,0,0,0,0,0,0,0,0,1,0,1,2,0,0,0,0,0,0,0,0,0,0,0,3,0,1,0,0,0,0,0,0,0,0,0,0,1,0,0,0,0,0,0,0,0,0,0,0,0,0,0,0,0,0,0,0,0,0,0,0,0,0,0,0,0,0,0,0,0,0,0,0,0,0,0,0,0,0,0,0,0,0,0,0,0,0,0,0,0,0,0,0,0,0,0,0,0,0,0,0,0,0,0,0,0,0,0,0,0,0,0,0,0,0,0,0,0,0,0,0,0,0,0,0,0,0,0,0,0,0,0,0,0,0,0,0,0,0,0,0,0,0,0,0,0,0,0,0,0,0,0,0,0,0,0,0,0,0,0,0,0,0,0,0,0,0,0,0,0,0,0,0,0,0,0,0,0,0,0,0,0,0,0,0,0,0,0,0,0,0,0,0,0,0,0,0,0,0,0,0,0,0,0,0,0,0,0,0,0,0,0,0,0,0,0,0,0,0,0,0,0,0,0,0,0,0
"gene_300",8,0,8,1,0,47,10,2,0,4,1,6,5,1,0,12,7,22,6,5,2,6,7,0,0,15,2,1,5,0,2,16,4,14,9,8,0,12,10,4,14,14,2,4,4,7,10,0,7,1,21,2,2,0,0,1,1,13,6,0,1,1,2,10,1,4,9,9,3,1,12,23,0,6,7,2,0,0,22,5,0,0,25,2,20,0,1,13,26,1,20,7,0,0,0,0,0,0,0,0,20,0,0,5,0,0,0,0,0,0,0,0,0,0,0,0,0,0,0,0,0,0,0,0,0,0,0,0,0,2,0,0,0,0,0,0,0,0,0,0,0,0,0,0,0,0,0,0,0,0,0,0,0,0,0,0,0,0,0,0,0,0,0,0,0,0,0,0,0,0,0,0,0,0,0,0,0,0,0,0,0,0,0,0,0,0,0,0,0,0,0,0,0,0,14,0,0,1,0,0,1482,0,0,0,0,0,0,4,0,0,895,0,3,1,0,0,0,0,10,52,0,0,1,23,0,0,0,24,36,0,0,10,0,0,2,0,0,0,0,1,10,0,0,0,0,0,0,3,0,41,0,0,213,0,0,0,0,0,0,0,8,70,0,243,147,124,59,0,306,0,0,639,585,1006,1584,0,0,159,1116,0,10,1,0,899,20,1201,32,14,0,27,1028,100,18,4409,258,177,3,603,5365,62,505,0,1,84,33,485,72,28,228,130,75,16,1843,6,0,3,0,429,0,11,368,206,0,1469,2,0,31,200,512,1012,1115,25,379,0,149,11,435,0,7,1111,69,10,7781,2082,19,0,371,390,95,244,278,2178,12,2,3393,676,8,56,0,472,569,0,840,0,113,11,5739,11,10,0,73,120,20,0,1255,0,2298,1692,0,248,429,166,3878,202,181,9,3836,1,8,0,184,27,128,230,1323,0,848,2,0,1540,6,4,58,22,801,367,29,0,1,1,846,0,2406,16,21,1101,0,880,469,40,7,484,49,14876,0,0,85,1,29,1,286,1823,12809,1171,2727,22066,4402,5301,32225,1256,3738,876,25659,23529,22606,6738,6426,1223,31595,16511,11504,2492,10569,2751,16242,13716,13959,2800,13558,32288,54764,8011,4977,301,3399,10953,21984,2359,15817,3280,11986,9050,10675,6852,8889,12097,1559,4399,6704,3820,5997,21256,18345,631,1325,4623,1027,23058,24004,20407,15796,20641,23865,6045,38373,38018,4889,18955,40293,9349,27603,14620,12007,19733,48291,8507,15227,5068,24454,21314,7045,12034,13944,3790,8410,8609,14881,10749,10867,6213,4812,5432,34034,8763,2938,3723,31138,21513,1043,16151,8063,34848,9225,12190,16831,4522,22498,9530,14762,14091,24069,3432,5735,7683,4306,1786,14762,23486,7684,4921,9086,8009,11090,3841,8791,19054,16410,26500,8020,5571,4544,7045,16238,242,9941,3717,21880,18072,1040,6098,5039,2135,2675,1452,10000,2070,6348,19060,1904,39368,9919,135,5545,3231,588,19767,11419,1339,10902,5392,14703,298,102,18952,336,22774,6621,14215,2811,10611,3771,4373,351,10624,7296,9285,316,8631,2375,886,2856,1486,1,17015,186,4778,1000,2429,9237,39461,1313,25410,17561,12930,45019,6176,10468,14111,19193,853,11988,8636,56375,5,12069,30265,7005,1467,259,669,6872,31,86,25089,985,29942,4640,13800,345,17182,2969,44159,6231,1334,3836,8556,9147,386,3039,1886,3385,6443,16827,133,1650,3011,89,200,3975,3605,99,4,4147,285,531,5,32462,20429,7,192,5548,2511,776,1974,63,451,409,1704,9929,1008,2626,1146,8087,17702,42265,1399,327,440,5773,1673,8241,6401,6576,28790,2,2991,15331,5046,11722,20672,9104,18966,598,1272,75,1836,7100,1691,3883,12203,5561,101,4669,279,7422,6180,1455,471,344,4,40403,7570,8446,7624,51,4158,598,359,1453,23342,11781,30865,1810,18556,1099,18497,2985,5252,14956,4019,20043,3284,1697,49936,4930,7,26,2183
"gene_301",60,595,250,1,491,24,53,294,49,0,653,158,1085,695,1136,461,48,38,451,8,4,445,8,0,121,7,23,7,178,11,322,42,150,61,1,10,21,267,379,6,0,53,12,121,148,74,3,1,55,4,327,19,133,59,15,27,351,240,48,62,0,49,679,120,416,26,0,118,146,313,438,235,13,1224,110,263,25,5,52,251,1510,8,47,27,53,108,91,211,213,6,75,0,2282,6,0,13,0,0,1067,1222,0,2135,1,83,1,1195,0,1700,0,253,70,0,2,14,3316,38,0,0,561,1,449,1126,0,223,0,12,0,0,0,0,0,0,0,485,154,0,0,0,24,0,0,21,2,0,0,176,1263,0,1112,0,0,0,175,1,0,0,310,1497,89,7,0,1925,0,559,0,854,3,523,0,0,0,565,0,0,284,0,0,119,2,26428,2084,32,0,0,0,4899,1214,725,0,1,0,91,0,25069,0,0,0,56,0,1,7,0,0,7,1,3785,4,3,0,0,4,0,0,440,3,0,0,0,0,2,1308,1651,0,0,1318,0,0,7,0,172,0,0,2,59,0,10,0,0,1,0,238,2249,0,2,6,165,0,3,13,0,4,227,0,0,0,0,0,251,0,0,1015,1204,138,11,243,1571,1722,1,2,266,625,2410,4405,242,39,312,36,907,24,30,3,81,29,12,236,175,361,107,465,240,614,88,0,752,3517,763,129,44,517,184,5,47,42,71,18,268,543,64,0,4,1060,0,1476,1,35,614,108,875,317,921,53,8,297,1048,8,1198,20,246,1462,434,74,159,85,265,13,241,2,26,255,139,90,377,620,302,140,57,1261,1509,7,918,14,42,33,190,14,8,464,18,795,54,124,21,645,382,653,339,1079,1495,124,116,55,26,502,15,322,628,113,3,2,4,21,169,1649,43,1359,34,83,10,188,628,69,389,1908,359,5033,0,29,60,491,1985,2182,2,1,17,10,0,446,58,767,2,108,258,1,55,1316,1,289,164,154,84,4,64,11,835,44,10,809,34,1588,507,1068,4,9,404,155,110,42,592,0,1,47,57,268,0,39,64,1341,2,13,12,406,31,24,0,14,8,10,13,407,1210,81,0,0,4,9,2,0,671,28,7,1,0,204,33,10,42,23,96,6,0,255,936,1038,1,6,164,20,40,221,300,94,246,40,111,28,7,105,3,0,78,4,6,199,474,153,65,244,63,1164,121,193,13,707,0,234,117,9,15,155,375,145,95,209,285,12,4,0,1455,18,161,858,1,493,1177,742,6,27,83,199,7,18,39,81,11,112,2,147,120,55,28,102,7,2505,32,553,1230,8,1981,69,410,888,213,114,324,69,531,675,337,7,108,2721,46,0,0,4,1788,0,15,980,20,2,1407,0,3,0,199,41,1,0,396,449,522,1008,429,82,945,0,27,0,0,5,0,46,100,10139,0,2,480,4,668,498,1,9,93,254,0,710,5,0,221,19,19,194,6,819,1253,11,18,65,299,0,2326,114,246,0,0,1175,649,0,11083,279,93,1768,282,1929,214,3,0,6887,4,0,29,250,845,85,1447,0,0,0,0,850,0,0,166,158,4,1105,0,0,0,110,854,163,19,28,31,177,1049,9,0,1,19,9,546,11,0,81,350,0,1193,3,547,0,68,5158,3,0,0,0,1,0,93,893,1,2,133,44,0,442,997,158,198,171,588,22,276,13,7,593,2265,0,0,579,5060,9,1423,10,2951,2310,0,36,1972,455,0,0,2,9,5434,46,0,0,2015,357,144,111,17,27,0,849,0,553,478,1,0,0,225,0,19
"gene_302",261,140,0,32,17,0,157,2,15,0,0,14,4,1026,12,0,0,0,0,1,584,6,0,0,0,148,0,0,1,0,0,0,0,9,4602,0,7,0,1,0,10,0,187,5,33,154,0,88,445,74,0,290,0,0,385,4,0,4074,0,0,388,0,2,0,0,0,2070,392,0,0,0,0,0,0,987,959,5,0,0,440,0,129,0,0,0,0,95,0,2586,0,0,0,1,0,1,0,0,0,43,0,0,0,0,0,8,0,0,2152,0,0,0,2710,1,0,3750,42,3,0,0,0,23,18,1,1,120,25,0,0,202,198,0,2214,0,0,0,86,0,0,394,50,0,18,3785,1312,26,59,0,0,4,126,0,0,0,949,0,1,1904,7300,0,0,0,307,0,0,0,60,0,13,0,1,0,428,0,0,0,0,0,920,1841,0,0,0,9674,62,0,7558,18,0,0,2,184,1994,0,0,0,0,0,0,0,0,0,0,0,0,0,2,0,0,5,0,0,0,2854,0,64,0,0,0,0,0,0,0,295,35,0,0,0,0,0,30,0,0,0,0,0,3881,0,0,0,0,0,0,0,0,0,0,0,0,69,236,0,51,0,0,0,0,2,0,0,0,0,0,0,0,0,34,0,0,0,34,0,2,25,0,0,479,0,0,0,0,0,0,1237,16,0,0,9299,0,11,0,26,0,2,0,0,0,3,0,0,0,0,0,0,0,0,1217,2,99,5,0,0,1188,0,461,7,0,0,0,934,0,0,0,0,0,0,0,1,0,71,0,0,88,1,7,0,0,2,0,0,0,0,0,0,10,0,0,0,2338,0,0,0,0,0,0,42,1,94,0,0,2,0,535,0,1,0,0,0,5,0,0,0,0,115,418,0,524,2,0,24,525,0,19,0,0,0,0,3,0,0,0,0,0,0,1214,572,0,0,0,29,234,117,0,3486,4,0,0,0,0,0,0,0,0,165,0,0,0,0,0,0,0,0,0,0,0,0,0,17,0,0,0,0,116,102,1054,0,0,293,25,0,0,0,0,0,0,156,21,0,97,0,0,0,0,1231,5,94,1,97,0,85,624,49,0,11,63,0,0,0,0,0,0,455,144,0,26,1,0,0,0,0,1,0,0,1,0,92,4883,0,1320,0,0,0,0,225,0,0,0,137,24,1412,0,0,173,0,0,1,6,0,0,2,0,107,0,0,0,0,0,161,0,1096,0,0,2,5,0,0,83,7,0,0,0,0,21,0,0,1,0,0,3,105,0,0,61,61,267,0,0,0,12,1,0,44,0,0,0,0,12,99,229,0,1178,0,1,3,205,0,1841,0,0,0,0,5,0,117,2482,5,886,0,0,53,0,0,0,8,44,0,0,2,1,9024,0,34,1538,1567,0,1664,0,0,419,11,6,2589,0,0,0,166,0,15,447,1927,3,27,1227,0,0,3703,0,0,264,108,0,0,0,0,2182,0,0,0,1,0,5,0,10,0,0,0,0,12,1,0,0,591,0,19,0,74,73,0,255,0,2,0,0,0,0,0,0,0,1,104,1,0,301,0,0,3572,0,0,0,0,0,1,1,1,0,0,0,0,69,11,0,186,5563,0,19,0,0,0,0,1,732,0,0,0,157,14162,20,0,0,39,0,5,0,0,0,0,0,0,20,0,0,0,0,0,0,881,0,0,1,288,0,0,0,4,1965,4,0,0,3424,9,0,16,0,667,2397,0,53,0,0,0,0,0,0,0,370,282,0,3579,1114,0,0,2,4,0,18,0,0,393,0
"gene_303",0,4,51,0,5641,10,0,0,1,0,2076,3434,57,86,0,25,4539,583,31,0,0,38,1771,126,0,7,0,67,8,0,864,215,1,0,63,5,0,14,0,764,4,16,0,8230,4,660,6,21,0,292,3260,61,6,211,0,0,0,0,0,0,0,0,0,0,4,0,698,12,338,0,0,0,54,1229,56,0,21,315,0,418,43,0,77,1899,0,71,6,0,0,1,0,1,0,0,0,0,0,0,3,1105,0,0,0,0,451,0,0,63,0,0,0,0,0,0,394,0,32,196,0,695,0,0,21,0,69,0,0,0,0,0,0,0,0,2,0,0,0,3,4036,5,0,0,0,5,4934,0,0,1,0,0,0,0,0,0,1088,0,365,116,2320,2,465,0,1,0,0,0,0,0,0,0,0,3157,417,0,250,0,1,0,10,0,0,0,0,0,0,0,0,0,0,0,0,8,0,0,2,0,0,0,0,0,0,983,2,0,0,0,0,0,0,0,127,67,11,0,0,439,0,19,0,0,0,0,56,0,0,0,68,0,1,0,4,0,0,0,0,0,0,0,620,49,0,0,0,0,2299,72,1,0,0,0,0,0,0,0,34,0,0,3,0,61,17,0,0,0,0,0,4,0,0,0,0,0,0,0,0,0,0,0,0,0,0,0,110,0,0,0,3,0,0,5,0,0,85,0,103,4,0,0,0,1,0,0,0,0,1023,0,0,0,2,0,36,0,0,4,0,0,0,0,0,0,0,0,0,0,0,217,1,0,0,0,0,1,4,0,0,0,0,0,0,0,0,0,0,0,0,0,0,139,0,0,51,0,0,0,109,0,0,0,0,0,0,0,1,227,0,0,0,0,0,0,0,807,0,0,14,0,3,16,2944,0,0,0,608,1763,0,0,0,109,0,0,0,0,0,0,0,19,0,777,6,0,0,0,0,0,183,0,0,9,0,0,0,0,0,0,36,24,0,169,0,0,0,0,0,0,1,0,0,0,0,0,0,0,0,2657,0,1,0,0,0,0,6,0,9,0,1,0,0,0,6710,0,0,1,0,1,14,0,0,0,0,0,0,0,0,0,89,0,469,0,0,0,161,0,0,406,0,0,0,0,118,0,210,0,0,0,0,0,0,0,0,0,0,0,42,298,0,0,0,1,0,0,0,0,1,4,321,0,0,0,4102,0,0,0,246,0,0,0,0,0,15,0,0,0,4,0,0,0,0,0,0,19,0,0,945,0,0,0,0,0,0,0,1,109,0,0,0,847,0,0,0,0,16,88,83,0,0,0,0,9,0,0,0,3,30,0,0,0,24,0,0,0,0,0,0,0,0,0,0,0,0,0,0,0,0,28,0,0,0,0,89,0,0,0,0,0,0,0,0,0,0,0,0,0,12,0,0,0,0,0,0,0,0,0,0,0,0,0,0,8,4,0,0,0,0,0,0,0,0,0,0,0,0,319,0,0,0,0,0,0,20,0,0,0,0,0,0,0,0,0,0,0,0,38,0,0,0,0,0,45,0,0,0,0,0,0,0,0,0,0,0,0,0,0,0,61,0,0,0,0,0,0,0,0,15,0,0,0,0,0,50,0,0,0,0,0,0,0,2222,0,0,0,67,0,0,0,0,0,0,0,0,0,0,0,0,0,412,0,0,0,0,0,0,0,0,0,0,3,4,0,0,0,0,0,0,0,0,0,0,0,0,0,0,0,0,0,0,0,0,0,0,0,0,0,0,0,0,0,0,0
"gene_304",0,0,0,0,0,0,0,0,0,0,0,0,0,0,0,0,0,0,0,0,0,0,0,0,0,0,0,0,0,0,0,0,0,0,0,0,0,0,0,0,0,0,0,0,0,0,0,0,0,0,0,0,0,0,0,0,0,0,0,0,0,0,0,0,0,0,0,0,0,0,0,0,0,0,0,0,0,0,0,0,0,0,0,0,0,0,0,0,0,0,0,0,0,0,0,0,0,0,0,0,0,0,0,0,0,0,0,0,0,0,0,0,0,0,0,0,0,0,0,0,0,0,0,0,0,0,0,0,0,0,0,0,0,0,0,0,0,0,0,0,0,0,0,0,0,0,0,0,0,0,0,0,0,0,0,0,0,0,0,0,0,0,0,0,0,0,0,0,0,0,0,0,0,0,0,0,0,0,0,0,0,0,0,0,0,0,0,0,0,0,0,0,0,0,0,0,0,0,0,0,0,0,0,0,0,0,0,0,0,0,0,0,0,0,0,0,0,0,0,0,0,0,0,0,0,0,0,0,0,0,0,0,0,0,0,0,0,0,0,0,0,0,0,0,0,0,0,0,0,0,0,0,0,0,0,0,0,0,0,0,0,0,0,0,0,0,0,0,0,0,0,0,0,0,0,0,0,0,0,0,0,0,0,0,0,0,0,0,0,0,0,0,0,0,0,0,0,0,0,0,0,0,0,0,0,0,0,0,0,0,0,0,0,0,0,0,0,0,0,0,0,0,0,0,0,0,0,0,0,0,0,0,0,0,0,0,0,0,0,0,0,0,0,0,0,0,0,0,0,0,0,0,0,0,0,0,0,0,0,0,0,0,0,0,0,0,0,0,0,0,0,0,0,0,0,0,0,0,0,0,0,0,0,0,0,0,0,0,0,0,0,0,0,0,0,0,0,0,0,0,0,0,0,0,0,0,0,0,0,0,0,0,0,0,0,0,0,0,0,0,0,0,0,0,0,0,0,0,0,0,0,0,0,0,0,0,0,0,0,0,0,0,0,0,0,0,0,0,0,0,0,0,0,0,0,0,0,0,0,0,0,0,0,55,0,0,0,0,0,0,0,0,0,0,0,0,0,195,0,0,34,0,0,0,0,0,0,0,0,0,0,0,0,0,0,0,0,0,0,0,8,0,0,0,0,509,0,2,0,0,0,0,0,0,0,0,0,0,0,0,0,0,4,0,0,0,0,0,0,0,0,0,0,0,0,0,0,1,150,0,0,112,0,0,0,0,0,0,0,0,0,0,0,0,0,0,0,0,0,0,0,0,0,0,0,0,0,0,0,0,0,2,0,0,0,0,0,5,0,61,0,0,567,0,0,0,1378,0,0,9,0,200,0,0,0,0,0,0,0,0,0,21,0,1685,0,19,703,0,0,0,0,0,0,0,16,3499,0,1019,0,0,0,0,0,0,0,0,0,14,0,0,0,0,47,0,18,18105,0,0,0,0,223,351,0,0,22,0,213,0,0,0,0,0,0,143,0,0,1026,0,0,0,0,0,0,0,0,515,0,0,0,0,3,0,0,0,0,0,0,0,0,0,0,0,0,0,0,0,11,0,0,0,0,0,0,0,0,1,0,96,84,0,0,0,0,41,0,0,0,0,0,0,0,0,0,0,0,0,0,0,4,0,0,0,0,0,18,0,0,174,0,0,0,0,575,0,0,2,0,1,0,0,0,0,0,0,0,0,0,264,0,0,0,0,0,0,0,116,0,0
"gene_305",0,0,0,0,0,0,0,0,0,20,98,174,0,0,1442,0,0,0,0,0,0,0,0,7,0,3,0,0,0,0,0,0,0,2,0,0,5,0,0,0,0,0,124,0,1,0,340,0,0,439,0,1,0,354,0,0,981,495,0,0,0,0,1,0,0,0,0,477,0,0,0,0,0,0,4740,0,0,1,0,1275,0,1727,60,0,0,0,0,0,29,0,0,273,0,40,0,0,762,0,0,0,0,512,0,0,0,1,49,0,0,0,46,0,9,0,303,0,98,0,0,0,0,129,0,0,0,0,0,0,0,12,0,0,0,0,0,0,0,0,0,0,0,0,0,0,0,0,0,0,0,0,0,0,0,0,0,0,0,0,0,0,0,0,10128,0,0,0,0,0,0,438,0,0,0,0,384,0,0,0,0,0,0,0,0,0,0,12,0,0,0,7,0,0,0,0,440,1750,1090,9,0,0,11,0,0,0,243,0,52,0,0,36,0,169,237,0,0,0,1,2,0,595,0,14,17,0,406,1152,1553,0,12,0,0,266,1839,265,11,305,0,0,1711,0,0,0,10,0,19,0,0,0,0,0,135,54,9,0,30,0,15,0,0,0,177,575,0,3,85,0,0,0,10,0,0,514,761,0,0,0,0,13,0,0,0,523,0,0,31,1,0,360,6429,10,0,2,1014,763,0,538,1983,0,2,0,0,150,0,25,199,70,93,752,0,168,88,243,0,0,12,5,2,0,0,0,601,0,2148,2,0,0,218,236,2,24,19,0,85,3,0,5,644,0,3,26,19,5240,53,0,0,974,848,1,0,2946,256,71,495,1,5,0,0,0,699,1872,1298,0,60,0,14,771,1,1,294,0,59,2,1,0,1969,0,0,222,8,243,138,1914,0,0,1,1296,0,7,0,0,96,10,22,459,2029,0,0,3,0,0,0,4,0,0,378,1,0,3408,0,253,17,122,0,0,18638,7,0,331,0,1,0,0,5,0,26,29068,0,0,83,8820,0,0,1198,0,0,0,0,697,17,0,0,0,0,34,880,14,632,0,48,0,0,1,0,0,630,1,0,106,2387,0,0,73,0,0,0,791,0,1801,0,0,0,1600,0,0,68,136,38,0,0,30,0,205,0,0,22,239,0,39,349,0,0,1,0,0,0,0,575,0,35,0,0,6,0,0,0,0,0,6833,385,0,0,0,0,0,182,0,0,9,24,4,0,3,136,0,1448,450,0,1128,0,0,0,1,2,0,0,3,219,0,0,0,36,0,0,4885,0,52,577,0,20,0,0,0,0,0,34,0,17,0,0,1173,0,0,0,0,0,0,3,0,14,0,0,1,0,8,0,0,0,0,0,0,0,5,94,0,10,0,280,0,0,50,0,0,1,0,0,0,0,0,467,0,0,0,0,0,0,97,0,393,0,0,258,0,0,0,0,0,0,359,0,0,0,0,0,0,0,0,0,0,0,0,660,0,2,0,0,0,1,957,0,5,0,0,0,625,0,0,0,0,2,0,0,0,0,0,0,0,0,0,0,0,0,0,0,0,0,0,0,0,0,1,8,0,0,0,0,0,0,0,0,0,0,0,0,475,488,4,0,450,5,3037,109,0,0,0,0,0,943,0,0,0,0,2892,0,11,224,1,298,0,0,0,0,0,0,0,0,179,0,0,0,0,0,0,0,0,0,2,3512,0,0,0,25,0,0,0,0,0,0,0,0,3553,0,464,0,0,0,0,256,3283,0,0,0,0,0,0,0,0,0,0
"gene_306",218,19,0,0,0,513,0,0,0,509,0,0,50,0,0,0,0,1,2,0,7,0,0,5,2,1,0,0,0,0,0,0,561,0,6,0,121,1,0,0,52,0,0,72,0,0,44,58,0,0,1,3,0,0,0,0,0,65,0,0,3417,0,3927,1,0,0,1,0,0,0,5401,0,0,6446,1402,0,0,0,0,0,0,2,0,0,0,447,0,0,1,41,106,0,6,0,270,0,8,0,0,0,0,0,0,0,1,1029,0,4,105,0,0,0,0,0,183,0,19,3761,0,0,0,0,515,13,1476,0,2,0,0,178,4,0,712,3,65,0,64,0,0,0,786,35,0,0,0,0,4404,128,4174,0,0,675,17434,800,0,0,0,8449,1604,18,0,0,0,49,0,1424,25770,0,0,56,14,13,372,362,470,248,45456,84,4551,18542,0,0,0,0,32,3,0,0,105,1820,0,0,587,951,78,42,0,0,6,0,0,1,0,25,3,14,115,0,19245,0,0,58,5,122,1054,38,0,0,807,0,0,0,0,721,0,0,35,115,19,0,1,0,0,0,6030,8479,4146,343,0,0,7924,1,1,0,0,0,0,3152,1039,1572,7,6,26974,49,659,0,101,9,0,0,6806,38,89,15,1332,0,0,0,188,0,0,0,69,609,0,4447,208,0,415,87,0,1,131,490,0,147,0,3167,2,6,0,0,0,169,0,0,158,1521,464,0,0,0,18,9,0,5,879,0,0,195,131,2,0,0,856,0,4,123,300,0,4,809,0,20,1078,0,3119,0,0,0,0,0,7,1,289,96,0,224,0,366,0,2321,0,1,0,0,22,3,25,48,2737,3,87,0,0,21,0,0,179,0,2236,0,326,96,53,0,20,11,950,0,55,0,1229,5,369,5361,0,1087,2079,3,0,2,1104,0,263,0,93,0,7,16,2,0,36,23,0,382,7,15,711,266,0,14,0,3001,0,25,1,0,217,0,461,0,268,12153,1602,1069,317,1812,0,0,0,0,11,19,0,0,0,0,694,2,0,0,0,0,0,148,0,9459,0,0,49,21,0,0,0,8,531,0,0,0,0,0,0,0,0,11837,9,0,0,0,0,0,0,0,0,0,0,2271,0,0,0,0,39,0,0,96,0,0,0,117,0,0,450,0,134,0,0,0,0,0,0,0,0,0,340,0,0,0,0,0,0,0,0,0,0,85,0,0,224,0,0,0,2,0,2836,0,688,0,289,0,26,7,27,25,3425,0,0,0,0,174,0,16,0,0,5304,0,0,0,97,10,0,0,0,0,22,0,0,2,960,0,0,0,355,0,0,0,0,0,11,0,0,0,0,2,0,45,0,0,11,0,0,0,0,0,0,0,0,0,0,0,0,0,0,0,173,0,876,0,0,0,0,0,29,0,0,0,0,66,0,0,0,15,4,0,0,0,33,0,808,75,0,0,0,1251,0,0,3,0,3,0,0,0,0,2374,0,0,0,0,1,0,530,6,0,0,0,1528,0,10,0,0,18,5,109,1,26,3,0,0,0,34,0,0,1318,0,0,0,0,0,713,0,231,0,0,1625,180,71,2,0,0,0,0,618,0,111,3,0,1544,0,8,0,0,0,2216,1,0,0,0,15,0,0,0,112,0,0,0,0,0,335,0,0,0,0,0,45,0,0,0,0,0,0,0,0,0,0,0,0,0,0,0,0,0,0,124,0,0,0,0,55,0,0,0,0,92,69,0,0,0,0,0,935,0,0,40,0,17,0,6,0,90,160,0,0,0,0,0,0,0,0
"gene_307",5,0,0,0,0,0,0,0,0,1,0,3385,0,2,0,0,12,0,0,6,1,0,565,0,0,0,31,0,0,484,2,0,0,0,0,0,194,0,0,0,0,241,0,0,0,0,0,0,4,0,0,0,103,0,0,0,0,0,1077,0,0,0,0,0,0,0,0,0,961,66,0,0,0,0,0,9,0,0,37,69,0,0,0,0,0,323,0,569,219,0,12,8,323,58,0,153,18,647,0,13,0,4,1044,32,3254,0,0,1435,263,0,5,2,68,0,670,3,98,46,8,0,3,3,0,0,160,329,35,0,503,1080,0,190,58,0,1,0,1766,0,0,29,6,268,0,0,833,8,187,16,679,465,0,204,32,0,0,0,0,6,394,0,25,911,0,1130,219,3352,0,16,89,0,173,0,52,4,3,1,184,0,0,7,2795,0,441,17,0,1,806,158,38,5,1533,0,8,2,0,54,0,0,2028,0,0,0,0,0,0,46,0,0,9,0,4,1,0,0,0,0,0,0,7,206,79,0,1195,2079,0,0,0,0,743,61,7,0,2331,0,20,259,0,175,2963,0,0,0,10,0,0,0,302,0,0,0,3466,52,13,22,0,0,0,8,1,0,0,0,0,0,0,0,0,0,0,0,0,0,13667,0,0,0,0,0,0,0,0,0,0,0,0,0,0,0,8,0,0,0,0,0,0,0,0,0,0,0,0,0,0,0,0,0,0,0,0,0,0,0,0,3,0,0,0,0,5,0,0,0,0,0,0,0,0,0,0,0,0,2,0,0,0,0,0,0,0,0,0,0,0,0,0,0,0,87,0,0,4585,0,0,0,0,37,7,0,0,0,0,0,0,0,0,0,0,0,0,0,0,1796,6,1063,0,0,0,0,0,0,0,0,0,0,0,0,0,0,0,0,0,0,0,0,59,0,0,0,1,0,0,0,0,0,0,0,0,0,0,0,0,0,0,0,0,0,85,0,0,0,0,0,15,0,0,0,0,0,0,0,0,0,0,0,0,0,0,0,0,0,0,2,0,0,0,0,0,224,0,0,0,0,0,0,0,0,0,0,0,0,546,0,0,0,0,0,0,0,0,0,0,0,0,0,0,0,0,0,0,0,0,0,0,0,0,0,0,54,0,0,0,0,0,0,0,0,0,0,0,0,0,0,0,0,0,0,0,0,0,0,0,0,0,0,0,0,0,0,0,0,0,0,0,0,0,0,0,0,0,0,0,0,260,0,0,0,0,0,0,0,0,0,0,0,0,0,0,0,0,0,0,0,0,0,0,0,0,0,0,0,0,0,0,0,0,0,0,0,0,0,0,0,0,0,0,0,0,0,0,0,0,0,0,0,0,0,0,0,0,0,0,0,0,0,0,0,0,0,0,0,0,0,0,0,0,0,0,0,0,0,0,0,0,0,0,0,0,0,0,0,0,0,0,0,0,0,0,0,0,0,0,0,0,0,0,0,0,0,0,0,0,0,0,0,0,0,0,0,0,0,0,0,0,0,0,0,0,0,0,0,0,0,0,0,0,0,0,0,0,0,0,0,0,36,0,0,0,0,0,0,0,0,0,0,0,0,0,0,0,0,0,0,0,0,0,0,0,0,0,0,0,0,0,0,0,0,0,0,0,0,0,0,0,0,0,0,0,0,0,0,0,0,0,10,0,0,0,0,0,0,0,0,0,0,0,0,0,0,0,0,0,0,0,0,0,0,6,0,19,0,0,0,0,0,0,0,0,0
"gene_308",998,0,0,0,0,0,91,0,1,8,0,592,0,0,0,0,0,0,0,0,913,0,0,16,0,0,0,0,0,60,0,144,0,0,1,0,72,0,0,0,84,207,0,4388,147,0,0,68,0,0,1,62,0,0,0,0,65,46,0,0,0,0,11,1,37,18,250,1,0,0,25,0,0,0,51,0,0,0,0,0,5,0,0,0,0,0,0,0,10,0,5,0,0,224,301,1,1817,1,10,1,1,5,1073,8447,746,0,0,731,238,216,2281,11,215,48,348,17,0,9,5,1,87,2,28,60,0,2,0,80,299,7,2,3,34,391,1,794,13,0,517,438,6,609,38,46,3940,0,0,0,2446,909,10819,5,2,524,77,6309,714,434,398,14,0,891,12139,9,2030,924,0,364,19,0,125,6763,177,6,18076,2138,158,149,984,832,0,23,47,137,1667,118,0,0,895,6,0,11647,260,4338,7137,4962,5676,82292,36020,5598,5906,7074,30934,21123,14960,13660,18507,31934,605,33799,5914,41904,52064,15760,17512,37033,9261,1413,5389,29663,2882,4257,37099,14262,1353,4002,20226,21931,6233,1175,4958,8492,7531,65699,1227,33534,25552,7243,5523,1421,17333,10152,15412,10226,7914,8070,9591,17764,6507,13381,25374,4053,62507,1303,24352,19759,19210,14400,39635,80759,3675,4240,1066,760,17432,10309,8732,2463,758,1073,830,8706,1222,5830,4307,692,31728,11533,865,29,1428,423,2941,3829,27253,5526,443,353,34844,5644,1531,661,204,11770,3589,10,1307,909,1906,3539,2751,1655,11287,7510,157,4434,429,5593,2117,479,432,11011,4510,2766,193,6761,1755,1319,345,680,12,2261,1445,990,8,2688,2777,176,4866,6754,305,323,5445,35855,5900,16,1208,232,2315,15646,1616,10496,3586,2918,35660,4359,13443,5782,17195,1768,6175,2795,12770,439,0,4046,343,6427,646,8917,5895,406,16528,676,2961,7469,5718,3043,988,4740,13739,4634,43,2173,13701,1689,5938,1320,32,1713,697,346,23387,9197,9525,1259,1649,16051,11037,8754,1564,19774,11602,1614,29631,10495,474,2785,2452,2415,45,2702,6031,605,4786,5773,11871,4275,21435,431,8136,10742,9915,2188,4025,578,1315,31,4204,3884,3560,1133,15582,13619,608,4984,335,2,5643,7423,8396,4005,15,3655,8,884,2002,903,1698,91,2998,651,10,32825,1084,435,271,17,156,165,5396,3737,4959,459,9740,3940,1957,4593,3318,1309,35,1563,392,3910,14,853,77,1321,0,261,6,148,19,305,3341,110,875,1815,2702,1654,157,187,2633,601,2100,1319,32,2447,3286,1767,4017,344,6133,124,4069,9323,1761,1351,2375,2438,8,12,8783,1517,12,3965,1146,4659,24,649,445,6,1014,1334,192,2462,3205,3860,193,383,57,149,3424,1243,2733,9,1627,1589,176,5025,636,0,277,905,1555,10930,319,176,70,39,147,1434,359,2160,116,7304,5854,537,1242,178,2813,3289,17,95,2741,0,1031,2416,0,7665,13965,2642,7094,2273,4322,1611,2004,6630,777,1788,2029,0,250,11426,2058,719,0,2133,309,8893,0,1,1968,15245,542,735,282,1,175,3537,681,333,3,1133,692,689,12,2128,1,0,0,11,1,1,54,0,210,2540,158,387,45,0,134,177,706,216,183,417,40,659,1,47,3306,5286,6,443,1580,474,175,8,0,1,0,335,3,10750,56,1716,0,1237,7214,14927,1,4,384,3,338,5,1,4785,1,5,1977,203,6,2078,3520,332,85,0,0,1129,5,3,12,3886,146,0,428,0,0,1327,1,0,0,2164,150,19980,11907,5932,0,0,6059,1223,108,430,427,192,387,337,2793,645,90,1,1272,0,51,439,0,20314,6657,2,13794,4,8,0,0,0,47,36,1,10,0,9138,9418,12342,13,9531,2289,18,188,15495,16,0,5081,3717,0,383,1169,0,0,14,1074,1,11,1,7008,20,43,22,0,74,0,3693,18,2123,0,7210,204,3,1718,3989,55,22925,2405,188,4255,0
"gene_309",0,0,35,0,0,0,0,0,0,0,0,0,0,0,0,0,735,0,0,0,0,0,807,0,0,0,1,48,0,0,0,2,0,68,0,0,0,0,0,0,3137,0,0,129,0,1,0,0,25,3272,0,11,0,0,0,0,21,0,795,0,0,0,0,0,0,0,0,0,1588,0,0,0,0,0,0,0,0,0,0,0,0,0,1,0,0,0,33,4386,0,0,140,0,0,42,5648,0,0,0,0,0,13719,0,0,0,0,0,0,0,0,0,0,0,0,0,0,0,0,0,0,0,36,0,0,0,0,0,0,0,0,11,0,0,0,0,173,0,0,0,0,0,10971,0,0,0,0,0,0,0,5870,4087,0,0,0,0,0,0,0,0,0,0,0,19,0,0,0,0,0,0,0,0,0,0,9105,0,0,0,0,0,0,0,0,0,0,0,0,0,0,50,0,0,0,0,0,0,0,0,0,77,0,330,0,0,6,0,0,132,0,0,0,0,0,0,618,5874,0,66,0,391,0,0,0,0,4,0,30,0,6606,0,0,1459,0,13198,0,0,0,0,0,384,0,32,0,0,0,18,0,10,0,0,5,0,0,0,1048,3702,32,0,0,1,0,0,0,0,0,0,1,0,0,0,0,0,0,0,0,0,0,0,40,0,5,0,0,0,0,0,0,0,0,0,0,0,3,0,0,83,1078,116,0,0,0,0,0,491,2,0,0,0,27,0,0,0,0,0,0,0,0,0,0,0,0,0,0,0,0,1,0,3,0,14,0,2931,0,0,0,18,0,0,0,0,0,0,1,0,0,0,0,0,0,0,0,0,0,0,0,0,0,0,0,0,0,0,0,0,0,0,2102,0,3,0,0,0,0,1,0,0,0,0,0,0,0,0,0,0,0,0,0,0,0,0,0,0,0,1,0,0,0,0,0,0,0,0,0,0,0,83,0,1464,10,0,0,0,0,0,0,0,0,920,0,0,0,1,0,0,0,0,0,0,0,0,0,0,0,0,0,0,0,0,0,0,0,0,0,0,0,0,442,8,0,0,10,0,0,0,0,0,0,0,0,0,0,0,31,0,0,39,0,0,1518,0,0,0,0,0,0,0,0,0,0,0,0,0,0,0,0,0,0,0,0,0,0,0,0,0,18,0,0,0,0,0,0,0,0,0,0,0,0,0,0,0,0,20,380,0,0,0,0,0,0,0,4,0,28,47,0,0,0,0,0,0,0,0,0,11,23,0,0,0,0,0,0,0,0,0,0,0,0,0,0,0,0,0,0,0,0,0,0,0,0,0,0,0,0,0,0,0,0,0,0,0,0,0,0,0,0,0,0,128,1742,0,0,0,0,0,0,0,0,0,0,0,0,0,0,0,0,0,0,0,0,0,3113,2,0,0,0,0,0,0,15,0,0,0,0,0,0,0,0,0,0,28,0,473,0,45,0,0,0,0,0,0,0,0,0,0,0,0,0,95,0,0,0,0,3,1993,1,0,0,0,0,0,0,0,0,0,0,0,0,0,0,0,0,0,0,0,0,0,935,0,0,0,431,0,0,0,0,0,10,10,0,0,0,0,0,393,0,0,0,0,0,0,0,0,0,0,0,0,0,0,0,0,0,0,0,0,0,0,4319,0,0,0,29,1,0,0,0,0,0,0,0,0,0,7209,0,0,0,0,0,0,0,0,0,0,0,26,0,0,0,0,0,0,0,38,163,0,746,0,0,0,0,0,0,0,0,0,0,0,0,0,4,0
"gene_310",68966,58711,36139,20841,18539,20074,51316,34790,38927,51430,27464,65608,22163,28492,42106,15897,32507,43406,7562,22007,3779,14977,37152,46475,23642,23851,50550,40889,33138,31358,19803,28111,19433,20028,54849,43759,28713,39928,23413,12018,51280,35236,9974,11309,31993,51458,19924,13883,27656,27147,40728,28128,17571,26045,13191,68827,39289,47316,40305,35411,36924,34159,33171,45846,11119,14699,24600,51260,34260,33416,19444,46309,3486,18190,29923,25203,12765,10680,8761,37266,72290,7853,41063,16564,58089,22605,4113,24076,27405,10838,32682,9748,40987,44241,10355,2481,74152,2188,18466,38524,19148,30160,3541,87831,22366,10747,72641,7752,23457,2382,36154,3177,1286,25827,69460,5832,3058,7443,31834,2325,19525,6193,3132,1988,7292,6461,4880,5158,31856,13324,1036,23537,18646,18164,15927,26485,13669,2598,7901,22950,11130,22250,25292,14882,5678,24617,15407,66369,13719,43672,60028,13908,5599,30654,24358,25860,2309,24047,80425,2967,5152,68940,38223,13944,11668,16711,67387,122432,1097,47428,51092,9186,106457,13043,11098,6711,2218,17175,57329,43016,8691,16036,142889,86091,26308,10041,8949,55886,67047,14993,43380,4983,74345,2105,69,1367,2325,273,7968,11107,55662,4470,12917,22477,7491,4750,5749,805,1649,4895,11248,3804,6991,2666,11887,609,457,8515,2382,2672,8538,3677,2638,19698,13630,9648,29756,12742,2182,3161,6761,11213,712,15029,2754,4289,13162,35693,34680,2206,1915,12203,5865,517,16542,15662,39,1660,4909,6206,8820,6843,615,2019,4046,2675,4462,5402,1162,10395,9534,355,2548,6,2521,26,1223,18,1189,1989,48,13661,293,4207,784,7017,2819,27,12,2775,0,9726,3831,48,4350,363,1850,636,179,5,116,5387,45,338,1990,2570,924,4720,203,5167,557,349,303,2567,491,76,35,885,1,4770,1014,12145,516,1011,7203,114,1709,469,5677,843,600,2339,6705,2436,1336,0,1,1054,672,784,798,5,3258,7233,987,15,906,4,25,31,243,864,5817,11555,184,39,161,2326,4575,2513,19501,17821,26,2,27,808,509,77,2000,11,112,5656,800,4,42,11305,3717,401,5759,5719,1240,272,1179,233,4284,9877,9859,1612,1426,475,9,636,4202,920,1528,2473,22,407,1023,3793,1383,440,4738,167,301,5151,0,114,617,11989,4397,5480,68,5413,536,9,94,254,5859,2065,3738,3929,6801,2391,5060,1481,2357,6522,561,1,159,994,844,421,261,2,6261,82,1551,2883,80,410,724,1,240,3,215,6614,12209,3053,10046,1,1722,2199,8432,321,536,8,680,22,145,1147,74,44,801,1748,286,853,1406,2,0,273,0,886,1507,4558,16,1693,520,3393,721,134,3012,6,2332,0,543,1753,1362,1090,848,312,181,1648,2,3882,720,331,58,420,1120,1670,0,8295,0,56,82,97,4292,1230,192,3002,330,27058,3,32,24,3,6351,562,1081,2629,1487,61,1163,95,0,14742,506,860,2134,139,12,572,686,264,1284,0,8,604,398,8022,162,104,11,6153,1085,3942,9132,948,3,95,1823,32,2095,2322,435,2730,36,5651,100,3,2396,2,916,1525,457,2384,0,18839,3531,44,12,6666,39,5468,2643,58,19,972,6741,5475,20895,4875,17969,18439,14377,30,273,55,10047,4543,26302,3412,192,357,44839,1,775,278,1501,689,1,235,1020,472,933,5346,2845,10193,6800,337,917,984,2881,1348,90,1328,9264,7259,12421,1038,4527,22,6775,4682,77,1873,580,1976,132,5,11499,0,1398,1556,1184,2015,1374,3940,17,20503,281,28,3723,7238,26,4342,3615,7724,978,341,12880,14,18582,2616,27,3258,39,12534,808,7136,29,8,22320,377,24,0,1174,8757,595,6536,1,359,551,1013,1944,40,669,7392,7913,2516,3262,6044,9,820,3093,1499,2,7,300,3427,40,73,0,16983,601,22,2,958,14,1049,247,443,2930,1904,147,0,4489,1462,6820,184,108,174,22,562,7073,1628,917,4726,70,1081,460,28,108,3,34,39,2824,1142,35,1503,40,19,789,83,34685,8,2365,28037,13832,13318,59,9,0,13089,516,20083,3519,359,16068,2262,5243,1295,1489,44,11248,34,202,3051,1776,32,5,10199,7,28493,1019,26
"gene_311",0,0,0,1,0,0,0,13,30,0,0,0,0,0,0,0,1,78,0,0,1,0,752,0,0,0,0,725,0,692,8,0,0,0,0,0,0,0,63,0,0,24,0,249,0,9,0,0,0,0,0,195,0,0,0,1912,7,0,0,0,0,0,0,0,0,0,0,4488,0,0,116,0,0,1,0,0,0,0,0,0,1590,0,0,0,0,0,0,0,0,0,0,3139,8,0,0,4,0,0,0,0,0,25,14,9133,10723,1875,1,0,119,8,298,206,0,0,607,0,330,9,45,351,243,0,50,0,178,0,3,0,166,567,0,483,0,20876,0,0,0,0,6,0,0,836,1624,8650,1086,3402,0,54,2,108,5,457,8306,0,40,26,0,0,11,31,6,0,788,903,4,0,0,0,0,13,3,1011,0,2537,14119,0,8,0,0,0,0,1,0,0,61659,40,0,0,0,13,12448,191,0,94,0,6,0,0,0,0,0,0,0,0,0,0,0,0,0,0,0,930,0,0,0,0,0,12,0,0,2,0,0,0,0,0,0,0,0,3442,0,0,0,0,0,0,0,0,0,1,13,0,0,0,0,0,0,0,0,44,3,0,49,0,0,0,0,0,0,0,0,0,0,0,0,0,0,0,0,0,0,0,0,0,0,0,0,0,0,0,0,168,0,0,0,0,0,3,0,0,0,0,0,0,0,0,0,0,0,0,0,0,0,0,0,0,0,11,0,0,0,0,0,0,1,0,1,0,0,0,0,0,0,0,0,0,0,0,0,0,0,0,0,0,0,0,0,0,0,0,0,0,0,1,0,0,0,0,0,0,0,128,0,0,487,0,0,0,0,0,0,0,0,0,30,0,0,0,0,385,0,0,0,0,8,0,0,1,0,0,0,0,0,0,0,0,0,0,0,0,0,0,0,0,0,15,0,0,0,0,0,0,0,0,0,0,0,0,0,0,0,0,1,0,0,0,0,0,0,0,0,0,0,0,0,0,0,0,0,0,24,0,0,56,227,0,0,0,0,0,0,0,0,0,0,0,25,0,0,0,10,0,0,1,296,0,0,0,0,0,0,0,0,10,0,0,73,0,30,0,0,0,0,0,762,6,0,0,0,0,0,1,0,0,0,0,0,0,0,2,0,623,0,0,0,0,0,0,0,208,0,0,0,0,5,0,0,877,73,119,4,5,9,2530,0,0,247,0,2154,0,0,0,0,1,1,0,0,10,3,0,0,0,0,0,1,1,0,0,0,0,0,0,67,0,0,598,0,0,0,0,0,29,9,0,852,0,0,0,0,0,0,0,829,0,1072,0,0,3,0,0,2,0,0,27,0,0,0,7300,2,0,67,0,0,91,1471,0,2,0,110,0,0,0,0,0,52,167,0,0,0,0,0,459,0,0,0,0,0,0,0,7,0,0,0,0,0,0,0,0,0,0,15,0,0,0,0,0,0,0,0,0,0,0,0,0,0,0,0,23,0,56,203,0,0,0,0,1,4,0,0,0,93,0,0,1,0,0,0,245,0,0,0,0,0,438,0,0,0,267,0,0,63,0,0,0,0,0,0,0,429,0,0,0,0,0,0,0,0,112,0,22,0,0,0,45,0,0,0,0,0,0,739,10,3,0,0,0,0,0,0,0,0,0,0,0,26,1242,4,0,12,0,0,0,0,20,91,192,1267,0,0,0,0,0,0,0,0,0,102,0,149,0,0,40,2206,0,2210,4,0,0,0,36,0,2,0,0,0,0,0,430
"gene_312",13,0,1,0,3,0,7,0,0,0,0,0,878,101,373,39,6,169,0,0,0,163,0,0,2,411,0,0,19,194,123,3,23,0,64,50,4,0,0,0,0,8,641,35,1000,0,13,11,263,2,13,0,0,59,306,66,114,70,4,0,0,91,0,914,0,0,0,0,143,0,0,35,1,666,0,1,2,185,50,2,138,0,47,0,20,0,0,185,1,1,0,0,512,27,0,0,121,0,362,0,0,0,0,0,3,0,0,2,0,0,0,0,95,0,0,25,0,0,3157,39,252,0,0,0,9028,0,1042,326,0,0,0,0,0,0,0,0,3202,544,0,13,0,0,0,0,4086,0,2,250,20,0,0,0,0,0,9,0,0,0,0,0,707,0,13,4,0,0,0,0,0,181,0,0,0,0,0,35,5,0,32,273,0,0,0,1,1227,23625,1,1,0,1,373,0,3,216,0,0,0,0,0,9,824,1552,80,384,0,62,0,0,0,5,5456,0,0,778,198,718,13,0,0,0,2,13,0,22,144,0,0,6,4063,217,122,0,2,0,0,0,0,0,0,0,5,290,1,0,0,0,1,0,122,898,0,0,683,414,0,0,0,57,0,0,74,0,46,19,0,0,0,5,0,1,0,13,9,0,1,2,0,276,0,0,0,624,119,0,8,0,0,304,0,0,3,0,3,0,0,275,0,0,2,2,0,97,0,0,0,0,0,54,7,14,0,0,0,1,588,0,0,0,0,0,0,0,0,0,8,158,0,0,90,0,0,0,0,22,0,0,0,29,0,0,0,23,0,0,0,0,0,112,87,218,5,0,0,0,419,0,0,1103,679,36,0,0,2379,3270,0,0,0,0,403,1950,7,1,459,1,5,0,1,0,1523,37,0,1,6,1,2,0,4,0,902,28,0,0,0,0,0,31,0,27,55,24,0,156,0,0,42,0,0,1,20,0,0,97,0,128,1,0,0,2,4,0,0,509,0,0,0,0,0,570,37,0,0,1,544,12,2,0,0,123,0,0,0,1,2,0,62,1,0,0,2,0,9,24,0,0,121,5,133,32,23,0,2,0,129,1,58,718,0,0,1,0,552,0,1605,28,0,49,35,6,30,0,608,0,0,0,31,0,2,84,158,332,13,0,0,3405,0,0,3,0,4,0,1216,80,0,2,182,3,0,1286,41,122,168,16,8,0,0,0,0,30,53,0,0,0,59,42,0,1080,995,940,0,0,1,13,0,26,7,2,0,0,8,0,3,0,0,711,475,4,0,0,0,67,1148,314,18,0,0,0,0,0,0,26,0,0,10,0,395,141,2,0,5,2,0,0,0,0,0,35,0,0,89,2,2,0,0,100,2734,0,0,0,38,987,0,10,0,1,0,0,2,26,542,0,2,0,1,1232,0,0,355,187,0,0,3,377,550,995,0,0,0,14,262,0,13,0,1,62,1,0,22,0,0,0,0,0,0,0,0,0,0,0,0,0,18,0,0,90,0,8,0,1038,0,0,0,0,0,0,7,594,0,12,0,0,0,3593,0,436,0,0,0,0,537,21,0,0,1696,0,0,175,4387,0,15,0,0,0,0,38,0,0,42,0,16,100,155,60,300,6,4,0,18,0,0,0,0,0,0,0,1079,0,0,0,0,58,0,0,184,0,133,0,102,258,6424,0,405,63,0,15,0,15,7,3,44,13,0,0,25,669,0,0,120,0,0,0,19,18,7,0,0,1185,0,0,21,0,0,0,0,0,1,0,0,1090
"gene_313",44560,29009,47850,23081,37654,39183,28545,38015,21933,22765,53089,34178,45268,32282,22046,42971,23183,57314,12684,15267,4653,19217,35211,64939,15292,25307,8994,27693,25752,18912,21798,22511,27006,40758,31743,49699,13770,21684,11876,10835,35742,24140,23471,21241,25740,22326,16915,8922,19809,20485,28891,13433,15273,15295,24926,19847,33767,34137,43482,16227,46361,18335,17693,11577,22855,13320,21760,25494,19762,62195,40104,42027,2260,35606,30434,27079,19571,19374,14772,29310,40537,9983,30841,35146,20282,68117,5209,14788,25342,10602,16216,32433,1328,11768,45839,8902,21098,538,8862,4320,9688,11269,1736,19584,11633,4267,1225,3018,16069,3773,2461,29468,649,483,287,43437,6905,9338,21445,210,1809,10588,1572,1371,41011,4786,111,573,1358,11716,1958,2066,3766,9294,20763,43941,7072,13157,84638,36040,127,36125,35,59988,17205,28044,23738,28122,18685,1730,79783,18714,790,534,2668,3310,41146,19768,862,81,40627,1732,29226,9804,20705,2168,11881,42711,3129,406,12945,53365,2442,5054,68806,41989,4153,5057,35143,23436,45348,25699,26344,2775,1868,55895,66212,17429,11254,16109,21610,22816,13025,10007,5861,13456,1582,3516,5722,293,23840,3952,2671,4983,485,9605,1042,15918,5982,11533,14749,2167,2713,8877,6330,7255,20496,3508,15039,30529,965,24972,5577,1195,29389,4202,7334,189,2832,5946,3455,3444,7753,2052,18219,4688,6118,14260,20177,902,155,482,180,8899,4668,31595,20891,11789,4526,7713,1149,20888,38614,152,34775,1832,3420,8721,17951,6869,2382,871,1197,1053,6706,3400,2102,458,2121,16,892,3169,2602,4969,8525,225,788,622,69,122,3,353,2824,9794,1,2488,696,395,2468,1456,566,3280,419,565,2800,7942,2972,1343,119,92,1710,5651,675,2506,4446,290,3483,1559,823,5332,1806,23,1411,366,4514,5619,11,1185,5040,2584,29,522,2134,467,3140,60,91,322,20572,2450,1703,393,12097,900,89,263,491,61,2875,3707,47,1069,8957,913,2397,150,66,3786,851,3683,12572,1682,324,1957,977,2093,870,504,3153,9720,10025,1162,695,12403,53,1701,3341,3389,324,4505,1341,78,47,704,1269,2399,888,2575,439,26963,113,2577,603,61,973,1919,1929,10974,97,426,98,3622,186,25,1985,541,41,715,150,1843,6853,98,2668,1884,672,804,366,203,1592,1190,1493,3211,8956,3853,175,202,0,2818,2117,9,850,816,3,87,198,7227,2532,110,2007,15215,50,4464,0,0,0,0,0,0,0,0,40,67,66,1,292,31,31,0,306,188,9,94,0,0,35,1739,0,0,0,0,0,0,9,8,188,0,0,224,109,76,20,274,1,2,61,1167,7,46,81,276,24,13,10,0,412,0,19,0,661,44,0,0,26,4,74,86,0,0,22,87,56,40,0,0,0,0,0,2569,54,0,158,1,0,0,13,0,4,0,315,57,0,33,0,15,16,2957,4,0,1,0,2,5,0,46,1654,1564,0,0,0,27,1,4,8,0,504,0,0,630,0,0,0,4,62,3,1114,0,375,3386,176,5,0,0,158,0,0,7,0,446,0,87,0,0,12,93,0,1006,0,1087,0,0,68,0,68,0,0,0,0,0,0,0,2,0,2,0,148,4,0,0,0,0,0,704,0,0,0,0,142,0,0,0,0,0,96,3668,104,152,0,11,0,0,50,0,3,39,0,0,0,131,0,0,4611,0,0,149,0,0,0,1761,1,0,0,0,4,0,0,0,0,0,0,0,2,0,0,0,0,3,0,12,37,7569,0,0,1218,1,0,28,1161,1,33,0,0,17,0,0,0,303,0,0,0,0,1,1,0,0,3,0,0,3,0,0,0,0,0,0,0,0,0,0,0,337,0,0,0,19,1668,0,72,0,0,0,0,0,0,60,0,4,780,1,0,0,0,0,0,1011,3353,0,24,0,11,0,0,0,0,118,0,0,0,0,0,0,149,0,0,17,0,51,0,0,0,47,0,619,0,93,5,493,0,7569
"gene_314",0,3,0,0,0,0,0,0,0,2,0,0,0,0,0,0,0,0,0,0,0,0,0,62,0,430,179,0,0,0,0,0,0,0,0,1,1,185,0,1,0,0,0,0,19,0,0,0,0,1,0,0,0,0,0,0,0,14,0,0,0,0,2,11,0,0,14,580,0,261,0,0,0,0,0,1,0,0,0,0,0,0,0,0,0,0,0,0,0,0,0,0,0,2,0,0,0,25,0,0,1513,0,266,1,0,18,0,0,101,0,1293,0,0,55,1,0,3,299,0,0,0,0,1,0,0,0,0,0,33,0,0,0,272,0,0,0,0,6076,0,18,0,0,0,0,85,0,8614,0,0,0,0,0,0,0,0,0,0,0,48,0,0,0,0,0,0,0,894,0,0,0,0,1,0,0,0,0,0,0,0,97,449,0,89,1523,0,0,1061,7,0,822,3,0,0,0,0,0,0,224,0,0,153,0,0,409,0,565,0,0,0,0,27,0,0,0,1,94,16,0,0,0,0,0,0,926,0,0,0,0,0,74,17,0,0,0,0,473,0,0,0,0,11,0,26,0,0,0,0,0,393,0,0,0,0,144,1,0,0,1,0,198,0,6,2035,20,0,0,0,223,45,0,0,246,0,0,0,123,256,0,0,0,0,106,0,318,14,0,0,0,0,2623,0,0,79,0,0,2411,196,0,0,15,668,0,25,0,0,117,1553,502,1,3,125,0,0,83,0,0,31,0,23,0,0,10,0,164,0,0,0,206,56,0,188,12,0,1,0,0,0,26,0,42,0,0,0,0,0,13,743,0,0,2838,3,0,73,80,0,0,0,0,0,378,7,0,4,0,0,349,0,0,0,2,0,0,128,83,0,17,8165,0,39,2,42,283,0,22,257,20,2,0,46,0,0,147,0,1,0,673,0,1370,302,2,61,15,56,588,1,176,723,15,0,0,36,124,28,9,1005,0,0,0,427,41,1432,2,1610,2171,9,95,0,1,619,2,0,0,1,0,0,5552,0,0,0,0,92,0,0,0,0,0,0,2,0,25,0,66,0,0,46,26,0,0,0,0,0,0,0,0,0,0,0,0,0,0,0,0,0,0,0,0,0,0,0,0,0,0,0,0,0,0,387,11,0,1231,0,0,0,0,0,0,0,0,0,77,0,1,0,0,0,0,0,0,0,0,0,0,0,50,189,246,0,215,0,0,0,0,0,0,0,0,0,0,306,5,0,0,0,4,43,0,0,0,2410,0,1,0,3264,591,0,1,0,86,0,0,0,0,2077,0,0,0,0,0,0,0,0,828,0,0,0,0,0,0,0,0,0,0,0,0,0,0,0,0,236,0,0,0,0,0,0,0,0,0,0,0,0,0,0,0,0,81,6266,0,0,0,0,0,0,0,0,0,0,0,0,0,0,0,7,0,0,0,5,2013,0,0,0,0,0,0,0,0,0,451,0,5703,0,0,0,0,0,0,8055,0,0,0,0,0,0,0,0,0,0,0,0,0,0,0,319,0,0,0,0,0,0,0,0,10,0,0,0,0,0,0,0,0,0,0,0,0,0,0,0,0,0,419,0,0,0,1,1024,3,0,10,5566,0,0,1485,0,0,0,0,0,0,0,0,0,0,0,0,0,485,0,0,0,0,0,0,0,0,0,0,0,7193,0,0,0,0,0,0,0,0,0,0,0,0,0,0,0,0,0,0,2,0,1459,0,13,0,0,21014,422,0,0,0,0,18,0,0,0,0,0,0,0,0
"gene_315",0,0,0,0,0,0,0,0,15,0,0,0,0,0,0,0,0,0,0,0,0,2,0,0,0,0,0,0,0,0,2,0,0,0,0,0,0,0,0,0,0,0,0,0,0,0,0,0,0,0,0,3,0,0,0,0,0,0,0,0,0,0,0,0,0,0,0,0,0,0,0,0,0,0,0,0,0,0,0,0,0,0,0,0,0,0,0,0,0,0,0,0,0,0,0,0,0,0,0,0,0,0,0,0,0,0,0,0,0,0,0,0,1,0,0,0,0,0,0,0,4,0,0,0,0,0,0,0,0,0,0,0,0,0,0,0,0,0,0,0,51,0,0,0,0,0,0,0,0,0,0,0,0,0,0,0,0,0,0,0,0,0,0,0,0,0,0,0,0,0,0,0,0,0,0,0,0,0,0,0,0,0,0,0,0,0,0,8,0,0,1,0,0,0,0,0,0,1,0,0,0,0,0,0,0,0,0,163,0,0,0,0,0,0,33,0,0,0,0,0,0,1689,0,0,0,0,0,0,0,0,0,0,0,0,0,36,0,0,0,7,18,0,0,0,0,165,0,0,0,0,0,0,0,0,0,0,0,0,0,0,0,0,0,0,0,0,0,0,0,0,0,0,0,0,0,0,0,0,0,46,0,0,0,2,0,0,0,0,0,1600,0,0,0,0,0,0,0,0,0,0,0,0,0,0,0,0,0,0,0,0,0,0,0,0,0,0,0,0,0,0,0,0,0,0,0,0,0,0,0,0,0,0,0,0,0,0,0,0,0,0,0,0,0,0,0,0,0,0,0,7,0,417,0,0,0,0,0,0,0,0,0,0,0,0,0,0,0,0,0,0,0,0,0,0,0,0,0,0,0,0,0,0,0,0,0,0,0,0,0,0,0,0,0,0,0,0,0,0,0,0,0,0,0,0,0,0,0,0,0,0,0,0,0,0,0,0,0,0,0,0,0,0,0,0,0,0,0,0,0,0,0,0,1705,0,0,0,1243,4,3140,0,7,0,1973,0,15,0,0,310,0,0,4073,2,0,0,0,614,0,0,3161,0,863,0,0,0,0,0,0,0,0,3,0,0,1489,0,0,0,96,11,0,0,93,3,46,2373,0,0,0,0,0,0,0,0,3689,2500,603,0,0,25,0,266,92,4,0,0,2117,26,32,0,0,0,0,0,0,0,966,0,1238,0,0,0,0,199,743,0,0,0,0,0,105,0,0,98,0,6,40,0,21,0,0,0,7,0,0,0,0,0,0,0,10,0,123,0,11,183,0,0,0,0,0,0,0,467,5,0,0,0,1,77,0,0,0,0,0,0,0,0,0,384,105,0,0,46,2,0,0,2,46,0,0,0,0,0,0,0,0,616,0,0,79,0,0,0,0,0,20,0,0,0,213,0,275,0,0,0,0,0,0,0,406,0,0,0,0,0,0,171,1,83,0,0,0,0,0,35,0,0,0,0,0,0,290,0,0,0,0,0,0,0,0,0,0,0,0,0,1713,0,0,1,0,0,0,0,0,105,0,0,0,0,0,0,0,0,0,0,0,0,4,0,0,3,0,0,0,0,0,0,0,0,0,1823,0,0,0,0,0,0,0,0,4,0,0,2612,1541,0,0,0,0,1,0,0,0,2,0,0,3,0,0,0,0,156,0,0,0,0,7,0,39,519,0,0,0,0,0,0,81,10,8,0,0,0,486,0,0,0,0,0,0,2,0,0,0,0,0,525,0,0,0,0
"gene_316",0,0,0,0,26,0,0,0,0,0,0,0,0,0,0,0,0,0,0,0,0,0,0,0,0,0,0,0,0,0,0,0,0,0,0,4,0,0,0,0,0,0,0,0,0,0,0,0,0,0,0,0,0,0,0,0,0,0,0,0,0,0,802,0,0,0,0,0,0,0,0,0,0,0,0,0,0,0,0,0,0,0,0,0,0,0,0,0,0,0,0,0,0,0,0,0,0,0,0,0,0,0,0,1,0,0,0,0,0,0,0,0,0,229,0,0,0,1,12,0,0,0,0,0,0,1688,0,0,0,0,0,0,0,0,0,0,604,0,0,0,0,0,0,0,0,0,0,0,0,0,0,0,0,2303,0,0,0,99,805,0,0,0,0,0,2,0,0,0,6,0,0,320,0,0,0,0,0,0,0,0,0,0,0,45,723,0,6,0,425,0,0,0,0,0,549,0,0,0,2172,0,0,0,0,0,0,0,0,2,738,0,0,57,0,571,7217,0,0,0,0,0,0,0,0,0,0,0,0,0,0,0,0,0,0,0,0,0,0,0,0,10,0,84,0,0,0,1220,0,0,0,0,0,0,0,0,0,0,0,304,0,157,0,0,0,0,0,0,0,0,0,0,0,0,0,0,0,0,2,0,0,0,0,0,0,0,0,0,0,0,0,0,0,0,0,0,0,0,0,0,0,0,0,0,0,0,0,0,0,0,0,0,0,0,0,0,0,0,0,0,0,0,0,0,0,0,0,0,0,0,0,0,0,0,0,0,0,0,0,0,0,0,0,0,96,0,0,0,0,0,13,0,0,0,0,0,0,0,0,0,0,0,0,0,0,0,0,0,0,0,0,0,0,0,0,0,0,0,0,0,0,7,0,0,0,2,0,0,0,0,0,0,0,0,0,45,0,0,0,0,0,0,0,0,0,0,0,0,0,0,0,0,0,0,0,0,0,0,0,0,0,0,0,0,0,45,0,0,0,0,0,0,0,0,0,0,0,0,0,0,0,0,0,0,0,0,0,3,0,0,0,236,0,0,0,0,0,829,0,0,0,0,0,0,0,0,0,0,0,0,0,0,0,0,0,0,0,0,0,0,0,0,0,0,0,0,0,0,0,333,0,0,0,0,0,0,0,0,0,0,0,0,0,0,719,0,0,0,0,0,0,0,0,0,0,0,0,0,0,0,0,0,0,0,0,16,130,0,0,0,0,0,0,0,0,0,0,0,0,0,0,0,0,0,0,0,0,0,0,0,0,0,0,0,0,0,0,0,0,0,0,0,0,0,0,0,0,0,0,0,0,97,0,0,0,0,0,64,0,0,0,0,0,0,0,0,0,0,11,0,0,0,0,0,6,0,0,0,0,0,0,0,0,0,0,0,0,0,2,0,0,0,0,0,0,0,0,0,0,0,0,0,0,0,0,0,0,0,0,0,0,0,0,0,0,0,0,0,0,0,0,0,0,0,0,0,0,0,0,0,0,0,0,3,0,0,0,1,2343,0,0,0,0,0,0,0,0,0,0,0,0,0,0,5,81,0,0,0,0,0,0,0,0,0,264,0,0,0,0,0,0,0,0,0,0,0,0,0,0,0,0,0,0,0,0,0,0,0,0,0,0,0,0,524,0,0,0,0,0,0,6,0,0,0,0,0,0,0,0,0,0,0,0,0,0,0,0,0,3,0,0,0,0,306,0,0,0,0,0,0,0,0,0,0,0,0,0,0,0,0
"gene_317",4,0,0,552,0,0,2459,2156,0,20,0,0,634,0,0,0,0,0,0,0,121,3688,0,377,0,0,17,0,0,3,0,1,0,0,2409,0,3695,0,0,0,1964,0,415,10,0,1077,0,22,427,1,0,0,0,0,0,0,0,2439,0,0,0,0,118,2,0,2,1445,5613,3498,36,0,11,26,1,39,0,0,0,229,20,2,0,2198,0,6,613,41,125,341,3,604,0,0,725,65,4,0,15,104,0,1644,0,0,0,26,261,0,6,0,16,0,0,0,106,11,9,0,1586,1830,255,2,25,6,503,10,490,0,6,539,2,64,0,70,3,0,2,16,2193,0,0,51,2304,5,0,1,561,21,697,1443,2,0,3624,0,1,0,1,2,5,6775,125,0,1,3,0,82,0,306,1166,0,150,12,0,5536,10,38,471,70,279,5677,10527,2393,0,0,205,43,0,0,1100,10,143,2810,10531,81,4921,217,1,100,16,91,5,0,1582,177,0,84,91,35,1298,11,105,20,120,923,515,109,274,317,15050,9,131,1163,131,184,1664,0,2,2761,5812,83,14646,0,112,36,1548,103,692,0,217,2251,22,2993,3475,1753,308,50,0,2,5941,325,1151,2,106,4127,189,1032,28,133,262,1775,76,3344,7418,5191,3507,10881,16284,5375,16325,2999,11206,18763,25268,6848,5877,674,12802,1799,13202,11706,6176,390,11935,13069,16696,18980,8313,7626,8457,29641,4488,7057,6740,2110,9872,6392,3384,7352,6300,8064,4568,10072,2936,13262,7206,10000,1027,6423,15137,10420,7796,5424,10647,1534,1763,3940,13111,2017,5272,6664,3694,6040,14576,17885,14738,6801,4823,16645,10759,20162,1004,14716,1465,18895,18595,5969,11862,7497,608,4829,31205,834,3698,11577,37870,6917,2275,14887,7312,9774,1265,9927,4466,2967,487,18154,1140,7182,19137,13993,7466,15737,5097,7783,6485,16643,10678,18424,17772,6824,10635,9594,2401,23101,6345,902,11718,13414,7647,15468,16531,62506,16045,23332,8180,10534,10682,5420,10631,6456,9655,16514,14376,2103,13282,10495,16761,4204,11585,11645,4355,5188,4098,10882,12001,10324,1825,6252,2676,6043,10290,8721,13548,3087,15129,16753,7397,20168,15387,14864,14773,1596,2944,6514,16874,5832,39051,35375,1160,12894,19432,20552,14759,21141,34036,35124,22300,37614,51151,79602,21645,16155,27660,71319,29843,39853,15163,43662,22096,30255,8158,16806,2161,26928,9682,37380,74285,24139,57076,72067,69166,22117,5090,73873,21513,16012,11086,30168,32684,9061,30871,26972,27635,10380,7620,29519,73451,30894,20690,41563,31321,32627,21432,24498,4012,69016,20202,22439,41789,22895,15996,26417,7602,39620,51124,31519,27313,19921,25686,12422,12902,17658,27171,5926,32463,31989,15678,36059,61459,55023,28096,52104,14031,54158,18500,22744,18973,6978,38878,35410,33864,7758,11740,40075,16711,25965,17639,39959,14859,15317,64424,18482,81099,39112,56376,21535,33581,35274,25418,17685,20696,28936,12810,34824,39302,67056,34606,36613,21136,13251,36528,28073,3499,19732,43324,23466,47775,9042,99872,28694,8995,49271,38281,46174,28727,9938,36956,61322,70980,15849,6129,96760,33190,54079,29166,38820,92079,1366,89065,68190,50191,18483,43303,100292,1807,10377,95846,144588,35904,64630,4006,8347,3234,30431,24153,126792,32916,11031,54609,37596,15134,115459,24383,48463,33338,72637,57137,110050,112379,101147,27822,12177,7527,21601,14812,9033,88073,12622,34293,37316,4979,10853,23666,21074,63759,201973,63161,14487,12589,73645,59501,34421,18230,10563,7198,5234,67786,56177,39211,19433,3805,176242,142465,45827,27391,28582,35952,62119,23131,146975,26643,1668,6451,57821,22731,31953,29361,27417,15731,12357,71879,1465,40589,2040,61107,188599,39860,25335,17962,58991,43865,6744,19045,5148,16894,26445,142756,100530,55925,38702,31603,36608,76903,31646,36122,48938,9363,5012,57053,242537,61215,11283,58513,11932,38444,8159,61630,24588,18974,16481,13376,16252,5330,36944,26688,9305,49855,30797,52683,50843,68019,122241,16561,33971,38385,106864,35294,19665,11781,2065,70000,26136,17428,18224,73077,19602,83681,40786,35786,62730,17951,19334,26392,19581,1700,29561,68542,12723,163383,57658,23761,34549,917,22998,67024,26559,32505,8488,56900,43505,172611,95255,103938,5478,59305,16194,13269,28547,51213
"gene_318",43,49,32,0,0,194,287,2,0,0,18,0,26,35,2,0,0,0,0,0,0,0,747,1846,0,1414,0,129,0,300,1,0,0,1,26,0,67,916,0,0,2,28,0,0,0,11,0,0,48,10,211,334,4,0,0,0,416,0,2,1084,5,485,309,62,58,0,443,43,6,2,34,3,0,541,0,0,104,0,27,10,0,11,0,1371,0,1116,46,0,67,0,0,1,0,0,23,0,10,1,43,1,20,606,0,1,0,0,0,569,1700,0,33,0,0,0,0,6,4,0,0,589,0,0,0,0,1,3,0,65,62,0,4,0,0,3,1531,808,44,203,2,183,2,0,0,0,0,9,208,0,27,1027,1,14,126,0,292,0,0,1,86,0,0,17,1816,476,0,1853,11,0,21,0,1082,38,157,0,92,12,0,0,0,17,0,0,187,0,0,27,85,1140,0,0,0,0,16,219,4,0,0,0,0,0,0,29,5,1,0,2,21,5,7,0,0,0,0,0,0,0,0,0,0,0,0,0,0,0,0,0,80,0,0,59,0,0,0,0,0,0,0,8,1,0,0,0,0,0,8,0,0,2,0,0,0,0,0,1,2,0,0,0,21,2,0,17,0,0,0,11,0,1079,18,0,0,0,0,0,0,0,0,0,0,0,0,0,0,3,88,2,4910,0,11,673,0,10,0,2,0,13,0,2,0,0,48,943,1634,0,0,208,0,0,0,0,0,0,28,0,0,1,467,233,0,444,152,141,0,2272,0,3,105,0,1,0,32,0,32,7,1,0,0,0,63,40,0,0,4,1,0,0,1311,0,0,246,27,0,0,0,0,0,0,0,0,2,3,2,0,25,50,249,434,0,0,1,4101,0,1,97,0,4,1,185,2356,0,1,14,0,2714,0,0,173,653,0,0,2644,0,0,0,0,0,171,2936,0,0,0,0,731,0,0,4,58,0,0,613,0,0,0,4403,365,1163,0,717,0,0,0,85,0,0,0,0,0,0,0,1,0,0,193,0,0,3,15,23,0,436,0,0,0,0,0,0,0,0,708,0,0,1,0,0,0,0,0,0,0,0,0,0,0,0,0,46,0,0,6,1,0,0,0,0,0,0,2,0,0,0,114,1252,0,1,6,0,0,0,0,0,66,0,0,191,0,0,0,0,0,0,0,0,0,0,0,0,0,0,0,1,0,322,10188,0,0,0,0,0,0,0,0,0,0,0,405,0,0,14,0,0,4,364,53,17,0,1,9,0,2,32,0,0,0,396,0,1143,0,0,0,0,0,0,0,0,2,0,0,0,0,0,1681,0,0,0,0,0,0,0,0,0,0,0,0,1098,0,0,0,0,0,0,0,0,0,0,0,0,2485,0,0,29,0,0,0,0,0,0,0,0,0,0,0,0,0,0,0,0,439,0,0,0,145,3176,0,0,0,0,0,0,0,0,0,0,69,0,0,0,1958,0,0,0,0,0,78,6,21,0,26,0,0,0,0,0,839,0,1,0,0,0,0,0,100,0,0,1087,69,6202,37,0,0,500,0,0,0,0,58,0,0,55,0,14,0,0,0,0,0,0,0,37,0,5,0,197,0,0,1,22,5,8,31,0,0,0,0,0,0,1764,0,16,0,0,0,0,0,7,0,0,2700,1,0,0,0,0,0,0,0,0,0,0,0,0,0,0,0,3331,0,0,0,0,0,29,0,0,15,10,2,0,0,0,0,0,0,0,28,0,596,0,0,0,106,0,0,0,20,27441,0,0,237,222
"gene_319",0,0,0,0,0,0,0,0,0,0,0,0,0,0,0,0,0,0,0,0,0,0,0,0,0,0,0,0,0,0,0,0,0,0,0,0,0,0,0,0,0,0,0,0,0,180,0,0,0,0,0,0,0,0,0,0,0,0,0,96,0,0,0,0,0,0,0,0,0,0,0,0,0,0,0,0,0,0,0,0,0,0,0,0,0,0,0,0,4,0,0,0,0,0,0,0,0,0,0,0,0,0,0,0,0,0,0,0,0,0,0,0,0,0,0,0,0,0,0,0,0,0,0,0,0,0,0,0,0,0,0,0,0,0,0,0,0,0,0,0,0,0,0,0,0,0,0,0,0,0,0,0,0,0,0,0,0,0,0,0,0,0,0,0,0,0,0,0,0,0,0,0,0,0,0,0,0,0,0,0,0,0,0,0,0,0,0,0,0,0,0,0,0,0,0,0,0,0,0,0,0,0,0,0,0,0,0,0,0,0,0,0,0,0,0,0,0,0,0,0,0,0,0,0,0,0,0,0,0,0,0,0,0,0,0,0,0,0,0,0,0,0,0,0,0,0,0,0,0,0,0,0,0,0,0,0,0,0,0,0,0,0,0,0,0,0,0,0,0,0,0,0,0,0,0,0,0,0,0,0,0,0,0,0,0,0,0,0,0,0,0,0,0,0,0,0,0,0,0,0,0,0,0,0,0,0,0,0,0,0,0,0,0,0,0,0,0,0,0,101,0,0,169,0,0,0,0,0,0,0,27,0,0,0,0,0,171,0,0,0,0,0,0,0,0,0,0,0,0,0,5,0,0,0,0,0,0,0,0,0,0,0,0,0,0,0,0,0,0,0,0,0,0,0,0,0,0,0,0,2,0,0,0,0,0,0,0,0,0,0,0,0,0,0,0,246,0,0,1,66,0,0,0,0,0,0,0,1137,0,0,0,0,0,0,0,0,0,0,0,0,0,0,0,0,0,0,0,0,1,0,0,0,0,0,0,1443,0,0,0,1,0,0,0,0,0,0,0,0,381,499,0,0,0,0,0,0,0,0,32,0,0,0,0,0,0,0,0,0,0,1,0,0,0,0,0,0,0,17,0,0,0,0,0,0,0,0,0,0,0,0,0,0,0,0,0,0,0,0,0,2,0,0,0,0,0,0,0,453,2,175,0,216,129,0,0,0,0,0,0,0,1,0,0,0,0,0,0,1,0,211,0,0,0,0,37,0,0,0,0,0,213,0,0,2,0,0,21,0,0,0,21,0,17,0,0,0,0,0,0,0,0,0,0,0,0,2,0,366,0,3,0,0,0,0,0,2374,0,0,0,0,0,0,0,0,0,0,0,12,0,0,759,0,5777,3,0,0,0,0,1785,0,4,65,0,0,194,82,57,0,46,32,0,0,0,0,0,1120,0,1515,0,0,0,0,26,3,0,6,398,0,1792,0,3181,0,138,2,0,0,1049,386,103,0,6,60,0,375,0,20,65,716,0,0,0,1102,4532,0,0,0,2,0,0,72,8,0,0,20,0,0,21,2457,0,0,0,1,0,704,0,0,0,0,5256,0,0,0,34,0,9,0,0,0,0,63,4,0,11,0,0,0,0,0,46,0,0,0,0,0,512,0,3,109,7,0,0,494,0,0,0,0,0,0,0,0,0,0,0,21,0,0,643,0,0,114,0,973,10,202,0,250,0,0,0,0,4032,0,0,0,0,115,0,0,0,0,0,0,0,37,0,16,0,3
"gene_320",0,0,0,0,5,0,0,0,0,0,1,0,0,117,0,0,0,262,0,0,0,0,17,0,0,0,0,1,0,0,0,0,0,0,0,0,0,0,0,0,23,51,0,0,0,0,0,0,42,0,0,7,0,0,0,19,0,94,0,0,0,0,0,5,0,0,404,5,0,0,0,0,0,47,0,39,0,0,0,0,0,0,0,0,1,10,0,0,0,0,6,44,0,0,0,0,0,0,0,0,0,0,0,0,0,0,0,0,0,0,0,0,0,0,0,0,0,0,0,0,0,0,0,0,0,0,0,0,0,0,0,0,0,0,0,0,0,0,0,0,0,0,0,0,0,0,0,0,0,0,0,0,0,0,0,0,0,0,0,0,0,0,0,0,0,0,0,0,0,0,0,0,0,0,0,0,0,0,0,0,0,0,0,0,0,0,0,0,0,0,0,0,0,0,0,0,0,0,0,0,0,0,0,0,0,0,0,0,0,0,0,0,0,0,0,0,0,0,0,0,0,0,0,0,0,0,0,0,0,0,0,0,0,0,0,0,0,0,0,0,0,0,0,0,0,0,0,0,0,0,0,0,0,0,0,0,0,0,0,0,0,0,0,0,191,0,0,0,0,0,0,0,0,8,0,0,0,301,0,0,88,0,1,697,39,172,0,0,0,0,292,3,1,0,0,53,1,0,0,948,0,0,18,0,0,128,0,2,0,0,0,184,117,1,0,0,0,0,43,26,0,0,0,0,0,44,0,0,47,0,191,0,0,33,0,0,0,69,0,0,14,0,0,398,0,0,85,0,0,0,0,33,0,0,0,0,0,0,1091,0,0,0,0,25,0,0,691,0,22,0,1599,15,38,0,146,0,2,17,0,0,0,0,0,16,1,28,0,0,0,18,0,0,0,1,0,0,161,640,37,0,0,0,0,0,0,1,0,0,336,0,0,0,0,0,0,0,0,5,9,0,834,0,0,0,8,0,2,0,5,298,0,0,0,0,0,0,0,0,0,0,0,0,0,0,0,0,0,0,0,0,60,0,0,0,295,0,0,0,43,0,0,0,0,24,0,0,0,0,0,0,0,9,2,0,0,0,0,0,0,0,0,0,0,0,0,0,0,0,0,4,0,439,0,0,0,0,0,0,2625,0,12,4,0,0,136,0,1,0,872,0,0,0,0,4,0,0,30,75,0,0,0,0,149,0,0,0,0,0,0,61,1,0,0,0,0,98,0,0,0,0,45,0,0,0,1899,0,1,0,0,1179,25,0,0,68,8,38,0,0,0,214,0,0,10,0,0,4,1,0,0,1977,0,2156,0,0,0,0,2,0,0,0,8,0,213,46,0,21,50,0,0,0,4269,193,0,0,225,2540,245,2815,29,0,0,0,0,0,0,0,0,3,12,307,0,0,0,540,1,0,0,0,21,0,8,0,0,0,2765,0,10,0,223,2,77,1231,6,22,0,81,400,7423,242,2,0,0,2364,0,0,0,2660,3,336,0,271,4,0,0,4,1732,1,1,3,17,2,14,14,187,1275,0,0,24,2021,10,0,0,0,0,0,0,640,3157,5,0,0,0,199,12,0,0,0,106,0,420,0,9,375,0,0,5,0,0,1549,19,0,0,1923,0,0,0,4,0,0,13,0,0,375,30,15,0,0,0,0,0,68,0,34,0,0,3,0,5488,0,0,0,42,2,0,0,0,0,82,13,0,0,0,0,0,0,631,181,5,0,0,0,0,0,1073,0,0,0,0
"gene_321",302,1,186,271,1,0,250,2,64,223,4,647,52,105,340,35,88,505,12,2,37,255,207,43,139,58,12,327,0,129,234,23,763,379,42,0,94,61,11,30,28,86,9,86,3,755,7,19,0,711,290,1126,5,47,123,52,658,127,256,221,124,327,8,216,143,70,160,640,8,221,2,176,61,591,79,119,375,344,2,838,8,0,61,413,239,167,25,307,715,16,0,85,0,2,41,0,0,0,0,13,11,0,0,0,0,0,63,1,11,1,0,1,3,0,0,30,24,2,0,0,0,12,0,0,3,9,0,0,7,15,6,6,18,1,11,0,2,1,0,0,0,1,1,4,12,103,32,116,0,0,1,1,14,0,72,2,5,23,0,8,8,5,14,33,39,0,0,0,0,0,1,9,16,0,1,0,7,37,1,13,6,21,0,35,7,37,0,59,0,4,0,1,11,52,7,93,28,71,84,41,69,63,30,315,61,54,78,12,56,50,77,43,63,162,219,30,207,149,3,234,1,62,49,1,58,105,45,19,36,0,2,24,80,236,21,16,7,143,23,5,186,40,155,58,18,5,124,131,117,101,43,10,17,2,14,13,15,20,1,113,352,201,6,98,237,252,23,413,2,156,630,317,2,198,215,140,860,7,553,293,11,559,106,280,12,847,135,18,115,52,339,377,1014,347,275,384,74,308,35,689,86,207,1773,387,571,32,172,28,56,80,88,138,79,339,32,56,812,1496,636,378,26,93,427,1401,247,187,577,158,1254,54,447,73,0,1040,517,153,88,110,180,778,128,226,331,1418,739,35,856,24,53,77,421,1067,283,212,119,349,135,405,221,536,110,1,10,6,11,12,285,79,28,0,444,26,372,552,26,1621,991,26,827,145,3,484,0,55,13,164,314,934,547,2,68,875,14,59,5,246,159,1384,597,836,10,1,210,242,296,696,52,8,348,347,241,49,564,374,175,204,199,437,221,93,6,266,27,630,0,656,397,83,8,148,665,480,218,26,61,15,77,0,241,64,57,40,5,56,7,18,44,2,21,149,0,42,88,32,2,57,13,11,103,137,0,15,102,72,94,17,60,17,153,2,65,12,216,112,0,45,258,6,19,4,190,270,40,24,5,29,56,57,2,26,6,131,69,6,47,85,9,319,13,288,1,67,128,173,265,56,58,855,343,24,64,45,51,0,14,0,0,21,253,94,6,73,2,7,36,138,169,274,46,15,117,44,133,113,127,24,189,101,51,34,99,35,1,1,47,194,9,24,19,5,2,9,20,5,0,93,62,127,27,9,112,2,11,134,0,74,20,9,6,26,163,1362,204,3,0,0,54,4,514,7,32,8,0,15,63,2,0,1139,304,36,59,281,0,4,59,0,2,32,497,103,85,16,558,80,62,9,0,8,12,956,47,1819,269,1,1521,18,105,114,30,7,320,1,61,169,39,0,0,458,172,5,11,3402,1343,62,0,0,1744,1757,19,3508,1459,20,1,0,44,1016,180,7,687,690,3142,1,1137,8,4,409,723,166,191,33,99,192,20,3237,3,2,721,420,417,24,776,2,1,135,168,2152,0,2,28,27,2157,1335,281,392,64,0,259,361,900,69,20,5,0,0,3,1454,189,7,1,4,282,85,178,16,69,0,3508,270,0,618,0,1,3,0,468,0,124,76,20,56,16,1,0,425,708,14138,932,1,40,3254,200,4,61,47,0,1218,1318,103,2531,42,9,0,5,0,261,0,0,134,0,4423,202,26,4,857,133,97,1,4
"gene_322",0,0,0,0,0,0,0,0,0,0,0,0,0,0,0,0,0,0,0,0,0,0,0,0,0,0,0,0,0,0,0,0,0,0,0,0,0,0,0,0,0,0,0,0,0,0,0,0,0,0,0,0,0,0,0,0,0,0,0,0,0,0,0,0,0,0,0,0,0,0,0,0,0,0,0,0,0,0,0,0,0,0,0,0,0,0,0,0,0,0,0,0,0,0,0,0,0,0,0,0,0,0,0,0,0,0,0,0,0,0,0,0,0,0,0,0,0,0,0,0,0,0,0,0,0,0,0,0,0,0,0,0,0,0,0,0,0,0,0,0,0,0,0,0,0,0,0,0,0,0,0,0,0,0,0,0,0,0,0,0,0,0,0,0,0,0,0,0,0,0,0,0,0,0,0,0,0,0,0,0,0,0,0,0,0,0,0,0,0,0,0,0,0,0,0,0,0,0,0,0,0,0,0,0,0,0,0,0,0,0,0,0,0,0,0,0,0,0,0,0,0,0,0,0,0,0,0,0,0,0,0,0,0,0,0,0,0,0,0,0,0,0,0,0,0,0,0,0,0,0,0,0,0,0,0,0,0,0,0,0,0,0,0,0,2,0,0,0,0,0,0,0,0,0,0,0,0,0,0,0,0,0,0,0,0,0,0,0,0,0,0,0,0,0,0,0,0,0,0,0,0,2,0,0,0,0,0,0,0,0,0,0,0,0,0,0,0,0,0,0,0,0,0,0,0,0,0,0,0,0,0,0,0,0,0,0,0,0,0,0,0,0,0,0,0,0,0,0,0,0,0,0,0,0,0,0,237,0,0,0,0,0,0,0,0,0,0,0,0,0,0,0,0,0,0,0,0,0,0,0,0,0,0,0,0,0,0,0,0,0,0,0,0,0,0,0,0,0,0,0,0,0,0,0,0,0,0,0,0,0,0,0,0,274,0,0,0,0,0,0,0,0,0,0,0,0,0,0,0,0,0,0,0,0,0,0,239,0,0,20,0,0,0,0,0,0,0,0,0,0,0,0,0,0,0,0,0,0,0,333,0,0,0,0,0,0,0,0,0,0,2,0,0,0,0,0,0,0,0,0,0,0,0,0,0,0,0,0,0,0,0,0,0,0,0,0,0,0,0,0,0,0,0,0,0,0,0,0,0,0,0,0,0,0,0,0,0,0,0,0,0,0,0,0,0,0,1,0,0,0,0,0,0,0,0,0,0,10,0,0,0,950,0,0,0,0,0,623,0,0,0,0,0,1,0,0,0,0,0,0,0,0,0,0,0,0,0,0,0,0,0,0,0,0,0,0,0,0,0,0,1,0,0,0,1,0,0,0,0,0,0,0,0,0,0,0,0,0,0,0,0,11,0,0,0,0,0,0,0,0,0,0,0,258,0,0,0,0,3,0,0,0,0,0,0,0,0,0,0,0,0,0,0,0,0,0,0,0,0,0,0,0,0,0,0,0,15,0,0,0,0,0,0,0,0,0,511,0,0,0,0,0,0,21,0,57,0,0,0,0,0,0,0,0,0,0,0,38,0,0,0,0,0,418,0,0,0,0,0,0,0,0,0,0,0,0,0,0,0,0,0,0,0,0,0,0,0,1,0,0,0,0,0,0,0,0,0,0,0,948,0,0,0,0,0,0,0,0,0,0,0,0,0,294,0,0,0,0,15,0,0,0,0,0,0,0,0,0,0,0,0,1,0,0,0,0,0,0
"gene_323",28,12,0,398,57,40,47,0,0,0,660,0,0,137,0,29,3794,1,38,0,0,0,19,278,5,2,0,1,69,531,47,1,0,0,0,1,0,1034,0,0,21,0,10,151,99,0,0,1,43,6,0,0,1523,91,0,0,0,0,556,119,0,57,0,354,0,519,0,30,173,0,3,466,0,53,6,0,0,0,237,904,0,0,45,75,4,18,80,0,0,0,512,1,0,0,0,0,5,0,0,0,0,302,0,0,3620,0,0,42,0,26,0,0,0,6,134,705,0,0,0,0,2,0,0,109,0,0,2,0,6494,0,0,0,35,8,0,0,0,0,14,0,524,39,1572,0,0,14354,0,2378,0,0,3193,0,0,88,429,0,0,0,0,0,0,0,0,1,81,0,1,0,3,0,18,0,0,303,0,154,0,0,69,4980,18,0,0,99,0,2550,0,0,1,0,0,391,320,0,0,0,0,0,0,0,3,0,0,39,7,0,0,0,0,0,0,90,0,0,0,0,0,0,30,9,1212,0,241,0,0,0,0,0,0,0,0,0,0,0,0,5,43,0,0,0,0,0,0,0,0,0,0,142,0,0,7,0,0,63,40,1065,373,0,730,12,0,0,0,0,0,0,0,6,0,0,0,0,0,0,1,0,0,0,0,0,76,0,0,0,0,0,0,0,0,0,16,0,0,171,113,0,0,0,0,0,0,0,0,0,0,0,0,57,0,8,0,0,0,0,269,15,0,0,0,0,0,0,1,0,0,0,0,0,0,1969,0,0,0,0,0,0,15,0,0,0,0,0,0,278,9,0,166,0,0,1,2,0,0,0,77,0,0,0,45,0,0,0,0,0,0,1,0,0,0,0,46,0,0,0,0,0,0,0,0,0,0,0,0,137,0,0,0,36,0,0,0,34,0,0,0,0,0,0,0,37,0,0,430,0,0,1,0,0,0,0,0,0,387,0,0,0,0,0,0,0,0,0,0,0,6,1,0,0,3,273,0,377,0,0,0,0,0,0,0,0,0,0,0,0,0,0,0,0,0,0,0,0,0,0,0,7,0,0,0,0,0,0,0,0,0,0,0,0,0,0,0,0,52,0,0,0,0,0,0,0,0,0,0,0,0,0,0,0,0,0,0,0,0,0,0,0,0,0,0,0,0,0,0,0,0,0,0,0,0,0,0,33,0,0,0,285,0,0,0,0,0,0,0,0,1,0,0,0,0,0,0,0,0,0,0,23,0,0,16,0,0,0,0,0,0,0,0,0,0,0,0,0,0,0,0,0,0,162,0,0,0,0,0,0,0,0,0,0,0,0,0,0,0,0,0,0,0,0,0,0,0,0,0,0,0,0,0,3,0,0,0,1,0,0,0,0,0,1240,0,0,0,0,0,0,0,0,0,0,0,0,0,0,0,0,0,0,0,0,0,0,0,0,9,0,0,0,8,0,0,0,0,0,0,0,0,0,0,0,0,0,0,0,0,0,0,0,0,0,0,0,0,0,0,0,0,33,0,0,0,118,0,0,0,0,0,0,0,0,0,0,0,237,1,0,0,0,0,195,0,0,0,0,0,0,0,0,229,0,0,6989,0,0,0,0,0,0,0,0,0,0,0,0,51,0,0,0,0,0,1426,0,0,0,0,0,0,0,0,0,86,0,0,0,0,0,0,0,0,0,0,0,0,0,0,0,0,0,0,0,4,0,0,0,0,0,0,0,0,0,0,0,0,0,0,0,0,0,0,0
"gene_324",0,0,0,0,0,0,0,0,0,0,0,0,0,0,0,0,0,0,0,0,0,0,0,0,0,0,0,0,0,0,0,0,0,0,0,0,0,0,0,0,0,0,0,0,0,0,0,0,0,129,0,0,0,0,0,0,0,0,0,0,0,1,0,0,0,0,0,0,0,0,0,0,0,0,0,0,0,0,0,0,0,0,0,0,0,0,0,0,0,0,0,0,0,0,0,0,0,0,0,0,0,0,0,0,0,0,0,0,0,0,0,0,0,0,0,0,0,0,0,0,0,0,0,0,0,0,0,0,0,0,0,0,0,0,0,0,0,0,0,0,0,0,0,0,0,0,0,0,0,0,0,0,0,0,0,0,0,0,0,0,0,0,0,0,0,0,0,0,0,0,0,0,0,0,0,0,0,0,0,0,0,0,0,0,0,0,0,0,0,0,0,0,0,0,0,0,0,0,0,0,0,0,0,0,0,0,0,0,0,0,0,0,0,0,0,0,0,0,0,0,0,0,0,0,0,0,0,0,0,0,0,0,0,0,0,0,0,0,0,0,0,0,0,0,0,0,0,0,0,0,0,0,0,0,0,0,0,0,0,0,0,0,0,0,0,0,0,0,0,0,0,7,0,0,0,128,0,0,0,0,0,0,0,0,0,0,0,0,205,0,0,0,0,0,0,0,0,0,8,0,0,0,0,0,0,0,0,0,0,18,0,0,0,0,1058,0,0,0,0,0,0,0,0,0,0,0,0,0,0,0,0,0,0,0,0,0,0,0,0,0,0,0,0,0,0,0,0,0,0,0,0,0,32,0,0,0,0,0,0,0,0,0,5,0,0,0,0,0,0,0,0,0,0,0,0,0,0,0,0,0,0,0,0,0,0,0,0,4,0,0,0,0,0,0,0,0,0,0,0,399,0,0,12,0,0,0,0,1,0,0,0,0,159,0,0,0,0,0,0,0,0,0,0,0,0,0,0,0,0,0,0,0,0,0,0,0,0,0,62,51,0,27,3966,0,0,1400,0,0,4,0,0,73,2,0,2,1,0,8,0,0,72,1367,1,1,3,0,0,0,2197,118,2,0,11,0,0,2,0,0,0,3,0,21,0,0,0,0,32,4,0,0,0,0,0,101,7,0,0,1085,0,0,0,0,0,0,49,0,1113,91,0,0,32,0,0,0,0,255,0,0,0,0,0,0,20,8,92,0,0,146,0,75,0,1,19,2,958,0,0,52,2,0,0,0,1938,0,36,1870,13,0,25,0,0,0,0,0,0,0,3555,0,1392,0,0,0,0,0,7,0,0,2,0,5,0,410,0,1,0,0,0,0,0,0,0,0,0,0,0,0,14,0,0,0,0,584,0,0,0,12,0,74,0,0,0,0,0,0,11,0,30,1795,0,0,0,2122,0,0,0,0,0,71,0,4,0,0,0,0,0,0,28,4701,0,0,0,0,0,0,0,0,53,0,0,0,0,0,0,0,0,353,0,0,1,0,0,0,0,0,0,0,0,0,0,0,0,0,0,0,0,0,0,0,0,0,0,0,0,0,0,0,0,0,0,0,0,0,0,8250,0,0,0,0,0,0,0,0,0,0,0,48,0,0,143,0,0,0,0,0,0,0,0,0,0,0,1,0,0,0,0,0,0,0,0,5464,406,0,0,0,0,0,0,0,3,0,0,0,0,1,0,1,0,0,0,0,0,0,77,0,0,0,0,69,178,0,0,0,0,21,11,0,520,0
"gene_325",0,3,13,0,0,66,8,0,15,318,257,409,89,0,663,0,306,2,0,8,25,349,26,0,174,136,0,0,12,3,0,0,0,0,10,0,0,0,0,2,0,0,112,33,0,294,0,0,1314,0,0,0,0,1719,217,0,3,2,1,33,2,1185,0,3952,0,1511,76,0,0,4,0,0,0,0,24,3379,0,1,0,0,0,2,18,407,50,0,0,0,2156,0,0,3,0,0,0,0,0,0,37,317,0,0,0,0,0,0,0,0,0,1,0,0,9,76,10,0,0,0,0,0,0,0,0,0,0,0,0,105,0,0,0,0,0,0,0,0,0,16350,0,0,0,575,1757,7,0,0,0,0,0,0,0,0,0,347,0,0,0,0,0,0,937,0,0,126,0,0,0,0,0,0,0,0,0,0,0,0,0,0,0,0,0,0,0,0,0,0,470,0,100,0,0,0,1366,0,0,0,0,0,0,0,0,16,0,0,0,0,0,0,5,0,5,0,0,0,0,2,0,0,0,0,0,0,0,0,0,0,0,0,0,0,72,70,0,0,0,0,583,0,0,0,0,0,0,0,0,0,0,14,0,0,0,0,47,0,0,38,0,0,0,0,4,0,0,45,0,39,0,1803,38,0,14,0,373,0,0,0,13,8,0,0,0,6699,2319,1392,3,0,0,0,1,0,17,769,7,271,0,0,569,194,0,0,0,0,17,1,43,1439,0,0,0,0,508,0,0,7,1,0,0,0,22,0,3,0,51,0,97,43,792,0,0,0,0,17,35,229,0,0,16,0,1,5,42,1430,61,0,0,0,0,5,26,3,0,0,574,0,3866,0,0,0,15,0,21,1,0,75,9,49,468,1,0,0,0,0,853,12,159,51,0,0,0,1,0,0,0,263,1511,0,0,0,0,0,42,0,0,0,1506,30,1081,0,0,0,35,250,0,0,0,0,952,4,0,0,20,0,12,597,0,956,361,618,0,127,0,6,0,0,0,27,0,0,0,11,1,97,42,0,0,0,0,0,0,0,0,14,0,0,0,0,6,0,278,0,7,0,546,0,589,0,0,0,0,0,4,0,0,0,0,341,0,0,0,0,2,3,0,14,0,369,0,0,0,0,3352,0,0,0,3,0,0,0,0,0,77,0,0,0,0,0,1505,16,5,0,0,0,0,0,0,0,75,0,6,189,0,0,0,0,0,10,0,0,1232,0,0,2,71,339,0,0,0,0,0,0,269,0,1,9,0,0,0,0,0,496,1105,0,0,2,0,899,8,0,28,0,0,0,0,1,2,34,0,1,12,656,0,0,0,0,0,0,0,6,0,0,0,0,0,0,6456,0,0,48,0,0,0,0,0,206,0,0,2,0,0,0,32,0,0,0,0,5788,0,0,0,0,0,0,0,16,0,28,450,0,0,17,0,14,0,0,1,0,101,0,1,0,7,0,5,20,2,0,0,822,0,0,0,0,1213,0,0,309,0,0,0,2026,0,0,125,0,11,0,100,0,0,0,0,22,0,0,129,0,0,0,6,88,6,0,0,0,1,0,0,0,21,626,0,5,2956,0,3805,0,7,121,0,3,0,0,1605,0,0,1226,0,0,9,0,173,0,8,0,0,0,0,1,0,0,181,0,1,0,3,0,794,0,0,0,1,0,2,0,0,0,23,6,0,42,52,0,102,894,0,9,0,0,0,0,2435,0,0,0,0,720,0,0,0,0,1,0,0,0,124,0,2,0,0,0,2,10,0,0,100,0,0,0
"gene_326",0,0,756,0,1561,0,1544,0,83,0,17416,0,3,2455,33,0,7987,0,3,4,161,0,24,0,68,2,5060,4,0,1737,0,0,0,0,7461,32,31,39,163,30,410,1513,201,6799,0,0,90,0,20,1,233,0,2802,5,19,0,0,647,29,1685,13,3261,1093,5773,0,696,433,0,5452,364,23,0,8,8,5,1,2722,1173,1452,0,6686,0,0,583,24,230,0,56,3,37,0,0,0,0,9147,562,935,0,0,349,0,7751,1037,1886,359,455,27,0,0,0,513,0,0,29,268,0,33,650,38,3,252,2,2,79,29,73,0,376,50,0,417,173,76,0,28,117,3634,114,0,7622,938,234,109,147,11635,342,281,553,226,0,17,15,245,4,8,253,3,0,4767,100,12224,1530,0,647,3362,0,18,1946,19,1,0,45,4,0,149,0,41,1928,25,8314,2,1517,1,87,0,0,196,57,0,94,41,1,12265,6812,385,6229,12,2487,2432,0,2359,3,328,0,0,21,1600,176,0,0,0,47,0,3041,117,4495,6,0,9,4,0,1475,0,0,91,12324,0,0,398,6334,710,11,0,33,8,4901,0,330,72396,165,71,0,3,1,207,0,0,50,6369,0,374,0,17,0,4,0,0,0,1940,1898,0,0,2763,0,0,0,1382,81,0,0,0,0,0,0,0,0,3,1784,0,0,1,0,0,0,0,0,0,1,0,0,0,0,22,0,0,0,0,1,0,0,0,0,16,0,308,1614,0,0,0,1,0,0,1,17,1,0,1,196,0,0,3,0,0,143,0,0,0,975,15,0,0,0,1,0,1,0,0,14,0,6,0,0,0,0,2,2,5210,0,0,0,46,0,0,0,0,1,14,23,818,0,0,1,0,0,0,0,0,0,71,0,0,0,0,0,0,0,5456,41,1111,0,282,1,0,0,0,0,0,0,0,0,0,54,439,0,0,0,0,72,224,0,0,0,569,0,0,0,1,10,0,0,1,0,11,1,0,0,0,0,403,7,0,0,0,0,0,0,35,0,0,0,0,0,0,0,0,22,0,0,0,0,0,0,0,0,0,0,14,0,0,0,0,0,0,3,0,0,0,1777,0,0,757,2,0,0,0,0,20,0,0,0,0,0,0,0,123,0,0,0,15,0,0,1,0,0,0,253,0,3161,0,0,4,0,0,0,7,0,0,0,0,3,517,428,0,12,0,0,71,0,0,0,0,0,4,65,67,0,0,25,965,0,37,0,0,0,0,0,0,19,0,0,0,0,0,0,0,0,2479,48,98,2703,3524,71,0,0,0,308,0,128,126,0,0,7,20,0,0,0,0,311,0,48,0,0,323,0,0,0,0,196,0,0,0,0,0,0,0,0,0,0,0,0,0,0,1355,0,0,146,0,0,0,0,13,0,0,0,0,0,67,0,0,0,0,0,191,8,45,0,0,0,0,0,1,0,0,0,2,0,0,629,0,766,0,0,5,0,0,0,0,126,1,0,0,0,0,0,0,0,0,0,0,0,0,0,0,0,13,0,0,0,0,0,0,10,0,51,0,0,0,0,0,0,2619,0,0,0,57,0,0,0,105,0,0,0,0,0,0,0,0,0,0,0,0,0,0,16,0,0,233,0,0,0,0,0,2050,1,0,0,0,32,732,0,0,0,0,0,0,0,0,0,705,1,931,0,0,0,0,0,0,0,0,0,0,30,0,0,0,0,0,169,5,0,0,0,0,0,0,0,0,0,0,0,0,0,0,0,21,0,59,0,0,0,3,0,0,0,16,0,0,0
"gene_327",313,9277,286,0,7149,0,0,4,0,45,3791,11,0,1628,0,31,0,0,11,0,22,5,0,1,2348,0,0,57,781,781,0,0,0,3795,0,0,3,13,1,8564,0,0,86,520,0,0,1,0,23,11,0,0,0,161,41,0,1,594,13391,4305,0,0,0,610,0,2069,1,4,130,66,4111,1,0,0,0,12,0,0,0,4653,16,2,0,173,6,0,1,414,0,0,559,0,0,1175,0,459,99,0,0,0,0,8,0,0,0,0,0,0,0,0,2002,475,20654,0,0,0,65,0,0,0,686,0,0,2,0,30,0,3,0,0,29,0,0,0,0,0,0,0,0,637,0,0,0,0,2,0,268,1,0,6,142,0,0,0,0,0,0,239,6,0,39,0,589,0,0,439,46,2661,0,3,0,1142,0,34,613,0,0,0,0,0,41,4,0,0,0,0,0,604,69,0,0,0,0,0,0,1915,1470,2967,0,1,2236,1,0,383,0,3901,0,3,1565,2529,2006,1133,0,0,5,543,38,0,2084,0,0,0,305,61,0,875,0,0,11743,0,0,162,0,0,0,0,0,225,0,0,2171,70,0,0,0,0,61,260,0,0,0,17,0,4,7,368,0,0,0,0,1,9,41,0,0,1,0,3,206,859,15,1400,115,395,0,0,235,0,0,2,0,11,310,3,0,132,0,0,0,0,0,1,0,2,0,0,378,2,0,0,30,0,11,1,2,33,1,0,148,52,22,414,1,0,0,5,86,103,504,108,387,516,0,6,351,43,940,0,6,99,1,0,625,0,0,1,0,0,953,109,0,93,452,43,38,2,359,0,35,386,34,2,0,0,1,14,14,4,0,1,379,448,0,9,9,294,615,0,5,124,0,0,1350,35,733,106,113,107,14,828,60,2,631,1,1,2,0,1195,491,1342,11,4,0,0,0,4,9,144,0,78,0,3,76,185,2,1,29,147,140,0,0,129,0,1,557,20,0,0,0,0,57,0,373,0,132,0,177,0,5,1,1105,0,51,0,0,1,0,252,0,0,0,0,5,0,671,38,0,11,71,0,0,14,153,0,0,0,0,12,1131,14,0,0,0,0,0,0,0,1334,0,0,0,119,0,391,0,0,29,5,0,2,18,0,0,0,0,290,17,0,1,0,0,0,0,3,0,0,0,0,0,0,0,91,0,2,7,0,445,184,0,0,1,119,11,333,9,45,0,0,0,0,101,1059,0,1,0,203,0,10,2,0,414,139,1,2,0,39,0,207,0,0,4,0,0,0,2,3,0,0,2,0,0,159,2,1,13,0,15,0,182,18,4,231,0,0,21,14,1212,2,1,0,95,83,0,0,57,0,0,0,11,11,0,315,0,0,17,3,1486,93,0,60,2,0,0,6,30,0,0,0,84,25,0,0,0,0,99,0,0,3,0,0,0,0,0,0,4,0,0,85,356,51,0,0,0,0,0,1,0,0,0,56,0,25,0,0,6,0,0,0,0,0,0,0,0,0,0,0,0,0,67,0,0,177,0,0,0,5,8,12,0,0,183,212,0,0,0,0,0,497,0,13,11,0,7,0,0,56,0,0,0,0,0,0,0,13,0,4,20,79,382,330,0,4,0,0,0,764,141,0,0,70,251,0,0,0,0,0,0,0,187,0,0,21,266,0,0,0,0,9,0,1,0,69,0,0,8,98,2,0,0,0,26,6,1,56,10,0,0,2,173,0,1,239,56,3,24,0,0,0,0,477,0,0,0,126,0,0,0,0
"gene_328",106,15,0,94,39,902,878,17,0,0,893,5108,0,76,0,60,35,1691,0,73,23,0,0,46,246,46,0,111,0,0,386,0,0,550,35,6115,1,71,1,1149,150,10,1066,0,158,0,109,253,2,22,5,73,456,0,0,1,0,819,0,2,99,0,1319,29,126,976,6,0,521,0,95,20,0,0,1893,0,0,0,6,0,51,0,0,3461,30,0,256,56,136,2,334,7,3876,17494,98,97,9991,430,2231,59,0,1786,1,4,23036,12,55,3,55,523,365,8,39,5,4,320,585,12,0,22,1484,84,0,1819,7,747,3,0,8020,2674,263,3,0,0,5765,6,359,50,0,750,4019,9756,2396,0,28,3720,3,6047,149,27,0,72,33291,126,7,0,4138,610,4610,78,0,307,10,1,5053,1,0,0,34,43,9,780,4235,282,248,178,0,1,8,432,0,0,1562,144,2,0,0,0,0,1421,94,5,0,4,46,175,13,329,3,21,264,0,2053,1,80,1,0,0,52,3,0,0,0,0,0,12,41,20,0,165,0,0,0,740,0,28,5338,56,553,0,0,1086,5,123,0,0,121,0,0,0,73,155,295,0,271,0,0,0,252,29,0,0,0,0,301,0,4,1,235,266,66,0,0,306,56,1,224,0,0,0,0,4,0,53,7,9439,2638,43,0,72,0,1706,199,0,320,204,0,2,389,551,0,169,5,3,1,0,0,376,538,19,0,0,0,0,0,0,1,6,16,8,0,0,718,0,0,72,428,576,0,0,3,0,0,31,0,71,0,0,396,34,0,0,0,1,2,7,279,0,0,531,0,0,1,491,1,0,7,0,1,0,1,0,32,0,0,0,1584,0,21,861,0,16,3069,16,273,813,1490,0,0,0,0,15,1230,19,0,6,0,0,0,1479,0,0,0,0,275,100,0,42,111,0,85,0,0,0,0,0,0,26,0,0,0,445,0,0,0,0,32,29,1250,0,0,0,1,191,0,0,0,247,0,68,0,19,65,26,1,0,125,2,2,0,1,0,0,129,0,0,47,0,5,0,103,0,0,0,0,71,0,426,5,453,161,0,0,0,0,0,18,3,85,708,809,0,0,2,1,1,71,290,4488,0,0,404,0,0,0,0,53,4,129,205,2,65,5,0,64,0,6,352,22,17,3,0,0,0,55,1580,0,0,0,9,0,0,20,151,0,0,4,0,52,209,391,0,0,12,909,0,0,2,30,69,43,0,0,0,0,0,0,293,0,65,0,0,0,0,0,0,0,563,2,4,0,0,0,0,0,602,0,137,0,646,166,4,487,0,847,0,0,0,24,98,5997,0,413,0,4,22,537,53,0,0,33,2037,5270,0,10688,17,235,0,18,107,2,462,2510,24,25,4617,121,0,191,2581,3,0,1,0,3,0,0,9,0,0,17,27,0,6,0,217,0,1390,1,0,1708,9,0,2,1,0,0,21,9,0,16,83,0,0,24,4,0,2,0,0,0,0,19,274,4,0,1,49,1,2,0,0,0,9,0,14480,14765,3,0,3,2360,9398,1,0,3391,0,2189,0,39,0,191,2845,0,101,5038,69,18,1,192,0,12,1708,0,693,0,3035,0,1101,0,0,36,0,3,0,236,2,34,1027,65,0,1,14,253,3,0,0,2,0,0,396,0,209,325,0,0,1,92,462,859,112,1,170,0,765,148,0,153,0,0,0,1,1310,0,558,0,0,316,15,1163,377,5,1561,181,0,0,3035,0,15098,83,585,0,3341,0,0,479,428,1,0,1,16044,0,474,55,2728,571,3594,0,0
"gene_329",0,0,5,419,0,0,5,0,0,0,0,0,0,0,0,0,0,0,0,0,0,0,17,0,0,0,45,0,718,0,0,0,0,0,0,0,0,0,0,0,0,273,0,1382,92,0,0,0,0,0,0,0,0,1,0,0,7,0,579,0,0,1621,917,0,23,0,33,0,0,0,0,14,0,0,0,0,0,0,15,3503,0,64,0,0,2,0,0,0,0,0,968,0,0,4014,0,0,0,0,0,0,0,0,0,0,0,0,0,0,0,0,0,34,0,0,0,0,0,0,0,3,0,0,0,0,0,0,1,0,0,0,0,0,0,0,179,0,1026,0,0,0,4254,0,0,0,0,0,0,0,0,0,0,0,0,0,0,239,0,0,0,0,0,0,0,1,0,0,0,0,0,459,0,0,1,0,1070,0,990,0,2849,0,0,0,1320,13,0,0,0,0,0,0,0,118,4,0,318,30,0,112,33,21,0,0,954,0,0,0,0,5367,17,0,0,0,758,0,0,0,1710,0,0,3,0,0,0,20,12,0,0,11919,1,332,65,0,170,0,0,0,0,0,36,0,0,3,0,0,0,0,0,2988,0,0,0,0,8,0,13755,829,0,0,0,0,0,0,0,0,0,0,0,0,497,0,0,1222,1529,0,0,0,0,0,0,0,144,2,0,0,0,0,0,0,0,7,69,0,0,0,0,0,100,0,0,0,240,0,424,0,0,0,0,0,0,0,0,0,0,17,1124,0,0,0,0,3,0,0,2271,0,0,0,0,59,3,0,19,0,0,0,45,0,0,0,16,0,0,0,1523,34,0,0,1585,100,0,0,0,0,4023,0,0,0,683,4,0,0,0,0,0,0,0,0,13,0,0,0,0,1,68,4,0,518,0,0,0,0,0,0,4,0,0,0,994,0,0,132,0,0,0,0,0,0,0,140,0,0,0,0,0,0,0,0,0,0,0,0,0,0,56,0,1,0,0,0,0,0,0,0,306,0,0,0,0,38,0,0,0,0,0,0,0,0,0,0,0,0,0,1,0,0,0,0,8,0,0,0,0,0,21,0,116,0,0,0,104,0,0,0,1,0,0,0,0,0,0,0,0,0,0,0,0,0,0,0,0,0,1,0,0,0,42,0,0,0,0,0,0,0,0,0,0,0,0,19,0,0,0,0,0,0,0,6,510,0,0,0,0,0,0,0,271,0,3,0,0,0,0,0,0,0,0,0,0,0,0,0,227,0,0,0,0,0,0,14,0,0,417,0,0,0,0,0,0,0,0,0,0,0,0,0,0,0,0,0,0,0,0,0,0,0,0,1520,171,0,0,0,0,0,0,0,0,0,19848,0,0,0,0,0,0,0,0,0,0,0,15188,0,0,0,0,0,0,0,0,0,0,0,1840,0,0,0,0,0,0,0,16,1,0,0,0,0,0,0,0,0,0,0,3441,0,0,0,0,0,0,0,0,0,0,0,0,0,0,0,0,0,0,0,0,0,1,0,0,395,103,0,0,0,0,0,0,0,0,0,0,0,0,0,0,0,0,0,0,0,3430,0,0,0,0,45,29,0,0,3,0,0,0,0,0,0,0,0,0,0,0,0,0,1,0,0,0,23,0,0,0,0,0,0,0,0,0,0,0,0,0,0,0,0,0,0,0,0,0,0,0,46,0,0,0,335,0,0,0,0,0,0,0,506,0,0,0,0,0,0,0,1,0,0,0,0,0,23,0,0,0,0,0,0,0,0,0,66,197,0,0,0
"gene_330",213,0,18,57,0,809,85,0,152,622,6053,22,3472,0,16,163,303,510,18,0,170,0,489,1,539,330,0,0,615,359,272,31,330,5180,0,2869,1886,807,0,0,63,289,24,0,0,0,1,364,1769,6233,105,658,222,267,3,0,24,1124,0,193,19,24,53,28,368,63,16,25,28,2523,149,34,0,219,23,16,25,3646,1354,432,819,1509,32,2185,0,0,956,5845,770,87,9,10,73,22,452,38,30,0,6336,2,0,0,810,2505,170,65,7,0,20,888,2272,628,47,194,79,29979,586,1002,5,10,0,7,107,3,79,2,0,0,7220,154,4,0,10,1463,18,250,0,173,4860,981,0,0,3219,0,3352,0,44,14,1840,0,139,0,4,0,41,7,0,2282,5,0,92,0,175,0,0,0,2,12,0,7101,2227,81,1173,3682,0,311,0,1133,18488,0,43,652,89,575,0,9,3620,1734,47,1126,16,0,871,244,4723,8989,878,1850,0,3209,939,1614,74,0,1909,138,78,117,118,7958,5382,761,7334,6323,682,23,3359,6430,8207,122,12,242,3693,7411,15,881,1507,16896,10921,3692,362,6438,3910,4444,1181,1288,0,1204,1816,1126,15,826,3660,156,2399,1612,20373,11714,5,7145,52,1047,1125,2123,161,6859,3846,122,4917,17785,689,617,166,638,8507,353,896,2098,2714,3,309,2323,1559,9113,909,1170,953,428,2081,4375,48,1917,722,336,705,2075,2754,1709,6863,906,1129,6116,4791,1176,1321,2261,1552,4167,244,6,2417,970,1351,444,465,2264,6638,826,2016,2236,33,128,478,76,1814,1776,32,4073,33,4507,3478,1389,1149,362,296,1327,101,674,1991,982,379,788,4158,1907,3275,421,3736,733,339,2115,72,453,4634,5582,1239,455,10779,7363,1440,1343,4527,541,191,4060,962,2174,4993,2411,2863,4038,1816,2017,450,4125,388,4157,3702,1074,318,816,3819,1581,535,5304,963,8322,6336,8210,7877,8819,1893,6664,170,2225,1403,246,1462,5643,8959,3037,4663,5227,5128,3712,906,2785,8560,561,714,2957,1772,10664,2625,1487,2985,1767,2410,7331,172,910,6539,979,2647,4850,4129,845,354,4317,1429,2330,4387,569,827,5035,217,15777,813,230,1771,1227,11804,1625,2652,4190,11957,6855,2900,1711,18590,10369,4969,1654,8617,3666,15807,6860,500,8828,3416,4136,2555,5160,583,1457,475,11323,6925,6580,918,18436,12650,677,5710,2115,1412,6321,6292,3718,4299,9017,10014,7990,7125,1723,1960,6531,7956,6216,944,3406,14265,3838,2220,7210,9405,1835,2795,1039,1096,5077,6341,861,31555,1451,7795,2620,1528,4218,6438,3556,979,2809,1761,4231,9398,11594,234,16867,3667,5931,2286,2623,4416,20923,3241,687,8228,7317,160,1874,504,3395,18865,1253,983,4806,4164,671,10258,8457,8837,420,3896,8372,3465,5035,14544,5470,22768,1635,4834,1222,2543,1936,22783,4378,4569,2695,5901,11191,3984,2886,2554,1014,1336,16629,1972,6337,7881,7451,1339,1518,7785,30491,5266,9642,11119,2010,4213,11836,8954,21806,10646,28344,512,8263,2270,7555,3414,61,424,734,2649,26020,2290,160,65913,10386,3130,2593,5972,1223,1064,1392,8934,1457,14500,492,1627,9447,79,414,989,37,3507,38431,793,810,12068,111,2178,138,105,572,132,6141,798,26,288,604,162,621,172,12013,2303,2055,970,11170,1004,2408,18035,987,46,6886,38416,160,24611,9949,324,0,1875,1383,9515,1203,2,228,38112,71,1176,26415,117,2285,2830,1800,13,607,4729,3176,406,2551,7724,22577,3631,3057,2061,17045,12334,1766,274,18273,2413,7766,31247,2982,15061,14318,19672,839,368,23,1477,403,190,44,4350,1429,6644,4134,945,1525,929,854,554,12062,11481,4890,3606,4570,601,8096,954,25332,1500,1003,14479,2432,6076,20453,12412,1795,12,15220,4307,12095,2324,6643,3182,4437,8143,1381,614,3768,14994,1034,3439,6250,3381,7149,5764,2555,2966,35722,870,2047,2867,47881,94283,3320,11400,12557,169,36836,1913,30083,229,1202,5815,7067,336,17106,435,1004,136,59245,5002,3389,223,174
"gene_331",0,0,0,0,0,0,0,0,908,0,0,0,1,0,0,0,0,0,0,0,0,0,0,0,0,0,0,0,0,0,0,0,227,0,0,0,0,0,0,0,0,0,0,0,0,0,0,4,17,578,0,0,0,0,31,0,3,0,0,0,0,0,1,0,0,0,0,0,0,0,0,0,0,0,0,1,0,0,0,226,2,0,0,1018,0,0,105,0,1,0,3,0,0,1,0,0,0,0,0,0,0,0,0,0,0,0,0,0,274,0,0,0,0,0,0,0,0,0,0,0,0,0,248,0,0,0,0,0,0,0,0,5,0,0,0,0,0,0,1436,0,0,12,0,0,0,0,0,0,0,0,0,0,0,0,278,0,0,0,0,0,0,0,55,6,0,0,0,0,0,0,0,0,0,0,0,5,0,0,0,0,0,0,0,0,0,0,11,29,0,0,0,0,0,546,0,0,0,119,0,0,0,3,0,0,0,0,0,0,0,0,0,0,0,0,0,0,0,0,0,0,0,0,0,0,119,0,0,0,0,0,0,0,0,0,0,0,0,0,0,0,0,0,0,0,0,0,0,0,0,0,0,0,0,0,0,0,0,0,0,0,4533,42,84,0,5,1956,0,7,5,0,15,406,0,1,330,63,155,0,83,8,3,371,33,0,528,0,0,0,85,0,3446,1079,0,0,572,0,2,186,226,19,1,186,46,0,280,3,1674,0,235,122,0,0,347,1006,1,0,1,0,0,0,0,4285,8,0,0,0,0,0,0,176,2136,362,0,308,0,119,158,28,2,1,80,7,0,355,0,0,0,3177,4164,0,0,972,32,0,81,1,0,0,83,2,0,0,4,0,111,280,36,0,11,377,0,7,0,15,5405,0,0,5,5,2180,435,14,12,1324,0,3,0,0,0,327,1331,0,764,5,0,4,0,5,0,179,0,20,0,756,911,31,189,0,2,0,326,8,3869,0,12,12,1273,159,0,287,0,13,0,2745,20,0,30,0,87,64,0,163,1291,615,4647,1853,9,2156,5,69,4882,624,1414,1602,8050,383,134,313,1027,432,108,9241,906,2208,58,18,24,3832,0,2718,887,1645,522,141,356,165,18192,652,433,1487,2,942,415,380,27,3,274,5200,1802,93,1,20,5304,1280,3,1193,26,2,318,240,751,4757,376,2323,4673,1534,162,331,1953,0,59,8228,1294,421,2004,6,60,5380,28,3689,7570,0,4343,9,957,1798,0,104,196,340,3303,0,4445,3,123,675,49,3268,212,2347,5,25,2,1182,917,26,15495,3295,60,5975,2095,414,0,221,3,2890,595,1068,193,10961,206,2648,751,603,108,17267,94,1858,36,3446,378,147,4,3583,313,3221,1492,8182,499,91,537,12,46,5055,1474,2901,131,1309,124,297,0,681,1357,245,3654,5147,1009,801,3779,2547,1,402,1898,771,687,43,0,2497,911,22546,27,924,149,2,119,0,349,7176,6164,216,1405,6,0,0,8,3096,0,2302,27,1841,5167,445,2,1664,13744,1977,633,607,12109,20,10245,469,22328,1453,166,74,6416,2,3289,278,4,230,2256,319,23557,0,36503,5779,11685,2178,2312,183,64,7,319,7792,250,0,22,25972,22,19993,704,3,530,1,114,35,3619,671,99,2130,5,326,7936,7,676,46903,6343,464,2173,1056,6851,204,537,23,517,103,10217,1418,64,1418,906,641,457,0,1449,18867,490,9,0,1175,3094,8,4642,26954,1,1608,629,265,71,465,14,205,3542,18255,1,8476,1329,4,28,538,118,689,7829,1196,5036,2448,23,68,4732,2,2609,0,3446,9024,688,5406,12397,47,36398,1546,31,3,1,0,7880,4830,38,19832,12,2928,0,0,112,382,9,1145
"gene_332",0,0,0,16,0,10,0,0,0,0,0,0,0,0,0,0,0,0,0,5747,32,0,0,0,0,0,0,0,0,0,0,0,0,67,0,0,0,0,0,0,0,0,0,589,0,0,0,0,0,0,0,0,0,39,0,0,0,154,0,0,0,0,0,0,0,0,0,0,37,0,1604,0,0,330,0,0,7,0,0,0,4,0,3377,0,3,0,0,0,1,0,1,0,0,0,0,0,0,0,0,0,1078,0,0,0,0,0,0,191,0,0,0,2,0,0,0,0,0,0,0,10,0,34,0,0,11,0,0,0,0,0,0,0,0,0,1745,0,0,0,0,0,0,0,0,0,0,0,49,0,0,0,14,0,0,0,0,2212,17,0,0,0,185,0,0,0,0,0,0,0,0,1,0,0,0,0,0,0,8,0,0,19,0,0,0,0,0,0,0,0,2,0,0,0,0,0,0,0,0,1,0,0,0,0,2,1,0,8,0,0,0,0,0,0,0,0,0,137,0,0,0,0,0,0,0,0,0,17,0,0,0,46,0,0,0,0,0,0,0,0,0,0,0,5,35,0,0,0,184,0,0,92,0,0,10,0,0,0,0,0,0,0,0,8,0,0,986,0,0,0,0,0,600,0,0,0,1687,0,0,0,0,0,5,0,0,0,0,0,0,0,59,0,0,0,0,0,0,0,0,0,0,1426,1,0,0,0,250,0,0,4689,0,0,0,0,182,0,1,0,0,0,0,0,6921,0,0,94,13,0,0,0,0,0,0,0,0,0,0,15,0,593,0,0,0,52,0,0,537,0,0,0,0,0,0,0,11,0,0,4,0,0,231,2403,0,2,1231,8725,0,2791,14,4,0,0,19,0,9039,0,0,0,0,0,91,237,0,53,0,0,0,2,0,0,0,0,0,0,0,8,0,3009,0,0,0,0,0,0,0,0,0,3,0,0,0,0,104,0,18,258,0,0,0,0,0,0,0,3,0,0,0,0,0,0,0,0,2,0,30,205,0,0,0,0,1789,0,27,0,0,0,0,0,0,0,0,0,0,0,0,0,0,0,0,0,0,0,0,0,0,0,73,0,0,0,0,4,0,0,0,0,0,14,0,0,0,0,0,0,0,0,0,0,0,0,56,0,0,496,0,0,0,0,1,0,0,0,0,54,29,0,0,0,0,4715,1,0,0,0,0,0,4,90,0,0,0,0,2,675,0,0,7,0,1302,0,0,0,0,12,0,0,0,0,0,0,0,0,0,0,0,0,0,0,0,0,0,29,0,0,0,0,13,0,124,0,193,0,0,0,0,5,0,0,0,0,21,0,0,0,0,0,0,0,0,0,0,0,0,0,0,0,0,2440,0,0,0,0,0,8,0,0,0,0,0,0,0,0,0,0,798,0,0,0,0,0,0,0,0,0,0,0,0,118,0,0,663,0,0,0,0,44,0,0,0,43,1,0,7,0,311,0,0,0,0,0,0,0,0,0,0,0,89,0,119,8,0,25,0,0,0,0,2,89,0,0,9,0,0,42,0,0,0,569,0,0,0,0,0,0,0,0,0,0,0,0,666,0,0,0,0,0,1,0,0,0,0,0,0,0,0,0,0,0,110,0,0,0,0,0,0,0,229,45,0,0,0,0,0,75,742,0,0,2,0,0,0,3,0,125,0,0,0,0,0,0,0,0,0,0,0,0,0,0,0,0,0,0,0,0,0,0,0,0,0,0,0,0,0,5,8,0,0,0,0,0
"gene_333",16171,45576,13573,13163,24268,14040,41134,10313,8865,28625,24926,20234,23137,16114,7929,18845,16645,25705,13079,14319,3174,5451,19282,64264,5275,9582,17020,2940,5604,28997,680,6550,9409,10991,30020,11501,22904,32506,21423,7551,22803,4079,9479,10173,4793,76088,23835,14963,18352,17407,20815,4243,6447,8283,14118,6487,25447,43097,4902,39140,6259,3326,3829,43248,19136,5266,20816,25278,14878,75405,11328,1710,1512,28588,38592,23282,19989,2129,13678,40996,45682,8786,38229,8183,35997,38938,2908,41820,20504,6222,23747,13216,105,1124,589,2,125,420,5214,986,560,3337,8,791,155,4126,0,26,61,727,697,37,330,232,326,798,11,121,489,1,6658,5,912,369,4077,521,791,1829,7166,293,1187,971,1640,92,5761,218,2757,1382,376,307,2133,37,2146,7261,0,42,573,67,455,8245,5380,1102,2698,1080,1069,2575,11,51,9,703,14,489,3279,3,112,582,326,8613,57,606,2823,1134,2,500,4,1722,5358,7753,2,551,11482,20,1002,928,6,218,9,2058,1,3220,5775,9272,10202,572,304,4426,166,5331,48,0,6927,48,3469,6906,4050,161,2514,8340,3727,4004,43212,153,2450,322,7893,160,13358,7289,12828,6033,55,76,1467,5296,184,4108,695,14616,369,5274,1918,3666,529,819,1632,5106,57994,2050,1424,3346,1761,19727,7,14202,43,4964,4858,3121,0,1289,544,45,734,4,60,9927,13103,186,13762,1119,390,14,298,57,386,491,95,16,1894,2855,11054,17087,4552,556,268,993,543,3368,2098,1096,481,146,572,61,403,318,0,4,354,3805,1230,69,619,2911,455,2304,41,348,1680,6866,2367,4690,2987,2531,1667,0,1303,4442,958,205,148,647,0,202,1802,3701,2576,3133,1564,3630,59,159,993,362,80,5784,333,53,1216,12,2623,143,195,1961,2147,1098,105,706,63,73,21,2688,83,2636,4366,60,497,5046,730,450,3553,188,329,217,0,6500,100,7367,722,1530,7761,186,407,2741,629,1757,142,1238,6,143,256,2226,18,21,8025,5888,1,5117,4652,137,3049,691,684,6154,9700,10,1,157,2121,189,3257,3544,740,47,1777,12595,1817,51,588,1847,1228,773,9844,1936,3456,4498,5460,8805,8908,2666,546,1694,789,6606,97,625,20220,3376,1197,16,1170,6601,1308,1636,105,5450,12680,3115,5707,2,6005,7090,5264,11743,882,2113,8960,334,10554,1299,2376,5961,3894,2195,4296,7822,6043,3562,26559,1131,1666,6537,1488,175,5400,24138,8818,5334,1907,26697,12044,372,3680,556,5642,1506,2722,264,11435,4702,15505,1594,9444,19556,12941,5854,4043,1786,3428,5456,7362,1025,5226,8496,17549,2848,940,2743,10722,2718,4993,14585,28325,4333,1085,39687,1705,4069,6778,5628,670,10815,13942,13341,21009,8645,213,52967,17201,9278,14424,1932,26874,3846,2507,4069,2411,6876,4592,35982,668,15672,24350,3350,5831,7223,13746,14764,3976,711,8285,11080,1882,2122,436,4160,4399,747,8030,9369,26442,3728,9874,38890,4895,3786,3307,3876,4862,7939,2435,3303,3696,6880,9923,3305,15884,15824,25112,18759,1377,3461,2223,2087,21693,11049,51761,35620,1152,5092,3064,16308,2338,11,1017,15091,2920,385,4667,4475,2488,4320,28960,841,19266,105,14202,33894,24,330,792,348,109,1607,9561,4719,27672,199,12812,11733,1423,5799,219,2738,5549,37,17932,10605,121,13939,4734,3175,4404,382,6285,17101,5145,3313,21505,172,3989,702,504,10988,23806,6828,108,3141,2198,1,27508,26674,31733,23,3222,1414,54309,1554,33,13259,9225,467,0,21060,4801,3480,96,19,6935,6704,2337,1119,30533,11074,12677,2357,813,2890,1716,5281,35577,446,852,28543,10405,2646,23163,34333,7483,93,39418,44519,2100,67,6981,2730,5266,13667,3040,19711,1167,1369,18601,4513,37,10671,3,6377,8423,6364,610,357,11958,2299,10230,30066,3268,7326,8426,3993,6473,8917,1559,2856,4584,1428,5900,4372,784,1093,7482,32831,15207,4011,10953,427,17115,1227,44,402,1136,1481,854,351,3591,445,25396,87,23,8899,2193,14,490,2439,1113,871,576,24559,5334,3848,10338,2017,18,16497,3472,11559,1494,61029,934,2864,575,17372,1219,6945,2738,5472,18685,10034
"gene_334",1865,911,11,0,2633,1513,1132,4608,61,0,0,0,5486,2786,22,1,15,0,5,1,158,1036,342,183,4,0,4925,0,250,2549,861,1406,4,0,1573,1,2661,167,2560,0,282,0,0,16,19,7,0,6,144,2136,1819,0,567,80,733,0,159,196,58,38,1,1202,0,21,5,6342,8557,164,840,4807,723,16,1,88,0,39,4,796,39,0,12413,0,0,188,1772,0,0,1514,1,0,0,0,3,0,1129,0,2404,162,11,27,1,0,88,63,0,14832,6,0,0,389,420,2,3,6,60,0,34,0,789,10,74,207,0,2,0,0,0,80,5,1824,250,1886,2,0,9702,0,0,0,0,81,106,187,161,0,0,130,5,1,998,64,2325,1142,0,5304,3,955,0,0,18,109,0,0,78,1,5,6,30,105,0,0,0,0,75,1,0,5076,1998,261,4000,1,0,0,876,0,322,1260,13,0,4803,0,0,0,0,1765,42,0,57,0,0,0,2,2,200,0,11277,8,94,20,200,0,0,4,3,91,2823,1955,0,0,0,0,0,1,183,1,0,97,0,1677,0,240,671,0,325,0,0,93,0,0,2121,0,31,0,0,2911,0,0,1295,2,0,13,805,3007,0,0,3069,60,0,190,193,0,256,0,0,0,0,0,0,0,0,0,0,0,0,0,0,0,0,0,0,0,0,20,0,0,0,0,0,0,0,0,0,0,0,1825,0,0,0,0,0,0,0,0,0,0,0,41,0,0,0,0,403,0,0,0,0,0,121,49,19,0,0,0,3224,0,0,0,0,0,0,0,0,76,0,0,0,0,0,0,0,0,0,1065,0,0,116,23,0,0,0,0,0,0,0,2,0,1,0,0,1906,0,42,0,0,0,0,0,125,271,0,0,0,0,0,0,0,0,0,2,4,0,0,0,52,0,0,0,0,0,0,1,0,0,1,0,1,0,0,0,0,0,0,0,0,0,0,0,0,0,0,1357,0,0,0,0,0,0,0,0,0,0,0,0,1158,0,0,0,0,5,0,2,0,0,236,0,159,0,0,0,0,0,23,0,0,0,113,0,0,0,0,0,0,0,13,6,0,0,0,0,0,8430,9,0,5,0,0,16,0,0,0,343,0,0,0,0,0,0,0,65,0,0,915,0,0,1033,0,0,0,0,0,0,0,0,0,0,2,0,0,0,0,90,248,0,1127,0,0,0,0,0,0,0,0,187,47,0,19,0,0,0,0,0,0,0,1,0,0,0,0,0,0,0,0,0,0,0,1,0,20,0,0,146,0,0,526,0,0,0,0,0,0,0,0,0,0,0,0,0,0,0,0,0,0,0,0,0,0,0,0,0,0,0,0,6,1,0,0,0,8,0,0,0,0,0,0,0,0,0,16,0,0,0,0,0,11,0,3,0,172,3,0,35,0,0,0,0,0,0,0,0,5,0,0,0,0,0,0,13,0,1,0,1,0,0,0,0,0,49,0,0,0,0,0,2,0,0,0,0,0,0,0,0,0,0,0,1,0,0,0,0,0,0,0,1,0,0,0,0,0,12,0,0,0,0,0,0,0,0,0,0,0,0,0,0,0,42,0,0,0,0,0,0,0,0,0,0,0,0,0,0,0,6,0,0,0,0,0,5,0,0,0,0,0,20,0,0,0,0,0,0,0,0,7,0,1,0,0,1,1,0,0,4,0,0,0,82,0,0,1,0,0,0,0,0,0,0,0,0,0,0,0,0,0,0,0,0,0,0,1,0,0,0,0,1,0,0,0,0,0,0
"gene_335",250,1,0,0,0,110,0,0,0,5,1309,91,1,0,0,0,1911,0,0,0,629,0,0,0,0,0,0,194,3,0,0,0,1,0,0,3,0,0,630,14,5,0,0,0,0,77,0,0,0,0,4,136,0,0,0,854,0,0,3,0,0,0,0,0,0,1040,0,133,27,0,0,0,0,0,0,0,0,0,0,0,0,0,0,0,0,6,3,1,0,0,0,0,0,0,34,0,0,0,0,0,0,0,0,0,2,0,0,70,0,0,0,0,0,0,0,0,0,0,0,0,0,0,6,0,0,0,0,0,0,0,0,0,0,0,0,0,0,0,79,0,0,0,0,0,0,0,0,0,0,0,0,0,0,0,0,0,0,0,0,0,0,0,0,0,0,0,0,0,0,0,0,0,0,0,12,0,0,0,0,0,0,0,0,0,0,0,0,0,0,0,0,0,0,0,0,0,201,41,0,103,8,345,6,0,90,0,355,12,440,61,0,27,0,0,3054,3196,3478,1435,34,0,136,66,63,1906,0,182,44,0,4967,0,266,0,0,0,15,34,23,1797,0,0,4466,0,0,2,10,2,0,6293,0,0,340,99,52,372,0,4137,224,99,35,0,12,0,97,0,13,2,4,491,1,67,0,0,0,0,0,49,0,11,13,1,77,0,3,12,46,3,0,97,0,0,0,0,44,74,0,0,18,27,0,0,0,128,0,216,0,0,16,16,669,0,0,0,0,0,0,102,0,0,37,156,0,7731,0,0,0,26,0,0,0,0,1004,25,2,66,256,73,0,0,0,25,29,5,7,2077,84,0,49,1,521,0,83,0,0,25,0,0,63,2,0,0,1915,0,0,0,0,657,46,2,0,1,111,0,0,50,938,13,1240,1,0,2,13,0,1,9,0,0,350,279,14,19,65,0,0,0,0,181,29,6,16,1,304,98,275,1430,0,0,0,0,26,166,0,0,10,0,255,0,0,72,0,50,0,2017,0,491,25,17282,856,9,575,0,7,2,71,2800,4,3257,375,1,684,294,239,447,214,2,1906,3,113,297,885,1087,3343,93,628,0,7,2267,1224,151,320,5,196,0,4193,0,2073,1,22,67,1,750,2827,266,3082,18,104,2653,153,3550,3823,468,12,2479,2,17,179,1,346,89,607,0,715,92,49,582,7,900,348,1,5270,560,20,659,190,1571,2450,97,16,16,5,24,7,3,8,6085,4,0,9,20,108,3002,35,213,59,15,602,1646,778,3,9,609,29,1313,793,80,1775,19,1,747,0,3325,78,36,168,0,63,411,2375,1,1,89,611,1245,5,486,113,1585,231,12349,7,6,567,142,2019,698,1437,1906,113,367,32,317,155,0,1186,302,21,49,0,1,0,5080,3,0,0,1517,62,30,0,89,24,0,0,1488,0,0,0,1125,838,19453,95,0,4,32,903,109,0,1,14,0,48,8,1296,52,581,0,0,0,1838,334,0,299,2232,22,0,0,69,503,2183,17,1,1,1563,1486,0,430,0,0,0,106,958,0,1869,499,0,4533,0,0,0,12,0,13,0,36,0,92,779,1,0,0,1360,554,0,466,2953,1795,0,0,0,0,54,50,2,433,0,12,661,0,33,1,0,22,0,0,16333,1,1,315,0,4,0,214,0,0,112,145,19,960,0,1,0,0,1796,0,36,819,0,0,0,30,0,0,417,0,6,2,0,10,0,23,3,2279,841,63,0,4287,143,1375,2,0,99,30,9,0,21,354,2,7768,158,0,66,2,24,10535,3667,0,208,5459,0,9219,0,3828,6,1,0,311,97,0,2,7
"gene_336",71,0,0,149,0,275,0,0,0,0,0,0,0,70,1,0,0,0,0,0,0,0,46,0,0,0,460,0,0,0,46,0,0,1848,325,0,0,0,0,0,165,0,0,0,0,0,0,620,7,0,0,0,0,0,0,769,1075,0,4,0,423,0,6447,0,0,0,416,0,0,0,385,186,0,0,0,0,1,0,0,23,0,0,0,112,0,0,0,0,11,0,439,0,5,0,0,1270,71,0,0,0,0,0,0,0,0,1341,0,728,0,0,1477,274,11,0,0,0,0,0,0,0,0,0,0,0,1,0,1,0,1,0,68,0,0,0,23,0,0,0,1223,0,0,0,637,0,799,0,0,0,894,316,0,0,0,0,0,83,0,0,0,0,155,0,0,47,0,0,0,10608,137,2399,0,0,39,0,9,0,0,11,4685,0,0,0,0,0,0,0,0,488,0,0,0,0,0,15,0,0,0,0,0,0,0,0,0,11,0,0,0,4,0,246,0,0,0,0,0,0,0,8,33,0,0,0,0,0,0,0,0,0,0,0,4,0,0,7,0,0,0,0,727,0,0,0,0,0,0,2563,0,0,0,0,0,0,0,0,0,0,0,0,0,0,0,0,0,0,0,0,0,0,0,0,0,3,0,0,0,0,0,11,388,0,0,0,0,0,0,0,0,0,0,0,8,0,1,0,0,7,0,0,0,0,0,0,0,8,0,0,0,3,0,0,0,0,0,0,0,0,0,1,0,0,0,0,0,0,0,0,0,0,54,0,0,0,0,0,0,0,174,0,0,0,0,0,637,0,0,0,0,0,15,0,0,0,0,0,0,0,0,0,0,0,0,0,0,0,0,0,0,0,0,0,0,0,0,202,0,0,0,25,0,0,0,0,0,0,0,215,0,199,0,0,0,0,159,0,0,1,0,0,0,0,0,1,1,0,651,0,0,0,0,0,0,0,0,0,0,3,0,0,100,0,1062,0,0,0,58,0,0,11,0,0,0,0,0,0,0,0,0,0,164,0,0,0,0,0,0,0,0,20,0,0,0,0,0,9,0,0,0,841,0,0,0,0,169,0,0,0,0,0,0,0,36,0,0,0,0,0,0,0,0,0,0,0,0,0,0,0,0,0,0,0,0,5,0,0,0,0,0,0,0,0,0,0,3,0,0,0,0,0,0,8,9,0,0,0,1,0,0,0,0,0,0,412,0,0,0,0,0,0,0,0,0,0,0,15,0,0,0,0,0,77,0,0,0,0,0,9,0,0,0,0,0,0,0,0,0,0,0,0,0,0,0,0,0,131,0,0,0,22,0,0,0,0,0,0,0,0,0,0,0,0,0,0,0,0,0,0,0,0,0,0,0,0,0,0,0,0,0,0,0,0,0,0,0,0,0,0,0,0,0,0,0,0,0,0,0,0,0,0,0,0,0,0,0,0,0,0,0,1327,0,0,0,0,0,0,0,0,0,0,0,0,0,0,0,0,0,0,0,0,0,0,0,0,0,0,0,0,0,0,0,0,0,0,0,0,0,0,0,0,0,0,0,0,0,0,0,0,0,0,0,0,0,0,0,0,0,0,0,0,0,0,0,198,0,0,0,0,0,0,0,0,0,0,0,0,0,0,0,0,0,0,0,0,0,0,678,0,0,0,0,0,0,0,0,0,0,1278,746,0,0,0,0,0,0,0,0,0,0,0,0,0,0,0,0,0,0,0,0,0,0,0,0,0,0,0,0,0,0,0
"gene_337",0,0,0,0,0,0,0,0,0,113,0,40,0,0,0,1,0,91,0,0,0,0,33,219,0,0,0,0,4,0,1198,0,0,452,0,132,0,0,0,1,0,0,0,0,0,0,0,0,0,2,0,0,0,0,147,0,0,0,0,0,7,0,0,0,0,0,0,0,0,0,154,0,0,0,0,45,0,391,0,3,0,0,0,0,413,0,299,0,0,2,0,0,0,0,0,0,49,0,0,24,3,0,122,1,0,283,75,0,0,7,1,0,0,440,0,423,15,0,0,0,0,0,0,0,12,0,0,7,2,0,0,0,0,34,4,81,1,100,3,5,0,0,3,12,80,0,0,352,0,0,551,0,42,0,42,1,0,0,0,0,0,0,88,0,0,0,0,2,222,297,0,0,0,0,1522,1,1,18,0,0,11,0,158,38,12,0,0,55,0,0,164,457,0,921,24,0,0,0,0,5,0,0,0,0,28,0,0,0,0,0,2,0,387,0,0,34,23,0,593,0,0,0,0,0,0,0,0,0,0,0,0,0,0,0,0,0,0,0,0,75,0,0,0,879,0,15,0,0,0,0,0,0,0,0,0,0,4,0,0,0,609,0,104,2,0,0,0,0,17,0,0,0,0,0,0,0,0,0,0,0,0,6858,0,5,0,2559,0,0,0,3208,0,0,26,0,0,0,0,0,37,0,12,3,0,0,0,0,30,0,1,0,0,0,0,0,0,0,0,0,0,0,0,0,0,0,0,0,0,0,28,0,3,0,43,0,0,0,0,0,0,0,0,0,0,0,0,0,7,419,0,40,2,1462,0,0,2651,0,0,0,0,0,280,0,0,14,0,0,35,0,400,5,0,0,0,1,0,392,0,13,0,0,5725,47,0,0,0,0,36,7,0,356,0,619,1167,2,7,451,0,0,89,0,100,254,100,156,0,0,0,4,1134,282,0,0,0,0,446,0,11,1,0,0,0,36,0,0,111,0,2,14,0,0,0,0,4,71,0,0,3371,15,0,306,251,0,2,822,0,0,0,23,374,39,2,3,0,195,0,901,0,0,68,0,0,0,0,546,0,0,0,1,0,1060,974,0,93,1,0,625,2,3,1,587,27,9,688,0,90,0,1,64,13,0,0,1,501,41,0,0,0,0,1698,0,6,0,322,25,158,1339,0,168,311,0,251,0,0,0,12,0,0,24,0,1,3,0,1080,0,8,0,0,32,1,248,410,0,7,11,0,0,0,0,83,0,0,0,97,2448,0,187,418,0,0,0,0,43,0,0,0,0,0,4495,0,0,0,0,304,0,117,148,51,1,0,0,0,272,0,0,69,0,0,25,0,0,0,0,256,6845,0,6,5263,0,0,432,0,0,5,9,15,2,292,0,36,0,22627,0,0,60,0,0,12,0,95,142,35,0,0,0,0,15,417,0,0,0,1048,6756,386,0,3402,2,6,2115,0,0,1,0,2,0,1068,0,0,0,368,72,0,189,0,11,1783,606,0,11,0,0,703,0,1,0,1411,2305,0,0,0,1476,10,174,0,140,488,280,0,62,2,0,3,0,0,0,0,0,0,1524,1,9,569,44,0,0,0,178,307,2836,0,822,419,0,200,0,50,68,0,9,0,0,0,0,1,285,0,303,7,0,712,19,0,9,714,0,0,48,18,0,0,0,0,0,0,11,0,405,0,0,4,0,4,264,21,142,177,12,0,0,909,7254,0,114,0,385,453,854,48,241,0,22,1,3294,1,0,0,0,0,0
"gene_338",0,0,0,0,0,0,292,0,0,0,0,0,0,0,0,0,0,0,0,0,0,0,0,0,0,0,0,0,0,0,0,0,0,0,0,0,0,0,1,0,0,0,0,0,0,0,0,0,0,0,0,0,0,0,5,0,0,0,0,0,0,0,0,0,0,0,0,0,0,0,0,0,0,6,0,0,0,16,0,0,0,0,0,0,0,0,0,0,0,0,0,0,0,0,0,0,0,0,0,0,0,0,0,0,0,0,0,0,0,0,0,7,0,0,0,0,0,0,0,0,0,0,0,0,0,0,0,0,0,0,0,0,0,0,0,0,0,0,0,0,0,0,0,0,0,0,0,0,0,0,0,0,0,0,1,0,0,155,0,0,0,0,0,52,3,7,0,1,4,0,0,0,0,0,0,0,0,0,0,0,0,0,0,0,0,0,0,0,0,0,0,0,0,0,0,0,33,0,0,1,0,0,0,0,70,0,155,172,0,74,0,13,0,0,0,205,0,0,0,24,0,0,0,0,0,97,0,0,0,3668,0,0,0,50,0,12,0,0,0,0,0,50,0,158,0,0,0,671,5,0,0,0,55,0,0,0,891,0,0,0,15,0,0,0,0,0,0,0,3,0,52,1583,0,1316,0,59,0,0,0,184,0,0,0,0,6,0,0,0,0,0,475,0,0,0,0,0,0,0,0,0,946,0,0,0,0,2,0,2,0,0,66,0,0,0,0,0,0,0,0,1,0,0,0,0,27,0,0,0,0,0,1,0,0,4011,0,0,0,8,34,0,0,0,0,0,0,0,0,0,0,0,0,0,0,0,0,0,0,0,0,0,0,0,0,0,47,0,0,0,11,2000,0,0,7532,0,0,0,0,0,0,3,0,0,6159,0,0,0,0,19,0,285,62,1133,0,0,0,0,0,0,0,0,0,0,1002,0,0,0,0,0,349,6,0,0,0,0,0,541,2,0,0,1,0,2,1,975,0,0,0,0,43,1,2,159,0,22,0,0,1,1,0,0,0,732,0,4,3267,2230,0,0,1770,0,0,0,0,0,0,0,0,0,0,0,0,0,0,0,0,0,6,0,684,0,0,0,0,0,0,0,0,0,0,274,0,0,0,0,8,0,0,3,0,0,0,0,87,0,0,0,100,0,5,0,0,0,0,0,65,0,0,0,0,0,0,0,0,94,0,0,0,0,17,0,0,0,0,0,210,0,0,0,0,0,0,9,0,0,0,0,0,0,2,754,0,0,0,0,0,0,0,0,0,2,0,351,0,0,0,0,0,0,0,1835,0,0,3882,0,72,0,0,0,3,11,0,0,0,0,0,330,0,0,0,0,129,0,0,0,28,0,0,0,0,0,69,0,0,0,0,46,0,0,0,0,0,0,0,0,0,0,0,0,0,0,103,0,724,0,0,0,0,0,0,0,0,0,0,0,0,0,0,0,0,0,0,0,0,0,0,0,0,0,0,0,0,0,0,0,0,0,0,0,0,0,0,0,0,0,0,0,102,0,0,0,0,3,0,0,0,0,0,0,0,0,0,0,0,0,0,0,0,0,0,0,0,0,0,0,0,0,287,0,0,0,0,0,0,0,0,0,0,0,0,0,0,0,1,0,0,0,0,0,0,0,0,0,0,0,0,0,0,0,0,0,0,0,0,0,0,0,0,0,0,69,0,0,0,0,0,0,0,0,0,0,0,0,0,0,0,0,0,0,0,0,0,0,0,0,0,0,0,0
"gene_339",58,18,0,0,0,0,0,0,4,0,0,0,662,0,0,0,0,1,0,0,0,0,8,0,0,2,100,0,0,0,10,0,0,51,163,0,0,0,0,0,0,0,0,0,0,10,57,0,1,0,0,1,0,0,0,41,11,0,0,234,0,0,0,14,0,0,1,442,12,2,0,0,7,0,0,0,1,0,0,28,0,0,0,0,0,7,0,0,0,0,1,1,0,0,0,0,0,0,0,0,0,0,0,0,0,0,0,387,0,0,14,0,0,0,0,0,0,0,0,0,0,0,0,0,0,0,0,0,10,0,124,0,0,0,1,0,0,0,0,0,0,0,0,0,0,0,0,0,0,0,108,0,0,0,1905,0,0,0,0,0,2,0,0,0,0,0,0,0,0,0,0,0,0,5,0,0,0,0,0,0,0,8,0,0,0,0,0,0,0,0,0,0,0,0,0,0,0,20,6,0,0,0,0,0,1,2,306,0,0,0,0,0,22,0,0,0,64,0,0,157,87,0,0,4,0,0,0,0,0,0,0,27,0,0,1,0,0,0,0,0,0,0,0,0,0,0,0,0,0,45,0,45,1,0,0,0,0,0,0,0,52,0,5,0,0,0,56,13,4,2,0,0,0,23,2,1,1,18,28,4,4,2,0,12,0,18,1076,59,34,0,18,0,2,0,1,0,67,0,4,0,0,3,0,0,226,338,41,0,14,1,48,1,0,0,34,92,2,3,1,10,12,0,0,0,0,1,22,0,168,0,0,48,0,0,0,2,1,0,11,55,0,45,34,241,57,4,0,0,0,3,331,1,26,19,0,1,0,0,5,4,0,1,1,0,0,55,74,0,0,200,11,0,1,17,10,702,18,4,21,0,1,3,1,0,1,20,31,150,8,1,0,0,35,0,133,0,22,304,46,0,147,2,0,3,90,1,0,1,2,99,2,101,60,127,2,277,8,0,0,0,31,51,3,1,0,43,34,0,2,0,0,92,39,0,7,9,94,47,0,14,0,0,97,0,0,1,2,0,0,181,95,273,0,0,0,1,216,34,213,0,0,87,2,14,68,3,22,1,0,91,0,0,0,0,0,243,0,249,15,0,159,16,7,59,0,0,6,0,0,2,3,5,13,6,0,48,67,0,0,0,2,0,22,0,0,0,6,0,0,1,10,7,6,199,0,0,3,861,0,20,0,0,0,132,7,7,2,0,0,245,0,16,0,1911,0,0,0,0,0,171,4,13,0,173,13,103,0,0,0,0,0,0,0,0,0,77,15,137,96,0,0,0,4,0,18,0,0,470,0,0,0,0,0,22,0,1,1,18,0,3300,0,557,1683,11,0,1,0,29,3,0,2,11,147,0,0,4,0,117,110,3,3,937,9,0,8,2344,6431,0,121,85,1276,133,193,11008,0,161,0,2209,1455,0,62,10,42,2,0,0,3,292,0,3112,2294,39,838,1,1,2,31,1530,0,1048,15,0,0,0,8322,9,667,0,4661,0,9,6869,3,75,165,0,0,2047,158,247,7,133,2,495,33,0,7,39,42,458,0,3963,2,0,27,0,0,0,0,313,3,1,3,42,0,318,0,5,290,2,107,1,0,0,19,0,1,383,0,17,0,10,0,1,0,0,13,9,1477,54,0,0,1038,69,0,152,12,248,3392,1468,396,0,293,32,443,0,182,0,3643,0,1,1,0,82,0,0,0,174,3525,0,28,1618,0,513,0,22,21,155,0,0,1222,2851,0,701,117,0,0,1385
"gene_340",0,590,48,0,0,0,0,0,0,0,10,0,13,0,531,0,0,0,0,0,0,0,666,0,0,754,0,0,8,0,11,0,150,0,0,112,0,0,0,0,0,0,0,0,0,0,0,0,77,0,0,0,0,0,0,54,0,0,86,0,0,0,8,1,0,0,11,0,1,0,0,157,0,0,0,0,0,0,0,0,0,0,1,0,0,69,0,0,0,0,0,0,0,0,1,0,0,0,298,0,0,0,0,0,0,0,2,0,0,0,0,63,0,20,0,0,0,0,0,0,0,0,0,0,0,195,0,0,0,0,0,0,0,0,0,64,58,0,0,36,0,0,10,0,0,0,0,0,0,406,0,0,31,1,193,0,0,0,0,0,296,0,0,0,0,0,0,0,2,3,0,0,0,0,7,28,2515,0,0,0,0,0,490,0,0,0,778,0,21,0,0,0,0,0,0,0,0,0,0,0,1,0,0,1,1,0,0,0,0,0,0,0,0,0,0,0,0,0,9,0,5,0,2,0,1,0,0,5,0,0,1,1,0,1,0,0,0,0,0,0,1,0,3,0,0,0,5,0,0,0,0,0,0,0,1,2,0,0,7,4,0,0,0,0,0,0,0,0,0,0,0,0,0,0,0,21,0,0,0,0,0,0,0,0,0,0,0,0,0,1773,0,0,0,0,0,0,0,0,0,0,0,0,0,0,0,0,0,0,0,0,0,0,0,0,0,11,0,0,0,0,0,0,0,0,0,0,0,0,0,15,0,0,0,0,0,3,0,0,0,0,0,0,0,0,0,1,0,0,0,0,0,0,0,0,0,0,0,0,0,0,0,0,0,0,0,0,0,0,0,0,0,0,0,0,0,0,0,0,0,0,0,0,0,0,0,0,0,0,0,0,0,0,0,0,0,0,0,0,0,0,0,0,0,0,394,0,0,0,0,1040,0,0,0,0,0,0,3,403,0,0,0,0,2,0,0,0,0,0,0,0,0,0,0,0,15,0,0,0,0,0,0,0,0,0,0,0,0,0,0,0,0,0,0,0,0,0,0,0,0,0,0,0,0,0,0,0,0,0,0,0,0,0,0,0,0,0,0,0,0,0,0,2,0,0,0,0,0,0,0,0,0,0,0,70,0,0,0,0,0,0,0,0,0,0,0,0,0,0,0,0,0,0,0,40,0,0,1,0,0,0,0,0,0,0,0,0,0,0,0,0,0,1,0,0,0,0,0,0,0,0,0,0,0,0,0,0,0,0,0,0,0,0,0,0,0,33,0,0,0,0,0,0,0,0,0,0,0,0,0,0,0,0,2848,0,0,0,25,4,0,0,0,0,0,0,0,0,0,0,0,1,0,0,0,0,0,0,0,0,0,0,0,0,0,1,0,0,1,0,0,0,0,496,1023,1,0,0,0,0,0,151,0,0,0,0,0,0,0,0,0,7,889,0,7,0,366,0,0,0,6,0,0,0,0,0,0,147,0,8,0,1,0,0,0,15,5,0,404,0,0,3109,0,0,0,0,1,0,0,0,0,0,0,0,0,0,45,0,0,9335,0,0,0,8,0,0,0,0,0,5,0,0,0,4,0,3,0,1911,0,0,0,0,351,0,0,0,0,37,186,25,2863,0,0,0,3,0,0,0,0,1,5,0,0,0,0,10,0,0,0,0,0,0,0,0,0,0,0,93,0,0,0,0,1,0,514,0,0,187,3,0,0,17,565,0,0,1872,2940,0,0,0
"gene_341",2224,0,0,2,9,0,0,0,0,0,0,0,22,0,0,0,0,0,0,0,0,155,0,0,0,0,0,0,0,0,0,0,0,0,13,0,0,0,0,0,0,0,0,0,0,0,0,977,0,0,0,0,0,0,0,0,0,0,0,27,0,0,0,0,4,2,0,0,3,0,0,22,0,0,0,1358,0,9,0,0,0,1341,74,2282,0,0,0,0,17,72,0,0,0,0,648,0,93,8,46,0,3,1,200,0,0,0,0,339,0,0,0,125,0,94,0,0,5,900,4,0,0,420,0,0,0,0,1,0,4440,41,44,0,70,6,0,0,10,12,0,0,0,557,0,53,2291,301,10024,0,815,86,0,0,708,81,65,0,6712,682,10,0,329,2724,0,14,0,0,1,466,7,309,30,1,234,0,75,90,0,0,2,0,0,650,3,0,1,2,503,14,0,0,0,0,0,14,0,0,3,0,0,24,0,174,0,0,9,0,1,0,0,0,0,90,2,0,23,0,35,11,0,0,0,0,0,3363,0,0,16835,0,7873,0,0,907,0,0,0,14979,0,0,0,0,1966,0,57,0,0,0,0,209,0,2,0,18,0,0,0,2455,0,153,60,918,0,1292,0,0,150,10,10,124,56,29,193,32,4,0,0,0,0,2,31,0,2,1,0,206,199,0,62,11,2453,0,1,0,0,0,0,0,1505,0,1213,4537,0,0,56,911,377,66,0,225,5,47,12,0,0,278,369,20,46,3616,2355,73,1,27,44,114,56,1,0,16,0,7900,0,0,0,646,0,0,2563,46,0,0,48,0,0,0,253,68,0,2334,318,679,1140,476,0,0,25,1372,0,1298,1182,0,440,336,123,5646,3288,215,86,1053,24,0,30,1,633,1213,47,1,0,0,0,0,1,55,12,355,75,154,0,268,1525,192,2901,0,0,1536,3971,1,6158,102,1,4,0,117,0,708,0,4,0,10,0,2,0,281,0,658,0,4126,0,0,2039,6,0,0,1,0,0,437,0,0,7,383,0,3647,0,0,0,964,0,31,384,190,0,0,5,382,72,0,0,149,0,9,14,568,0,0,8,0,1,1088,0,0,658,6,1,0,0,0,550,0,0,66,1706,0,256,5,81,0,0,1,8,15,4,937,585,3,47,5,0,0,15,0,0,0,0,0,0,35,15,1168,0,0,413,15,0,3,0,1,7,18,0,80,0,77,0,2,0,3,0,783,18,0,0,2,0,4554,129,3,21,59,0,491,4466,0,0,0,7,1,1,0,0,992,7,113,71,0,34,0,0,627,0,8,1,0,0,1,1,0,8,0,0,0,3,2,0,0,12,116,176,78,0,48,0,0,0,0,2043,0,1,68,20021,3,0,0,187,0,45,1003,35,63,1,0,7475,0,0,945,48,6891,320,0,266,4598,0,0,6,842,5,4954,0,0,802,0,24,0,1,0,827,0,3450,13,0,105,0,0,416,0,40,695,5,367,0,0,13,0,0,2,29,0,858,224,0,0,5416,0,8778,0,0,251,4,0,364,2391,0,266,0,0,4847,0,175,5,782,7510,2,0,0,16,2450,6,44,0,4,5,12,0,1,4150,1,13,1,2,0,0,6119,2187,0,0,1591,110,0,16528,13,1234,739,0,7,111,0,39,3299,0,66,1619,0,0,499,36,503,16,55,773,2240,6,1643,13,5,0,2104,0,4,1,0,0,0,21,340,0,9,202,0,0,0,7957,0,144,0,0,0,387,0,30,0,0,1361,0,4,50,16,0,0,118,0,0,0,2804,0,1266,0,70,0,693
"gene_342",0,37,0,0,30,2388,0,7,0,19,2049,1,270,496,1,6,46,0,0,410,0,19,967,2513,0,0,0,2,0,0,14,291,1,0,7797,0,0,670,0,0,0,0,0,0,0,0,0,1,0,1,0,1196,131,2,0,93,330,12,0,114,0,102,0,7,11,0,138,0,0,0,0,0,112,0,59,1,0,0,2,0,0,0,855,645,0,1016,0,0,218,0,22,6290,6722,0,87,0,0,0,0,0,987,0,325,0,0,2869,0,0,0,0,0,0,0,0,0,0,0,0,0,0,0,0,0,86,0,0,0,0,0,52,0,26,0,0,0,7697,0,0,1,0,0,0,1,0,0,0,0,0,0,0,0,0,0,1224,213,0,0,0,0,0,0,0,76,0,0,0,4541,1,0,0,0,778,3,0,0,0,0,0,0,7,0,0,0,78,0,0,0,0,0,0,667,396,0,0,0,0,18,0,0,0,0,0,0,0,0,0,0,0,0,0,1,0,0,0,0,0,14,0,0,0,0,187,0,0,0,0,0,2,0,0,0,0,0,0,0,0,120,0,0,0,0,0,109,0,0,0,0,428,1,6,0,0,0,0,0,0,0,0,0,0,1,0,0,2,0,20,0,94,0,0,0,0,1,0,0,0,0,0,0,0,0,0,0,0,12,0,0,0,85,0,0,145,10,2,0,0,0,0,0,7,0,132,0,11,80,0,0,0,30,44,0,0,18,0,0,2,1,17,0,0,0,0,34,2,0,0,7,0,0,25,0,0,3,25,0,0,62,10,0,0,1,0,0,0,8,20,2,0,2,1,0,0,6,0,0,0,0,4,124,0,0,0,27,0,1,0,0,0,46,0,7,0,0,27,24,0,1,2,0,0,0,0,49,1,1,1,0,0,0,16,0,0,0,0,0,0,0,1,0,0,0,0,163,0,13,0,0,0,51,0,0,0,2,0,0,1,0,0,0,0,0,0,3,7,0,0,0,34,0,43,0,47,0,0,0,0,0,0,0,0,5,0,0,0,5,0,0,0,0,0,0,0,0,0,0,3,0,0,143,1,0,0,0,0,0,0,0,0,0,0,0,0,0,0,0,0,23,1,1,0,0,0,0,0,0,0,0,0,0,0,0,0,0,0,0,0,0,1,0,0,0,0,0,0,0,0,0,0,0,641,0,64,0,296,0,0,0,0,0,6,0,23,0,0,0,0,0,0,0,0,0,0,0,47,0,0,0,5,0,1519,12,0,0,0,0,0,0,0,0,117,0,0,0,0,0,0,0,0,0,11,0,0,1,1,0,0,0,0,0,0,0,0,1,0,0,0,0,0,1,0,0,0,13,3,1,14,45,1,0,1,10,0,0,19,0,3,0,2,2,3,17,2,0,0,0,42,10,0,12,3,1,0,0,1,0,1,0,29,1,1,6,0,0,8,2,3,1,1,22,0,1,4,0,0,7,0,0,0,0,0,2,4,0,0,0,0,0,17,0,0,0,0,5,0,0,1,1,0,1,4,3,26,0,7,5,6,0,0,0,5,3,1,0,0,0,28,1,6,5,8,0,2,0,1,1,3,1,19,3,0,1,2,0,3,8,0,1,14,3,3,0,0,0,0,4,2,1,0,0,0,0,0,5,2,0,0,1,2,5,0,0,0,0,0,1,0,2,0,1,0,3,2,1,0,0,60,0,0,0,1,0,81,37,0,0,0,2,0,0,0,0,1,0,11,0,0,1,0
"gene_343",186,0,0,0,0,0,0,0,0,0,0,0,351,0,0,0,8,0,0,0,0,0,0,0,27,0,287,1315,0,0,0,0,0,1602,0,0,0,0,0,1,2,114,0,0,142,0,0,0,0,0,0,0,0,0,0,0,0,0,0,0,0,0,0,0,0,2,67,1,0,0,0,0,0,0,0,0,0,268,0,0,86,0,97,0,4,0,0,0,0,0,0,1,237,0,10,134,0,0,1787,0,1,296,0,0,0,160,11329,0,249,0,0,803,0,0,0,3007,1,150,26,0,235,139,0,11,0,5919,0,0,0,108,0,55,0,34,19713,1853,0,0,1383,0,0,25,0,284,0,1197,0,254,0,0,29,0,0,266,8984,1610,0,0,30,36,0,0,3474,867,0,173,31262,0,0,802,239,0,209,0,1733,17150,0,0,2,1811,0,0,2,0,3319,0,0,1158,3760,0,0,7,24,0,0,0,0,0,0,0,0,40,40,0,0,0,127,3,0,0,0,5,0,1,0,2,0,0,1,0,0,0,306,51,390,853,10,0,0,0,0,0,221,0,0,4285,0,0,20,0,0,0,0,1,0,26,0,0,0,2,258,0,144,0,0,91,0,0,0,0,0,0,0,0,33,2,0,0,0,0,0,0,0,0,0,0,0,0,0,0,0,0,0,0,0,844,0,0,0,0,0,0,233,0,0,0,0,70,0,1636,46,0,0,0,0,0,0,0,0,0,1,0,0,0,0,0,0,0,0,0,0,0,28,0,0,0,0,0,0,0,0,0,0,0,0,0,0,3165,0,0,0,0,0,0,314,6,0,0,0,0,0,0,0,0,0,0,0,469,0,2,0,0,0,0,3,0,0,0,0,0,0,901,0,0,0,0,0,8,49,355,0,0,0,0,0,28,0,0,0,0,0,0,0,0,0,0,0,0,0,0,3,722,0,0,501,0,0,0,0,0,0,0,0,0,771,0,0,5,0,0,0,0,0,0,0,0,0,0,0,0,0,0,0,0,0,0,0,0,0,0,0,0,16,3,1330,0,0,0,0,0,0,0,0,4,0,0,0,0,0,0,0,0,0,0,0,0,0,0,0,0,0,0,66,0,0,12,0,1,0,0,0,0,0,0,59,2,0,0,0,498,0,0,0,0,2916,0,4,0,0,0,0,0,0,0,0,0,0,1,0,746,19,0,169,0,488,0,0,0,0,0,2,104,1,0,0,0,4,0,0,0,0,0,0,250,0,0,5,1373,0,181,0,0,4,86,0,4,132,0,0,0,0,0,0,4,0,0,0,0,0,0,0,856,21,0,935,0,0,0,17,897,0,0,0,0,0,0,0,44,0,0,0,0,0,1056,0,2440,0,0,0,0,0,55,0,265,0,0,1,0,0,0,0,0,2,0,0,842,130,0,0,0,0,0,64,0,0,0,29,0,0,0,0,0,4,0,371,5,4,2,137,40,0,0,0,0,0,167,1,0,66,0,0,0,0,0,0,0,0,668,0,0,0,23,0,0,0,0,0,0,0,54,0,0,0,0,0,0,0,0,0,1,0,0,0,0,0,0,0,68,0,0,0,0,0,0,0,0,11,158,0,0,0,0,0,0,0,0,0,0,0,0,0,0,0,0,0,0,4,0,0,0,0,0,0,3,0,0,0,2,8,0,0,0,140,373,0,0,0,0,0,467,0,0,0,0,0,0,0,0,0,0,0,0,0,0,0,327,0,0,0,237,0,0,0,0,54,0,0,4912
"gene_344",0,0,1,400,58,0,0,1,42,0,4140,0,0,0,0,14,0,0,0,0,897,108,0,104,0,505,0,0,0,98,0,43,0,0,0,194,6,98,0,0,0,283,371,4693,0,56,0,0,8,4,0,1,601,1598,0,0,0,0,0,0,25,0,0,350,0,0,92,0,2,16,470,116,0,0,0,0,0,0,0,0,0,0,0,0,1,2,0,850,0,1,0,0,68,0,0,0,1,0,0,0,0,0,0,1574,0,28,17,281,0,0,0,604,0,0,0,0,0,0,0,0,0,21,0,0,0,0,0,63,1,0,0,0,7,0,0,0,0,0,0,0,0,8,0,0,3,2,0,2131,0,0,0,0,0,0,0,0,0,0,0,121,0,0,0,3,0,0,17,0,0,1066,0,0,4,0,0,0,0,0,4,3,0,0,0,17,62,0,191,0,72,0,0,0,0,0,0,0,0,0,0,0,0,0,0,0,0,0,0,0,0,0,0,21,0,0,0,0,0,0,0,0,0,0,0,0,0,0,0,0,0,0,0,0,176,0,0,0,0,0,0,0,818,0,2,0,0,0,0,0,0,0,0,0,0,0,0,0,0,0,0,0,23,38,0,0,2,20,0,0,1,0,0,3246,0,0,0,0,0,0,0,0,4,1,1,0,43,0,0,1,0,0,398,0,493,12,0,0,0,2,7,0,115,118,83,2111,0,1,3,0,0,0,5,0,39,6,5,0,1,0,0,55,0,2,8,0,0,0,0,0,23,1,154,0,0,0,0,0,0,0,0,0,0,7,58,0,0,0,0,14,1,0,0,1,0,181,1639,0,0,0,0,0,310,421,6726,0,3,0,0,0,0,0,0,0,0,369,0,0,136,0,0,0,0,9,0,0,0,0,0,1537,15,1437,52,265,54,79,0,0,24,13,0,68,0,30,0,0,11,245,0,0,0,0,0,5,2,0,0,17,3,2192,60,0,675,1575,0,46,0,2,0,36,964,4,947,13,0,0,73,0,66,0,0,0,4,0,0,0,0,0,68,0,0,1,0,0,0,0,2,0,0,0,617,0,2636,5,0,0,0,0,0,0,0,0,95,4,162,0,383,0,661,0,0,172,5,0,0,0,0,93,14,9,0,0,0,0,0,0,0,0,0,0,0,4,0,118,0,0,0,0,0,0,0,0,0,231,14,0,0,0,0,0,0,2,0,0,0,7,0,0,29,41,3,0,0,0,0,370,0,0,0,0,1,0,0,0,0,0,0,0,0,0,0,0,0,0,0,8,0,426,58,0,0,0,0,0,0,1577,0,0,0,15,0,0,185,0,0,5,0,0,0,4,1,0,0,99,0,30,0,0,0,6,99,0,0,0,0,476,0,0,0,0,0,0,20,0,0,0,64,0,0,0,25,0,0,0,9,0,0,0,0,243,0,0,68,0,0,1,0,0,468,0,0,0,26,1021,0,0,0,657,3250,99,0,17,41,0,3044,0,0,0,7,0,0,203,0,0,0,282,2319,2,0,0,0,0,0,0,0,6687,0,1,0,0,0,441,0,0,1,0,0,235,1,0,1,0,0,466,0,0,0,0,0,0,0,0,67,0,0,310,0,0,1389,0,72,0,0,0,2,0,0,5620,0,24,12514,5570,947,0,2,6,0,0,0,58,0,225,0,566,0,5,169,0,0,0,0,1,0,0,0,46,1,0,0,5,0,0,0,0,9,0,0,0,0,0,104,25,1,32,0,314,0,0,1154,0
"gene_345",0,2792,0,2,0,0,0,31,649,202,254,0,243,0,1300,0,96,14,0,0,0,0,0,0,0,143,172,0,0,0,0,167,1086,3,100,47,143,1,0,0,0,0,0,1142,0,0,643,0,557,0,549,0,59,136,0,1,0,113,0,0,11,0,0,17,18,0,0,0,6,29,1,1488,0,2,5,0,0,0,2,1,0,2,0,419,0,0,0,684,139,2,31,0,0,6173,0,0,0,0,5,9,0,0,0,1,0,12,0,0,0,2,0,0,0,15,0,13613,0,5,0,0,0,0,8,1016,8,44,0,211,0,0,1627,0,0,33,92,0,536,0,0,0,0,0,0,0,0,1,1816,0,130,0,377,35,1,0,0,2742,0,0,1,0,2,0,122,0,1034,0,0,0,0,0,0,0,0,1751,0,0,0,17,6263,0,1,0,0,0,0,0,1606,0,2109,1956,0,1669,0,0,0,0,113,0,0,0,14,0,0,2,1,0,0,1004,0,0,835,0,35,17,0,0,0,0,42,0,0,0,29,0,0,0,0,0,0,0,0,0,0,1233,1,0,0,0,281,0,0,0,0,165,0,0,0,38,0,0,0,0,0,0,0,0,0,0,3,2,932,0,0,0,0,0,0,16,0,574,0,1,0,0,3988,0,0,0,0,3,0,56,5,0,0,0,0,1,0,0,0,706,2,0,24,0,6,0,0,0,0,0,0,0,99,1730,45,107,0,12,0,1,0,0,0,0,34,212,934,0,0,0,0,0,15,1,0,0,0,184,0,0,0,0,245,0,2,0,0,112,0,0,0,11,202,0,27,0,0,1,0,134,0,0,0,0,0,624,0,0,0,0,40,1,0,0,33,0,0,0,0,0,0,11,0,4661,0,0,0,18,1556,0,0,0,164,0,0,3574,0,0,0,0,3,0,461,0,0,0,0,0,1809,0,0,1,0,0,8,30,0,12,0,14,0,0,0,107,0,1606,0,365,2,0,19,127,0,0,886,0,68,0,0,0,0,0,0,0,0,0,0,0,0,19,56,0,0,0,23,0,89,0,0,0,0,0,0,0,1,0,0,0,0,0,0,0,0,1,0,0,0,0,0,297,0,0,0,351,0,0,6,0,0,0,0,13,0,0,0,0,0,2,0,0,0,0,0,0,1,3,0,0,0,0,5,0,0,7,0,0,54,2,0,0,0,0,0,0,0,0,0,2,0,0,0,0,0,0,0,0,0,0,52,168,0,0,0,0,0,199,0,0,0,0,0,0,1,0,0,0,20,0,0,0,0,2,0,0,0,10,0,1000,0,1,0,0,0,0,0,3343,0,0,0,0,0,0,0,0,0,0,0,0,0,0,0,4460,0,0,0,0,0,0,0,0,0,0,3818,0,0,0,0,0,0,0,0,0,0,0,0,0,0,0,0,4,0,0,0,0,0,7,0,0,0,0,0,0,0,0,0,0,0,0,0,0,0,0,250,0,0,0,0,0,0,0,0,0,0,0,19426,0,0,0,0,0,58,0,0,0,0,0,0,0,0,0,0,0,0,0,0,0,0,0,0,0,0,0,0,0,0,0,0,0,211,0,0,0,0,0,0,0,0,0,0,0,0,0,0,19,0,0,0,0,0,0,0,0,0,0,0,0,0,0,0,0,0,0,0,0,0,0,0,0,0,0,0,0,0,0,0,0,0,0,436,0,0,0,0,0,0,0,23,0,0,0,0,0,0,0,0,0,0,0,0,0,0,0,0,0,0,0
"gene_346",0,0,0,2,0,0,0,0,0,0,0,0,1,0,0,0,19,0,0,0,0,0,0,0,0,0,0,0,0,0,0,0,47,0,0,0,0,0,0,0,0,7,0,0,0,0,0,9,0,358,0,0,0,0,0,0,0,0,0,44,63,0,16,138,0,0,41,0,0,0,3,0,0,0,0,0,1,0,0,62,1,1,12,0,0,0,0,0,0,0,0,0,0,0,0,0,0,0,0,1,2,0,0,0,0,0,0,0,4,0,1,0,0,0,1,8,1,0,0,4,0,0,1,0,1,0,0,0,0,1,0,0,0,0,0,0,0,11,1,0,0,0,9,2,0,0,0,0,0,0,0,3,1,2,4,1,0,3,0,1,0,0,0,2,1,0,0,0,1,0,0,0,0,1,4,7,0,0,1,0,0,0,0,0,0,0,1,1,0,0,0,0,0,0,0,0,0,0,0,0,0,0,0,0,0,0,0,0,0,0,0,0,0,0,0,0,0,0,0,0,0,0,0,0,0,0,0,0,0,0,0,0,0,0,0,0,0,0,0,0,0,0,0,0,0,0,0,0,0,0,0,0,0,0,0,0,20,0,0,0,0,104,0,0,0,29,0,0,0,0,0,0,0,2132,0,116,2329,0,464,1,1,0,38,0,20,0,6,0,5,140,0,456,0,0,8,0,0,0,493,29,90,0,0,0,0,0,0,1383,1,0,9,0,0,0,2602,0,0,0,0,762,5,0,0,0,0,0,195,0,0,879,0,0,0,0,0,0,18,0,0,0,0,0,0,8,0,0,0,0,0,54,0,0,497,0,27,95,76,0,90,0,0,1152,10,0,0,0,0,0,90,141,0,0,0,42,0,0,7,0,0,0,0,472,32,2,64,10,0,2706,0,16,0,0,0,85,0,6972,0,535,0,0,0,123,0,0,0,392,0,0,1685,0,5342,0,0,72,0,2,0,0,0,0,0,0,0,314,0,0,22,0,0,0,0,0,0,14,1,0,8,0,0,0,0,313,34,0,0,3,0,0,1,0,0,94,0,0,0,0,0,0,0,4,0,0,0,0,0,239,30,0,1,0,0,0,144,0,0,0,0,0,2332,0,19,0,0,4,3,0,0,0,3,189,0,0,0,0,0,0,0,0,471,0,0,0,0,0,0,0,0,328,0,0,0,0,34,0,0,787,0,107,781,13,0,0,63,0,30,0,2546,0,0,0,2,0,0,0,0,0,0,0,0,12,0,0,0,0,0,0,0,0,0,0,0,0,0,0,8,22,0,80,308,0,2,0,10,110,0,1897,152,0,0,0,0,0,0,887,0,0,0,823,3,31,92,1669,304,0,0,55,10,0,10,468,0,0,0,0,0,0,0,256,0,0,0,0,634,0,408,1,0,427,0,0,0,0,3,0,58,0,0,3,0,4,0,0,0,102,0,0,0,0,1336,0,313,0,0,27,0,0,0,0,0,0,0,0,0,0,763,0,961,0,7,64,0,0,0,518,5,0,14,0,4,0,23,4,1560,739,0,0,210,19,0,0,0,244,0,0,406,11,0,0,0,0,0,0,0,75,0,0,97,0,0,0,0,0,0,1,0,0,0,20,206,0,0,0,3,0,0,0,0,0,0,0,21,0,0,333,0,0,0,0,0,225,0,0,0,0,0,5,0,1931,0,0,423,0,0,0,5,1,309,0,45,1,0,43,0,44,0,38,17,233,112,0,0,0,9,0,0,0,561,1
"gene_347",197,4,0,0,10,72,84,0,179,13,88,453,0,1,3,0,0,5,5,28,236,141,448,0,311,807,0,3105,3,1,882,1544,402,0,1,0,8,0,671,0,983,62,0,2,1448,0,0,0,0,0,328,681,503,125,0,1018,13,33,1466,56,7,8,0,20,891,1232,0,0,765,3797,16,0,0,0,3313,161,0,811,484,13,0,279,0,142,0,229,0,1018,0,105,112,394,0,13,70,0,0,0,0,0,0,0,0,0,16,97,0,0,0,0,0,0,0,0,0,0,0,54,0,0,1,3,3,0,150,0,0,0,0,0,0,0,0,0,8,0,0,1,0,84,0,0,0,6,0,0,0,20,0,0,0,0,0,0,0,0,0,131,0,0,0,6,0,0,2,6,0,125,3,3,0,0,26,0,0,0,0,0,0,0,39,0,0,1,3,0,0,0,64,0,9,0,0,0,0,148,60,0,0,0,0,0,29,0,0,0,0,2,0,0,0,0,0,0,0,90,0,0,0,0,0,0,0,0,0,0,0,0,0,33,0,90,0,0,0,0,0,0,0,0,0,0,1198,0,0,0,0,0,0,0,0,0,0,0,0,0,0,0,0,0,0,0,0,0,0,0,0,0,0,0,0,0,0,0,0,0,4,0,0,7,0,0,43,0,0,0,0,0,0,0,0,0,0,0,0,0,0,0,0,211,0,0,0,0,0,0,0,0,0,0,0,26,0,0,0,0,0,0,6586,0,0,40,0,0,0,0,0,0,0,60,0,0,0,0,0,0,0,0,0,0,0,0,0,0,0,0,0,0,0,0,0,0,0,0,0,0,0,0,0,0,0,0,35,0,0,0,0,8,0,0,0,0,0,4,0,0,0,0,0,0,0,0,0,0,0,0,0,0,0,0,0,335,0,0,0,0,0,0,0,0,0,964,0,0,0,0,0,0,0,0,0,0,0,0,0,0,0,0,0,0,0,0,0,5525,0,0,0,1,0,0,5,0,0,0,0,0,0,0,232,0,0,0,0,0,0,0,0,0,0,0,0,0,0,0,0,0,0,0,0,0,0,0,0,0,1142,0,0,0,0,0,0,0,0,0,146,0,0,0,0,0,0,0,0,0,0,0,0,0,0,0,0,0,0,0,0,0,0,0,0,88,0,0,119,0,0,0,0,0,0,0,0,0,0,0,0,0,0,0,0,0,0,0,0,0,0,48,0,1,0,0,0,0,0,2578,0,0,0,0,0,4138,1,0,0,0,0,0,0,0,0,34,0,0,0,0,0,0,0,0,0,0,32,0,0,0,0,0,0,0,0,0,0,0,0,569,0,0,0,1,0,0,0,0,0,0,0,0,0,0,0,0,0,0,0,0,0,0,0,0,0,2717,0,0,0,0,0,0,662,0,0,0,0,0,0,0,21,0,0,0,0,1,0,5754,305,0,0,8,0,0,0,0,0,0,0,0,0,0,0,0,0,0,0,0,0,0,0,0,0,0,0,0,0,0,0,0,0,0,0,5,0,0,0,0,0,0,0,0,0,0,0,0,0,0,0,0,0,0,0,1,0,0,0,0,0,0,0,0,0,0,0,0,0,0,0,0,0,0,0,11,0,0,0,0,0,0,2506,0,17,0,0,0,0,0,1,0,0,0,0,44,0,2,0,0,0,0,0,0,0,0,0,0,0,0,0,0,0,0,0,0,0,0,0,163,0,0,0,0,0,0,0,0,13,0,5,0,0,0,0,0
"gene_348",151388,108622,110439,63811,221509,181350,195379,77328,112299,116431,163091,74709,261083,74492,116429,89937,163529,147956,42396,60204,78412,55496,137637,77248,179763,129721,103397,72132,100187,156511,91014,98784,103447,109429,182903,196995,158306,94961,77794,233793,72282,55676,67533,97876,137474,80011,164220,82195,109962,127335,108947,222533,88552,81640,79638,140963,134451,291253,135478,56394,108817,162654,149164,156073,128596,190789,68030,141187,254682,284656,144143,170959,11290,205318,87377,169842,136810,46487,120826,125580,409837,50830,111235,198793,241896,198885,26046,125524,55175,88347,170966,122426,17546,19161,40338,3918,29203,14105,10597,2597,23042,8958,14075,36194,8670,321,11454,32803,37416,23509,19371,4339,4601,1792,88432,19857,11827,14157,5614,23083,25381,2694,883,233,101221,52169,11557,1294,3982,9096,454,41493,24563,8711,68890,17664,25566,21316,15721,17245,34032,17907,8464,9057,104554,78017,27165,1643,16122,18691,191162,17832,32440,5399,6331,36311,134377,44448,123819,1647,20391,31338,37253,7496,30014,14333,27864,132332,1133,95012,9098,14647,26980,6990,35766,20282,79826,33846,81436,9337,87163,52190,24163,9745,28788,34680,7350,20154,15311,18942,81175,56417,183626,77093,27104,23041,19290,28387,17906,26985,20394,7357,38032,67186,31936,32537,17698,6509,23956,16520,24399,5884,24844,39712,33756,22630,51681,31431,36979,11277,52986,37450,46251,33990,35431,50267,40517,19649,96427,51876,7036,28333,7884,16219,50619,74900,33324,19439,56015,3907,8689,77408,23581,16886,29337,17277,79375,51231,7551,5016,20499,46012,53583,6766,16405,26127,34093,42149,23661,38121,14812,28133,13862,902,6616,5894,24012,7147,7835,14021,38289,42635,47647,30794,6172,6493,13845,1098,7434,7156,317,2431,40948,29798,16294,44033,19080,9009,6290,52318,14298,24625,51503,17922,15886,6952,12990,5082,16026,13011,10550,1771,22172,22406,39073,32089,6497,9032,5775,5767,12887,14911,9043,10837,10850,10947,4136,43851,19722,44909,22711,20967,24377,29812,38852,24644,5220,13418,50853,11363,20062,372,15914,43073,9585,23076,14376,6787,50643,11904,2477,13857,26781,8654,56309,3200,24135,50224,8394,9867,18828,43698,7535,2732,16107,11516,11949,9327,9085,21895,5957,14426,7981,11458,17602,7315,18554,13721,8803,35115,6643,9572,67686,9064,5946,20924,41543,18757,21091,64811,41461,43597,44638,15881,85384,12031,12727,15833,46043,5979,46024,30353,20061,52626,2902,48904,16023,59801,7666,25818,19663,23182,13082,5581,15182,23232,16251,37970,38452,16346,11544,19748,39649,44219,17354,21958,47256,22597,4626,23683,10680,21821,4577,25159,1408,82494,7261,7074,15223,17653,10916,25852,12487,9685,9387,3429,27726,13677,16585,16704,3545,1786,8506,13997,47165,30259,18346,3533,29439,17246,36988,18394,8609,1351,12711,39619,16922,33417,14602,19144,6649,50713,48120,2527,7306,15469,20407,12999,43483,14620,10637,15119,14930,17392,29027,33759,4984,10831,7882,12135,30193,29027,24241,8232,10817,9769,5527,21868,13555,42803,10565,26808,11195,6523,38500,24005,16071,29250,6444,21748,12728,19563,7092,58767,42992,15326,6819,48053,16615,15616,33672,5481,8432,24240,17273,2232,10063,11331,43843,6603,2916,12488,24014,3015,4696,19702,16429,11019,8840,32420,2302,14730,36383,22844,34807,7021,19797,15007,18898,29339,10583,13030,18446,3454,8340,7997,2350,18673,19409,4630,6984,9216,1390,12247,20610,26202,8022,20199,15684,34669,26677,23041,29656,14398,10330,11959,2913,11546,13584,8481,7903,89059,9923,14140,1229,28581,16030,40173,43718,17023,114216,55447,50016,24687,8999,142786,26494,5318,31168,11355,82502,89294,92733,20857,42402,4325,977,13076,23904,4620,32798,45484,26907,10505,106096,17139,26507,1667,26292,212385,68499,90596,4201,33120,5748,4422,39864,2949,23713,24451,40011,5537,37995,50735,108279,12363,37654,8912,8274,1852,7061,17550,37099,268,19199,189463,75489,37266,9311,1552,5386,23967,16766,41469,52404,131482,52515,99187,11080,38698,1831,4307,9353,2515,99846,18071,138036,14527,41144,77063,2661,29145,20358,72596,106998,3732,45230,8116,65571,67549,30083,49145,26309,4310,17428,56582,19100,84507,31952,65885,27469,6363,42653,85767,26499,29196,2914,11373,22303,17216,2247,6790,14490,46749,22649,44111,55689,61413,30113,6929,42552,63410,16171,12403,69306,22599,1879,7291,41499,95597,4584,35099,14766,109172,13940,21516,40605,53603,4214,23124,6954,6536,4661,182530,30613,68441,76482,12759,112094,44833,79051,46530,5609,72927,34947,3375,50424,29897,26478,62621,12972,45489,35802,149682,13166,67742,14675,22959,50318,80620,50277,6447,2113,27486,52735,3920,21524,9875
"gene_349",4000,0,840,0,0,5045,1,0,0,45,0,3944,1,0,31,1893,0,103,1217,5,56,1586,2236,8,188,0,1816,7,0,219,0,0,530,0,2811,0,0,0,1515,0,1,0,0,0,823,173,90,1,1,0,1793,0,3,107,0,0,355,3,52,0,770,0,7086,0,0,0,0,6,9,0,5642,525,61,0,86,0,0,6,342,0,0,0,3,0,0,0,135,22,5,144,135,0,1404,5,1018,18,3064,1,0,1,301,662,0,342,0,2331,0,0,925,0,0,1326,369,0,0,8625,0,3064,0,0,0,0,0,0,0,38,0,0,0,0,2,0,4,0,7712,0,10,0,0,0,6,0,3,1,0,0,69,918,0,0,0,3947,12,0,6176,0,64,0,69,0,13093,425,59,0,0,1071,0,0,0,0,1128,351,0,235,0,1877,146,0,0,572,421,0,1,2,60,434,0,3233,279,51,0,1032,5,0,0,1,51,0,0,0,2,0,0,0,0,201,3,0,0,0,0,0,0,200,0,0,200,0,0,1135,0,0,0,0,0,1452,0,0,0,0,0,1039,0,0,1414,0,0,0,1,0,0,0,0,0,379,0,0,0,0,1149,0,0,0,0,2685,0,0,0,0,215,337,86,0,59,0,0,2,0,0,0,734,440,0,0,0,0,0,0,220,0,0,0,0,192,1,0,5880,0,0,0,258,33,0,33,9820,0,23,0,13,0,0,0,0,0,0,0,0,0,0,53,0,0,0,0,1,0,0,0,695,0,161,0,0,1560,0,0,0,0,0,113,0,0,65,0,0,84,0,0,1,0,0,0,0,1195,667,57,0,0,159,0,0,0,0,0,0,3524,0,5,0,1221,1496,0,0,0,0,912,0,0,0,0,0,0,1418,5,0,0,3,0,0,0,0,19,66,0,0,0,0,0,21,0,278,1016,0,0,0,1,2,548,105,31,16460,0,2,1339,0,2,426,0,0,27,0,0,0,0,0,0,0,37,0,0,0,0,30,0,15,1429,1621,25,0,112,0,7,0,0,0,0,3796,1212,90,0,60,41,5576,0,4041,336,0,3124,344,0,0,0,0,0,0,0,2348,147,0,136,792,0,0,0,0,30,0,46,357,35,0,0,31,0,0,141,0,0,0,51,0,0,0,0,0,0,0,0,7,0,30,4,0,0,0,2,30,0,0,89,0,12551,194,0,116,0,0,798,0,642,29,6,0,0,45,347,1134,0,0,0,0,0,0,11,0,0,0,0,0,93,0,0,0,18,2,1447,0,0,0,0,0,0,0,0,148,0,0,0,0,4250,0,107,0,2045,0,0,4518,0,17,0,0,50,0,6312,0,0,1110,2105,0,17,144,182,0,1495,0,38,334,2,0,0,0,11305,0,3,1,199,0,6324,0,0,0,0,1,0,0,0,0,0,0,13,0,0,1,1,2,0,0,0,1,0,321,0,0,0,0,2,9,0,570,3988,0,10,0,0,0,0,45,0,0,0,0,0,0,0,575,688,0,0,0,0,88,843,0,2,0,0,0,0,16,0,1,25,39,0,0,0,115,15,0,0,0,0,0,3457,55,478,0,0,0,26,0,0,0,0,78,0,0,30,6,3316,5,486,11,0,0,0,0,0,0,3033,1045,0,0,7785,0,0,0,183,0,286,0,910,15,0,11,55,64,2,0,0,0,0,104,195,2,0,312,22,1,0,0,1,0,0,24,112,0,0,0,0,0,26,6255,10,773,0,0,0,0,0,1089,0,0,913,516,2,8,0,0,0,539,81,279,34,125,0,1117,7646
"gene_350",56,0,0,0,944,1457,2,0,97,0,7,529,1076,0,1,284,0,56,3,0,0,0,0,0,0,0,0,99,0,2211,745,5,0,94,0,0,60,2,4692,0,0,69,205,95,0,0,0,0,1584,0,0,0,0,0,16,0,961,1,0,0,2219,42,0,3929,0,0,2,0,0,1,224,0,0,0,0,0,0,0,8230,4,0,5,0,17,0,186,936,0,0,0,2,0,0,1056,0,79,0,0,0,346,1093,0,1,889,0,1326,168,125,0,0,0,0,0,7,0,6,545,0,0,0,65,5,0,0,13,0,0,0,3,58,6,410,1278,0,2520,0,0,63,0,8220,132,45,4529,0,16360,16,14778,357,0,0,0,0,0,0,1133,0,921,0,0,310,1408,1,0,0,0,3031,161,0,114,0,81,17239,0,9,0,12,7,0,16,0,0,48,0,0,0,3,24264,100,33,0,7,0,107,0,104,3,22,0,612,345,0,0,527,13,0,0,1934,148,479,1001,0,0,8207,1561,8,0,85,0,24,0,89,79,118,0,237,1,1694,1,0,0,2,912,4,815,17,0,9,0,0,3,3729,387,0,266,38,23,0,21,27,16,1059,102,0,22,0,2,8063,1395,6,1609,1,3044,80,246,100,281,0,46,105,100,301,3,32,800,7,1247,1300,1960,129,6,401,283,0,0,3,711,28,37,0,0,27,0,170,558,120,4,658,631,522,712,86,33,2321,1,657,0,0,7,686,62,0,13,15,217,2,0,738,0,46,280,0,14,0,1132,23,13,4792,58,459,86,32,0,1465,56,30,116,1,3045,0,107,0,562,0,12,58,59,0,807,5246,55,1,3065,9,2,0,0,0,1039,0,23,223,2102,1038,0,0,549,0,0,9,1923,344,2013,619,174,12,3377,100,1,3458,45,1,1870,971,1,12,69,0,52,1,0,0,1302,394,479,9,477,16,2256,0,255,3998,7474,3927,36,826,303,1409,2438,204,1195,0,5089,2594,1927,9,2844,264,381,0,137,1,0,795,193,106,157,294,14,0,33,0,6053,7,14,541,4,5688,0,12517,103,6758,132,40,1765,9,7614,56,2938,2088,0,6,3469,4364,9,0,3512,99,396,467,0,422,38,148,14,453,9,1004,0,6,0,11,76,0,0,54,126,7,0,5021,5252,2,1,378,786,217,99,7,2825,2110,6189,78,1232,0,9631,0,2631,3,1412,54,3594,0,1,53,0,19061,0,71,10,515,0,0,37,0,2880,54,1,313,514,0,119,0,19,25,0,3,195,10885,286,822,5481,4,0,0,77,34,647,0,739,74,0,1051,431,708,0,4,1181,7,7,6,267,79,1,22,193,5,21,16,0,9,8,35,629,7,79,0,0,1649,1495,660,55,7,1,0,415,10,1394,9,636,259,288,13403,0,1139,12180,5173,9053,0,180,26227,319,80,18551,2,49,1662,19,93,0,820,967,565,936,6,2248,2897,5886,12595,184,51,3737,0,464,0,975,1908,265,482,1372,10520,738,7147,0,74,112,5867,6,2,2,5777,17232,19801,163,2120,4340,1,0,1248,6356,4594,4656,3599,0,141,826,5252,214,0,1172,22654,16683,12066,3,784,1950,115,2525,7,6588,43,58,200,9,0,9,324,356,3,219,2941,8052,1392,15,53,19,9993,23,223,7654,114,848,2,57,6814,19199,43,0,298,630,628,882,12389,487,11,3309,3922,2558,4,3043,1888,1,56397,0,95,249,375,0,1447,10667,7,0,2,2768,31,1,1000,88,0,1587,130,191,76,374,145,2474,2297,80,111,1511,13522,2678,2,4053,0,102,0,52,4,11410,22,13588,152,2,21,0,1203,0,229,24,5238,14918,512,326,0,1678,1558,8873,6844,10
"gene_351",0,188,50,0,182,9,408,105,0,494,0,110,1,104,7,25,44,7,195,18,1118,3,7,476,12,493,93,504,1871,528,594,2,69,40,0,1,244,85,438,3,23,0,403,5,4,158,0,0,77,234,1,814,0,217,559,522,2,3311,0,12,2,680,1415,943,0,296,1,2,328,3911,845,101,0,0,29,13,165,485,2,258,0,88,162,377,0,1,27,0,250,14,10,24,0,0,150,0,1019,505,1618,0,0,0,0,0,6,0,0,41,0,4,217,0,0,0,1,5291,0,0,8,0,0,11,0,0,1,0,0,0,0,15,0,0,0,0,0,0,0,0,0,0,0,0,0,23,0,0,1034,0,0,0,0,0,0,0,0,0,0,0,0,0,0,80,0,0,8972,606,3647,0,335,537,1,0,0,0,0,0,3,0,0,599,0,0,0,48,0,5745,0,12,0,0,12670,4406,13690,17,0,0,0,0,2284,0,0,0,0,27,19,367,1,0,0,0,4,0,0,0,0,0,2,215,4884,0,0,0,0,0,0,15,540,0,0,1575,1035,57,0,0,0,0,39,360,0,2,0,0,5,0,888,0,1119,0,136,0,2,0,0,6,0,0,0,0,54,1,0,0,0,0,0,0,258,0,0,0,1059,127,15,209,0,0,0,0,0,0,0,0,0,0,6,0,0,2,0,362,0,0,0,1,0,0,0,0,0,0,0,0,21,103,0,0,0,0,0,0,250,0,0,1,0,0,0,1,0,25,0,0,0,0,51,0,373,0,0,0,0,0,11,0,0,0,107,0,2,0,0,0,0,0,0,0,0,0,0,30,0,0,0,0,0,0,0,0,0,0,0,0,533,0,1,0,0,0,0,0,0,84,0,0,0,263,0,0,0,0,0,1,429,0,0,0,1953,0,0,0,0,759,0,0,4,2,0,0,0,2,0,0,0,1932,0,0,32,0,0,0,0,0,0,6,0,5,0,0,0,0,0,0,4,0,0,0,0,0,0,0,0,136,0,0,26,0,0,0,0,1,0,0,0,0,0,0,0,0,0,0,0,0,3,0,0,0,32,0,0,0,0,0,0,0,0,0,0,0,0,0,0,0,0,0,0,0,0,0,0,1029,0,0,0,0,0,0,0,0,49,0,0,0,0,0,0,0,0,0,2,0,2,0,0,0,0,0,0,0,0,0,0,0,0,0,0,0,0,0,0,1,0,0,0,0,0,0,0,0,0,0,0,0,0,0,0,0,0,1218,0,0,0,0,0,0,0,0,77,13,0,0,0,0,0,0,0,0,63,0,0,0,0,0,19,0,0,0,0,0,0,0,0,0,0,0,0,0,0,0,0,0,0,0,0,0,0,0,0,0,0,0,0,348,0,0,0,0,0,0,0,0,0,0,0,0,0,0,0,0,0,0,0,1,0,0,0,0,0,0,0,0,0,0,0,0,0,0,32,0,0,0,0,0,0,0,0,0,0,0,0,788,0,0,0,0,0,0,0,0,0,443,0,0,0,0,0,0,0,0,0,0,0,0,0,0,0,6,0,0,0,0,0,0,0,0,0,0,0,0,0,6,0,0,0,0,0,0,0,0,0,0,0,0,0,0,0,0,0,0,0,0,0,0,0,0,0,0,0,0,0,0,0,0,0,0,0,4,0,0,0,0,5,0,0,0,0,0,0,0,0,0,0,0,0,0,0,1584,0,0,0,0,0,0,0,0,0,0,0,0,0,0,0,0,0,0,0,0,0,0
"gene_352",0,4,27,3,5308,438,56,28,2465,3419,0,66,52,11,37,16,1459,2837,2,518,1683,0,5832,85,131,1511,0,6,111,1,20,0,473,47,19,1080,3134,0,2474,387,952,14,313,0,99,613,0,166,0,108,500,19,1324,21,4092,10,2369,74,61,1228,182,4205,2454,1420,239,1210,609,760,1001,307,388,353,1,5741,115,270,0,707,86,84,137,512,70,839,1045,51,53,934,17,142,2923,1610,4361,844,28396,219,642,226,11262,133,80,1364,33,161,25548,4855,693,16665,11998,442,7346,5322,286,459,55,57,78,1057,10859,24757,2474,29352,622,2091,9186,0,0,1287,15377,48,2251,1154,981,2556,3000,11890,8444,10,4845,35,463,1250,9443,27615,121,604,9238,313,17972,5835,6448,4150,32895,6795,25422,287,9075,5674,872,1186,25,29236,2293,893,14280,91,248,18607,15,273,4713,1476,642,71,2563,277,4422,160,16016,18,7668,7825,13945,2709,4627,6,2450,22426,1432,5569,127,132685,3679,16275,73,1202,2422,899,1332,465,1574,8798,166,12626,8851,282,13290,29178,2662,582,5352,5124,4653,63504,487,1161,27832,1646,6537,1032,79,15274,0,242,28493,720,4821,2321,9174,11832,4347,1123,1201,3012,468,5,29087,1304,11999,113,1676,17665,17962,294,12743,233,3471,941,7250,2865,14481,41066,4240,745,11682,4641,2085,1585,5036,1344,0,0,0,12,0,0,392,0,0,152,0,0,0,0,0,0,0,0,0,0,0,9,0,0,0,1052,0,0,0,0,9,0,0,88,0,0,0,0,0,0,89,0,0,0,0,0,15,0,0,0,0,0,0,0,0,0,0,0,0,1,0,0,0,0,0,0,280,382,0,0,0,0,3,0,0,0,0,0,114,24,0,0,0,0,2334,0,0,0,0,0,0,59,0,11,29,0,0,0,0,3,404,0,0,0,0,0,0,0,0,1,0,55,0,0,0,0,0,0,0,0,0,0,0,0,45,0,0,0,0,0,1,0,0,0,0,25,0,25,0,0,0,0,0,0,0,0,24,0,0,0,22,0,44,0,0,0,0,0,0,0,0,0,1146,0,0,0,463,1,0,0,0,0,0,5,0,15,0,0,0,0,0,0,0,609,1,0,0,0,0,0,0,0,0,0,0,0,14,0,0,3,0,0,0,0,0,0,0,0,26,0,0,0,0,0,0,0,137,0,28,0,0,0,0,0,0,0,0,6,0,0,4,0,0,0,1,54,0,0,0,24,0,0,0,0,0,206,0,0,0,0,0,0,0,10,0,0,56,0,295,0,0,0,43,0,3,0,0,0,0,0,0,0,0,0,0,0,0,0,0,25,0,0,0,0,0,0,0,0,1,434,0,0,0,0,0,0,0,137,0,0,0,0,0,0,0,0,10,0,0,0,0,0,0,0,0,0,110,0,0,0,0,0,0,0,0,0,0,0,0,0,0,0,0,0,0,0,0,0,0,0,0,0,0,0,0,0,0,3,0,0,0,0,0,0,556,0,0,0,0,0,0,0,0,0,0,0,0,0,117,0,0,0,0,0,0,0,0,0,0,0,0,0,0,0,0,0,0,0,0,0,0,0,0,0,0,0,0,0,0,0,0,0,0,0,998,273,0,0,0,0,0,0,0,0,0,0,0,0,0,0,0,0,0,0,0,0,0,0,0,0,0,0,0,0,0,0,0,0,0,0,0,0,0,0,0,0,0,0,0,0,0,0,0,0,0,0,0,0,0,0,0,0,0,0,0,0,0,0,0,0,0,0,0,0,0,0,0,0,0,0,0,0,0,0,0,0,0,0,0,0,0,0,0,5,0,0,0,0
"gene_353",7948,916,687,10,345,444,431,638,960,10368,216,201,224,542,2,3387,44,17440,1843,163,194,20,6265,41,6,862,898,1223,261,175,578,846,332,901,635,1047,2314,103,445,64,55,496,805,356,44,1143,234,19,75,1876,1,224,2622,1539,403,1014,446,4301,1,36,0,2,10033,916,912,3,1700,2256,0,3042,421,265,153,186,269,140,271,2906,4679,2006,665,720,2136,1112,1192,8330,219,856,72,4258,200,3967,1327,0,7451,13,211,372,22265,0,0,46,4499,110,71,2651,11654,72,0,0,3966,694,0,0,7265,0,0,9,1586,1881,0,6,0,0,31,10811,0,25,275,1464,0,852,993,9861,4583,320,129,4570,155,146,0,0,134,2454,0,10,1669,59,0,1003,201,0,1091,269,0,33,11,1276,3233,3,72,0,0,0,155,12,1188,0,4,0,3644,1181,9295,0,10,0,153,0,2435,1208,35,1527,413,4532,2,1667,113,0,5675,2534,0,2581,18385,3429,1365,11,99,4135,147,2,1434,85,1511,2688,63,23,82,8,4953,66,1499,411,85,85,118,434,1184,210,1754,35,0,4358,2027,1733,12470,749,0,196,6,3611,90,43,105,5487,16,1492,17562,3375,459,0,928,23231,692,76,1876,157,2044,47,884,45,1617,2825,839,7,1023,0,462,45,264,0,2397,138,18,33,9725,1367,201,782,212,3,22,3,7,182,1058,371,4885,55,560,881,2,162,1994,21,290,24,239,789,349,3,142,8519,1535,1278,780,3122,1246,9,1060,276,1292,376,284,4,3,4427,1444,2393,261,575,1181,531,195,58,860,39,759,2288,1610,1,213,4842,762,2285,53,3103,1,791,255,59,315,2,2241,635,1175,215,0,84,248,2849,212,2362,324,4374,0,70,0,1381,0,245,225,308,1005,2723,2122,1495,121,0,232,397,1,488,2257,957,4188,1086,91,491,13,1760,4392,64,953,397,3656,2930,19,0,1897,11,3,1342,170,36,1965,8042,12,5941,2108,4600,2063,1152,1894,1125,269,0,22,1881,3249,196,3764,3,2706,436,66,3984,1750,2237,5189,629,745,921,958,2264,144,265,1318,2971,257,804,35,2158,4676,288,66,2590,276,236,1404,2455,2505,1,282,1505,6,51,1265,0,4,1234,57,99,249,9,107,1615,302,165,1210,43,381,924,490,26,1,4,436,133,269,1662,160,1229,57,35,1112,116,1002,187,18,7,0,145,712,45,318,172,463,91,2149,1,215,1151,181,3525,367,1624,165,22,39,2,2522,27,1428,399,1,0,747,100,406,28,475,155,286,43,822,321,630,48,94,272,1003,679,2216,251,3,94,33,723,23,245,277,14,225,68,516,21,135,4187,123,1792,0,33,1815,1980,41,751,248,7710,164,2057,433,392,1858,36,98,5,0,101,8,59,24,96,538,3438,1572,85,461,18,8,2233,494,1,324,610,2535,389,425,721,7,1,220,0,1158,95,862,1006,1338,75,2989,52,247,0,0,814,1939,3358,364,12,86,0,986,164,737,25,759,670,4,489,130,2146,0,3,346,759,3897,258,2,8,689,0,42,0,1972,3709,76,223,402,9,41,75,282,404,132,631,361,4,1348,94,122,95,5,176,875,101,431,1164,11,75,65,445,584,2234,1,243,0,180,2,588,33,20,1038,1784,9,240,37,20,2992,1,0,35,7,397,2,8,127,0,0,104,2,73,253,149,0,15,1381,9,138,164,0,1451,2069,27,547,877,28,480,151,1,7,0,70,1264,42,4,323,18,0,6,2138,195,37,323,2326,16,1337,89,2,409,217,9,209,0,148,146,926,547,358,0,47,1,70,0,140,1166,36,734,780,4376,184,387,26,906,0,16,325,7,7541,1,951,2,1724,850,452,96,1053,2891,2570,461,20,267,37,439,35,1548,718,55,104,175
"gene_354",0,0,0,0,0,0,71,0,0,2450,0,36,2312,0,0,589,0,0,0,0,0,0,0,2,0,305,0,0,0,0,0,5379,0,0,1,408,2704,4159,10,0,589,0,13,5,44,0,0,11,0,9,0,0,0,0,0,0,70,9093,0,0,0,244,0,0,0,541,0,0,512,0,0,0,25,0,565,0,0,1,0,0,0,19,8,0,0,0,0,20,0,0,0,0,0,0,10,0,0,0,0,0,0,0,0,0,0,0,0,0,0,0,0,0,0,0,0,0,0,0,0,0,1,0,0,0,0,0,0,0,0,0,0,122,0,0,0,11,0,0,0,0,0,0,0,16,0,0,0,0,0,0,0,0,0,0,0,0,0,0,0,0,0,0,0,0,0,0,0,0,0,0,0,0,0,0,0,0,0,45,0,0,0,0,0,0,0,0,0,0,0,0,0,0,0,0,0,0,0,0,0,0,0,0,0,0,0,0,0,0,0,0,0,0,0,0,0,0,0,0,0,0,0,0,0,0,0,0,0,0,0,0,0,0,0,0,0,0,0,0,0,0,0,0,0,0,0,0,0,0,0,0,0,0,0,0,0,0,0,0,0,0,0,0,0,0,0,0,0,0,0,0,0,0,0,18,0,0,0,0,0,0,0,0,0,0,0,0,0,0,0,0,0,0,0,0,0,0,0,0,0,0,0,0,0,0,0,0,0,0,0,0,0,0,0,0,0,0,0,0,0,0,0,0,0,0,0,0,0,7,0,0,0,0,0,0,0,0,0,0,0,0,0,0,0,0,0,0,0,0,0,0,0,0,0,0,0,0,0,0,0,0,0,0,0,0,0,0,0,0,5,0,0,0,0,0,0,0,0,0,0,0,0,0,0,0,0,0,0,0,0,0,0,0,0,0,0,0,0,0,0,0,0,0,0,0,0,2,0,0,0,1,0,0,0,0,0,0,0,0,0,0,0,0,0,0,0,0,0,0,0,0,0,0,0,0,0,0,0,0,0,0,0,0,0,0,0,0,0,0,0,0,0,0,0,0,0,0,0,0,0,0,0,0,0,0,0,0,0,0,0,0,0,0,0,0,0,0,0,0,0,0,0,0,0,0,0,0,0,0,0,0,0,0,0,0,0,0,0,0,0,0,0,0,0,0,0,0,0,0,0,0,0,0,0,0,0,0,0,0,0,0,0,0,0,0,0,0,0,0,0,0,0,0,0,0,0,0,0,0,0,0,0,0,0,0,0,0,0,0,0,0,0,0,0,0,0,0,0,0,0,0,0,0,0,0,0,0,0,0,0,0,0,0,0,1,2,3,0,1,0,0,0,0,0,0,0,0,0,0,0,0,0,0,0,0,0,0,0,0,0,0,0,0,0,0,2,0,0,0,0,0,0,0,0,0,0,1,0,0,0,2,1,0,0,1,2,0,0,0,0,0,0,0,0,0,0,0,1,0,0,0,0,0,0,0,0,0,0,0,0,0,8,0,0,0,0,0,0,0,1,1,2,0,0,0,0,3,0,1,0,0,0,0,0,0,0,0,0,0,0,0,0,0,0,0,0,0,0,0,0,0,0,0,0,0,0,2,0,0,0,0,0,0,0,0,0,0,0,0,0,0,0,0,0,0,0,0,0,0,0,0,0,0,1,0,0,0,1,0,0,0,0,0,1,0,0,0,2,0,0,1,0,0,0,0,0,0,0,1,0,0,0,0,0,1,3,0,1,0
"gene_355",0,28,14,0,6,1,1,0,8,2,2,0,67,9,0,3,0,0,0,4,0,13,2880,2,248,135,0,0,237,5,986,110,0,38,0,0,9,10,299,7,3,164,17,6,2,2,80,1981,0,37,517,545,0,300,101,0,0,11,2484,1,0,0,0,19,21,2,0,1,0,3,527,0,72,0,352,42,64,3,147,82,0,9,18,13,0,0,8,375,741,2,14,0,137,3,0,0,0,0,0,0,3109,0,0,2,0,0,1285,0,0,138,39,0,0,0,0,0,0,13,0,8580,0,0,0,0,0,0,0,0,0,362,0,462,0,0,0,0,1211,0,0,0,0,0,0,0,0,0,0,0,0,0,0,0,0,0,0,0,0,0,373,0,0,0,392,986,0,1,0,0,0,0,0,0,0,0,0,1534,0,78,0,0,0,0,0,0,0,0,0,0,0,0,1561,0,11008,0,0,0,0,0,0,0,0,0,0,0,0,61,0,0,0,0,0,0,0,0,3,0,0,0,0,0,0,0,0,0,0,0,0,0,0,0,0,0,1,0,0,0,0,0,0,0,0,0,0,0,0,0,0,0,0,0,0,0,0,0,0,0,0,0,0,0,5675,0,0,0,0,0,0,0,0,0,0,222,397,0,0,0,0,0,1,0,0,0,0,0,0,0,0,0,0,0,0,0,0,8,0,0,0,4,0,0,39,162,0,0,0,0,0,0,1,0,0,0,0,0,0,0,0,0,26,0,0,0,0,0,0,0,0,76,0,0,0,0,0,83,0,0,0,0,1,544,93,0,0,0,0,0,0,0,0,0,16,217,0,0,1,0,0,0,0,0,0,0,9,0,0,0,5,0,0,0,0,0,0,0,0,0,0,154,0,0,0,0,0,0,0,1,1,11,0,0,0,0,0,128,0,0,0,0,0,0,0,0,96,0,0,0,0,0,0,0,0,0,0,1,0,0,0,28,0,0,0,0,0,0,0,0,0,0,0,0,0,0,0,0,0,0,0,0,0,0,0,82,0,0,0,0,0,0,0,0,0,1,0,0,0,0,0,0,1,0,0,0,0,0,0,0,0,0,0,0,0,0,0,0,0,0,0,0,0,0,0,0,0,0,0,70,0,0,0,0,0,0,0,0,0,0,30,0,0,0,0,0,0,0,0,0,0,0,0,0,1,0,0,0,0,0,0,0,81,0,0,0,0,0,0,45,65,0,0,0,0,0,116,0,0,0,0,0,0,0,0,0,0,0,1,834,0,0,0,0,297,0,0,0,0,0,0,0,0,0,0,0,0,0,0,0,0,0,85,9,0,0,0,0,0,0,0,0,0,0,0,0,0,0,9,0,0,0,0,0,0,0,0,0,0,0,0,0,0,911,0,0,399,0,0,0,0,0,0,0,149,0,336,0,0,0,1,0,0,11,204,0,0,12,0,0,0,0,0,0,0,7,0,0,0,0,0,0,0,0,1,0,0,0,0,0,0,0,0,0,0,0,0,0,0,0,0,42,0,0,0,0,0,0,0,5,0,0,0,2513,0,0,0,0,0,0,0,0,0,0,0,0,0,0,1,0,5,0,0,0,0,0,0,0,0,0,0,2358,0,0,0,0,0,0,0,0,0,0,0,0,0,0,0,0,0,0,0,0,0,171,0,0,0,0,0,0,0,0,0,149,0,0,0,0,0,0,0,0,0,0,283,0,0,0,0,0,0,0,0,0,31,0,0,0,0,0,0,0
"gene_356",50,452,1,11,301,2506,183,0,4,56,11,204,2787,1162,12,4,0,1918,555,140,44,612,574,0,8,0,15,16,1,130,11,0,0,80,99,2071,0,1,0,4,89,2236,123,0,259,0,3,450,0,4,433,139,37,19,513,3,41,62,0,1255,965,19,274,0,107,1284,31,16,5,36,113,0,161,54,2549,820,1165,0,8,1583,7,19,846,105,2963,262,31,11,75,0,375,35,4,890,0,407,0,100,5,0,0,387,1,0,555,3,0,0,13,53,17,932,0,0,0,2114,0,0,0,0,0,0,0,0,0,0,12,0,0,0,3,0,0,483,44,26,1,0,0,1,0,0,5,0,0,18,12,0,1268,2,78,0,1,1,2159,2,0,112,1218,0,178,29,72,0,2,563,0,412,570,0,0,5,0,8,0,0,0,0,0,0,0,0,0,0,2601,19,41,5,59,269,418,0,0,235,143,6,4,4,6,0,0,1,303,0,3,0,3,0,0,265,0,0,3,190,240,2,0,1360,7,0,2,0,278,0,0,486,227,31,0,66,19,1,72,0,179,0,0,28,9,0,164,0,75,10,0,1198,76,201,2,29,11,450,448,3,33,75,6,0,0,7,256,62,479,5,0,0,244,1,83,239,21,1066,24,69,501,0,6,16,34,7,3,48,2,714,1,0,1126,1883,376,0,17,87,0,0,1477,143,136,47,1,11,4,8,247,87,114,14,304,701,44,23,200,0,56,145,96,1,10,0,128,301,1,7,13,485,94,315,174,1154,0,10,118,31,0,9,22,0,0,15,45,661,69,0,0,54,0,1,329,19,1524,19,18,48,138,30,215,1,0,15,17,526,1,22,11,74,7,143,489,4,261,7,2,0,129,48,26,239,60,345,32,14,479,0,4,1,23,13,9,0,21,73,0,16,337,38,28,585,0,1735,0,130,168,4,78,227,48,82,4,433,33,98,14,12,1,347,217,11,8,21,280,0,123,0,90,1440,1,1067,151,2,9,33,2,863,108,8,6,27,13,0,33,6,0,2,956,0,204,78,24,183,1,3,299,0,0,72,295,101,10,281,21,0,108,29,113,69,386,0,3,3,0,0,0,10,8,89,185,2122,239,9,62,1,0,176,692,581,89,9,0,3,0,441,370,2,0,575,1,0,0,12,678,101,0,6,31,202,103,100,1,5,79,46,0,2,337,425,5,10,0,0,119,191,20,11,1,1,1,0,57,8,57,458,273,366,0,32,1,14,0,0,744,0,746,2,181,147,0,14,13,34,42,3,444,160,163,2461,7,17,2,0,0,349,0,57,27,34,83,51,2043,28,0,0,0,0,21,59,1,414,2,2200,25,0,17,0,11,77,0,749,64,34,7,45,6,1,2,5,1,11,0,185,0,6,0,0,102,18,19,2632,13,3,17,28,1,3,16,27,2,0,5,1240,0,6,834,645,68,10,0,31,90,0,23,0,771,0,0,0,2,280,666,0,408,126,1208,153,1717,6,232,1515,15,0,0,2,0,0,0,0,417,78,71,0,40,0,22,3553,7,0,0,1198,45,15,0,128,34,0,33,231,0,151,1968,1049,16,4,24,32,0,0,100,145,0,12,2,280,11,7,61,6,2,377,0,0,151,11,62,98,289,0,2,7,123,45,88,3,216,394,27,124,156,0,16,67,5,0,420,0,248,94,0,543,19,53,0,0,0,3,0,61,0,12,699,0,178,0,20,1087,1121,0,4,0,2156,0,72,643,0,12,640,563,162,41,1373,3
"gene_357",0,53,0,0,0,0,0,0,87,0,3,0,0,0,0,0,37,0,0,0,0,0,0,0,0,37,0,0,0,6967,0,0,0,0,0,0,1658,0,0,0,0,0,0,0,1210,0,1,0,0,0,0,0,0,0,0,2,0,0,0,0,0,0,0,0,0,0,0,49,0,1329,0,0,0,0,0,0,0,526,0,0,0,753,1010,0,0,0,0,0,0,0,0,0,0,0,0,0,0,0,0,0,0,0,0,0,0,2,0,0,1,0,0,0,0,0,0,0,0,0,3,0,0,0,0,0,0,0,0,0,0,0,0,0,0,0,0,0,0,0,0,0,0,0,0,1,0,0,0,0,0,1,1,0,0,0,0,0,0,0,0,0,0,0,1,0,0,0,4,0,0,0,0,0,0,0,1,0,0,0,0,0,1,0,0,0,1,0,0,3,0,0,0,3,0,1,0,0,0,0,0,11,0,0,0,0,0,0,0,0,6,0,0,0,0,0,0,2,0,0,0,0,0,1,1,11,0,0,3767,2,0,87,0,29,8,4,0,0,0,0,0,0,3,0,2,0,0,416,0,11057,0,937,0,0,0,0,1370,0,0,14,0,0,0,17,302,26,17,1424,2,2,0,5306,0,1000,4933,0,87,0,0,76,159,1063,33,62,2,0,4,0,0,1601,0,0,3605,0,103,0,4,0,33,168,10249,0,73,215,127,2939,0,212,38,1,322,0,202,0,0,0,43,0,0,72,0,30,1650,5,0,102,0,97,202,1900,382,1801,475,0,7431,121,38,127,68,542,0,0,481,3822,0,0,7,187,0,320,0,0,1,60,2,7318,206,26,0,25,0,0,7,2,0,10,0,293,0,0,0,1822,0,677,0,89,0,0,0,0,180,2032,0,72,3442,0,472,4219,0,221,4,0,1909,0,164,0,0,17,0,26,4,0,0,132,82,0,0,3982,0,945,0,2493,3,0,0,1816,0,246,0,2,1,2035,0,0,2,656,0,556,0,471,5,0,0,0,1,0,10214,187,5723,14,3296,6987,5,0,1784,63,0,79,273,46,1998,21,586,35,0,628,400,381,13,562,171,4858,4318,173,1914,1511,1,2507,4410,200,5242,4,0,4,0,0,0,190,542,11,239,24,758,3055,751,0,0,901,36,11,0,11,90,5123,0,8960,17046,0,0,6,0,5602,0,1413,11,0,516,2836,0,1490,8174,0,3,253,0,0,378,28,1074,0,2545,648,0,5,4,21,49,15,5,491,15018,10902,3802,12998,60,2309,1,35203,770,68,0,0,1,31,53,1,0,7671,41,0,7500,793,0,0,0,0,112,770,268,0,0,6077,760,24,18562,0,44,0,3890,285,39,0,4,96,4,1,0,17,0,53,0,0,219,2137,10305,12,0,0,0,16,0,763,0,2901,0,1,1388,0,21,0,1,0,8060,23,0,216,38,0,211,0,4444,1,0,183,0,0,132,170,205,479,9,0,11515,625,2188,0,0,0,0,0,0,48,3,10306,0,1182,0,2146,30,0,0,5,220,0,0,32,1,0,0,341,939,26,2577,21495,0,6,5,253,69,0,0,0,476,960,0,20,42,0,1105,2,0,8,1439,0,0,0,0,0,4,0,0,0,0,1,0,6,0,0,1029,182,0,108,170,2,1316,191,1876,12,0,64,442,0,36,1,0,18119,8,0,37,44,311,0,237,162,0,0,0,865,43,356,0,462,0,16839,8,0,0,1441,0,5175,0,31,36,26,0,5,861,0,0,0,0,0,1065,111,426,17,167,20,15,0,62,0,0,2967,2329,2383,0,315,143,10810
"gene_358",0,0,0,0,0,0,0,0,0,0,0,0,0,0,0,0,0,0,0,0,0,0,0,0,0,0,2,0,0,0,0,0,0,0,0,0,0,0,0,0,0,0,0,0,0,0,98,0,0,0,0,0,0,0,0,0,0,0,0,0,0,1,0,0,0,0,0,0,0,0,0,0,0,0,0,0,0,0,0,0,0,0,0,0,0,0,0,0,0,0,0,0,0,0,0,0,0,0,0,0,0,0,0,0,0,0,0,0,0,0,0,0,0,0,0,0,0,0,0,35,0,0,0,0,31,0,0,0,0,0,0,0,0,0,0,0,0,0,0,0,0,0,0,0,5,0,0,0,0,5,0,0,0,0,0,0,0,0,0,0,0,0,0,0,0,0,0,0,0,1,0,0,0,0,0,0,0,0,0,0,0,0,0,0,0,0,0,0,0,0,0,0,5,496,1,15,1,0,0,0,0,0,0,0,0,0,0,0,0,0,0,0,0,0,340,0,0,1,0,0,0,0,0,0,0,0,0,0,0,0,0,0,0,0,0,0,0,0,0,0,0,0,0,0,0,0,0,0,0,0,0,0,0,0,0,0,0,0,326,0,0,0,0,0,85,0,0,0,3,0,0,0,0,0,0,0,2,0,0,1221,0,0,298,0,0,0,0,0,0,0,0,0,0,0,0,0,0,2378,28,0,0,0,0,0,0,0,0,0,0,1,0,0,0,28,0,5,0,1,0,0,0,0,0,0,19,101,0,0,0,50,8,0,0,0,0,0,0,1,0,0,0,0,0,0,0,0,1087,0,0,0,0,0,3,11,0,41,0,4,0,0,0,0,0,0,0,262,0,487,7,0,594,0,292,4,0,8,0,0,0,0,0,0,8,0,0,0,0,0,5,490,0,0,0,0,0,0,0,0,0,0,0,0,0,0,407,0,0,0,0,0,0,0,0,0,0,3,0,0,0,0,0,0,0,0,0,2,8,0,0,29,0,0,1520,0,0,0,0,0,0,0,215,26,0,0,0,0,0,0,0,0,0,264,0,28,0,0,0,0,0,0,0,0,0,0,94,0,0,10,0,0,0,12,0,0,0,0,0,7,0,0,4,2,0,0,0,75,169,0,0,0,0,0,0,9,0,0,0,0,0,0,0,73,0,0,0,0,0,0,0,0,0,0,0,0,0,0,0,0,0,0,0,0,0,0,0,0,1055,0,0,0,0,0,0,0,0,330,0,0,0,0,0,14,0,0,0,0,0,0,1,0,0,578,1,0,0,0,0,0,0,0,0,0,0,3,0,54,0,1,729,0,0,0,0,0,0,1603,0,0,0,0,0,379,1,0,0,0,0,0,0,0,0,0,0,0,0,0,0,0,0,0,0,0,1458,0,0,0,0,0,0,0,0,0,0,0,0,0,0,0,0,0,0,0,0,0,0,0,0,0,0,0,0,0,0,0,7,0,0,0,0,0,0,0,0,0,0,0,0,0,0,0,0,0,0,0,0,0,0,0,0,1,0,0,0,0,0,0,0,0,0,0,0,0,0,0,0,0,0,0,0,0,0,0,0,456,0,0,0,0,0,0,0,0,0,0,0,0,0,0,0,0,0,0,0,0,0,0,0,0,0,1,1113,0,0,12722,0,0,0,0,0,0,0,0,5,0,0,0,0,0,0,0,0,0,0,0,0,0,0,0,0,0,0,0,0,0,0,0,0,0,0,0,0,0,0,1954,0,0,95,74
"gene_359",176,29,13,455,48,260,526,708,308,1199,387,232,1852,73,562,276,156,14,20,11,72,107,842,2188,776,169,0,22,67,0,366,2,193,10,164,567,15,1118,458,338,266,122,580,438,621,188,177,837,7,0,129,471,21,12,173,836,38,92,1048,57,469,38,170,2,26,101,119,40,1,502,1482,41,27,1561,557,216,23,79,87,12,418,34,707,11,1298,1034,5,209,83,390,0,12,0,1143,12856,212,0,0,0,2316,25,0,423,1264,0,2064,414,22,0,5,5296,0,4,562,5,55782,0,1,2620,3,0,10,44,0,133,0,1,172,0,52,802,1448,6616,32,0,1174,1,64,0,730,490,0,4,7,6206,111,0,1463,7310,423,15157,11,8291,527,42,32,12903,9481,31,547,38,1,179,626,0,2164,18806,3077,1,0,1007,20834,2,49,2951,11,34,84,4,72,0,457,200,0,4360,1107,978,0,11,104,36,75,0,0,159,2295,13,297,16,0,0,27,0,52,13,1780,1,1,826,25,0,1425,138,25,5,18,88,372,876,0,6,44,415,1,244,0,1,185,36,0,101,2,2,12,304,3,956,0,535,0,109,127,0,0,249,0,1,0,2,457,0,0,8212,2,1044,54,4,0,265,3,44,729,202,3,179,513,1674,61,1277,515,239,617,129,1514,1483,315,459,238,256,14,327,29,37,52,490,1,66,140,95,3486,581,57,20,3,497,0,21,7,203,0,0,0,1239,922,94,781,2,195,360,32,207,0,415,22,493,0,581,382,28,632,907,18,1750,530,189,906,85,110,21,627,117,508,629,2,163,19,1062,124,66,743,22,611,863,80,635,0,1177,5,3,1,233,0,102,346,487,180,356,2,511,1359,121,572,608,737,784,91,2,88,97,602,0,81,229,107,17,3244,228,94,2254,135,279,578,578,0,2,208,2,2238,1164,404,0,2265,862,647,4879,0,677,1747,644,734,11,166,1711,253,1599,461,102,151,738,148,3684,82,55,636,3044,45,968,479,763,316,66,1295,13,84,469,977,957,0,330,44,92,5017,85,2445,115,0,33,110,0,5,348,20,26,152,645,0,78,90,293,0,1356,12,92,168,37,20,1199,579,254,1398,0,6,41,8,8,0,1418,1,1,4,101,308,0,531,142,427,154,57,1003,3,5,631,1056,68,0,5,1,16,80,42,95,0,787,5,342,0,120,6,3,1982,970,2,20,0,33,3,177,2513,75,142,96,15,16,93,26,36,1,167,787,402,38,312,521,221,157,551,836,39,0,0,31,448,0,12,1252,1709,26,0,0,0,2,10,3619,16,23,61,390,0,37,37,670,1,219,11,173,0,666,0,0,2,1,118,46,3,0,49,51,381,0,197,0,39,91,34,95,0,27,0,1588,238,471,134,344,456,1387,0,7,46,847,169,390,610,636,278,0,2,343,458,48,123,0,0,214,17,13,821,1227,4,685,132,115,127,114,1480,133,0,68,310,165,160,551,39,1,0,579,340,19,3046,313,68,121,205,17,59,112,414,295,491,109,2372,11,2,31,1,0,0,501,0,0,5,2,2,321,8,737,3,0,11,10,1022,9,422,0,0,444,0,164,217,281,7,35,52,95,17,12,0,3,0,5,119,0,25,17,1082,16,128,4,9,220,0,62,76,0,169,0,255,1,131,159,1,0,12,0,25,35,5,7,405,307,1075,44,50,0,9,32,0,22,35,3,3,24,0,112,67,2,0,0,336,0,0,0,1,145,582,1567,178,783,88,360,1,441,26,17,0,13,32,0,89,267,508,50,9,40,0,0,0,72,302
"gene_360",0,0,0,0,0,0,0,0,0,0,0,0,0,0,0,0,0,0,0,0,1,0,0,0,0,6,0,0,0,0,0,0,0,0,5,0,0,0,0,0,0,0,0,0,0,5,0,0,0,0,0,0,0,0,0,0,0,0,0,0,0,0,0,0,0,0,0,0,0,0,0,0,0,5,0,0,0,0,0,14,0,0,0,0,0,0,0,0,0,0,3,0,0,0,0,0,0,0,0,0,0,0,0,0,0,0,0,0,0,0,0,0,0,0,0,0,0,0,0,0,0,0,0,0,0,0,0,0,0,0,0,0,0,0,0,0,0,0,0,0,0,0,0,0,0,0,0,0,0,0,0,0,0,0,0,0,0,0,0,0,0,0,0,0,0,0,0,0,0,0,0,0,0,0,0,0,0,0,0,0,0,0,0,0,0,0,0,0,0,0,0,0,0,0,0,0,0,0,0,0,9,0,0,9,0,0,0,0,0,0,0,8,0,0,0,0,34,15,0,0,0,0,0,4,0,0,0,0,0,0,10,1,0,0,0,36,0,0,0,0,0,0,0,0,0,0,0,0,0,0,0,0,0,0,0,2,0,0,0,26,0,0,0,0,0,0,104,0,0,0,0,0,0,0,1,3,0,295,0,0,0,26,0,366,0,0,0,0,0,0,42,810,0,0,0,4,0,0,0,142,0,0,0,0,0,24,0,0,12,0,0,0,0,0,0,0,0,1,0,699,0,0,0,0,0,0,0,0,0,139,0,0,8,0,0,156,0,0,0,12,0,181,145,0,0,55,0,0,0,0,0,8,0,0,0,0,1,0,1,0,0,0,0,3,0,0,0,0,0,171,4,0,0,0,0,8,0,1366,0,9,0,19,0,135,0,4,0,14,0,41,0,0,9,4,15,0,3,0,0,155,0,0,0,0,771,0,0,0,0,0,0,0,0,0,0,0,0,0,0,17,0,0,0,0,0,0,5,0,0,0,0,0,3,2,1424,449,1,1,109,0,0,16,0,0,0,0,0,98,0,0,29,3,23,0,331,0,4,0,440,1,277,0,18,0,2,307,52,0,179,38,0,0,0,0,508,1,599,0,0,0,31,304,111,0,4,1,0,2,192,0,0,64,0,195,0,1,0,1,0,11,0,0,0,8,53,0,1679,365,0,0,0,12,3,0,0,96,22,50,0,1,0,0,40,124,0,0,0,0,0,25,0,8,0,1,0,5,0,0,0,4,20,0,1,18,1078,420,134,220,0,0,71,0,31,0,0,0,187,0,0,0,0,0,0,0,3,0,0,132,0,0,0,0,5,0,0,858,3,0,120,0,0,0,625,0,0,2,0,0,5,5,0,0,0,0,0,0,0,0,142,0,0,0,0,0,0,0,0,0,0,0,0,0,7031,0,0,0,3,1,0,66,1876,0,0,70,0,24,0,0,0,0,0,0,0,0,10,0,1,0,3387,0,0,0,0,0,0,0,920,0,361,2786,0,1702,0,9,0,0,0,2928,0,77,2710,0,0,3,152,0,1,0,1257,0,60,0,750,0,14,0,0,0,8682,3,109,35,7979,209,0,0,9,0,1,0,0,0,0,0,0,0,0,0,0,0,0,46,43,0,1,0,0,0,0,2062,0,10,0,2,785,0,367,0,0,0,0,0,0,35,0,0,51,0,0,0,0,0,126,0,0,0,0,0,0,0,0,0,0,0,0,0,0,364,0,0,2182,0,0,0,1802,66,0,17
"gene_361",7,0,0,0,0,33,0,7,6,0,5,0,5678,0,0,0,0,0,0,73,0,0,0,0,0,0,0,7,0,0,0,0,0,0,0,0,0,0,0,0,72,0,277,546,0,51,0,276,0,0,0,0,0,0,0,57,614,0,0,0,25,1138,0,208,0,0,0,0,0,0,0,0,0,0,0,7,0,0,0,0,0,35,0,29,0,0,0,0,0,488,0,0,0,0,0,0,0,0,0,0,0,0,0,20,0,0,1,0,0,0,0,0,0,0,0,0,0,0,0,0,0,0,2,0,0,0,0,0,545,0,0,0,0,0,0,0,0,0,0,0,0,0,0,0,0,0,0,0,0,0,0,0,0,0,0,28,0,0,0,0,10,0,0,0,0,0,0,0,0,24,0,0,0,175,0,0,0,0,0,0,0,0,0,0,0,0,0,0,0,0,0,0,0,0,0,0,0,0,194,2,0,0,17,225,511,2365,5783,497,1,23,0,3,5,21,1,1283,0,0,0,0,138,0,0,1560,0,8,0,1,0,0,0,0,71,0,0,0,68,0,0,0,6,27,885,8,4,10,2354,0,0,0,211,3170,0,124,13,100,0,0,0,0,0,0,0,0,0,0,7,0,9,90,2,0,0,0,0,0,3,0,0,0,0,0,0,0,0,0,0,0,0,0,121,0,0,1271,2,0,0,0,0,0,0,0,0,0,0,133,2,0,43,0,0,0,0,0,0,0,0,0,0,0,0,0,0,2,0,0,0,0,0,0,0,51,0,0,0,0,0,0,0,0,0,0,0,0,0,0,0,0,0,0,0,0,4,0,0,30,0,1975,0,0,0,0,0,0,0,0,0,0,0,0,0,0,0,0,0,0,0,0,424,0,0,0,0,0,4,0,0,0,851,0,2109,0,0,5,0,4,0,126,0,0,4570,0,0,0,4,0,0,0,0,2,0,0,0,0,0,0,0,0,0,0,0,0,0,1090,0,0,260,1,0,0,0,0,6,0,68,0,0,0,12,0,0,0,0,0,0,0,0,0,0,0,0,0,0,0,2,0,0,0,0,1,0,0,0,0,0,0,138,0,0,1,20,8,0,20,0,0,0,0,22,0,22,10,0,0,0,0,0,0,0,0,0,0,0,0,105,0,123,0,0,133,0,0,0,0,0,0,0,0,1030,0,0,0,81,215,0,0,0,50,1555,0,0,1,139,0,0,0,0,19,455,0,0,0,0,0,0,0,0,0,1,555,0,0,0,0,0,0,0,2,0,69,0,0,0,0,85,0,0,0,0,0,0,0,0,0,370,1453,0,0,0,0,0,0,0,0,0,0,0,0,0,0,32,0,0,0,0,0,0,3,0,0,0,0,0,0,0,0,0,0,0,0,0,0,0,4,0,0,0,0,0,0,0,0,0,0,0,0,0,0,0,0,1,0,0,0,0,0,3,0,0,0,0,0,0,0,0,0,0,0,3,0,0,0,0,0,0,0,0,0,0,8,0,0,0,0,0,0,0,0,0,1,0,0,0,0,0,0,0,9,0,0,0,0,0,0,0,0,0,0,0,0,0,0,0,0,654,0,0,0,0,35,0,35,0,0,0,0,0,0,0,0,0,0,0,0,0,0,0,0,0,0,0,397,0,0,0,0,10,0,0,327,0,0,0,0,0,0,0,0,0,0,0,0,23,0,0,0,0,0,20,0,0,0,0,0,0,0,0,0,0,0,0,0,0,0,1,0,6,0
"gene_362",0,0,0,0,0,0,0,0,0,0,6,0,0,2,0,0,0,0,0,0,0,0,0,0,0,0,0,0,0,0,0,0,0,0,0,0,0,0,0,0,0,0,0,0,0,0,0,0,0,0,0,0,0,0,0,0,0,0,0,0,2,0,0,0,0,0,0,0,0,0,0,0,0,0,0,0,0,0,0,0,0,0,0,0,0,0,1,0,0,0,0,0,0,0,0,0,0,0,0,0,2,0,0,0,0,0,0,92,0,0,0,0,234,0,0,48,0,309,0,0,672,0,0,0,0,0,0,0,0,10,0,0,11016,0,0,0,244,0,0,0,0,0,0,0,419,0,0,0,0,0,0,77,0,0,17,0,0,0,16,0,4413,0,0,0,0,0,48,0,0,0,51,0,48,2402,0,0,5,0,0,4,0,0,0,0,0,0,0,0,13841,0,0,0,0,0,0,0,0,0,0,0,0,0,0,0,0,0,0,0,0,0,0,0,0,0,0,0,0,0,0,0,0,0,0,0,0,0,0,0,0,0,0,0,0,0,0,0,0,0,0,0,0,0,0,0,0,0,0,0,0,0,0,0,0,0,0,0,0,0,0,0,0,0,0,0,0,0,0,0,0,0,0,0,1269,0,0,0,0,0,0,0,0,0,0,0,0,0,0,0,0,0,0,0,0,0,0,0,0,0,0,6,0,0,0,0,0,0,0,0,0,0,0,0,0,0,0,0,0,0,0,0,0,0,0,0,0,0,0,0,0,0,0,0,0,0,375,0,0,0,0,0,0,0,0,0,0,0,0,0,0,0,81,0,0,17,0,0,0,2,0,0,0,1,78,0,0,0,0,0,0,0,0,0,0,0,0,0,0,0,0,37,0,0,0,0,0,454,0,0,0,0,0,0,1,0,0,0,0,0,0,1693,17,0,0,5,0,0,0,0,0,0,0,1447,0,0,0,0,0,0,0,0,1,0,0,0,0,0,0,1,0,0,0,0,0,0,0,2,0,0,0,0,0,0,0,0,0,0,0,0,6,0,2,89,0,0,0,0,0,0,0,0,0,0,0,0,0,0,0,0,0,0,0,0,0,0,0,0,0,0,0,0,0,0,0,0,0,0,0,0,0,0,0,0,0,7,0,0,0,0,0,0,0,0,0,0,0,0,0,0,0,0,0,0,0,0,0,0,0,0,0,0,0,0,0,0,0,0,0,0,0,0,0,0,0,0,0,0,0,0,0,2,0,0,0,0,0,0,0,0,0,0,0,0,0,2,0,0,0,0,0,0,0,0,0,0,0,0,0,0,0,0,0,0,0,0,0,0,0,0,0,0,0,0,0,0,0,0,0,0,0,0,0,0,0,0,0,0,0,0,0,0,0,0,0,0,0,0,0,0,0,0,0,0,0,0,0,0,0,0,0,0,0,0,0,0,0,0,0,0,0,0,0,0,0,0,0,0,0,0,0,0,0,0,0,0,0,0,0,0,0,0,0,0,0,0,0,0,0,0,0,0,0,0,0,0,0,1693,0,0,0,0,0,0,0,0,0,0,0,0,0,0,0,0,0,0,0,0,0,0,0,0,0,0,0,0,0,0,0,0,0,3,0,0,0,0,0,0,0,0,0,0,0,0,0,0,0,0,0,0,0,0,0,0,0,0,0,0,0,0,0,0,0,0,0,0,0,0,0,0,0,0,0,0,0,0,0,0,0,0,0,0,1637,0,0,0,0,0,0,0
"gene_363",15,0,0,0,0,2,294,0,0,0,0,0,1,0,0,0,19,0,17,46,0,0,607,0,0,8,13,0,1,85,310,1,269,0,22,328,3,0,156,0,0,0,1,1,47,1,3,682,2,557,70,144,0,331,5,0,0,678,305,7,179,0,0,41,0,2,216,9,3,21,0,318,0,0,0,93,0,0,0,237,100,0,19,5,5,432,27,52,17,0,179,0,3,41,0,62,0,181,0,0,0,14,0,1227,2,618,0,2,60,21,47,0,1,0,815,81,0,0,0,0,315,0,0,0,0,0,21,0,0,0,160,0,109,0,468,2,662,13,28,723,0,0,1,0,5315,0,186,0,1,3851,0,0,0,590,0,32,0,6,8038,3,0,41,2,0,9,70,0,4472,223,0,1397,16,0,0,1,0,0,0,2893,0,128,93,0,1831,178,39,517,1,0,0,3142,1,0,34,14,0,0,0,3,3,0,1,0,173,125,0,0,0,0,0,0,0,8,0,0,0,0,0,0,0,0,0,141,0,0,0,3,0,5,2,0,0,0,160,0,0,0,0,0,0,9,413,314,1,147,0,0,0,0,0,85,0,0,0,0,0,0,0,301,0,0,0,8,263,134,2,37,0,1,93,0,2,0,0,2,0,0,0,0,0,0,2209,107,0,13,53,28,0,0,1,1051,3168,0,0,0,0,0,0,159,0,0,9,476,46,1,0,0,8,0,0,16,1,391,0,4,0,0,6,20,5,291,37,0,0,0,26,135,53,307,0,0,0,0,114,0,43,0,3,1,0,237,279,0,1,1538,7,0,0,6,7,2,3031,1,3,1,223,0,0,133,1,667,827,0,959,0,5,64,0,101,0,7,0,332,119,1,141,102,0,12,0,0,111,29,5,4,120,26,0,0,204,3,162,3,0,0,0,9,0,107,0,60,35,0,230,0,14,0,4,282,0,0,0,0,1270,171,506,3145,0,0,0,0,141,18,1,21,1509,19,1,1356,4,629,2,199,81,52,29,0,5,21,0,1,0,0,0,0,182,350,0,0,0,0,30,0,0,104,32,78,0,0,0,0,54,673,0,16,0,0,0,0,0,0,0,0,8,34,36,2,916,17,0,0,0,2,0,0,1,216,0,26,0,533,0,24,0,0,0,0,24,0,0,0,0,0,0,696,0,86,232,142,0,0,0,0,0,0,14,0,0,111,0,1,75,6,0,0,0,0,0,0,0,62,0,18,1030,834,4,0,283,0,0,0,0,0,0,0,0,4,0,101,31,0,23,76,52,0,1,0,0,0,0,0,24,0,0,22,0,0,0,0,64,390,0,0,0,2,1,0,0,34,0,99,0,3,0,67,0,7,0,0,0,0,0,0,0,0,0,6,0,0,1300,56,107,0,0,0,0,1067,0,0,0,0,0,49,538,0,0,117,0,421,75,0,385,1,0,1013,31,0,0,0,13,0,0,0,0,2190,53,0,0,0,0,0,57,0,482,115,1,2,0,0,0,0,115,0,37,0,0,2,195,0,1142,0,0,0,68,1,0,0,0,0,0,0,0,391,0,0,0,0,0,0,0,0,0,0,0,0,0,0,0,0,1,1,57,0,194,0,0,0,0,0,0,0,0,0,3532,1009,1,0,3,2,0,78,1,0,0,0,0,1,0,44,0,0,10,0,0,0,0,4,0,12,0,0,0,90,0,0,0,811,0,0,0,0,0,0,0,313,1,0,0,0,7,26,0,0,0,0,0,0,0
"gene_364",0,0,0,0,0,0,0,0,0,0,0,0,0,0,0,0,0,0,0,0,0,0,0,0,0,0,0,0,0,0,0,0,0,0,0,0,0,0,0,0,0,0,0,0,0,0,0,0,0,0,0,0,0,0,0,0,0,0,0,0,0,0,0,0,0,0,0,0,0,0,0,0,0,0,0,0,0,0,0,0,0,0,0,0,0,0,0,0,0,0,0,0,0,0,0,0,0,0,0,0,0,0,0,0,0,0,0,0,0,0,0,0,0,0,0,0,0,0,0,0,0,0,0,0,0,0,0,0,0,0,0,0,0,0,0,0,0,0,0,0,0,0,0,0,0,0,0,0,0,0,0,0,0,0,0,0,0,0,0,0,0,0,0,0,0,0,0,0,0,0,0,0,0,0,0,0,0,0,0,0,0,0,0,0,0,0,0,0,0,0,0,0,0,0,0,0,0,0,0,0,0,0,0,0,0,0,0,0,0,0,0,0,0,0,0,0,0,0,0,0,0,0,0,0,0,0,0,0,0,0,0,0,2,0,0,0,28,0,0,0,0,0,0,0,0,37,0,0,0,0,0,0,0,0,0,0,0,0,0,0,0,0,0,0,0,19,12,0,0,0,0,150,0,0,0,0,0,0,0,0,0,0,0,0,83,1,0,0,0,0,0,0,19,0,0,0,0,0,226,1,0,0,0,0,0,0,18,0,0,0,0,110,0,0,0,0,0,0,0,0,0,0,0,0,0,0,0,0,29,0,0,0,40,122,0,13,4,0,0,0,0,0,0,0,0,1,0,0,0,0,0,0,0,0,0,0,45,1,0,2,38,0,13,0,0,0,0,0,0,0,0,0,0,0,0,0,0,0,0,10,0,0,0,0,0,0,0,0,0,0,0,0,0,0,0,0,0,0,0,38,0,0,0,46,0,5,0,0,0,0,0,0,0,0,0,0,18,0,0,0,0,0,0,0,0,0,0,0,0,0,0,0,0,83,0,1550,0,0,0,0,0,0,0,5,165,0,0,1,0,0,1,2,0,174,0,110,2,0,170,0,6,0,0,0,0,1493,1,415,0,0,0,1081,0,0,0,0,0,0,0,0,0,4,0,0,0,5,0,0,3,21,0,0,0,0,0,0,0,0,0,0,0,0,7,0,497,1281,0,0,0,0,0,0,0,4302,0,0,0,0,78,1,63,6,0,0,0,0,0,1,0,0,0,20,0,130,0,0,0,33,0,1182,0,0,0,8,0,0,0,30,0,739,0,0,0,347,0,0,1,0,0,0,0,0,867,0,0,7,1,0,0,0,0,0,0,0,81,0,0,0,0,0,0,173,0,0,0,0,474,0,0,196,1,0,0,3,1523,0,0,0,0,1,0,0,24,0,114,0,292,0,0,0,0,0,0,0,128,0,1518,0,0,0,1,0,157,1,1,0,2,0,0,0,1209,98,449,0,0,0,0,352,0,0,0,0,0,18,0,0,0,885,1,0,0,0,0,49,0,0,0,0,0,3,0,3,0,0,239,0,0,0,0,0,0,0,7,0,0,0,0,0,0,0,80,0,0,0,2,0,7,0,0,178,0,1,0,0,17,22,0,0,0,0,22,0,0,0,0,28,0,3,0,0,0,0,8,0,0,0,0,0,0,1297,2720,0,0,0,0,57,0,0,0,0,0,0,0,0,0,0,1,0,43,1,0,0,0,809,0,0,226,0,0,0,0,15,0,0,0,0,0,0
"gene_365",1,75,4433,12743,12569,3801,9770,746,6,709,11514,4515,5726,2230,2321,141,9265,26305,42,6933,2382,810,5650,181,245,2111,5218,3473,65,44,1112,471,12226,0,9291,26290,1338,11214,1504,5,5016,57,1307,8047,6,3437,14950,4701,791,447,10571,4259,688,1432,0,796,2018,67240,3093,5278,3640,3847,3341,100,1867,1535,1505,2075,4363,21765,127,33908,3285,12398,223,4,7,163,1044,2012,664,714,4,650,935,14408,984,434,6120,12278,1970,845,47154,29,175,68,2181,11,428,4,11,2,73,1695,24,0,16691,5055,883,4554,8048,0,0,16,228,4069,0,13,541,31,57,1641,0,19,13,311,845,92,41575,2510,20,0,374,81,28,26,6,0,607,0,0,0,0,0,107,249,0,150,0,8411,1211,5328,750,2,0,0,188,0,788,0,492,86,369,1503,205,297,7,3433,215,14,3500,16,1,0,0,5119,1204,4067,342,0,1076,10,115,810,14,28128,14667,1,24,1197,10526,0,38138,15610,3969,2,179,14698,1,5456,405,833,1047,3484,28,7948,1326,37,0,3106,45,10774,1,164,1504,579,365,52259,0,99,3167,6425,6148,12509,22234,58,7,8106,478,782,502,14192,697,22026,56,5050,5,8699,2033,58,2916,13066,355,16,8713,1,40791,10894,352,413,2852,3359,319,2386,150,984,3513,5,4374,156,4546,55,11,207,11235,349,453,101,435,0,3991,133,3361,349,4,353,5,1401,0,2,2175,1941,31803,40521,0,1,4431,237,17208,1469,745,976,1658,3232,2681,3014,1626,6,7147,1180,1530,1190,0,10873,5678,1201,1,0,217,28,18160,21231,60,278,26,1433,1923,4,4491,1,156,10065,1486,34413,12412,941,10977,2222,10,22,3359,47,48,117,8564,59,36,1364,10,0,87,1,267,2094,10840,0,814,1341,246,435,7055,95,9980,6774,12284,1947,0,17,6857,62,459,5,109,44799,368,5965,5,363,7968,3283,7863,1298,24713,100,265,9,139,0,7934,1376,1241,38404,1091,12045,796,626,2393,11,25,7492,8783,2,272,1566,8,32061,970,6114,211,341,1077,13170,14320,0,31951,364,948,10284,165,129,8913,84,2244,1280,10272,949,4435,2,6,60,1676,476,71,2415,504,32136,0,11767,767,21129,3,2834,11105,1216,10612,4958,9878,9061,5508,22042,2565,3105,27104,710,17195,1063,6638,5359,11760,11856,20905,4179,0,4109,11572,3577,75041,15477,1438,14985,34037,11519,2057,6645,9291,43628,4634,4614,21642,7865,35619,3314,5529,4317,3679,8560,6143,4614,4459,2936,3750,32592,19852,6909,1861,2899,10337,5059,3374,4009,9273,6192,43477,9907,52914,38131,31392,20,118308,1176,26077,10436,12745,27529,75034,63351,9825,21362,11759,7983,1564,12936,6910,54146,7423,6751,5824,4683,54361,15923,4450,2541,22272,3463,1429,13585,5676,7663,21989,2606,8923,10120,3892,17750,20436,25984,30690,15688,1786,14012,27909,13492,19058,51611,61017,49835,2149,200,51824,2100,13730,5637,664,18533,16505,109,20379,6079,903,1422,6334,1999,21078,15438,24659,31,17030,11994,8310,18229,206,6384,24715,789,10964,10017,10272,1273,1959,2696,53,18633,399,0,12995,89,741,24455,910,10319,9573,4365,0,85639,8313,257,19882,74732,5091,3981,414,759,272,17321,123844,8920,502,15276,0,163799,33579,48029,2498,19226,49,0,58380,1,47106,998,2174,28176,48,189,1091,379,115,379,1450,975,15446,49,0,5052,0,6,9670,5,11896,1048,163521,37506,0,4495,2,14,29465,130,4021,900,12588,553,3140,887,3,12470,2317,7,834,3956,8691,41990,13892,139,8457,110538,1503,11013,3,2645,0,0,46306,29756,13,5046,110,17358,47982,0,0,276,1,1123,0,1061,220,5,1842,845,8,0,137,7,77555,45,1203,16456,31274,18,1994,0,1,16,5,15069,3056,148,47,0,120,5431,19,57017,1887,2,6,18,733,2,57,110928,0,520,73892,145,28,6795,10333,0,12160,4551,50,16758,159,24704,10360,32574,1,864,1030,46723,34208,3809,5730,46,0,499,5060,0,1173,69,4629,7728,573,0,3,1
"gene_366",0,268,2,0,2,0,462,1003,1407,0,5346,0,10944,135,0,0,9,0,65,23,599,5,2,138,0,27,160,4,572,1,0,13785,137,26,5,0,1,0,19,0,464,8,0,1,0,0,1891,1,7,537,0,0,0,0,112,695,751,69,3,1577,26,0,133,3,0,15372,274,1345,41,43,0,0,10,0,3015,11,1446,77,0,351,3579,195,6924,44,17,2333,0,288,0,113,15526,4,0,0,3581,5,0,4,0,514,0,0,0,0,39899,0,3002,0,0,0,416,0,0,15215,889,0,0,18,0,0,0,2333,1,0,0,4700,0,2,0,0,0,0,53,10,0,102,0,0,0,0,0,4,342,22117,0,3574,0,20,0,25,15745,3049,0,0,1911,41,0,0,6075,0,60,0,0,0,0,1,0,0,0,0,0,0,3244,0,0,0,0,0,2,24,1601,0,0,466,152,0,32,0,0,0,37434,77,0,0,0,0,0,729,0,0,0,0,315,0,0,0,0,0,0,0,0,0,0,0,0,0,3,0,2292,0,0,0,0,0,0,0,0,0,0,0,0,1045,0,0,0,0,0,0,0,0,0,0,0,0,0,0,0,0,1381,0,0,0,0,0,0,0,0,0,0,0,1,309,671,0,4837,0,4,0,0,0,101,0,0,0,1999,223,3,0,0,2,42,0,18,2,3,1001,0,849,4602,28,0,3,14,276,1720,0,21,0,0,3,33,0,0,0,66,262,0,0,0,0,8994,5,0,120,2699,9,0,26,0,545,0,0,702,74,0,9187,0,0,0,0,12208,0,5448,0,0,557,0,0,7,0,0,57,0,914,0,0,14313,0,0,0,6,0,0,0,2378,0,7,16,0,0,0,0,0,0,0,0,86,7,0,2,0,1496,0,0,376,0,0,0,0,845,1,14,0,33,0,0,0,0,1,2322,0,0,0,2,7,0,2,0,978,0,0,1260,81,0,35,0,0,0,2,716,0,8108,72,0,396,0,0,0,0,0,0,0,0,0,0,0,20621,64,0,0,4,1,1,0,434,1,5,2767,2853,0,361,138,1245,0,7,498,0,104,0,358,0,1026,0,0,403,109,0,0,12,10758,2849,0,72,0,226,2,4,0,476,38,0,902,6,0,252,0,0,2259,280,0,759,259,1019,0,14,1,244,4839,56,0,0,1293,9,0,87,133,0,0,0,0,68,8,0,0,0,0,0,175,10139,5933,6,0,551,0,0,125,0,0,8,0,0,926,938,0,318,0,10,1,2,0,4256,1780,184,0,2,10,253,4088,205,0,2121,0,700,10,108,36,70,4,1260,2,0,2859,0,0,0,0,1523,132,0,0,0,0,11034,56,0,0,0,135,0,8678,0,11,0,0,471,378,0,0,40,21,176,346,0,0,0,90,58,0,0,0,0,0,80,15,0,6363,60,0,26,0,0,0,0,0,0,0,0,766,6474,18,16,0,0,0,0,0,0,2288,0,0,5046,29,8,287,10,0,0,10350,0,3219,7,0,101,0,0,13,661,20842,0,27,0,0,429,0,27,5,10,101,0,0,19,4499,6537,337,0,19129,0,2269,0,0,0,0,0,40,0,14,0,0,2,0,1,0,0,4,0,0,11533,369,6,0,4144,122,0,7,0,1,0,0,120,287,2,1108,1011,0,0,0,15,45,0,18786,0,2,5914,223,973,0,0,0,4,3122,0,3,1,1389,0,1,0,2465,0,0,110,0,0,0,0,41,293,125,0,0,0,0,0,1,44,0,0,0,0,0,0,1,571,10,0,48812,0,168,2630,0,3,0,0,131,0,15,0,184
"gene_367",0,0,0,0,0,0,0,0,0,0,0,0,0,0,0,3,0,0,0,0,0,0,0,0,0,579,0,0,0,0,0,0,0,0,0,0,6,0,2,0,0,258,0,0,0,0,0,0,0,0,0,0,0,1,0,0,0,0,0,0,0,0,0,0,0,0,0,510,0,0,0,0,0,0,0,0,0,0,0,0,0,0,0,0,0,0,3,0,0,0,0,0,0,0,0,0,0,0,0,0,0,0,0,0,0,0,0,0,0,0,0,0,0,0,0,0,0,0,0,0,0,0,0,0,0,0,0,0,0,0,0,0,0,0,0,0,0,0,0,0,0,0,0,0,0,0,0,0,0,0,0,0,0,0,0,0,0,0,0,0,0,0,0,0,0,0,0,0,0,0,0,0,0,0,0,0,0,0,0,0,0,0,0,0,0,0,0,0,0,0,0,0,0,0,0,0,0,0,0,1,0,0,0,0,0,0,0,0,1,0,0,0,0,0,1,0,0,0,0,0,0,1,0,0,0,0,0,0,0,0,0,0,0,0,0,0,0,0,0,0,2,3,0,0,1,0,0,0,0,0,0,2,0,0,2,0,0,0,0,2,0,0,1,0,0,0,0,0,0,45,0,1,0,0,0,0,5,43,0,0,0,0,0,0,0,0,0,0,0,0,0,0,0,0,0,0,0,0,0,0,0,0,9,0,0,0,0,0,0,0,0,0,0,0,0,0,0,2,0,0,0,0,0,3,0,1,0,17,0,0,0,0,0,0,10,0,0,0,0,0,0,0,0,0,0,0,0,0,0,0,0,0,0,0,3,0,0,1,0,0,0,0,10,0,0,2,0,0,12,0,0,0,0,0,0,0,0,0,0,0,0,0,0,0,0,1,0,0,3,0,0,0,0,0,0,0,1,0,49,0,0,0,0,0,0,27,0,0,6,0,84,0,0,8,0,0,0,8,0,0,2,0,0,0,0,0,0,0,0,0,0,0,0,0,91,0,0,0,0,0,0,0,0,0,0,0,0,4,0,0,1,0,0,0,0,2364,0,74,0,1,0,2,0,0,0,0,0,0,0,0,0,0,0,0,0,0,0,0,0,0,971,707,0,4308,0,0,0,0,0,0,0,0,0,3713,0,0,0,0,0,0,9,0,0,0,0,0,0,0,0,0,0,0,0,0,0,0,0,0,1,0,321,0,0,0,0,1288,0,0,0,16,0,0,0,0,0,0,0,0,0,436,0,0,0,0,0,7,0,0,6,0,0,0,0,0,3,0,0,0,0,0,0,1,0,0,921,0,0,0,55,0,0,0,0,0,0,0,123,0,0,0,0,0,0,332,0,0,0,0,0,0,0,0,0,0,60,0,0,3,0,1151,0,0,0,0,0,0,0,0,0,100,0,0,0,0,0,0,0,0,0,3599,1,0,0,0,0,34,0,38,0,0,0,0,0,0,0,0,5,0,0,0,0,37,0,0,0,0,0,0,0,0,0,0,0,0,0,0,0,0,0,0,0,0,0,0,0,1,0,0,0,0,0,0,0,256,0,0,0,0,0,0,0,0,0,635,9,0,0,0,0,0,0,0,0,0,0,0,452,0,0,0,0,0,1684,0,0,0,0,0,0,0,0,0,0,0,0,0,0,0,0,15,0,0,0,0,0,0,0,0,0,1,0,0,0,0,0,138,0,0,0,0,0,0,0,0,0,0,1,0,0,47,0,0,0,0,0,0,0,3
"gene_368",0,0,0,0,0,1156,0,0,0,0,653,0,2548,23,3,0,370,405,0,552,0,3485,0,437,0,0,0,0,0,0,403,0,0,0,17,43,25,0,64,0,0,0,1,3,158,5320,178,0,0,1,163,0,11,0,0,0,0,0,68,0,0,754,0,13,287,0,0,0,48,0,0,5,0,0,227,0,0,0,11,0,14,0,85,0,0,0,31,0,0,0,0,16,0,1,2407,0,0,0,51,0,2,0,0,11,860,0,0,20,0,0,5,1,3,0,7106,0,0,0,0,2,6,0,0,2,0,11,236,4,0,0,65,0,0,1,4,0,0,1,0,209,11,0,0,0,0,620,23,1037,0,4,0,791,967,2388,0,0,0,2700,398,0,106,0,676,6,0,0,0,81,0,819,1548,0,0,1548,1,0,0,1,266,0,12,0,1084,270,836,3,440,940,0,0,0,0,0,0,0,0,166,0,13,0,0,549,146,0,0,18,0,1,0,160,709,457,1,0,5052,0,0,38,0,373,0,0,14,0,2,0,18,0,0,253,0,9,393,2934,0,0,0,3,0,0,0,590,0,0,0,1573,15,0,0,13,0,0,0,834,0,0,0,0,0,0,10521,362,0,222,2962,98,0,86,0,0,259,5,19,1,1075,0,0,454,0,0,236,0,0,826,3529,4,0,271,0,0,0,0,0,1361,0,3,16,18,0,8242,0,2,0,3,257,68,0,0,0,0,0,468,351,2,261,8,7,0,0,353,9,1,0,16,4,0,2134,399,221,0,900,46,0,7501,1,0,0,0,1309,132,0,1750,511,948,0,0,0,0,10,0,0,1663,219,0,127,4,0,7,1,2,42,0,11,85,1,2,0,0,0,0,0,0,0,3,0,2,3279,0,0,50,25,3,1,2731,0,35,1,2304,1144,9,0,1660,5659,501,0,6,0,0,0,0,471,19,7,200,0,1,972,1877,0,258,51,954,1018,0,0,0,5,206,146,208,0,630,25,7226,0,0,3797,1593,0,0,556,43,2160,15,371,25,0,225,133,1,0,7,1,14,0,1,56,0,3,2520,0,4899,3,1,5,0,9693,0,196,8,6,38,0,0,0,863,9,0,3285,183,0,0,0,0,0,0,707,0,25,293,0,1,15,4,12,0,8,1,0,1031,3143,0,0,227,0,0,2,0,0,0,0,74,156,0,0,0,121,3,256,0,0,35,18,0,618,0,0,0,0,286,15,105,3,0,78,0,1,2,23,0,0,30,1092,0,0,10,0,2,6316,0,0,0,0,0,0,0,0,0,0,46,1581,0,0,28,0,1,0,175,0,4502,3821,27,863,97,10,0,0,0,324,16,0,5,0,0,0,29,0,0,2,0,0,0,0,34,0,0,0,0,0,0,45,0,0,0,0,0,3,0,2,0,1133,4479,25,17,5,0,1,0,0,0,0,0,0,1,317,0,0,0,0,0,0,0,0,0,0,0,0,0,0,0,0,14,0,1,0,0,0,0,0,0,1,0,0,374,0,0,0,13,0,1,0,0,0,0,143,4,0,2,0,0,0,0,0,0,0,0,12,0,0,1,0,0,0,0,364,0,0,0,167,0,1041,2737,0,0,0,2,0,1,0,0,0,0,0,0,0,5131,0,0,0,1325,624,0,0,0,0,0,31,0,3,0,0,1,12,35,0,1975,94,0,0,309,0,0,9,0,381,0,0,12171,0,0,0,0,0,0,0,0,4,0,60,0,245,0,0,0,2114,0,32,49,0,0,0,31,0,0,2,0,0,0
"gene_369",0,0,0,0,0,0,0,0,0,0,0,0,39,19,0,0,0,54,0,0,0,0,0,0,0,0,2,0,0,0,0,0,41,0,0,0,4,0,103,0,0,51,0,0,0,78,0,51,0,0,112,0,0,0,0,0,0,0,0,0,0,0,0,0,0,0,43,0,0,0,0,5718,0,0,0,0,1,366,0,0,0,0,0,0,0,0,0,0,0,0,0,0,0,0,7577,0,0,0,163,0,0,1031,0,0,0,0,0,0,0,0,0,0,0,0,0,0,0,0,0,1093,0,0,0,0,0,0,0,0,18,0,0,0,0,23,0,0,0,0,0,0,0,0,0,0,2,0,0,0,0,4179,0,0,0,0,0,0,0,0,0,0,0,0,0,0,0,0,0,208,0,0,0,0,378,0,0,13,0,0,0,0,4802,0,0,32,0,460,0,0,361,0,0,0,0,0,0,0,0,0,0,0,0,0,0,0,0,0,0,0,0,0,0,0,0,0,0,0,0,0,0,0,0,0,0,0,0,0,0,0,0,0,0,0,0,0,0,0,0,0,0,0,0,0,0,0,0,0,0,0,0,0,0,0,0,0,0,0,0,0,0,0,0,0,0,0,0,0,0,0,0,0,0,0,0,0,0,0,0,11,0,0,0,0,0,0,0,0,0,0,1832,0,0,0,0,0,0,0,0,0,0,214,556,0,0,0,0,0,0,0,0,0,0,1,0,0,15,0,0,0,0,0,0,0,0,0,0,0,0,40,0,0,0,0,0,0,0,0,0,0,0,2,0,2,203,0,0,0,0,0,0,0,2,333,0,0,0,0,0,1092,0,0,0,0,0,0,0,0,0,0,0,615,0,0,2,1159,0,0,0,0,0,0,0,0,0,0,0,0,3,0,0,0,0,0,0,1254,0,0,0,0,0,0,0,0,0,12,0,0,0,14,0,0,0,0,0,0,0,0,0,0,0,0,0,0,0,0,0,0,1,111,255,0,0,0,0,0,0,0,0,0,0,0,0,0,0,0,0,1289,0,1,2,0,0,0,0,1036,0,11,3358,521,0,84,569,0,0,0,130,60,158,0,0,0,1,0,0,0,0,29,449,0,0,1,0,0,24,0,0,0,0,0,0,599,0,0,0,0,0,0,0,31,0,82,0,0,55,0,0,0,0,14,0,0,5,0,0,90,69,0,0,159,2656,1,49,0,0,0,270,0,0,0,1,0,42,0,2822,0,0,0,0,0,0,0,0,71,13,0,0,2,0,0,0,0,0,9,26,0,0,13,0,41,0,0,0,0,4,188,0,0,120,1,71,0,0,0,0,0,0,0,0,1,0,0,0,4390,0,0,0,0,0,4030,0,0,0,0,0,0,1,0,7,0,0,0,0,0,0,0,0,9775,12,0,362,5443,0,0,0,1693,0,0,0,0,0,0,2,0,0,0,0,49,0,1084,0,2796,465,4,29,45,1809,4,704,0,0,0,0,0,0,0,0,0,236,0,0,0,786,0,6098,54,1009,0,0,9,0,0,0,10359,0,0,0,0,2887,0,0,0,0,0,0,2,0,0,36,5658,29,939,0,0,0,0,0,832,0,10839,0,99,0,0,0,0,55,0,812,0,82,0,0,164,0,0,0,0,72,1,0,0,0,0,1,0,0,0,0,0,0,0,40,0,0,0,695,18,0,324,11608,13,0,0,0,594,0,0,459,1,0,0,152,0,5315,0,3,1168,0,119,0,0,0,45,0,0,0,35,0,0
"gene_370",29,25,0,135,192,5652,25,1449,727,100,19,1160,2215,17,45,1,27,0,37,816,583,1,1471,1010,776,37,2,225,425,0,146,1233,17,15,2655,3049,1058,85,245,0,7,0,0,2061,25,613,136,7,151,173,37,1361,151,653,44,7,0,2,289,861,48,13,3705,0,100,29,228,2299,133,724,5429,0,0,1,97,806,122,88,215,15,1,0,1917,1757,4,3,0,406,463,549,36,4659,469,13992,1,9,492,532,579,566,2,0,0,1,0,0,556,17916,15,0,1983,5,3,0,0,1271,0,1,28,0,0,132,0,29,0,58,0,0,1,0,180,340,1,443,67,0,18,152,0,0,0,1297,13786,124,1,0,3155,428,95,3815,1,0,374,244,0,0,4,1,0,1,81,128,1,0,222,11,3579,0,0,5548,0,0,0,10542,0,34,74,771,47419,12,0,27,4924,0,0,94,3,0,2,0,6003,1,0,1760,0,3562,0,26,2,1611,6776,1,567,3668,40,6093,331,69,3483,246,2219,59,0,698,3137,12,7535,0,253,4,1,0,4628,140,326,31,839,0,7,1865,1,2,0,4,352,313,7624,14,69,52,5,3293,68,1,335,0,615,0,21,8,148,8,0,45,534,136,0,8,160,3,483,112,11,409,1363,391,16,776,11,10,656,4,480,0,1,0,2827,45,0,16,37,376,3726,28,141,2,61,1225,34,151,138,32,97,8579,2332,584,10,1877,111,9,140,101,321,1589,367,111,305,0,216,15,82,1891,451,31,0,2843,1996,3577,185,103,6,698,1486,3699,13,9,2,4,92,794,599,2,64,0,2222,902,36,0,135,2432,1,3,18,982,1987,22,0,158,24,74,83,151,169,6241,11,1,136,621,1032,462,194,10,243,578,5,228,481,1,922,0,134,134,5473,649,507,70,37,51,1,913,1215,486,2,4,74,0,591,72,0,215,2,1007,383,1,514,2152,14,42,19,299,56,255,139,285,5,454,27,274,3379,278,2,0,29,60,3326,91,995,10,5715,441,59,10,53,9790,500,102,2261,238,20,72,0,13,1680,178,6,527,1910,0,1762,565,3,29,546,1937,0,7,438,846,0,352,1934,0,67,527,309,3,1435,95,327,2,183,40,89,322,2544,690,0,128,0,1610,24,315,278,226,0,17,8,862,356,479,0,451,173,0,0,28,0,32,0,37,126,0,2,1545,0,23,55,2,1308,36,1152,861,128,0,5497,30,36,23,88,913,0,24,0,373,0,5,1517,739,263,0,1,51,15,0,269,1,5,126,803,1111,716,99,0,1121,388,1852,508,63,1788,2,2,14,54,2066,42,1154,0,243,0,12,130,4,809,337,2003,16,25,4,0,1,1,3184,1,1,50,55,1033,87,104,36,89,248,7,0,0,28,0,40,16,2,21,1438,733,1970,423,3894,65,0,371,0,0,6,0,189,10,0,6,16,3,0,21,0,505,0,349,457,679,878,4553,34,0,123,10,48,35,31,0,0,144,0,42,0,252,1,773,473,1292,77,10,0,69,31,0,42,473,14,68,0,133,109,71,78,0,50,31,423,1,82,55,0,8,0,0,155,47,5,947,1268,0,0,241,561,50,0,20,485,1885,162,0,0,142,0,3,2589,0,2,21,0,957,11,85,0,27,13,188,50,1,106,3,70,1,2,62,0,1960,66,37,450,57,0,84,386,107,785,29,4,0,10,677,3,51,212,0,1011,1,53,104,5,258,0,148,2,0,0,0,2600,836,549,143,10,440,524,0,0,460,292,1135,0,9,1,241,0,73,7,228,0,158,0,0,0,119,2,2,0,0,89,0,253
"gene_371",44,5053,0,367,0,4,0,0,12,2,976,52,890,643,0,298,50,123,70,1304,1,0,11,4520,0,276,896,0,15,5,66,0,131,14136,0,12,783,114,2399,1269,0,0,0,2041,454,371,0,0,102,0,2,162,4046,0,14,1077,188,6119,442,1066,10,9,3966,1103,980,883,817,109,11519,29053,1122,86,359,5161,0,224,324,61,0,20632,2631,544,0,290,3196,7354,31,0,98,2,1,338,371,0,255,0,0,0,1,0,0,1,4,0,0,0,0,0,0,0,0,0,0,628,0,0,0,0,311,0,1,0,0,0,0,0,366,0,0,0,0,16,0,0,1369,0,0,0,0,0,0,0,0,1,0,0,272,1988,567,0,10486,8,3562,3,0,0,0,6284,0,13,100,0,3182,515,1611,684,0,1,0,0,0,0,0,0,0,0,1446,0,18617,0,0,0,818,0,381,1808,172,119,0,0,55,448,17613,34,165,1,6,0,0,0,0,0,0,0,1617,0,2,80,0,0,0,0,1346,0,0,0,0,6776,737,40,7771,0,816,0,1,946,0,13,57,22,0,1,5,1220,1,0,0,5,0,0,53,2953,0,2436,1514,0,469,7363,5,627,2274,1092,1529,45,0,3,4466,123,1321,27,1075,1732,10,4,0,732,0,0,0,0,0,416,0,11715,3,1322,0,1,0,275,0,0,0,2,6733,23,0,1598,0,1274,0,1,0,0,0,128,0,942,0,277,0,38,0,5,803,34,7,716,0,3,21,0,0,808,0,0,75,4605,0,0,0,75,55,389,31,0,0,0,0,4728,158,0,0,0,0,4,0,1376,0,0,51,129,12131,0,0,0,0,115,36,0,0,3172,245,1244,0,15,257,12,0,0,2653,0,2946,0,0,1438,0,159,0,0,0,0,0,62,0,0,200,207,79,0,3,0,40016,0,0,57,145,0,2834,11,0,0,56,605,7,479,0,0,0,50,8,41,222,0,0,77,0,0,0,0,24,602,0,21246,0,0,33,1406,3346,65,0,44,0,0,320,4,116,36,41,0,13,32,25,0,20,0,0,371,0,641,36,560,0,87,0,155,50,1,0,212,22,1,0,0,0,0,661,1,0,0,0,0,35,0,6,1,11,0,2,0,340,0,0,0,0,1,20,16,2146,12,0,96,16,0,0,0,0,5113,0,0,0,9,345,7074,5,0,0,762,0,0,0,3,1479,0,29,1,167,0,2,0,12,974,0,3304,0,0,14,8,0,33,0,114,0,0,0,0,15657,0,2,41,1616,0,0,6,0,1190,3259,0,49,0,0,9,8604,92,31,0,0,0,1,209,860,0,0,0,148,399,0,119,0,198,469,0,0,454,425,291,0,23,0,39,0,3320,0,0,0,0,0,0,9,0,40,0,0,0,0,0,0,0,0,0,5,109,0,0,0,0,129,0,0,8269,0,0,0,1565,0,0,0,0,8,0,0,0,0,0,0,0,0,0,545,0,0,0,0,0,0,0,0,0,0,0,0,0,0,0,407,0,0,0,0,0,0,3884,0,0,0,0,0,1996,0,0,6,27,0,0,0,0,775,1158,3,0,56,0,0,0,0,36,4,5,0,40,0,0,0,2644,0,0,0,0,688,5018,10,0,329,0,87,0,1506,2,0,27,0,0,41,0,1,0,0,0,3,20,82,0,11,0,0,0,0,0,0,0,0,0,0,122,0,302,257,0,0,0,0,0,28,0,0,2224,0,0,0,0,0,0,0,907,0,0,1,0,0,0,0,0,0,0,0,0,0,32,0,0,9,0,0,2735,8409,0,0,0
"gene_372",9,2,0,0,0,0,2,0,0,0,3,1,0,5,0,1,2,0,1,0,0,0,3,0,3,0,0,0,0,1,3,0,0,0,0,0,0,0,2,0,1,0,0,0,6,0,0,0,0,0,0,0,0,1,3,7,0,0,0,0,0,0,1,2,1,0,0,0,0,18,1,23,1,0,0,0,0,0,0,0,1,4,3,0,1,3,0,0,0,0,0,4,29,0,2,0,6,0,3,1,21,13,0,46,1,5,0,0,96,1,84,0,1,1,0,8,0,28,0,2,7,0,0,0,4,0,0,0,3,0,0,0,0,0,16,0,0,3,0,0,28,0,0,0,21,158,0,39,192,132,0,1,0,0,50,0,1,0,105,0,3,27,2,9,0,152,0,19,0,28,45,0,0,0,7,0,0,3,0,2,26,15,1,22,112,25,0,11,1,0,0,1,0,14,0,0,0,0,0,0,0,0,0,0,0,0,0,0,0,0,0,0,0,0,0,0,0,0,0,0,0,0,0,79,2228,0,0,0,0,0,0,0,0,0,0,0,0,0,0,0,0,0,0,0,0,0,5,0,0,0,0,0,0,0,0,0,0,0,0,0,5,0,0,0,418,22,0,0,1238,2931,27,150,807,359,941,2,0,4,5,53,409,1751,0,0,0,0,420,0,42,342,35,71,0,0,0,0,0,0,261,22,0,0,101,0,1,0,16,0,25,0,1751,1,0,650,0,0,9,0,0,0,0,11,267,3008,11,2,9,0,0,0,89,23,0,0,0,0,64,0,0,0,0,0,233,0,6,0,0,0,0,0,7,43,2,1,0,39,0,0,119,1721,10,0,1333,0,178,41,0,45,0,0,8,0,14,0,0,0,0,0,0,0,0,14,0,0,0,0,0,0,9,0,0,0,0,0,54,0,0,4,394,0,56,0,0,1228,588,0,0,6,109,0,1,0,0,0,0,1714,63,20,0,0,151,7,0,0,0,0,0,32,0,0,5,0,0,0,0,72,0,3,89,0,0,0,0,0,0,6,0,49,462,682,55,0,777,27,0,0,7,0,1025,0,0,0,4,12,10,197,0,0,0,0,4463,0,0,49,320,1,0,0,0,0,0,0,0,2,0,0,1209,0,2,0,0,0,0,25,0,0,0,255,206,0,73,2,0,0,0,0,0,1,29,66,0,29,0,6,0,80,0,0,0,0,124,424,102,4,0,328,8389,0,0,0,16,6,0,0,0,6,38,0,0,151,0,9,0,1706,0,0,129,289,0,0,40,33,0,77,0,0,0,0,0,0,0,102,0,0,0,0,12,0,13,165,0,0,0,52,0,0,0,0,552,0,0,2,0,0,0,16,0,0,1006,0,0,0,0,0,0,0,1,895,0,1,0,0,0,0,0,0,0,0,889,0,0,0,0,0,0,4953,1,0,0,0,0,0,0,0,29,0,0,0,1,0,251,0,0,0,174,0,135,0,366,53,0,0,0,0,0,0,579,0,1,0,0,0,0,0,0,0,2,0,0,0,0,0,0,4942,0,0,549,0,526,0,0,510,31,80,0,0,29,0,0,8,0,2,0,0,0,0,51,0,0,0,0,0,0,203,0,0,0,0,0,0,0,26,0,0,0,3,0,48,0,0,0,415,0,0,0,0,0,0,0,0,0,1,3004,0,0,0,5,0,160,0,210,0,140,0,0,0,0,0,0,0,0,0,0,0,0,0,0,0,0,0,0,23,0,0,3,5383,0,0
"gene_373",16,0,0,350,0,0,7,12,33,0,46,0,0,0,11,599,0,117,2987,19,13,15,0,0,0,0,3148,277,0,0,2,0,634,0,0,0,0,0,30,0,32,1,2,2152,84,0,9,38,0,1313,0,26,6037,0,0,0,0,1,1,0,0,0,103,0,0,0,2,0,2,1,100,0,0,0,47,25,0,0,1,0,1834,5,0,56,0,0,0,227,1,0,0,170,0,0,0,0,5,0,42,0,0,1,0,73,0,0,1193,48,0,0,108,0,0,585,0,0,2013,49,1,0,5,0,325,0,6120,0,0,41,18,0,0,0,3,0,3,0,0,0,0,0,0,10654,0,185,2625,59,29,0,0,37,115,0,1590,0,2,0,8734,0,0,0,0,9247,0,0,3,0,2532,19340,5,3,383,0,530,9,0,969,2698,0,0,0,0,0,0,0,0,0,0,0,1368,2,597,17107,5387,0,1010,5962,0,60,1,0,952,0,271,0,0,78,0,0,6,5007,0,15,2095,0,0,2186,1,0,499,744,0,0,0,0,1586,214,35,4,0,6,0,74,223,7836,8,0,215,2498,1,1,11344,0,0,0,2117,2,9397,0,0,1840,0,0,130,694,536,0,1,0,0,0,5,14,643,1,0,0,51,0,0,0,0,0,0,0,0,600,0,5724,0,1,0,319,0,0,0,5891,152,955,0,0,3,31,0,324,0,2,1086,0,37,0,0,19,23,11,0,607,0,12,8863,0,0,0,0,0,0,2,306,9,0,0,0,0,0,0,15,0,0,0,2296,2,323,0,0,0,0,0,1,326,0,0,0,0,0,655,0,0,11079,39,0,0,0,0,39,0,0,1125,2549,0,1531,0,2060,8,5,2256,0,1337,0,0,0,1,0,0,4,159,0,0,173,0,0,0,2583,0,3808,0,28,0,0,1758,950,6,4,20,0,1,0,0,0,0,0,26,208,5,0,0,431,334,479,63,0,0,920,14,851,0,41,2,0,2571,0,51,521,0,0,14,1137,0,9,0,33,0,5403,71,465,0,0,438,0,53,0,28,0,0,0,0,3,0,0,0,0,0,1986,0,0,0,0,0,0,470,0,0,248,0,0,762,44,0,5,0,0,1,0,0,0,0,71,0,1,0,0,1,10,2040,355,205,0,3,0,1702,0,17,0,0,1,0,46,0,0,0,0,0,0,0,0,0,0,239,0,1,9,0,0,243,5,0,0,0,0,0,0,0,0,191,0,1,0,0,0,0,0,0,0,0,0,0,1101,0,81,0,0,1415,0,0,0,402,0,4,0,0,55,0,153,0,0,0,0,75,120,184,53,0,222,1222,1713,256,0,20,1,0,1,0,0,2999,711,62,1,0,0,0,0,15,0,0,380,0,3,0,0,193,0,0,0,0,0,0,4,7,0,1,0,0,0,0,2,0,0,3,0,0,0,234,0,179,1,0,0,9,0,0,0,0,0,0,0,3342,0,0,0,691,0,0,0,0,0,3401,0,2367,0,0,0,0,5,0,0,2,1730,0,5903,23,336,0,0,0,0,0,0,0,0,0,0,0,0,0,0,0,8,0,850,0,0,0,0,622,13,0,29,7569,5737,0,0,0,6,0,4520,0,0,1415,0,0,0,0,1109,242,0,21,0,2,811,0,0,0,0,125,0,618,0,273,0,0,1,0,0,0,1336,0,0,0,0,0,0,0,325,0,238,0,51,12873,0,0,0,1,0,0,0,0,0,316,0,18,5,0,7,0,0,0,1,80,0,1,0,20,14,0,0,5,0,0,0,0
"gene_374",51,224,93,1110,1,253,754,274,894,988,449,488,1117,0,32,5,218,1623,703,1102,157,15,198,0,2810,5412,46,140,1381,189,125,44,279,1811,261,1603,107,1473,238,1098,2725,21,1083,4,157,129,189,68,623,9,79,97,91,526,1,3155,48,690,16,821,446,507,390,30,17,461,267,43,2446,250,1,268,106,383,1479,27,63,24,74,423,945,14,269,2,1,1381,5,152,216,0,146,914,7600,987,0,487,340,6,8442,18110,12967,16,20,861,0,0,2273,226,162,1882,157,0,0,2578,0,41,700,2,3347,417,408,0,0,7,425,29,70,82,10,16290,64,1,0,0,4180,151,0,285,8,2,541,58,9745,36261,4052,50,0,2518,8551,0,2,470,1,383,32,59,19,69,10542,1511,2276,5,3474,0,1285,4,9380,1,11,0,113,1,2,700,1701,263,121,2,29748,37,0,0,4867,543,10867,5215,80,2,1080,33784,2623,27059,2,0,0,6,0,34,197,0,0,1258,302,18,23,335,1019,19,536,39,1064,1536,1880,154,2453,1,2,715,1528,146,920,472,1,1686,165,505,1620,60,68,3376,0,12,5,975,1759,0,30,389,2,41,0,2411,4797,161,2440,1,162,3,0,118,1261,1414,2665,0,0,5757,37,162,162,8,26,5645,12,339,31,4866,288,111,294,1740,7,94,406,712,278,912,3014,314,3459,731,1516,411,5500,1748,21,783,5180,506,1662,12,1691,3829,1532,648,21,399,203,293,222,222,876,27,1292,2458,3769,182,989,209,348,451,2336,1480,154,13,42,962,2,84,1757,52,879,609,92,118,163,26,3506,4163,735,933,5782,55,1994,1059,284,2148,303,11,31,1852,750,341,92,496,186,37,760,51,1090,46,5407,1835,709,115,689,3943,3144,22,2978,11,1198,1,1269,216,597,7431,3754,6324,366,5519,4389,3230,2377,344,3366,124,520,3252,1164,2066,5,2,620,1761,1427,581,49,1041,896,1847,1164,390,559,300,1036,3935,964,692,1272,148,1946,44,2110,8368,340,156,270,3530,452,1370,2114,639,844,4245,3198,52,146,287,20,29,12448,350,3709,190,66,10807,696,20,28,4855,26,2405,167,254,2,128,143,231,125,153,556,47,1251,276,944,219,66,244,239,405,23,74,66,87,2,75,67,63,980,396,38,8,447,341,12,324,167,12,156,684,1023,484,203,105,0,1049,110,165,7,350,18,6,68,210,468,0,71,95,148,49,34,10,828,10,68,22,74,638,358,636,663,0,269,2973,45,662,125,28,287,57,129,40,417,28,454,73,1087,535,1609,366,331,244,1173,17,1,475,1038,1,20,84,2035,19,4,1471,667,1848,32,320,779,2,2,23,397,191,46,51,355,13,99,136,29,111,2,241,705,20,35,509,35,11,2,346,2,449,758,7,471,822,95,320,3,749,175,2,15,244,1619,183,1455,3720,518,594,1542,0,6,1959,228,9077,2360,325,1784,3,765,97,8,2,0,3,154,1103,751,16,250,461,194,0,8,2,133,27,255,130,0,143,5,2112,728,2,21,114,1,880,854,229,1313,430,0,359,254,134,286,503,103,583,69,1816,2974,96,11,50,1095,444,0,4233,13,259,96,0,1022,1205,10,22,0,1135,1,117,368,3432,422,987,54,1,0,1,193,0,10,1358,296,53,0,5,2,0,1008,6,54,85,6,24,79,95,1936,45,635,1,311,0,75,119,21,51,990,199,45,14,0,649,251,28,23,268,162,22,220,1141,0,178,171,319,2,83,1466,0,1,147,0,1439,111,44,138,2,850,50,131,8,1498,665,1,40,756,20,0,234,137,176,210,7,80,221,1467,104,0,164,70,313,13,66,0,28,201,2,0,325,16,2633,27,1690
"gene_375",0,0,3861,0,0,0,0,0,0,0,292,0,0,0,0,0,0,0,0,0,0,0,0,0,0,46,0,0,0,0,0,0,0,0,0,0,0,0,0,0,0,0,0,0,0,0,0,0,1,0,0,0,88,0,0,0,0,23,0,0,0,0,0,575,0,0,0,0,0,0,0,0,0,0,0,1312,2901,0,0,0,0,0,0,0,0,0,0,0,0,0,0,0,0,0,0,0,0,0,0,0,0,0,0,0,0,0,0,0,0,0,0,0,0,0,0,0,0,0,0,0,1,0,0,0,0,0,0,0,0,0,0,0,0,0,0,0,0,0,0,0,0,0,0,0,0,0,0,0,0,10661,0,0,0,0,0,9709,0,0,0,0,0,0,224,0,0,0,0,0,0,13559,0,0,0,0,0,0,0,0,0,128,0,0,0,0,0,0,0,0,0,0,0,0,0,0,0,0,0,0,0,0,0,0,0,0,0,0,0,0,0,0,0,0,0,0,0,0,0,0,0,0,0,0,0,0,0,0,0,0,0,0,0,0,0,0,0,0,0,0,0,0,0,0,0,0,0,0,0,0,0,0,0,0,0,0,0,0,0,0,0,0,0,0,0,22,0,0,0,0,0,0,0,0,0,0,0,0,0,0,0,0,0,26,0,0,0,0,0,0,0,0,0,0,0,0,0,0,0,0,0,0,0,0,0,0,0,0,0,0,0,0,0,0,0,0,0,10,0,0,366,0,0,0,0,0,0,0,0,19,0,0,0,0,0,0,0,0,0,0,0,0,0,0,0,0,0,0,0,4,0,0,0,10,0,0,1,0,46,0,0,0,0,0,0,0,0,0,0,0,0,0,0,808,0,0,1,0,0,0,14,0,0,0,0,2423,0,0,0,0,0,0,0,0,0,0,0,0,0,0,0,0,0,0,0,0,0,0,0,0,0,0,0,0,0,0,0,6,0,0,0,0,0,0,0,0,0,61,0,0,0,0,0,0,0,0,0,0,0,0,0,0,0,0,0,0,0,0,321,0,0,0,0,25,0,0,0,357,0,45,0,94,0,0,0,0,0,5,0,0,0,0,0,0,0,0,0,0,0,0,0,0,0,0,0,0,0,0,0,0,0,0,0,0,0,0,0,0,0,0,0,1,7,4,0,0,0,0,0,0,0,0,0,0,0,0,0,751,0,0,0,0,0,9,0,0,0,0,0,0,0,0,0,0,0,0,0,0,0,0,0,0,0,0,0,0,0,0,0,0,0,0,0,0,0,0,0,0,0,0,0,0,0,0,0,0,0,0,0,0,0,0,0,0,0,0,0,0,0,0,0,0,0,0,0,0,0,0,0,0,0,0,0,0,0,0,0,0,0,0,0,0,0,0,0,0,0,0,0,0,0,0,0,0,0,0,0,0,0,0,0,3,0,0,0,0,0,0,0,0,0,0,0,0,0,0,0,0,0,0,0,0,0,0,0,0,0,0,0,0,0,0,0,0,0,0,0,0,0,0,0,0,0,0,0,0,0,0,0,0,0,0,1088,0,0,0,0,0,0,0,0,0,0,0,0,0,0,0,0,0,0,0,0,0,0,0,0,0,0,0,0,0,0,0,0,0,0,0,0,0,0,0,0,0,0,0,0,0,0,0,0,0,0,0,0,0,0,0,0,0,0,0,0,0,0,0,0,0,0,0,0,0,0,0,0,0,0,0,0,0,0,0,0,0,0,0,0,0,0,0
"gene_376",0,0,0,0,0,0,0,0,0,1,0,0,0,0,0,0,0,0,2,0,4,0,0,0,0,84,0,0,5,49,0,0,0,0,2,0,0,1,7,0,0,0,0,14,0,0,0,0,0,0,0,0,75,1,0,0,0,0,196,0,0,0,0,0,1,0,0,0,0,0,0,0,0,0,0,0,44,0,0,0,0,0,0,0,0,0,0,0,0,0,0,9,0,0,0,0,65,0,0,0,0,0,0,0,0,0,0,0,0,0,1,0,0,0,0,0,0,0,0,0,0,0,0,0,0,0,0,3,0,0,0,0,0,0,0,0,0,0,0,0,0,0,0,868,0,0,0,0,0,0,26,0,0,0,0,398,0,0,0,0,0,0,0,154,0,0,0,0,0,0,0,0,0,0,65,0,0,1,319,0,0,0,0,0,0,0,0,0,0,0,0,0,0,0,0,0,544,4,679,119,0,0,79,0,0,0,0,0,0,0,30,719,0,0,0,644,0,0,0,0,1,0,2301,0,0,0,0,0,0,1011,0,0,0,0,96,21,0,0,0,1,330,1,10,0,0,0,72,0,17,0,0,0,0,2,0,0,0,0,1,0,0,0,0,0,0,0,0,4,0,0,0,0,0,18,0,5,384,444,0,0,0,0,0,0,17,0,0,77,0,33,0,0,0,0,37,0,3,0,0,227,0,0,27,0,0,0,0,1,6,2,0,0,77,0,1,0,0,48,0,0,0,0,0,120,17,0,0,252,227,0,0,0,1,0,58,17,0,0,0,0,5,1,0,51,0,0,0,10,0,0,25,88,0,41,0,0,0,0,0,0,0,0,1,0,0,0,10,1,80,0,0,0,0,0,0,0,0,0,0,0,40,0,261,0,878,0,0,5,0,64,0,0,0,0,0,0,0,0,0,0,0,0,0,12,0,43,0,0,185,0,46,0,21,111,0,0,0,0,0,0,0,0,0,66,2,25,8,2,0,3,0,0,0,0,1,6,17,0,0,0,0,0,0,1006,3,0,1,0,0,0,0,0,1,57,32,0,0,0,0,844,5,0,0,0,0,0,302,0,0,0,0,0,0,1,0,0,0,0,3,67,10,0,20,0,0,0,0,0,30,0,0,9,0,50,0,0,0,0,0,0,1,0,112,0,423,0,0,0,0,0,41,3,0,0,0,57,0,0,0,35,0,0,0,3,1,0,0,0,0,0,142,0,0,46,0,62,0,5,0,0,0,0,0,0,0,913,0,0,0,0,29,0,0,0,5,0,0,0,0,0,0,1,0,0,28,0,233,0,0,0,0,188,0,0,22,0,0,0,0,0,0,0,1,156,646,0,0,3,359,0,0,191,3,0,0,0,0,0,2,0,1572,0,0,0,4762,0,0,0,23,0,2892,0,0,0,0,0,0,0,0,0,0,0,0,0,0,248,0,0,0,0,0,5,0,0,0,0,2178,0,6,0,0,0,491,22,0,8,0,0,0,0,46,0,0,0,0,0,0,0,0,0,0,2492,0,0,0,0,1,0,0,0,5,0,0,0,0,0,0,0,0,0,388,0,0,0,0,0,0,0,0,3422,0,0,201,0,0,0,0,0,0,0,2,0,0,14,0,0,0,0,7,71,2,0,0,0,0,0,205,0,0,0,0,0,0,0,0,1,0,0,97,0,3,0,0,0,0,2,0,0,0,0,0,0,0,0,0,0,1,0,0,1,7,0,0,0,0,2,0,197
"gene_377",1,0,0,24,160,0,136,17,3883,0,4097,1,0,5,0,12,0,11,0,14,0,620,9669,11,0,2,75,0,0,0,0,0,0,0,291,62,0,0,0,541,0,5,0,58,264,2715,296,5,0,857,129,6258,308,0,0,422,2,1,0,0,0,0,0,0,40,0,862,1,0,0,4,1,0,85,0,34,0,2554,0,0,0,0,1,0,6,0,0,0,3682,0,0,38,0,0,0,0,0,0,0,0,0,0,0,0,0,0,0,0,0,0,0,0,0,0,0,0,0,0,0,0,0,0,0,0,0,0,0,0,0,0,21,0,0,0,0,0,0,0,0,0,0,0,57,0,0,1,0,2652,0,0,0,0,0,0,0,0,117,0,0,0,0,0,0,115,0,0,0,0,0,22,0,2,0,0,3049,0,0,63,0,0,0,0,0,0,0,57,0,0,0,0,0,0,1,0,11,0,3,0,3,0,1,1,0,3,0,0,1,0,1,5,2,7,0,0,0,0,5,0,1,15,0,0,0,2,1,0,0,1,2,0,0,0,0,0,0,0,0,0,2,0,1,0,0,0,1,1,12,1,0,0,5,2,8,0,1,10,0,0,5,0,2,0,0,0,0,0,0,0,2,0,1,4,0,0,0,0,0,0,0,0,0,0,0,0,2,2,0,0,0,0,1,0,0,0,0,3,3,0,0,0,0,0,0,0,1,1,3,0,0,0,0,2,0,0,0,0,0,1,0,0,0,1,0,1,0,0,0,0,0,0,0,0,0,5,0,0,0,0,0,1,0,0,0,2,1,0,2,0,0,0,0,0,0,0,0,0,0,0,0,0,0,0,1,0,0,0,0,0,0,0,0,0,0,0,1,1,0,0,0,0,0,0,5,0,2,1,0,2,0,0,0,0,0,0,4,0,2,0,5,1,0,0,0,0,0,0,0,0,0,0,0,0,0,0,0,0,0,0,0,0,0,0,0,0,0,0,0,0,0,1,0,0,0,0,0,0,0,0,0,0,0,0,0,0,0,0,0,0,0,0,0,0,0,0,0,0,0,0,0,0,0,0,0,0,0,0,0,0,0,0,0,0,0,0,0,0,0,0,0,0,0,0,0,0,0,0,0,24,0,0,0,0,0,0,0,0,0,0,0,1,0,0,0,0,0,0,0,0,0,0,0,0,0,0,0,0,0,0,0,0,0,0,0,0,0,0,0,0,0,0,0,0,0,0,0,0,0,0,0,0,0,0,0,0,0,0,0,0,0,0,0,0,0,0,0,0,0,0,0,0,0,0,0,0,0,0,0,0,0,0,0,0,0,0,0,0,0,0,0,0,0,0,0,0,0,0,0,0,0,0,0,0,0,0,0,0,22,0,0,0,0,0,0,0,0,0,0,0,0,0,0,0,0,0,0,0,0,0,0,0,0,0,0,0,0,0,0,0,0,0,0,0,0,0,0,0,0,0,0,0,0,0,0,0,0,0,0,0,0,0,0,0,0,0,0,0,0,0,0,0,0,0,0,0,0,0,0,0,0,0,0,0,0,0,0,0,12,0,0,0,0,0,0,0,0,0,0,0,0,0,0,0,0,0,0,0,0,0,0,0,0,0,0,0,0,0,0,0,0,0,0,0,0,0,0,0,0,0,0,0,0,0,0,0,0,0,0,0,0,0,0,0,0,0,0,0,0,0,0,0,0,0,0,0,0,0,0,0,0,0,0,0,0,0,0,0,0,0
"gene_378",0,0,0,0,23,1,0,0,0,0,0,0,0,0,0,11,0,0,0,7,0,676,0,0,11,60,0,8,511,0,44,0,0,6,12,40,0,0,410,0,0,0,0,25,241,0,0,0,0,0,0,0,4,0,0,0,1,0,0,0,0,58,0,213,413,186,2,67,0,0,0,0,0,0,0,0,0,0,444,0,0,0,0,0,0,0,0,27,0,0,1,0,268,3,0,0,0,166,38,1964,113,0,27,433,0,0,0,0,0,0,0,22,157,96,0,5,0,126,36,0,3,0,0,0,10,156,0,0,0,0,0,0,0,19,603,62,0,0,0,179,464,0,874,11,15,0,40,4,10,0,277,0,0,9,19,4161,279,0,0,14,38,2,0,1388,152,0,0,0,10,0,238,0,903,49,48,2,1606,0,3,7,0,38,0,1265,0,6,1,28,1133,1684,76,0,0,1086,0,0,0,0,158,4,485,36,6,0,150,134,7,88,0,5,0,0,0,0,142,0,4691,73,1476,0,18,0,1898,0,0,0,0,0,0,1,0,0,464,0,0,163,291,38,1493,0,0,687,0,0,0,0,0,303,18,0,2,378,0,0,0,10,30,0,0,168,19021,14399,31461,1455,17479,14667,20929,4384,7811,6180,54713,3060,13216,13657,42088,14165,6002,10004,17555,839,1886,4815,10237,13921,2802,26383,5613,63330,6616,14686,12788,36546,10469,27945,16459,34540,2642,3811,8833,3593,3895,15127,6234,13931,15248,35179,6922,5065,8122,13561,2259,19042,3138,13468,7480,23277,1946,34106,11294,6520,7061,40678,18456,7385,1901,4817,15554,18377,5688,1048,40543,1034,18421,5733,41525,1196,8743,10813,26563,17811,2109,2672,36244,12541,4933,2508,42492,62114,34265,726,6974,14815,9432,2106,5105,27467,12394,20583,37219,7554,9954,14680,12051,15071,22842,32260,17878,6819,69286,3924,27580,1984,11474,20847,20279,14883,45010,9983,14263,35818,13366,30498,29124,22348,9724,13978,28025,18496,77529,22880,46830,2043,7363,1810,27551,15706,14398,3933,31611,14075,4302,37046,15587,2347,40426,25313,16741,32458,2941,1627,28324,18922,2829,19481,19787,1644,52448,72907,9407,17989,7141,11093,9618,13045,534,23290,82654,3964,58307,41874,24077,3513,28495,1557,5241,13478,1185,14113,23266,13414,8773,21993,20837,3018,10469,4913,36309,4202,10177,31718,39898,64,23735,11335,15045,44524,2276,31889,10567,2918,1380,13631,9474,16762,19135,14044,22458,2385,14627,37467,39307,18584,18843,34139,25006,3029,9647,34427,20965,27404,1862,8848,18603,935,22927,6333,10462,11019,6834,30719,12687,18819,11249,16133,2469,1838,12483,11486,16038,15057,9499,20935,14585,13559,71379,17906,39907,4944,16153,5178,19378,13456,8832,17934,3209,4264,2662,6188,37647,58575,2267,23954,26511,4553,8052,24974,35526,5649,33387,18608,41685,58697,13213,8643,13486,4291,15033,48085,11432,23142,27440,745,3545,2520,37073,9629,4485,7171,18723,8895,8543,14215,9020,2856,22923,1708,22512,6580,29346,29057,16126,16391,15592,24711,5942,8415,11394,5789,2455,11103,9819,13143,26347,6622,12746,117,5613,78633,5037,19631,39058,2869,9516,53941,695,57508,32866,20227,67076,114276,1616,11405,24690,34640,8589,6132,63191,23958,61429,28238,48676,281,8624,21,6657,31370,10252,10160,7206,15884,17357,6493,5,16465,11423,10925,40691,12574,2664,28197,2934,71648,20127,6372,30449,43475,26086,14939,11748,3938,11352,7154,56173,20436,36004,32501,16404,1737,8984,41408,29704,32190,2615,1580,11153,16875,23506,105471,4594,66095,24486,6987,4195,684,5546,11389,1067,13925,7146,3037,10006,12098,2189,22698,41117,16511,1409,18664,822,23633,16088,6000,11553,3398,5957,10585,9566,46685,8633,63515,8359,32195,27818,8580,1738,34670,4847,11115,12264,6960,1932,6122,8425,1318,3760,5896,51001,29527,15759,6115,2927,36530,46272,12370,1578,2582,25888,20,1087,81634,16570,1029,4310,11340,23058,4246,958,23444,1860,385,463,16407,4208,733,442,665,14626,2418,7319,2863,18082,42909,67,7161,2400,10240,20589,83757,46693,3838,715,31710,14219,2110,4649,19764,48423,1968,19336,39728,3028,19195,622,27294,77468,17634,9696,71371
"gene_379",0,4,0,0,950,63,17,1,0,6,305,540,0,0,0,0,4540,0,189,688,22,0,23,0,0,67,3,0,326,5337,0,0,25,2972,2498,1400,26,9328,33,4403,0,3,99,0,0,0,395,9,0,0,332,0,73,0,1,2398,0,0,685,18,1048,41,2627,0,0,0,0,33,1762,55,0,0,175,465,1,285,0,0,171,0,200,3,0,0,65,0,0,813,4,44,1816,22,864,0,0,118,3116,318,0,0,4,0,0,0,733,0,0,0,0,48,0,5,443,0,5,0,9,86,6,0,0,0,33,0,0,0,0,0,0,0,0,0,0,18,6,517,0,0,0,0,0,0,0,0,0,0,0,74,0,0,0,0,2,0,0,0,0,0,412,2,0,0,1,0,0,8,0,0,0,0,0,3201,0,1,179,1,1024,0,0,501,4351,0,0,76,55,0,1497,331,0,1472,0,1378,0,1,488,792,0,4655,1895,0,9,0,1,227,0,0,6,0,0,437,0,0,0,0,4,0,25,0,0,0,0,0,4,1,0,3,0,0,0,5803,0,0,0,60,112,0,0,0,0,14,767,0,3,12,0,0,0,1563,0,7,0,0,0,0,676,0,0,5,0,0,1037,62,135,44,0,0,38,0,0,0,0,0,0,0,1290,1881,83,1,126,138,0,0,2114,0,0,12,15,0,606,0,450,0,0,9,0,0,125,0,2,647,41,472,0,0,0,15100,0,0,0,61,0,29,294,0,1,90,0,1366,0,284,0,2363,0,0,10,563,584,0,9,0,299,0,0,228,5,0,0,663,410,39,0,3824,384,8813,0,85,0,0,0,14,414,0,0,0,0,65,0,2915,667,1375,49,1001,0,0,119,0,288,0,0,6679,175,0,89,34,1,3,6321,3,101,80,30,5,9,0,0,1,0,6184,0,5,47,593,0,0,110,0,1168,1470,0,0,0,0,5,0,0,1,0,23,0,6,2,0,0,10,1,0,855,8894,118,1055,764,135,28,0,0,46,483,0,0,10,0,127,0,0,0,0,0,0,3,0,0,59,788,0,1,82,0,0,0,0,0,340,0,0,43,146,0,0,14,0,18,16,77,0,0,209,0,0,0,7,0,0,6,0,0,0,0,0,0,0,4,0,82,1,0,0,4,0,331,0,4,739,222,0,0,19,0,36,26,1,0,0,0,0,0,0,1,0,1,36,1,0,0,688,0,0,0,0,5,0,0,0,0,0,1,0,1686,31,675,0,1064,0,0,16,769,0,0,40,0,0,652,234,0,14,0,151,0,485,84,0,0,0,0,108,840,0,70,2,0,0,0,33,0,0,25,243,0,0,12,0,16,0,0,0,2284,0,21,0,8,0,5,0,0,0,0,0,0,1,1,0,0,0,0,0,0,138,86,120,0,0,0,2,1,0,0,0,0,0,699,0,0,0,0,4322,2,0,0,4,1909,23,0,48,0,4,0,0,3,0,0,0,0,0,18,0,0,126,1,0,0,0,0,209,0,0,0,0,0,0,0,4,0,0,0,0,0,0,0,1,2,0,0,0,1,0,540,0,0,6,0,0,58,0,0,0,0,0,0,0,273,1,1009,0,1,0,0,0,5,0,0,0,2,0,0,0,0,61,0,0,0,0,0,0,0,0,0,0,2,0,0,0,319,0,18,0,0,8,0,124,0,0,0,0,0,0,0,0,255,0,0,0,0,0,398,218,0,0,2,0,193,51,0,0,0,0,0,0,19,68,0,21,0,296,0,0,0,5,0,0
"gene_380",0,0,0,0,3,0,0,0,0,0,0,2,0,0,0,0,0,0,0,275,0,0,0,0,3423,0,0,0,0,0,0,0,0,0,1,0,2,0,0,0,6,62,0,0,0,2,0,419,12,0,0,0,0,0,0,698,0,4974,5,0,0,0,1,0,0,0,0,392,366,0,0,0,0,0,14,0,0,0,0,1727,0,1,10,0,1,0,0,0,3941,0,0,0,0,0,0,0,0,0,0,0,0,0,0,0,0,0,0,0,0,0,0,0,0,0,0,0,0,0,0,0,0,0,0,0,0,0,0,0,0,0,1,64,14,0,0,0,0,0,0,0,0,0,0,0,0,0,0,0,0,0,0,0,0,0,0,0,0,0,0,0,0,0,0,2102,0,0,0,0,0,0,0,0,0,0,0,0,0,0,0,0,0,0,0,0,0,0,0,0,0,0,0,0,0,0,0,0,0,0,0,0,0,0,0,0,0,0,0,0,0,0,0,0,960,0,0,0,0,0,1795,0,0,2,0,0,0,0,0,0,0,0,0,0,104,93,0,7,0,0,0,0,0,0,0,0,0,0,0,0,0,0,0,1,0,0,0,0,0,0,0,0,1,0,0,0,0,0,0,0,254,0,1,0,16,0,0,0,10,0,0,0,0,0,0,0,0,0,0,0,0,0,0,1,0,2,0,0,262,0,0,0,0,0,0,0,0,0,0,0,0,362,0,0,0,0,0,0,0,0,0,0,0,0,15,0,0,0,0,0,0,0,0,0,260,0,0,0,0,0,0,0,0,0,0,0,0,0,0,0,0,229,87,2,0,0,0,1,0,0,0,0,0,0,185,0,0,50,0,0,0,0,0,0,0,93,0,0,0,3,0,0,0,0,0,0,0,0,0,0,0,0,0,0,2,0,0,0,0,0,0,0,0,0,0,9,0,0,0,0,0,0,0,0,0,0,57,87,0,0,0,266,0,0,0,1,0,143,1,0,0,20,0,0,2,0,0,50,0,0,0,0,96,0,0,0,0,0,0,308,0,551,0,0,0,0,0,0,0,0,0,0,0,0,0,0,0,0,0,0,1223,1419,0,0,0,0,0,0,8,0,0,0,0,0,0,0,0,0,0,0,0,3,140,0,0,500,0,0,0,0,0,0,0,0,0,0,208,0,0,0,0,0,0,0,0,0,0,0,0,0,0,0,0,0,0,0,0,0,0,0,0,0,0,0,0,0,0,0,0,0,0,0,883,0,0,0,0,0,4,0,0,0,0,0,0,0,0,0,0,0,0,182,0,0,0,0,144,223,0,0,0,7,0,0,0,0,2,0,0,0,0,0,0,0,0,0,0,0,0,0,0,0,0,0,0,0,0,0,0,0,0,0,0,0,0,0,0,2,0,0,0,0,0,0,0,0,0,0,0,0,0,0,1,2,0,0,0,0,0,0,0,0,0,0,0,4,0,0,0,0,0,0,0,0,0,0,0,1,0,0,0,0,0,0,0,0,0,0,0,0,0,0,0,0,0,0,0,0,0,0,0,0,0,0,0,0,122,1,0,0,11,0,0,0,0,0,0,0,0,0,3,0,465,213,699,0,0,0,36,0,0,0,0,0,0,0,0,0,0,0,0,0,0,0,0,0,0,0,0,0,4262,0,2,0,0,0,2,0,0,0,0,0,1771,0,0,0,0,138,0,8,0,0,0,0,0,0,0,0,13,0,0,0,0,0,0,0,0,0,0,0
"gene_381",9,33,0,0,0,19,5,3742,0,0,4,0,0,0,2936,25,2051,4224,0,0,3,3,0,2,147,245,1,393,0,0,87,0,294,389,0,342,0,126,137,4,0,143,0,7,421,0,0,1,5,0,0,0,0,0,1,41,0,0,21,0,0,0,0,0,0,1821,448,0,6,15,1,3,1,0,0,153,1219,0,81,0,38,288,12,12,438,5,0,5,35,1,44,1,3,0,2060,0,0,1022,0,0,288,0,0,0,27062,1,0,9275,14,107,0,0,7414,3382,0,159,407,2844,0,0,0,0,0,0,6846,24,0,0,0,0,21,0,125,7,1,0,0,0,0,75,0,0,0,5,4590,143,0,2796,0,94,0,7,0,0,91,9,0,0,0,0,0,0,8667,0,0,25,233,0,0,0,22470,0,28353,43,0,120,77523,0,318,102,0,0,48,0,0,0,0,6,23,92,26,0,0,0,232,0,15962,2292,0,178,12664,2605,3471,199,0,38,0,0,0,5,0,0,11,0,0,0,0,0,0,1,0,0,0,0,1408,4,0,288,1932,0,0,0,0,123,421,32,0,1,0,0,0,0,4860,1,9,6,1425,90,904,0,0,0,0,209,0,0,0,662,4,0,118,305,0,0,828,0,6,369,1,518,671,2,31,811,65,216,1114,4,735,187,0,0,4,11,612,16,1157,57,0,0,1,1,122,0,25,196,0,1,3,168,0,1,0,441,272,0,39,392,9,585,0,86,2,0,999,0,0,0,5,6,0,128,0,534,1,0,4,0,6,17,305,7,0,289,286,47,21,26,0,11,158,37,4,97,1550,0,0,0,3910,0,2133,163,25,0,0,154,0,0,0,0,19,1,0,10,171,431,0,163,14,0,67,293,0,0,134,0,0,39,6,1,0,17,157,45,447,0,0,1481,32,0,30,261,98,48,0,1339,0,56,5,246,0,1,1,127,123,25,0,881,586,3,167,1,1,0,9,391,155,582,10,200,0,0,735,233,7,769,5,0,591,1300,71,366,0,24,0,270,0,0,0,4,0,0,0,0,0,1,0,7,95,0,0,0,0,0,3,73,760,0,7,0,0,0,0,0,0,0,0,0,0,0,0,12,0,0,0,0,1,0,634,0,4,0,0,0,0,0,0,0,0,122,11,0,2894,0,0,0,0,0,0,0,0,49,0,0,8,0,4,0,1,0,27,0,50,0,1013,0,12,0,0,0,0,37,0,1012,16,0,0,0,0,0,27,0,0,0,0,0,20,0,25,178,3048,0,0,0,95,0,0,0,0,0,0,2,108,0,19,1838,0,8,2,174,0,0,41,0,0,0,0,0,0,30,0,0,221,4505,0,5512,0,19,0,0,0,0,201,0,0,15280,0,39,0,0,0,20,0,0,11,0,0,478,2,0,0,0,0,206,123,0,0,0,183,0,1,0,0,0,0,0,0,0,0,1,2,0,1,0,0,114,0,0,0,0,7,4,0,818,0,0,0,0,0,0,0,0,9288,0,0,382,6,0,0,0,0,107,0,1,5259,31,256,0,138,6,0,0,103,0,0,0,0,0,1,0,301,713,0,0,27,1,0,98,700,0,45,0,0,0,0,6,0,0,5,0,0,38,59,67,4922,0,0,0,0,0,0,0,434,7,0,0,7,0,0,21,0,193,133,4,0,1,0,0,0,41,0,0,0,0,0,0,1,241,0,225,0,0,1889,74,0,0,0,0,8975,0,0,326,13,0,541,0,1,0,0,3,0,15,0,0,560,0,3771,653
"gene_382",0,0,0,0,0,0,0,42,0,0,0,0,0,0,0,0,0,0,0,0,0,26,0,0,0,0,0,0,0,0,0,0,0,0,0,0,0,0,0,0,0,11,0,0,0,0,0,0,0,0,0,0,0,0,0,13,0,0,0,0,0,0,0,0,0,0,0,7171,437,0,0,0,0,0,0,0,0,0,92,0,0,0,0,0,0,0,0,0,0,5,0,196,0,0,0,0,1830,0,153,34,24,1,744,6,0,0,196,0,0,0,0,73,0,0,6,743,0,0,0,0,0,53,0,0,759,597,38,100,95,94,0,641,0,2,38,87,0,3,0,0,20,0,8,40,5,0,0,0,0,0,3,24,0,0,1,4,11,0,0,1,469,0,1,0,0,27,4904,1,1,0,4209,43,0,0,0,0,4251,9,0,1,1286,441,98,148,0,297,0,457,0,0,1,53,23,0,0,0,0,27,0,33,0,0,0,20,12,51,47,0,0,0,0,0,0,0,2,259,0,0,187,1,0,370,0,0,0,203,1,0,0,23,0,0,3,9,0,5,0,0,9,0,0,795,0,0,1,0,1531,0,0,0,0,0,0,366,0,0,0,0,0,0,0,0,0,0,0,0,0,0,0,0,0,0,0,0,0,0,0,0,0,0,0,0,37,1,5,0,0,0,45,0,0,0,7,0,0,0,0,0,0,0,0,0,0,0,0,0,0,0,0,0,2,0,0,0,0,0,0,0,0,0,0,0,0,0,0,0,0,0,0,0,0,0,5,0,0,0,0,0,1410,84,0,0,0,0,0,0,0,0,0,0,0,0,0,110,0,0,0,0,0,0,0,0,0,0,0,0,0,0,0,0,0,0,0,0,0,0,2,0,0,0,0,0,0,0,0,2,0,0,0,0,0,0,0,0,0,0,0,0,0,0,0,0,0,0,0,0,0,18,22,0,0,0,0,0,0,0,0,0,0,0,0,0,18,0,0,0,0,0,0,0,0,0,665,0,0,0,0,507,0,0,0,0,0,0,0,0,1,1045,4,0,0,0,0,0,1,0,0,0,0,193,0,0,0,0,128,0,269,0,8,0,19,0,0,0,0,1737,0,0,0,0,0,0,672,0,3,0,0,0,0,0,0,0,27,0,341,0,0,93,0,0,0,0,0,0,0,0,1,0,0,47,0,0,0,0,0,0,0,0,89,0,0,0,37,0,0,0,0,0,0,0,0,0,312,0,0,0,0,517,3,0,0,1,0,0,0,0,6,0,523,960,0,0,0,0,4,0,0,0,31,0,631,0,0,224,0,0,46,523,0,24,0,0,1278,0,0,0,0,0,0,0,0,0,0,0,0,1594,0,0,0,0,0,0,0,2434,0,0,0,0,0,0,124,0,0,0,0,0,37,0,0,0,0,0,8,9,0,0,0,3618,0,30,5417,0,0,0,0,0,0,0,0,0,0,6006,0,0,0,0,0,0,0,0,19,0,0,0,0,0,0,0,0,0,0,0,1887,0,0,0,0,9658,0,0,0,2,0,5,378,4,0,0,0,0,0,0,0,0,0,0,0,0,0,19,0,0,0,0,0,0,0,0,0,0,0,0,0,0,0,0,0,0,0,0,0,0,0,0,0,0,0,0,0,0,0,0,0,83,32,0,0,0,0,0,0,0,0,0,0,0,0,1,0,0,0,21,0,0,0,0,0,0,0,0,0,0,0,0,0,0,0,0,82,0,0,0,0,8,0,0,0,0
"gene_383",9,0,0,0,0,281,0,0,0,0,0,0,11,0,0,0,0,0,0,0,40,0,0,0,0,0,0,0,240,0,0,0,0,0,0,0,0,0,148,0,0,0,0,0,0,0,316,0,0,0,0,1,0,0,0,21,0,0,7,0,0,0,0,1,34,0,0,0,0,0,50,0,0,0,0,0,0,0,0,0,0,0,0,1,0,0,0,0,57,0,0,0,0,0,0,0,0,0,0,0,142,0,0,0,0,0,0,0,0,0,6,0,0,0,0,0,0,0,0,0,0,0,0,0,0,0,0,0,0,0,0,0,0,0,0,0,0,0,0,0,0,0,0,0,0,0,0,0,1,0,0,0,0,0,0,0,0,0,0,0,0,0,0,0,0,0,0,0,0,0,0,0,0,0,0,0,0,0,0,0,0,0,0,0,0,0,0,0,0,0,0,0,11,0,0,0,0,884,0,0,0,0,0,0,0,567,0,0,0,0,0,725,0,0,0,0,0,0,0,0,0,0,0,0,0,0,0,0,0,0,0,0,0,0,0,0,5872,0,0,1,0,0,0,0,0,0,0,0,0,0,0,29,0,0,0,0,10,0,0,0,0,0,0,0,0,0,0,0,0,0,0,0,0,0,0,0,0,0,0,0,0,11,463,2,0,0,0,0,302,0,0,0,0,0,0,0,0,6,0,0,0,0,0,0,0,0,0,0,20,0,0,7,0,0,0,0,0,0,0,0,0,0,0,0,0,29,0,0,0,0,0,41,0,0,0,0,0,0,0,0,0,0,0,0,0,0,0,0,0,0,0,0,0,0,0,0,0,394,0,0,2,0,0,0,16,0,0,0,0,28,0,0,23,0,0,3,34,0,0,0,0,0,0,0,0,12,8,0,0,0,0,0,0,0,0,0,0,0,0,0,0,0,0,0,0,0,0,14,756,0,0,0,128,0,0,0,0,0,0,0,5,4,0,0,0,0,0,49,0,0,0,0,0,0,0,0,0,0,0,0,0,0,0,0,0,0,0,0,0,0,0,0,0,0,0,0,0,0,0,0,0,0,0,43,2,0,0,0,0,0,0,0,0,0,0,0,0,0,0,0,0,0,0,0,0,0,0,0,0,0,0,0,600,0,0,0,0,0,0,0,0,0,0,0,0,0,0,0,1,0,0,0,0,0,2,0,0,0,0,0,0,0,2,0,0,0,0,0,0,0,0,0,0,0,0,0,0,0,0,0,0,0,0,0,0,0,0,0,0,0,0,0,0,0,0,0,0,0,0,0,0,0,0,0,0,0,0,0,0,0,3,0,1752,0,3,0,0,75,0,0,1,0,0,0,0,0,0,0,0,0,0,0,0,0,1,0,0,0,0,0,0,13,0,0,0,0,0,0,0,0,9,0,248,686,0,24,0,0,0,36,49,0,0,0,0,0,0,0,0,7,1128,0,340,0,0,2959,0,0,0,27,0,0,103,0,0,0,0,0,0,5,0,0,0,0,0,0,0,0,0,96,0,0,0,6,0,0,0,0,0,0,0,0,0,0,0,0,0,0,18,32,0,0,7,0,0,0,0,0,0,0,0,0,0,0,0,2115,0,0,0,0,0,0,1,0,0,4,0,0,0,0,0,0,0,620,4,0,0,4,0,0,1,0,0,0,0,36,0,0,0,0,0,0,0,0,0,983,0,0,0,0,0,13,1,0,0,0,0,117,0,0,0,48,0,1,0,0,0,1
"gene_384",0,0,0,0,0,17,0,0,0,15,0,0,399,0,0,410,0,224,0,0,0,48,0,0,0,156,1,15,810,116,0,0,0,0,7,906,9,0,0,97,0,125,0,0,20,1,4,0,0,0,1,0,0,116,0,472,0,0,114,256,0,292,2589,3,0,98,42,31,134,0,511,28,55,0,0,3,1700,1,72,591,0,4,0,0,25,0,0,0,564,30,0,26,0,0,0,0,369,0,0,0,0,0,0,70,0,0,0,0,0,0,0,0,0,0,0,0,0,0,0,0,0,0,0,0,0,0,0,0,0,0,0,0,0,0,0,0,0,0,0,0,0,0,0,0,0,0,2989,1640,0,0,0,0,0,0,0,0,0,0,0,0,0,0,0,0,0,194,0,0,0,0,0,0,0,0,0,0,0,0,0,0,0,0,0,0,0,0,0,0,0,0,0,0,0,0,193,14,3,457,197,410,1,0,6,2395,0,0,0,0,0,37,0,25,4,13,1,0,0,0,2637,5,0,1874,535,0,46,0,781,0,0,0,0,2,0,0,350,0,0,0,459,357,936,10,5938,0,0,0,0,0,0,0,0,0,5,279,1,134,0,0,0,22,4,0,477,1,68,0,22,2,151,45,332,0,101,8,5789,110,47,0,763,4,128,197,423,457,114,138,3,11,4069,220,14,323,9,755,24,406,5212,867,176,5,499,0,0,6,2777,12,26,2347,151,0,3,0,17,385,0,1294,4,39,80,359,0,721,1218,1953,8,104,8,0,616,158,3157,0,1,919,1,6,785,2124,88,668,0,2761,7,1,0,221,470,2028,878,81,1,1659,3,0,0,0,0,1,23,0,0,335,3363,1,0,0,1062,117,6,34,195,0,31,0,282,1,0,0,139,7,21,346,21,0,17,13,411,0,4626,89,772,18,16,327,1,5408,6,0,40,0,1,2,0,267,70,3095,275,0,7,83,0,42,11,442,86,50,65,737,4,131,472,0,0,0,5,93,1,146,17,44,48,185,667,4,249,0,0,41,803,1,0,4,537,0,0,0,47,0,1922,165,0,0,0,0,321,0,2,0,12,0,72,14,138,0,0,0,0,0,2,168,0,140,13,0,0,0,0,135,0,0,3,0,160,0,273,0,135,0,0,10,3,16,0,0,5,0,161,0,0,3,0,558,39,0,0,0,0,674,47,0,352,199,3,1726,367,0,104,556,1931,14,20,0,0,0,433,0,1,32,32,0,672,12,0,103,0,0,0,0,0,0,0,0,48,616,2779,0,28,0,0,0,0,0,1140,87,0,1,267,0,0,0,0,0,0,0,0,33,10,109,364,0,0,0,1496,0,0,10,0,0,50,715,1,0,0,0,0,1,10,287,0,2,0,0,0,8,0,10,453,37,0,2,0,696,0,0,0,0,1,0,1,0,0,0,0,0,0,428,0,0,0,358,0,126,32,83,0,302,0,0,0,0,0,0,0,3,223,6,0,0,0,0,0,1,4240,0,0,2721,16603,8,0,0,12,16,0,0,0,0,0,0,1,0,9510,0,127,0,7465,0,49,0,22,0,0,4500,0,0,0,0,81,3730,0,0,2674,0,0,0,769,0,0,360,0,0,0,148,0,0,0,1,251,0,0,0,0,282,0,41,0,0,0,0,0,0,0,0,0,0,0,6955,0,0,124,0,0,0,142,2,0,0,0,0,2,0,0,0,0,0,0,162,7,12,0,0,73,0,0,0,0,7,1,0,0,0,27,50,0,0,0,0,2,0
"gene_385",0,0,0,0,0,0,0,0,0,0,0,6,0,0,0,0,0,1,0,0,0,0,0,0,0,0,0,0,0,0,0,0,28,0,0,0,0,0,9,0,0,0,0,0,0,0,23,0,0,0,3,0,36,0,8,0,0,0,0,0,0,0,0,0,0,0,0,0,0,1,1094,0,0,0,0,0,0,0,0,0,0,0,0,0,0,0,0,1,4,116,0,0,0,0,0,0,0,0,0,0,0,0,0,0,0,0,0,0,0,0,0,0,0,0,0,0,0,0,32,0,0,51,0,0,0,8,0,28,149,0,0,0,0,0,0,0,0,0,0,0,0,0,0,0,0,0,1,0,0,0,0,0,0,0,0,0,90,0,31,0,12,0,0,0,7,0,6,0,0,0,0,0,0,0,125,0,0,138,0,0,0,0,69,0,5044,0,0,0,0,0,0,0,0,0,0,0,506,0,0,2,0,0,0,0,0,0,0,0,0,0,4295,2,0,2,0,0,0,0,0,0,0,1689,0,0,1,0,0,0,0,2918,0,181,0,0,0,0,0,0,0,2,0,0,0,0,0,155,0,0,0,4080,0,12902,0,0,1,5,4,6,2558,4081,30,2174,6,0,1,0,0,63,0,0,0,64,7326,239,30,0,0,245,0,0,0,8,25,0,12,0,7,8,0,806,0,5,0,0,0,1,490,182,7,0,1,9,0,0,1299,0,4,0,0,673,0,0,3,0,55,8,5,3439,0,1,583,0,0,0,0,0,0,67,727,976,0,0,0,0,4,88,0,0,0,11,0,0,0,0,0,0,0,215,682,0,0,338,0,784,0,0,0,193,0,2,35,0,1,411,0,46,0,0,706,0,0,0,0,289,239,0,0,0,1,0,3,111,36,0,0,0,0,7,0,0,27,0,0,88,6433,0,443,22,0,0,1,0,0,0,0,0,5552,0,0,0,2,1851,0,0,1276,0,21,0,311,0,11,0,0,10,0,0,296,0,32,22,0,0,0,0,0,0,400,0,5,328,8,0,0,0,0,0,0,0,0,0,18,0,0,0,506,0,328,2,0,0,0,0,15,0,0,17,1,18,0,38,23,0,0,0,0,657,0,0,82,1,0,938,0,714,2,606,0,0,1,1,0,0,0,11029,0,250,2,0,51,0,20,0,1,0,0,0,0,114,0,8,0,661,0,169,0,0,1452,0,1904,1801,0,144,0,0,0,463,0,54,0,0,1,0,0,2476,1370,0,0,56,0,2580,0,0,0,0,1,12,0,0,162,0,0,0,0,5,19,0,0,12,0,0,0,0,0,1,0,0,2,0,1,0,0,0,0,1552,0,73,8,1,6,0,0,0,4995,0,0,0,0,0,0,0,9,81,0,0,0,0,1,0,50,0,0,0,0,0,6,0,0,0,0,0,0,0,0,0,79,125,0,4,0,0,0,0,0,0,8,0,103,0,0,2,0,0,3698,0,0,177,1,1,0,33,3,26,0,0,0,0,0,10,5225,0,0,9,0,0,8,44,0,0,0,0,0,0,0,0,0,0,0,0,0,0,15,0,0,0,0,1267,0,0,0,1,0,0,20,19,22,2,244,0,0,0,0,0,5290,0,0,0,0,0,0,0,3,0,90,0,0,0,0,0,0,4535,118,0,0,0,157,0,0,0,0,486,0,0,0,0,0,0,0,0,0,0,23,0,1,0,6771,0,0,0,0,76,18,0,0,0,0,0,0,1504,0,0,72,0,0,484,0,331,2,0
"gene_386",0,0,3,0,28,0,0,242,0,10,19,0,120,0,7,67,0,0,60,183,0,2,562,33,0,0,0,1,13,0,0,0,0,6,52,0,0,13,0,0,5,0,65,551,0,1,2,3,940,404,0,1034,0,92,0,1152,0,0,0,233,1184,534,2,170,2,0,312,0,0,774,0,0,0,105,1,0,162,0,267,0,41,25,0,110,0,22,64,0,1598,0,1,108,0,0,1,0,1277,0,0,37,0,0,547,0,1,0,1962,8,4,0,0,0,0,0,1,0,0,35,0,0,566,0,32,6,87,0,0,0,0,0,0,0,0,0,0,0,0,0,0,1,0,0,0,0,0,1124,0,0,0,0,19,0,5516,0,5142,0,0,0,0,0,0,25,8249,3091,0,0,0,0,0,0,0,0,0,0,0,60,0,3,827,0,0,0,0,0,313,4,15,0,3776,0,0,4918,154,0,61,0,6,0,21,23,464,0,13,1,0,4,1,166,0,708,0,296,0,113,0,1,0,0,8,0,0,0,0,533,4,0,0,0,294,2,0,0,17,0,993,0,0,0,0,1,16,0,0,148,74,0,0,1,0,0,3,354,0,0,0,111,5,6,0,1454,77,555,2,0,225,622,0,5,0,46,22,0,365,43,826,135,1,0,82,1,25,166,0,708,0,1,185,6,1454,315,13,32,1,308,568,4,1,4,18,6,0,298,2072,964,1793,168,274,10,277,14,23,10,922,129,24,33,48,87,209,43,0,1154,1266,102,7,31,2073,10,92,1,184,0,1,20,1531,4,423,0,384,7,0,169,536,72,811,9,727,353,225,0,27,1333,0,23,403,170,1059,517,224,35,1,641,1,0,14,116,0,53,328,1,0,1,5,0,1,328,31,0,577,1,0,26,0,203,25,174,94,6,77,69,3,20,46,0,1,669,37,24,444,362,6,0,683,24,0,7,120,266,51,1431,11,0,0,1,0,25,0,1,2,10,301,10,140,237,0,232,3502,26,7,347,108,47,11,174,0,5,0,1811,3,1105,80,59,0,0,27,0,865,2,0,0,0,5,0,8,0,14,779,0,1,0,332,1,0,0,266,6,55,0,0,0,30,132,0,0,40,2,0,741,34,483,0,6,127,0,0,0,28,249,220,7,0,0,62,81,43,0,11,0,0,1,16,47,96,0,0,0,0,0,0,48,3,0,0,0,0,32,0,0,318,1,1,0,0,0,238,188,206,0,0,0,0,0,1,57,2124,15,836,0,0,5,0,0,22,149,215,9,5,4,660,11,0,22,1,30,0,7,0,0,101,0,280,34,0,0,16,0,897,0,5,19,22,10,0,0,0,2,0,6,146,7,1,9,0,4,0,0,599,513,188,2,0,0,0,3203,0,0,275,37,408,0,1167,0,0,2,1512,942,3186,86,3361,90,422,7,0,2,0,0,66,0,12,6,0,0,0,0,1,0,0,2,410,0,0,0,5,231,313,26,0,0,0,0,6,24,0,0,0,0,1,0,2018,6755,0,0,10,0,42,0,0,64,1,3,0,2,2558,2,2,2,23,28,0,12,0,2,49,0,0,1,126,1091,1,4,6050,1130,0,8534,0,197,44,242,0,0,512,0,157,1,0,0,2,3,0,0,0,859,0,1,8,0,0,20,0,24,0,0,6,0,1182,1745,1418,1591,285,1466,0,142,0,0,383,5,1169,1218,0,0,310,407,525,1494,0,0,0,36,151,0,0,33,0,16,0,7,0,0,0,0,5,835,3,50,0,853,0,17
"gene_387",0,0,125,0,0,0,0,0,0,48,37,0,62,12,0,0,8,0,0,57,0,23,1142,19,0,875,0,0,31,0,1915,0,0,0,0,0,0,0,0,0,0,0,0,0,825,1,0,226,0,0,0,0,181,59,0,0,0,0,36,0,1707,0,0,1,27,0,0,0,0,0,0,1,2,0,8,99,0,0,357,0,0,43,0,0,506,462,0,0,0,0,0,102,0,0,724,0,60,5,0,0,284,0,2,6394,450,5,5,0,0,0,0,3,0,18,0,0,0,347,0,0,0,222,30,0,0,0,105,0,5261,1,0,0,0,22,143,2,0,0,505,0,58,0,0,0,1468,578,1,0,1,160,0,1982,0,0,1,102,0,0,304,155,374,0,807,0,0,1458,0,33,57,0,6858,0,39,24,274,671,0,0,61,1435,0,17,130,199,0,52,0,0,14,5,0,0,0,413,1,64,1,3856,824,175,61,145,2,7195,0,117,1,22,24,65,0,105,2878,29,55,0,2,6,937,101,299,361,0,12,0,17,0,41,10619,3956,527,359,0,7358,17,40,0,23,0,0,0,4206,37,9,0,1,4867,0,0,160,803,5,229,0,355,1,0,39,308,788,1330,0,62,27,7,0,0,100,16,252,62,0,3,62,1295,0,15,0,0,1,0,2416,593,29,0,0,0,0,0,0,0,0,650,1548,6,492,0,0,226,1,566,408,501,0,1,0,73,1,3,90,0,0,612,0,0,2052,0,0,274,425,3,7,4,39,0,88,0,0,0,0,11,0,0,237,231,0,0,2220,0,0,0,0,0,0,10,0,954,0,0,0,0,0,0,0,0,88,127,0,0,0,1,879,0,118,1,34,0,231,1,2,0,0,0,1,0,177,6,0,27,0,92,0,2,0,43,0,0,0,0,5,1,1888,133,0,0,0,718,0,1397,39,740,426,0,1029,9,0,0,0,3,0,46,610,13,0,22,0,1,2464,0,0,1,50,0,6,1,0,0,0,722,0,18,47,0,0,1,100,0,0,0,0,22,204,279,0,0,0,39,3,19,54,1960,0,0,2,0,2743,49,0,0,2499,0,0,0,0,0,0,43,0,0,0,0,0,13,0,247,0,0,0,0,404,0,0,26,0,38,0,13,0,207,0,0,0,0,21,199,0,326,184,0,1187,0,0,2,836,0,0,46,510,0,6,0,1,0,0,1,452,0,0,2261,0,15,0,0,0,0,0,2,0,0,0,0,0,0,12,93,28,1,0,107,11,0,0,0,0,318,716,0,0,0,0,0,0,1,0,10,0,24,56,0,2,1,237,0,201,42,51,1997,0,0,1108,10,14,182,0,0,0,0,0,0,573,0,0,0,0,8,15,1,736,959,0,0,2,0,0,11,153,127,0,827,97,0,0,194,1,65,0,0,0,16,0,0,0,1,1380,0,550,19,3,27,0,0,4,0,0,1,0,56,0,201,0,0,0,6,0,0,851,0,0,0,15,332,0,0,0,0,0,843,0,0,189,5,1,135,0,302,0,0,23,0,0,11,0,0,59,0,776,0,0,0,0,237,363,1087,0,0,0,964,0,5,0,52,0,0,0,12,0,3,0,0,31,0,0,0,9,1,0,125,23,0,1156,12,0,0,1,0,53,1,0,0,1,136,0,0,63,0,253,0,0,211,0,0,299,0,7,0,40,24,0,0,0,0,0,0,0,16,4,660,503,114,20,0,61,114,0,262,52,212,0,0,45,787,0,2,0,191,0,0,0
"gene_388",102846,77974,106441,24920,158301,120977,64719,72999,25852,62355,69257,98178,184626,82507,129176,140509,148638,77864,40395,42885,21130,58473,133818,126786,56717,68085,41617,42524,105757,147754,35583,59389,27533,80050,92337,114024,52519,83868,141517,89959,139151,57153,70897,67148,50286,163278,69777,28605,40333,85517,83745,47403,38542,55184,56678,121287,77445,79297,96180,59772,64325,102519,96890,61406,58114,68499,63026,65070,85075,204432,54271,81847,8172,80313,60050,104924,71528,81036,71475,87067,95152,26469,71192,151529,89462,43216,21861,120363,104584,25146,72848,42264,60140,14083,94116,12989,17015,3282,20587,23291,36320,22522,7791,34350,2267,34177,12263,811,35253,19832,94051,12160,1119,16192,4236,53814,19318,11729,22358,4748,4220,4520,4035,829,65279,48596,1031,4376,26918,8298,3741,3767,26806,7222,11772,32562,50110,66256,32539,9217,33086,2373,33282,8158,87909,13706,40208,5817,48606,54557,15675,16990,674,8158,45047,31869,64510,16727,10018,546,26126,38897,18106,11273,38271,11381,8665,28054,7514,44254,79428,2482,8587,4745,41356,69569,15641,22944,27536,390,67994,53876,38942,78611,24053,52681,3906,61614,79953,35143,30473,41912,78280,203223,46575,19212,7785,13342,2046,19124,5714,10844,11435,34301,6534,13643,11071,29359,9290,4545,13797,10679,8202,4133,5721,17652,15668,15387,28345,4337,22410,44505,31712,3452,24120,8430,29630,6021,49293,14280,668,28969,28260,22697,22231,14666,26333,15459,51990,1475,17910,15617,53742,28641,1418,62552,17700,40418,4032,24160,5728,33226,5399,2719,865,31910,17185,4176,9174,34384,4659,5512,9473,4586,1785,7054,3162,7814,3364,13889,3079,6002,11065,7358,22005,5177,3562,7370,19536,2485,1261,1872,7045,30253,7489,3039,8857,2373,3285,11358,11192,12015,6220,15187,21590,3494,24857,15300,4223,6819,2083,15638,14249,23158,8097,15919,9389,4713,2778,11868,15841,1694,5616,4722,7678,12768,4176,19135,11204,7880,4042,1209,8552,6364,28491,487,2931,5206,26037,4157,2184,950,10686,10688,11261,2874,554,5705,6670,6586,1742,9686,11571,3316,15597,1114,15223,10522,849,5852,5445,6345,5651,11221,2588,10720,16620,11283,7147,6647,1682,10810,4051,15094,10628,2763,16750,9367,7040,4282,10915,11290,12621,5137,2803,26300,13513,6723,1705,16957,11838,42253,5137,19824,26426,24001,9029,1959,1576,35831,12767,12060,9139,12119,11942,6157,2435,8720,5751,3648,13259,7261,11113,11804,30509,3053,5695,2900,15739,5680,12093,6125,4877,6007,15473,1944,18235,11644,17472,2458,13043,4017,7452,20405,1316,14045,9562,994,10751,9306,19070,34597,4971,5855,2842,16195,7271,5318,20729,1023,1973,8421,3794,6989,23810,10700,7004,2205,9961,3480,3337,1382,5199,1284,6063,2058,8144,769,4109,15686,6592,7523,8559,1789,927,8173,16470,2952,10239,3138,21584,3438,99,580,11396,3921,5676,12767,6831,1549,4260,15339,2687,3886,235,1056,5850,1917,889,1230,6391,811,6432,1530,11679,703,9991,1326,454,2165,46,8056,8642,4523,14563,5398,6491,12808,1002,1192,4309,14593,6886,2614,4779,1945,6920,5591,6536,19292,708,3224,16752,1112,10280,13217,7417,2850,4731,22466,8960,9163,5154,17273,8299,9374,13409,12407,8317,4885,7750,288,8392,3958,8729,7704,2083,8092,3392,2139,2699,3129,3135,4442,4021,1081,10641,22507,1265,4391,5306,2156,2777,6150,7391,7676,7114,5585,2041,1949,488,3361,14007,464,7209,2277,1534,1271,1097,5248,1796,5843,144,18,2865,6843,3345,9332,9268,8808,4167,2371,446,576,3273,3108,6811,9754,999,1253,569,6293,5587,3797,6930,2811,171,3830,9915,2496,2429,1149,3143,7948,689,82,4766,1447,4311,1919,7044,13185,4118,3148,8556,5734,3182,6794,2133,8840,6030,5995,976,574,2006,1678,2705,21479,440,1309,2706,17420,29,3699,2265,4558,14858,36671,12,3998,4669,1153,3969,425,249,5433,1378,3659,1801,12945,773,1229,4241,10603,7805,3252,2131,5731,3411,6835,338,3112,484,2052,739,5674,5994,1447,5289,6753,82,100,1071,5005,234,79,1602,1941,3019,1866,4528,1029,11240,7770,14808,2228,1257,787,4806,878,1175,8146,4084,2346,6004,2044,799,4363,1582,1885,158,2144,2231,2115,1125,618,1086,3687,1993,109,4014,374,697,148,1363,102,105,1339,247,4766,1563,1594,201,222,2392,324,4556,6754,2112,3449,9702,5881,1718,2255,2157,241,756,3930,2019,2,2664,2995,92,2290,4014,13217,70,140
"gene_389",0,2,5652,375,1573,1270,2002,143,315,0,708,376,3454,16,5,0,748,1296,1107,306,0,1,7561,16,78,2,676,22,1258,2208,1,51,62,230,599,1835,0,0,101,73,992,120,2537,4670,2387,93,1908,117,1,32,0,441,13,1185,9,6,737,0,0,434,41,65,3082,0,38,1010,87,1,178,1871,134,0,0,5,3030,455,58,59,516,317,721,23,46,15639,196,163,87,600,608,237,933,3149,998,0,4535,0,0,0,948,8355,0,1073,1,2,11,2,11,0,169,0,10,47,24,0,0,40868,52,0,0,16,2293,4623,4,23,2,1,0,144,1269,17,0,0,41,1029,56,685,5,3666,62,0,14,334,2764,67,1,148,7,33,2089,16,1288,0,103,22,66,0,4,1,75,106,2,941,11589,123,857,3635,5585,0,0,141,0,15,0,0,0,0,0,1,699,0,16,0,34,550,0,60,464,0,19630,1180,1160,93,0,396,127,24,0,1151,4,0,457,0,0,0,0,0,0,65,31,150,26,0,0,107,0,0,487,0,26,4,0,0,0,4,79,0,0,0,0,0,0,0,0,26,0,0,0,0,86,3,4,0,0,450,0,0,0,0,2,0,9467,0,648,0,3,2004,0,0,0,0,0,0,0,0,0,0,0,0,0,0,0,0,0,0,285,0,0,0,0,0,0,0,0,0,0,0,0,0,0,0,0,0,0,0,0,0,0,0,0,0,0,0,0,0,0,0,0,0,0,0,0,0,0,0,0,0,0,0,0,0,0,0,0,0,0,0,0,0,0,0,0,0,0,0,0,0,0,0,0,0,0,0,0,0,0,0,0,0,0,0,0,0,0,0,0,0,0,0,3,0,0,0,0,0,0,0,0,0,0,0,0,0,0,0,0,0,0,0,0,0,0,0,0,0,0,0,0,0,0,0,0,0,0,0,0,0,0,0,0,0,0,0,0,0,0,61,0,0,0,248,5,0,0,0,0,0,0,0,0,0,0,0,0,0,0,0,0,0,0,0,0,0,0,0,0,0,0,0,0,0,23,0,0,0,0,0,0,0,0,0,0,0,0,0,0,0,0,0,0,0,0,0,0,0,0,0,0,0,0,0,0,0,0,0,0,0,0,0,0,0,0,0,0,0,0,0,0,0,0,0,0,0,0,0,0,0,0,0,0,5,0,0,0,0,0,0,0,0,83,0,0,0,0,0,0,0,0,0,0,0,0,0,0,0,0,0,0,0,0,0,0,0,0,0,0,0,0,0,0,0,0,0,0,0,0,0,0,0,0,0,0,0,0,0,0,0,0,0,3,0,0,0,0,0,0,0,0,0,0,0,0,0,0,0,0,0,0,0,0,0,0,0,0,0,0,0,0,0,0,0,0,0,0,0,0,0,0,0,0,0,0,0,0,0,0,0,0,0,0,0,0,0,0,0,0,1,0,0,0,0,0,0,0,0,0,0,0,0,0,0,2,0,0,0,0,0,0,3,0,0,0,0,2,0,0,0,1,0,0,0,0,1,0,0,0,0,0,0,0,0,0,0,2,0,0,0,0,0,0,0,0,0,0,0,3,0,2,0,0,0,1,0,0,0,0,0,0,0,0,0,0,0,0,0,0,0,0,0,0,0,0,1,0,0,1,0,0,0,1,0,0,0,0,0,0,0,0,0,0,0,0,0,0,0,0,0,0,0,0,0,0,0,0,0,0,0,0,0,1,0,0,0,0,0,0,0,0,0,0,0,0,0,0,0,0,0,0,0
"gene_390",729,49,326,60,187,7,235,97,0,1,9,30,18,106,388,11,0,76,0,629,0,110,1,1,6,29,0,926,499,53,496,37,14,41,1436,0,98,0,9,30,0,0,9,282,5,130,13,8,0,64,710,0,11,456,536,0,1,253,5,1,130,1,317,14,15,0,0,2,101,507,0,0,37,259,0,0,13,639,68,0,59,12,0,341,26,0,73,614,1,400,2,92,2,3,0,0,0,0,2,0,0,1,0,0,0,0,0,0,0,0,0,0,0,0,0,0,2,0,0,0,0,0,2,0,9,5,0,0,0,1,0,0,0,0,0,0,0,9,4,24,0,0,0,0,0,4,0,0,4,0,0,0,3,0,2,0,0,11,0,0,0,0,0,7,4,0,1,0,0,14,0,0,0,7,0,0,0,1,0,1,13,0,0,9,16,0,0,0,0,4,21,0,0,0,0,52,6,20,1,19,1,0,0,5,0,12,23,19,19,11,0,1,10,0,100,0,17,9,240,12,50,30,41,0,1,4,0,17,3,1,3,130,0,73,98,36,20,25,17,0,8,125,0,2,1,8,0,3,2,40,69,1,321,1,16,13,35,79,93,3,13,36,2,34,75,67,11,15,6,119,25,155,46,77,0,65,24,6,40,23,5,459,3,28,78,49,20,21,8,29,12,22,24,46,49,52,20,7,137,111,23,12,49,41,90,17,29,0,4,29,25,104,1,14,35,44,18,8,16,42,20,250,10,50,17,2,4,15,80,80,3,1,48,46,18,29,122,8,19,1,2,14,31,34,177,24,1,56,14,36,28,1,7,105,5,3,81,10,37,24,62,19,75,25,97,70,61,92,2,97,6,14,132,9,125,22,5,145,25,12,20,120,88,6,18,63,11,37,97,76,47,26,33,12,21,78,35,4,17,24,67,40,79,14,24,39,31,93,18,19,29,38,111,79,42,94,64,0,39,15,57,4,30,5,1,28,16,0,40,170,37,7,612,108,0,2,0,0,846,26,11,4,13,673,671,784,2,0,246,7,3,1,463,0,0,0,70,63,15,942,42,0,4,0,31,214,391,31,4,1,1232,12,157,112,1516,19,43,0,4,51,0,184,37,0,0,357,495,51,0,44,0,6,0,173,0,1,29,94,4,3,19,891,0,6207,6,111,0,955,0,6,221,47,19,68,3,6,0,0,70,0,273,59,81,11,3,0,0,0,2,0,0,0,0,0,69,228,1104,0,239,94,41,18,90,37,6,28,0,161,50,0,0,0,0,489,189,818,68,815,0,0,56,579,5,13,0,320,125,191,482,109,210,34,101,11,1,25,0,0,50,0,45,7,9,39,25,64,0,28,338,31,13,2,0,21,4,255,0,32,0,334,34,84,0,132,34,0,0,43,198,4,25,1,19,515,5,0,72,80,6,0,116,8,24,8,2,2,0,0,4,0,1,105,2,91,75,3,0,0,7,4,8,21,61,248,0,2,0,102,33,106,4,31,6,0,42,1,614,12,0,22,126,343,0,10,9,8,0,24,0,28,22,6,19,17,0,25,256,69,100,0,26,45,343,99,294,15,0,61,18,356,58,20,2,0,15,0,24,0,0,17,20,0,94,18,51,0,51,2,155,0,24,17,71,389,8,8,7,0,71,0,0,1,0,7,3,34,54,0,9,79,325,22,14,19,0,28,2,5,143,89,0,3,0,93,0,3,0,107,0,31,6,32,40,159,0,174,12,0
"gene_391",61,51,0,3,656,60,0,6,0,0,0,50,0,2,2,0,0,0,6,0,0,9,3,2186,1760,0,0,0,107,0,0,0,0,0,1,0,2220,22,0,0,3,2,0,138,0,45,0,0,0,4,0,0,0,0,0,75,0,0,0,0,0,0,2,0,0,0,0,0,0,0,4900,0,0,164,168,0,0,2557,0,0,0,618,2,0,0,1,304,0,0,0,3,0,0,229,311,0,0,0,7,0,0,0,0,0,0,0,12,0,0,0,0,75,0,0,2,0,0,0,0,0,0,0,0,0,0,0,35,206,0,8,0,25,8,0,0,0,0,0,0,5,0,3,0,88,0,84,0,0,0,0,2,0,0,0,0,0,1149,0,0,1,58,0,0,0,0,0,5,0,224,1735,0,182,68,0,76,11,105,0,0,0,0,0,0,96,0,288,0,0,0,0,7,272,0,0,1,0,0,0,0,0,0,0,0,2,0,0,0,2,0,0,0,2,0,3,0,0,0,0,0,0,0,2,0,1,0,4,3,0,0,0,0,0,0,0,2,0,1,1,0,0,0,1,6,0,0,2,0,2,0,0,1,0,1,0,2,0,1,0,0,1,0,0,0,0,0,0,0,0,0,0,0,57,0,0,0,0,0,0,0,0,0,0,0,0,0,0,0,0,0,0,1,0,0,557,0,0,0,0,0,0,0,0,0,0,1,0,0,0,0,0,0,0,0,0,0,0,0,0,0,280,0,0,0,0,0,0,0,0,0,0,0,0,0,0,0,0,0,0,0,0,0,0,0,0,0,0,4162,0,0,0,0,0,0,0,0,0,0,0,0,0,0,0,0,0,0,0,0,0,22,1,0,0,0,0,0,0,0,0,0,0,0,0,0,0,0,0,0,0,0,0,0,0,0,0,0,0,0,0,0,4,0,0,0,0,0,0,0,0,0,0,0,0,0,0,0,0,0,0,0,0,0,0,0,0,0,0,0,0,0,0,0,0,0,0,0,0,0,0,0,0,0,0,0,477,0,0,0,0,0,0,0,0,0,0,0,0,0,0,0,0,0,0,0,0,0,0,0,0,0,0,0,0,0,0,0,0,0,0,1,2,0,0,0,0,0,0,0,0,0,0,0,0,0,0,0,0,0,0,0,0,0,0,0,0,0,0,0,0,0,0,0,0,0,0,0,0,0,0,0,0,0,0,0,0,0,0,0,0,0,0,0,0,0,0,0,0,0,0,0,0,0,0,0,0,10,0,0,0,0,0,0,0,0,0,0,0,0,0,0,0,0,0,0,0,0,0,0,0,0,0,0,0,0,0,0,0,0,0,0,0,0,0,0,0,0,0,0,0,0,0,0,0,0,0,0,0,0,0,0,0,0,0,0,6,0,0,0,0,0,0,0,0,0,0,0,0,0,0,0,0,0,0,0,0,0,0,0,0,0,0,0,0,0,0,0,0,0,0,0,0,0,0,23,0,0,0,0,0,0,0,0,0,0,0,0,0,0,0,0,0,0,0,0,0,0,0,0,0,0,0,0,0,0,0,0,0,0,0,0,0,0,0,0,0,0,0,4,0,0,0,0,0,0,0,0,0,0,0,0,0,0,0,0,0,0,1,0,0,0,0,0,0,0,0,0,0,0,0,0,0,0,0,0,110,0,0,0,0,0,0,0,0,0,0,0,0,0,0,0,0,0,0,0,0,0,0,0,0,0,0,0,0,0,0,0,0,0,0
"gene_392",0,0,0,2,0,0,0,0,0,0,59,0,0,0,28,0,0,0,0,0,214,1,55,0,93,0,4,0,0,0,0,0,0,0,141,0,0,0,0,0,385,2,0,3,0,0,0,0,0,0,0,126,0,0,0,0,0,0,0,0,62,14,5,128,0,2,0,0,0,0,66,26,0,0,0,0,4,0,1,0,0,3,0,38,5,0,0,0,0,20,0,181,11,0,0,0,0,0,13,0,0,0,0,0,0,1234,0,0,0,0,0,0,0,0,0,0,0,0,0,0,0,5,54,0,0,0,0,0,0,649,0,5,3,0,0,0,0,0,0,250,69,0,0,0,2,0,3241,0,4,0,0,0,6,0,0,0,8,0,1829,0,5924,0,0,3,0,453,0,0,20,645,0,0,166,0,0,0,0,0,0,242,0,0,8,0,0,0,0,1,48,0,0,0,0,0,0,0,0,0,0,0,0,0,0,0,0,0,0,0,0,0,0,0,36,0,116,0,0,0,34,0,0,0,0,0,0,0,0,0,0,0,0,0,0,0,0,0,0,0,0,67,0,680,0,0,0,0,0,0,0,0,0,0,0,0,0,136,0,0,0,0,0,0,0,0,0,2,0,0,0,0,0,0,0,0,0,222,0,0,0,0,0,0,2165,0,0,0,0,0,0,0,0,0,0,0,0,331,0,0,0,0,19,0,0,0,17,2,0,0,0,0,0,0,1,0,0,0,0,0,0,0,0,0,124,0,2,0,0,0,3,0,1940,59,1,0,0,0,0,0,87,0,0,0,0,0,0,0,0,0,0,0,0,0,0,0,0,0,0,0,0,0,21,0,0,0,0,0,0,0,0,0,1,0,108,0,0,0,0,0,0,0,0,248,0,0,10,0,0,0,0,0,0,0,0,0,0,0,0,0,0,0,0,81,0,0,0,821,0,0,7,75,0,0,224,0,0,0,0,0,0,0,0,0,1049,494,0,416,0,0,0,0,0,0,0,0,0,0,0,0,0,0,0,0,0,0,0,0,0,6,0,0,0,0,0,11,0,0,0,0,0,2,333,0,0,0,0,0,0,29,0,0,0,0,0,153,0,0,0,0,10,6,17,0,0,0,0,0,0,0,0,0,0,0,0,0,0,0,0,0,0,0,0,0,0,0,0,0,0,0,0,0,0,0,0,0,0,0,0,0,0,1,0,0,0,0,0,0,0,0,0,0,0,0,0,0,1,0,0,0,0,0,2,0,0,0,0,0,0,5,0,0,0,0,0,0,0,0,0,0,0,0,0,0,0,0,0,0,0,0,0,0,0,0,0,0,0,0,0,0,0,2,16,694,0,0,0,24,0,2427,0,0,0,0,0,0,0,0,0,0,0,263,0,0,423,0,0,85,0,0,0,0,0,0,0,0,0,0,0,0,0,0,0,2,0,0,697,0,0,0,0,0,0,2266,0,0,0,0,0,0,0,0,6419,0,0,0,0,0,219,0,49,30,0,0,0,0,0,1,0,0,0,0,2,0,0,0,0,0,0,0,0,0,0,0,0,517,0,0,1377,0,0,0,0,0,0,2,0,0,1,0,0,0,0,0,0,0,0,0,0,0,0,0,0,0,0,0,0,108,0,0,0,0,0,0,0,0,576,0,0,0,0,0,0,0,0,0,0,1534,0,221,0,0,1,0,0,68,136,0,0,0,0,0,0,3,0,0,0,1,0,0,0,0,0,0,0,0,0,0,0,168
"gene_393",0,0,0,0,0,0,0,0,2,0,0,1,0,0,1,0,0,0,0,0,0,0,0,0,0,0,0,0,1,0,0,0,0,0,0,0,1,0,0,0,0,1,0,0,0,0,0,0,0,0,0,0,0,0,1,0,0,0,0,0,0,0,0,1,0,0,1,0,0,0,1,0,0,0,0,0,0,0,0,0,0,0,1,0,0,0,0,1,0,0,0,1,0,0,1,0,4,0,3,1,2,5,1,1,1,0,2,0,0,0,2,2,0,0,1,0,0,0,3,0,0,0,0,0,17,2,1,2,0,0,1,0,0,0,2,0,0,1,1,0,0,10,1,0,1,1,2,0,0,0,0,0,3,0,3,0,0,0,3,0,2,0,6,0,0,0,2,4,0,3,0,0,0,0,0,0,4,0,0,0,0,0,5,1,1,2,0,0,0,0,0,0,0,1,0,0,0,0,0,0,0,0,0,0,0,0,0,0,0,0,0,0,0,0,0,0,0,0,0,0,0,0,0,0,0,0,0,0,0,0,0,0,0,0,0,0,0,0,0,0,0,0,0,0,0,0,0,0,0,0,0,0,0,0,0,0,0,0,0,0,0,0,0,45,0,0,0,0,0,0,0,0,0,0,2,0,0,0,0,1175,0,0,0,0,0,260,0,3,0,0,0,0,0,0,0,3,1,0,0,0,0,0,0,0,0,6452,0,0,0,0,0,0,0,0,0,0,6,0,0,117,0,0,0,0,0,0,0,45,0,0,0,0,0,0,0,0,1,0,0,0,11,2,0,0,3689,0,3,2,0,0,0,0,0,0,0,0,0,0,0,0,0,0,0,20,0,0,89,0,0,0,0,0,0,0,0,0,0,0,0,0,0,21,0,2,0,1387,0,0,0,77,0,0,0,0,5,0,0,0,0,0,0,0,0,0,3,0,109,0,0,0,0,0,0,0,0,0,0,0,5851,2,0,0,263,0,0,115,10,0,0,0,10,0,0,13,0,0,0,0,0,0,0,0,0,0,0,9,14,0,16,236,0,0,0,0,253,0,0,2642,0,0,0,0,0,19,787,100,0,0,0,290,0,0,0,0,5,0,27,127,0,0,0,0,0,0,0,313,0,0,0,0,0,0,0,0,0,0,0,0,0,93,0,0,0,0,4094,0,0,0,0,179,0,0,0,0,6,1,317,1,0,129,0,0,2,0,894,0,311,0,0,81,0,0,0,0,848,0,0,0,0,0,0,0,0,0,0,0,0,22,23,0,21,0,0,0,0,3,0,15,183,0,0,0,11,0,0,0,0,0,4,0,0,0,0,0,0,0,0,0,0,0,0,0,0,0,0,0,0,0,0,0,0,0,0,90,0,0,1,0,0,0,0,3,0,0,0,0,0,5034,0,1,0,0,0,75,0,1,0,0,0,0,0,0,0,0,0,0,0,5,0,0,0,0,0,0,0,0,0,0,0,0,0,0,733,0,0,0,0,0,0,1,0,1,0,0,0,0,0,0,0,0,0,0,0,0,0,0,0,0,0,0,0,0,0,0,0,235,4920,0,0,0,0,0,0,0,0,0,0,0,0,364,0,0,0,0,0,0,0,0,0,0,0,0,0,0,0,0,0,0,0,21,0,0,0,0,1,797,0,0,0,0,0,0,0,0,0,179,0,0,0,0,0,0,0,0,0,0,0,0,0,2677,0,0,336,0,7310,607,0,0,0,0,0,0,0,0,0,0,0,0
"gene_394",2,0,1539,71,3444,514,0,1,14,2,7863,87,916,0,43,12,4465,0,2,2419,588,497,2406,440,0,882,12,3,1,575,1684,1,12,3598,0,96,3824,87,2781,0,31,0,56,42,104,0,40,6,0,1,1,3,3846,56,1,0,0,0,1,16,1381,2,9139,3,14,2,1,187,355,4784,10,1802,147,1045,1,13,61,0,86,426,3638,0,37,9,1259,0,484,856,6429,30,7,1,1,0,0,3047,27,0,3970,838,920,8,1645,5555,3704,1945,2509,272,526,16,135,266,0,436,6151,225,0,134,1570,3352,62,1804,674,1157,6,176,0,77,117,45,0,266,0,902,56,146,3851,3574,368,989,3,1,26,5727,0,3,249,4920,17,61,158,4,737,289,7832,163,188,320,1722,583,14256,3,7,682,1,61,12241,9,25,22522,440,1225,0,978,268,3,0,10,22354,0,51,11,16031,863,114,10338,14,1131,2177,1399,703,19179,385,6060,0,14,228,11,4460,6262,0,2328,1,275,2,5,0,44,1712,654,30,0,673,1775,0,6,0,0,0,0,8796,0,43,0,0,0,0,144,0,10415,99,0,271,2419,3,3453,0,0,4880,2084,38,672,0,1774,0,3134,0,2552,5283,338,0,29,178,0,290,21,5820,0,9,2020,526,0,0,3,4,0,40,0,447,112,0,7217,0,2158,5,0,1531,200,207,0,291,11511,159,281,3,101,2892,1449,3,2639,0,927,843,286,709,129,61,379,0,681,726,192,1498,921,391,721,210,3,35,866,0,119,12,96,115,83,896,1630,1,6271,648,8371,1083,17,8202,3560,2164,743,506,283,265,0,6859,3202,1850,38,2943,504,12,3459,0,218,2,288,973,0,42,1336,1272,7,2082,2,90,3,3,249,1,1242,3,44,791,174,0,109,0,219,863,1366,341,12238,2419,1,416,33,248,472,13,0,334,7297,3672,1,22,950,0,1930,1,0,2,1682,40,88,849,0,47,0,266,130,271,134,29,13,847,17,1223,2,11,83,11,71,762,2480,2287,3753,67,1969,4285,76,73,0,2673,7522,0,1059,63,8731,3187,497,1266,807,36,30,2552,452,0,8,1810,0,0,3,2,104,12,3471,9811,6,3,562,0,203,2195,36,920,29,29,52,25,2189,2,2457,2745,152,1071,139,35,1081,576,73,28,3,222,164,6,0,3118,0,50,2481,542,1,44,7,0,722,2,423,26,42,0,2,2347,9,118,112,27,34,0,384,37,19,173,398,722,12,12,0,715,6452,182,4600,1501,549,11,6690,40,10,57,1,5045,0,103,0,3823,4004,8,4,175,944,31,0,107,3315,157,1337,2,0,0,4728,4,2858,0,485,603,843,0,102,1544,100,391,54,69,0,1578,1523,1,3407,2,177,2910,29,156,0,121,71,1434,2690,3,0,467,34,6,3471,0,551,76,8,6,4,543,138,0,6,298,522,225,16,9889,0,593,2,0,0,2347,0,0,0,6782,740,681,110,0,13,1421,527,33,0,134,0,21364,0,48,0,0,36,0,32,0,64,139,0,0,784,700,331,0,1,7553,0,0,16128,0,18551,0,0,8813,9,0,3886,6271,0,0,0,0,27,0,19,337,0,0,0,0,1732,0,359,55,0,0,3143,0,9956,4037,0,48,0,0,0,0,5,0,6340,0,0,0,120,575,0,0,350,108,0,1056,636,0,76,0,0,1,51,0,9567,248,0,0,5631,77,698,149,0,10901,80,0,0,3727,0,0,3,1310,8520,0,0,1,0,1140,0,30,0,498,3,220,0,1986,4374,0,9234,0,0,2,2,1318,0,151,0,6269,6268,0,0,1,1632,2060,4622,7156,2,0,0,2076,5932,0,1393,0,0,3,220,0,9580,60,0,8,1
"gene_395",0,0,0,0,0,0,0,0,0,0,0,27,0,1,0,0,0,0,162,1009,0,0,0,0,1159,0,0,0,0,0,0,0,0,0,0,1,0,0,0,0,0,0,0,0,0,0,0,144,0,213,0,0,0,402,19,0,0,0,0,1,87,396,0,0,0,5,1,1,0,0,0,5,0,0,0,0,0,0,0,0,196,0,0,0,0,0,0,0,0,0,4,0,0,0,0,0,0,0,0,624,137,0,20,0,4,0,288,84,0,4,190,18,0,0,0,0,0,2,1090,0,135,0,41,28,14,0,0,85,0,0,66,1,0,0,13,102,179,0,3,207,0,0,2965,1,1206,0,2,0,394,0,1,207,0,2095,0,9,38,5,0,0,0,18,0,0,0,0,5466,749,0,0,1,291,3951,45,0,0,1744,0,1,1,468,0,121,0,0,9,0,0,9,0,44,0,0,199,9132,0,1,0,0,20,1,0,0,0,0,0,0,299,0,0,0,0,0,0,4598,0,0,0,0,0,0,0,0,46,59,0,0,0,0,0,0,4408,0,0,0,0,0,0,0,0,0,0,3,0,0,0,0,0,0,0,69,0,0,0,0,9,0,0,156,0,34,0,0,610,0,7,0,0,0,0,151,137,1161,3,0,0,0,5,108,0,0,0,0,1,0,0,1,0,0,0,0,0,0,0,0,91,0,178,6,0,0,3,0,1,0,0,41,0,0,0,0,176,0,0,11,0,0,0,0,0,0,0,0,0,1,0,0,0,0,0,0,0,0,0,0,0,0,24,7,1992,0,11,0,0,25,0,0,0,0,0,2,0,0,47,0,0,0,0,355,1,0,2,0,148,0,29,0,0,0,0,0,2,0,0,0,0,0,431,1,0,353,0,30,0,0,0,0,4,1,0,7,0,0,0,0,602,0,0,0,0,5,0,3,0,0,0,0,0,0,0,0,0,0,0,0,90,0,0,0,1051,0,5,119,1,0,0,0,0,0,2,0,0,0,0,0,0,0,0,0,0,0,0,186,0,0,0,2,0,0,0,0,0,0,0,15,0,0,0,0,0,0,2,0,0,137,0,0,0,0,0,0,1,0,0,0,0,0,0,0,0,0,0,0,0,0,0,0,0,0,0,0,0,100,0,0,0,0,0,0,0,0,31,0,0,0,0,0,433,0,0,27,590,2,0,0,65,0,0,0,0,41,0,0,0,0,0,0,0,1,0,0,0,0,0,0,0,0,0,93,0,0,0,0,0,0,0,0,0,19,0,0,1489,0,0,0,0,0,0,0,0,0,0,0,0,0,0,0,0,0,0,0,0,0,0,0,0,0,0,0,0,0,0,0,0,0,0,0,0,0,0,451,0,192,0,0,0,141,0,0,0,0,36,5,0,0,0,0,0,0,2685,0,0,0,0,0,0,0,0,0,479,0,0,342,0,0,0,0,0,1,0,0,0,0,0,0,0,3,28,32,0,0,2,85,0,0,0,0,0,27,0,0,0,0,0,0,0,0,0,0,0,0,2978,8,0,0,0,0,2,0,0,51,180,0,0,0,0,0,0,747,67,0,0,0,7,0,0,0,0,0,0,0,0,0,0,0,0,0,0,2,0,0,0,0,0,0,0,0,0,0,8,0,0,0,0,0,0,0,0,0,4,0,2,0,0,0,84,0,0,4,0,522,0,0,0,75,0,0,3446,3587,435,0,0,0,0,0,0,0,0,0,0,0,0,30,0,0,255,0,0
"gene_396",0,1,0,0,0,96,0,0,0,0,0,0,3703,0,0,0,27,0,0,977,0,105,0,0,4439,0,0,77,0,0,0,0,0,54,0,0,0,0,12,1350,0,4,0,1,67,0,1817,12,0,0,0,0,52,4,0,0,0,0,0,0,0,0,0,0,0,0,0,0,0,0,27,0,0,0,12,1001,0,1,8,0,0,143,0,8,0,10,0,0,0,0,0,0,0,0,0,0,0,0,0,0,0,0,0,0,0,0,0,9,0,0,0,0,1,0,0,0,1,0,0,19,0,0,13,0,0,5,0,0,0,0,0,0,0,0,0,0,0,185,0,0,51,0,378,0,2,0,0,0,0,0,0,4273,0,9,0,957,0,0,0,1,0,0,25,0,0,1134,0,399,0,0,0,0,0,0,0,890,0,0,0,14,37,0,0,0,0,429,0,0,0,0,0,0,0,0,0,0,287,0,0,0,324,0,0,3,1207,0,61,0,0,0,0,0,0,0,0,23,0,0,3,0,0,0,0,0,5075,0,0,0,39,0,0,8,79,0,0,0,309,1306,409,0,2178,0,12,0,3,320,0,0,0,0,21,4,0,0,288,3,0,3,0,0,0,0,0,0,0,16,0,0,0,0,4,0,0,0,0,0,0,0,0,0,0,0,0,0,0,0,0,0,0,0,0,2,0,5,0,29,0,217,0,0,0,0,0,16,0,0,0,0,0,0,0,0,0,0,0,0,0,0,0,0,0,106,0,31,9,18,0,0,1,12,0,0,0,1651,0,0,315,231,8675,0,11,0,0,0,0,0,0,0,0,1,0,0,0,0,0,1,0,0,3607,0,0,0,0,0,0,0,0,0,0,0,0,0,0,7,227,0,0,0,0,0,0,0,0,0,2,0,0,0,0,0,0,0,0,0,44,214,0,0,0,0,0,4,0,7,0,768,0,173,8,0,0,0,8,0,16,0,0,0,0,0,0,0,0,0,0,0,46,0,0,0,351,0,0,5,556,0,0,0,0,0,0,0,0,0,0,0,0,0,6,0,0,0,0,0,294,1834,0,0,0,0,0,0,0,0,5,0,0,0,16,0,3,917,0,0,0,0,0,776,0,0,0,0,3,0,0,0,0,9,0,0,0,0,0,0,0,0,0,0,0,0,0,1546,0,0,0,0,0,0,0,0,0,0,0,0,0,0,0,0,0,0,0,0,0,0,0,0,0,1941,0,0,0,0,0,0,0,0,0,0,1627,0,0,0,0,634,0,149,0,0,0,0,0,0,0,0,0,215,0,0,0,0,0,5502,0,0,0,0,228,0,0,0,0,0,0,0,0,0,0,238,0,0,0,0,0,32,0,0,0,0,0,313,0,0,0,0,0,0,0,0,0,0,0,0,0,0,0,0,0,0,0,14,0,0,0,0,0,0,0,0,0,0,0,0,0,0,0,0,0,52,0,0,0,0,0,0,164,0,0,0,0,0,0,0,45,0,0,0,0,0,743,0,112,5,0,0,0,0,4,0,0,0,0,41,0,0,0,0,0,0,0,0,0,0,0,0,0,0,0,0,0,1,0,0,0,0,550,0,0,0,0,0,14,0,0,0,0,0,0,0,0,338,0,0,0,0,0,0,0,0,0,2,0,0,0,2,0,0,0,0,0,0,0,0,0,48,0,0,0,0,0,0,0,0,0,0,0,0,0,0,0,0,0,0,2296,0,0,0,0,0,0,0,0,0,0,0,0,0,0,0
"gene_397",0,0,16,0,4,0,0,0,0,0,0,38,0,0,0,0,599,0,0,0,0,0,0,1203,0,0,0,0,0,407,7,0,0,0,0,4,0,0,2,0,0,1,0,0,0,140,1,0,2,12,0,0,215,0,0,0,0,0,0,0,4,0,0,61,0,0,86,8,0,40,0,397,0,0,0,0,13,0,361,1,4075,0,0,0,0,0,0,0,0,0,36,0,0,38,368,28,0,0,68,0,1,70,4,0,0,0,8,1,2,0,0,0,88,492,1,1,0,0,0,0,0,0,0,18,0,0,0,0,0,0,0,0,0,73,0,224,266,0,268,52,0,0,0,8,46,266,0,0,181,0,0,0,79,0,0,0,369,0,340,0,8,0,2,0,0,0,0,1,0,154,4,0,388,2,1,4,0,0,103,0,0,0,0,0,1,0,597,0,19,0,0,0,1159,0,0,0,4400,0,0,208,0,1,0,0,0,95,0,0,0,4,0,150,914,1390,5,7,0,3,0,0,0,0,0,0,631,107,40,217,0,139,0,0,0,0,15,1,3,1526,0,0,11608,2,0,0,0,31,188,1,2,643,4,0,0,0,3,0,9,1,0,353,0,0,0,0,0,0,0,0,989,0,3705,0,5,0,0,0,0,0,0,0,0,0,0,0,0,0,0,0,0,0,0,0,0,0,0,0,0,0,0,45,0,0,0,131,0,0,0,0,0,0,1400,0,0,0,22,0,4025,0,0,0,0,0,0,0,1,0,0,0,0,360,0,0,0,2,0,0,0,0,0,0,0,33,0,0,0,0,0,6,0,0,0,0,0,0,876,0,0,217,0,2,0,0,0,0,0,0,0,0,0,0,0,0,0,0,0,0,0,0,0,121,0,0,0,0,0,5,0,0,0,0,0,0,0,0,0,1,0,0,0,0,0,7,0,3,0,0,0,0,0,0,0,0,0,0,0,39,0,105,0,0,0,0,0,0,0,2,0,0,0,0,0,0,0,0,0,0,0,0,0,1,0,0,0,0,0,1,0,0,0,0,0,0,19,12,0,0,0,0,0,0,0,0,0,0,0,0,12,0,0,0,3,0,0,0,0,0,0,0,0,0,2,0,0,0,0,0,13,0,7,0,0,0,0,48,0,0,0,0,0,0,0,0,4,372,0,13,0,38,0,0,1,0,0,0,9,0,0,0,0,1,0,0,0,0,337,20,0,0,0,0,0,0,0,0,50,0,5,0,0,0,0,0,12,0,0,0,0,0,0,18,0,4,0,6,0,0,0,0,10,0,0,0,72,0,170,0,0,0,11,0,0,0,0,0,0,0,0,0,0,0,0,0,0,0,0,0,0,0,0,0,0,0,0,0,0,0,0,0,0,0,0,0,0,0,0,0,0,0,0,15,0,0,0,0,0,0,0,0,0,1,0,133,0,0,0,0,0,0,0,0,0,0,1451,0,0,0,0,0,0,0,0,0,0,0,0,0,0,0,0,0,0,0,0,0,0,0,0,0,0,0,235,0,0,0,0,0,0,0,18,0,0,0,0,0,0,0,0,0,0,0,0,0,0,0,0,0,0,0,0,0,0,0,18,0,0,0,0,0,0,2,0,5,0,0,0,0,0,0,0,0,0,0,0,0,0,0,0,0,0,0,0,0,0,0,0,0,0,0,0,0,0,0,0,0,0,0,0,0,0,0,0,0,0,0,0,0,0,0,0,0,0,0,15,0,0,0,0,0
"gene_398",0,0,0,0,1,13,0,0,0,0,0,0,0,0,0,235,0,0,0,0,0,0,0,0,0,0,0,0,0,0,0,0,0,0,0,0,13,0,0,177,0,0,2,0,0,0,0,0,0,0,1283,0,0,2,0,0,0,0,0,0,0,0,0,0,0,0,0,0,0,0,0,0,0,27,0,0,0,0,0,0,0,0,0,0,0,0,0,0,0,0,0,0,0,0,0,0,0,0,0,0,0,5288,0,0,0,199,0,0,0,0,0,0,0,0,0,0,0,0,0,261,0,0,0,1,0,0,0,0,0,0,0,0,0,0,0,0,0,0,0,0,0,0,0,0,0,0,0,0,0,196,0,0,0,0,0,0,0,0,0,0,0,0,0,0,0,0,0,0,0,0,0,0,0,0,0,0,0,0,0,0,0,0,0,0,0,0,0,0,0,0,0,0,0,0,0,0,0,0,0,0,0,0,0,0,0,0,0,0,0,0,0,0,0,0,0,0,0,0,0,0,0,0,0,0,0,0,0,0,0,0,0,0,0,0,0,0,0,0,0,0,0,0,0,0,0,0,0,0,0,0,0,0,0,0,0,0,0,0,0,0,0,117,0,0,0,0,0,0,0,0,0,0,0,0,0,0,0,0,0,0,0,0,0,0,0,0,0,0,0,0,0,0,0,0,0,0,0,0,0,0,0,0,0,0,0,0,0,0,0,0,0,0,0,0,0,0,0,0,0,0,0,0,0,0,0,0,0,0,0,0,0,0,0,0,0,0,0,0,0,0,0,0,0,0,0,0,0,0,0,0,0,0,0,0,0,0,0,0,0,0,0,0,0,0,0,0,0,0,0,0,0,0,0,0,0,0,0,0,0,0,0,0,0,0,0,0,0,0,0,0,0,0,0,0,0,0,0,0,0,0,0,0,0,0,0,0,0,0,0,0,0,0,0,0,0,0,0,0,0,0,0,0,0,0,0,5,0,0,0,0,0,0,0,0,0,0,1,0,0,12,0,0,0,0,0,0,0,0,443,0,0,125,0,0,0,4991,0,0,39,0,0,0,0,0,0,0,0,0,0,0,0,0,0,0,0,0,0,0,0,0,0,0,0,941,2,0,0,0,2274,0,0,0,0,0,0,0,0,0,0,940,0,60,0,0,0,0,0,0,0,0,0,0,0,7,0,0,0,0,0,0,0,27,0,2602,0,12,0,0,0,0,0,0,0,5360,0,0,0,0,1,0,54,0,0,0,0,0,0,0,0,0,0,0,0,0,0,0,0,0,0,0,0,0,0,0,0,0,0,402,0,0,0,34,0,0,0,0,84,0,0,0,0,0,0,0,0,0,0,0,0,0,0,0,0,0,0,0,0,0,0,1,0,0,0,0,0,0,0,0,0,0,0,0,0,0,0,0,0,0,0,0,0,0,0,0,0,0,0,0,0,0,0,7,0,0,0,0,0,0,0,0,0,0,0,0,0,0,0,0,0,0,0,0,0,0,0,0,0,0,0,0,0,0,0,0,0,0,0,0,0,0,0,0,33,0,0,0,0,0,0,0,0,0,0,0,0,0,0,0,90,0,0,0,0,0,0,0,0,1,0,0,0,0,0,0,0,0,0,0,0,0,0,0,0,0,121,0,0,0,0,0,0,0,0,0,0,0,0,0,0,0,0,0,0,0,0,0,0,0,2,0,0,0,0,0,0,0,0,0,0,0,0,0,0,0,13,0,0,0
"gene_399",4860,0,27,173,0,0,0,438,0,0,0,0,0,0,0,0,0,0,0,0,0,0,0,0,0,0,0,0,9,0,0,3854,0,0,0,0,0,0,0,0,0,0,0,0,0,0,0,0,0,7,0,0,0,0,1,0,0,1838,0,0,0,0,0,0,4,0,103,0,0,0,18,0,747,0,0,0,0,0,0,0,0,0,0,0,276,0,0,0,0,56,0,0,0,0,0,0,0,5,0,0,0,0,0,0,0,0,0,0,0,569,0,0,0,0,0,3,0,0,0,0,0,0,0,0,0,0,0,0,0,0,0,0,0,0,193,109,0,0,0,0,0,0,0,4,721,0,0,0,0,0,0,0,0,0,0,0,0,0,0,39,0,0,0,0,0,9,0,0,0,0,0,0,65,0,0,0,1,0,0,0,0,0,11,0,0,0,0,0,13,1,0,0,0,0,0,0,0,0,0,0,0,0,0,0,0,17,0,58,0,96,0,0,0,0,0,0,0,0,0,0,0,0,6,0,0,0,1271,0,546,0,0,0,0,0,0,0,0,0,0,0,0,0,0,2651,0,0,0,0,0,0,0,0,0,0,0,0,0,0,0,0,0,0,0,327,0,0,0,0,0,0,0,0,0,0,0,0,0,0,351,0,0,0,0,0,0,0,0,0,0,62,0,0,0,0,0,0,116,0,0,0,0,0,0,0,0,0,0,0,0,0,0,0,0,93,0,0,0,0,1555,0,0,0,0,0,0,0,0,0,0,0,0,0,0,0,0,0,0,0,0,0,0,0,0,0,0,0,0,0,0,0,1,0,0,0,0,0,0,0,0,0,282,7194,0,0,0,0,0,0,0,0,0,9920,0,0,0,0,0,0,0,0,0,0,0,0,0,0,0,0,0,0,0,0,2,0,0,0,0,0,166,0,0,0,0,0,0,0,0,0,0,0,0,0,131,605,2039,0,2,0,0,0,0,0,12,0,0,44,0,0,0,0,0,0,0,0,0,0,0,0,0,0,0,0,0,0,0,0,0,0,0,5,0,0,0,0,0,0,0,0,0,0,0,0,0,23,0,0,0,0,0,0,0,0,0,0,0,0,0,0,0,0,0,0,0,0,0,2,0,0,0,0,0,0,0,0,0,0,0,0,0,0,0,0,0,0,4,0,0,0,0,0,0,0,0,0,0,0,0,0,0,0,0,0,91,0,0,0,0,0,435,0,0,0,0,0,0,0,0,0,0,0,957,748,0,0,0,0,0,0,0,0,45,0,0,0,0,0,0,0,0,0,0,0,0,0,0,0,0,0,0,0,0,0,0,0,0,0,0,0,0,0,0,0,0,0,0,0,0,0,0,0,0,0,0,0,0,0,0,0,0,0,0,0,0,0,0,0,0,0,0,0,0,0,0,0,0,184,0,0,0,0,0,0,0,0,0,0,0,0,0,0,0,0,0,0,0,110,0,0,0,0,0,0,0,0,0,0,0,0,0,0,0,26,0,0,0,0,0,0,0,0,0,0,0,0,0,0,0,0,0,31,0,0,0,0,0,0,0,0,0,0,0,0,0,0,0,0,0,0,0,0,0,0,0,0,0,0,0,33,0,0,0,0,0,0,0,0,0,0,0,0,0,0,0,0,0,0,0,0,0,0,0,0,0,0,0,0,0,0,0,0,0,0,0,0,0,0,0,0,0,0,0,0,0,0,0,0,0,0,0,0,0,0,0,0,0,0,0,0
"gene_400",0,0,0,1,0,0,0,0,37,95,0,0,512,0,0,1,0,0,0,0,0,0,0,0,86,0,0,0,0,0,0,0,684,0,0,0,0,0,0,0,21,0,0,14,340,0,0,0,0,0,0,0,1,0,0,0,1139,0,0,0,0,0,0,0,0,0,0,1119,0,0,0,0,6,1,0,0,0,0,0,0,0,0,0,0,205,0,2,10,0,0,0,0,0,0,0,0,0,0,0,0,0,0,0,0,0,0,10,0,0,0,0,0,0,1,0,0,0,0,0,0,16,0,0,0,0,0,0,0,20,0,0,0,991,41,0,1,0,0,0,0,0,0,0,0,0,0,0,0,0,0,0,0,0,0,0,0,0,0,0,0,0,7,0,0,0,0,0,0,0,0,0,0,432,0,0,0,0,0,0,399,0,0,0,0,0,0,0,0,0,7,0,14,0,0,0,0,0,0,1,0,0,0,0,0,112,55,0,0,1,0,0,0,164,3,0,0,0,0,0,89,0,0,0,0,0,0,0,0,0,185,0,0,0,0,0,5,0,0,0,0,123,0,0,798,0,6,0,0,88,1,0,0,39,0,0,0,0,0,0,0,12946,3256,178,938,457,0,59,733,27,366,720,123,995,1891,1969,516,5,442,1,11,214,62,31,1012,14,4256,8,2726,1672,7524,502,1621,1194,371,385,3212,79,78,178,393,13,589,2456,0,784,449,467,45,3018,5,1432,541,66,378,615,296,672,8877,6,669,0,0,2253,424,1471,1,2181,5844,2189,547,1504,156,1006,5724,4303,1274,0,10,196,532,1288,4012,832,0,128,324,3687,658,0,4,4279,2087,32,2405,187,713,17,2,2814,0,2208,15,9,145,4,199,1812,282,23169,1084,566,7,1449,2,109,6295,5634,4164,192,17,35,12,1981,2108,12,935,59,9,0,26,1364,5774,672,1384,182,2,987,1,159,5,5159,37,1407,1988,8023,349,16,558,0,1007,23,69,3,168,3,100,1561,4672,585,50,17,2,306,20,973,15096,2811,0,5536,102,168,4782,441,78,18,2095,194,1763,498,1104,329,486,62,0,2552,4562,3981,615,674,9765,2581,2019,120,58,237,1174,648,6,18836,1518,5424,1292,1443,546,7153,3177,1414,1134,48,3051,5030,3,3670,4013,236,2070,2174,4702,3112,74,1552,545,496,82,88,90,4366,3044,2082,522,137,10771,2224,3056,159,7967,540,357,4781,89,24,265,4399,3751,632,27,2256,2721,1345,6460,519,80,5329,5781,845,207,13169,40,17095,1990,1309,3111,15,1152,571,9420,2493,246,492,62,52,309,5665,1839,3981,9288,46,6368,1074,2749,685,2838,4567,362,3788,68,3915,1404,557,1445,478,5003,12973,420,108,0,405,524,843,2647,2132,1510,111,377,3873,635,1190,4200,440,652,183,1389,0,56,1313,2380,99,21,3064,0,38,2696,42,933,4687,8,833,2418,137,4,11,103,0,6819,10857,46,2052,0,168,0,1999,0,873,11255,0,2943,21273,1381,1982,4522,1124,15,174,2100,1452,10,9719,4633,881,7,432,6479,98,2501,1063,0,6,1935,3142,368,4824,0,67,11,3511,0,26548,2591,936,5868,179,426,40695,311,8,231,937,6456,2917,1,16,346,9,74,257,1416,62,37,0,2693,12,235,47,0,846,507,1011,131,122,38,410,2,191,20,35,0,128,1020,844,611,1678,7,732,4150,0,1876,848,2191,9209,0,2034,98,1031,0,4256,370,2198,38,127,1,12184,667,16,2075,2678,409,1828,1706,94,0,310,744,33,260,0,513,0,1,2050,1579,0,1730,1092,13823,31,231,0,0,0,2220,33883,4,60,2002,114,3527,524,8819,9,152,98,0,1606,5,521,22,1,0,0,12,12,22336,0,1,0,9540,2,78
"gene_401",0,0,0,0,0,0,0,0,600,0,45,0,1859,0,0,0,0,12,0,564,0,0,0,0,754,45,0,0,0,0,0,0,0,0,1346,0,27,0,0,0,0,0,0,0,0,0,0,0,263,17,0,219,15,13,0,0,664,0,0,6,0,0,0,92,1,0,0,0,10,27,0,2,0,6,0,0,0,0,0,0,410,0,0,0,0,0,0,0,0,0,0,0,0,0,0,0,0,0,22,0,1,0,0,0,0,0,0,0,0,0,0,0,10,0,0,245,117,0,0,0,0,0,0,0,0,1460,0,0,0,0,0,0,0,1510,0,6,0,0,0,0,0,0,0,0,0,535,0,0,2,0,0,2,0,0,0,0,0,0,0,27,0,0,968,0,0,0,0,0,0,0,1,0,0,0,0,0,0,12,0,0,0,0,0,1,0,0,0,0,0,0,0,0,0,0,0,0,0,0,0,0,0,0,0,0,0,0,0,0,0,0,0,107,0,0,0,0,0,0,11,0,0,0,0,0,18,0,9,0,0,0,143,4306,0,0,0,0,0,0,0,0,0,0,1,0,0,0,0,0,0,0,12,0,2349,0,0,0,0,0,0,0,0,0,0,17,440,0,0,0,1,0,1115,0,0,35,0,0,1,11,94,0,0,0,0,0,0,0,877,6,1663,0,0,0,0,0,0,0,0,0,0,0,1,2,0,0,0,2,0,0,0,0,462,0,0,1,0,0,0,2,5,0,92,0,0,0,0,0,0,0,0,0,0,0,0,0,0,1,0,102,0,24,0,0,0,915,0,63,0,0,3,0,27,0,0,0,0,0,0,0,0,0,1,4,0,2363,0,326,0,0,0,75,155,8,0,0,0,4,29,13,455,0,64,0,118,0,1007,0,0,0,12,0,0,0,0,0,0,0,0,0,9,0,0,0,0,95,62,0,0,0,0,0,0,0,1,0,0,0,0,1509,0,0,0,0,0,0,0,0,0,1320,0,0,10,0,0,0,0,182,1,2,0,0,1,0,0,2,1,0,75,99,0,0,2,0,0,0,0,0,0,0,27,0,252,269,1579,0,0,0,712,0,0,0,0,0,0,0,0,10,0,4,0,1,0,0,58,0,0,0,0,0,0,0,0,0,0,0,0,20,0,0,97,0,0,0,0,0,0,3,0,0,0,0,2299,0,87,596,0,0,0,0,0,0,5,529,0,0,76,0,0,0,0,23,0,0,0,0,10,0,0,0,0,0,0,0,0,0,0,44,116,252,0,0,2,0,0,0,0,0,0,0,0,343,0,5,0,0,0,0,0,0,0,23,0,134,0,0,234,20,190,0,0,22,0,0,0,0,0,433,102,0,0,0,0,0,0,0,0,0,0,0,0,0,0,0,0,0,0,0,3,0,0,0,0,4,0,0,0,0,0,0,0,1,0,184,0,0,0,0,0,3,0,0,219,0,0,0,0,0,2,0,0,0,0,0,0,0,0,0,0,90,0,0,0,0,0,0,0,0,0,0,0,0,0,0,0,0,0,0,0,0,0,0,0,0,0,0,0,0,0,0,0,0,0,1748,88,0,2,0,0,0,0,12,0,0,0,0,9,0,0,0,0,0,0,0,0,0,0,0,0,0,0,0,0,0,0,0,0,0,0,0,0,0,0,0,0,0,0,86,0,0,0,0,12,0,0,0,0,0,0,0,0,0,0,0,2,0,0,0,0,0,0,0,0,0,0,0,0,0,0,0
"gene_402",0,0,0,0,0,0,0,0,0,0,0,0,0,0,0,0,0,0,0,0,0,0,0,0,0,0,0,0,0,0,0,0,0,0,0,0,0,0,0,0,0,0,0,0,0,0,0,0,0,0,0,0,0,0,0,0,0,0,0,0,0,0,0,0,0,0,0,0,0,0,0,0,0,0,0,0,0,0,0,0,0,0,0,0,0,0,0,0,0,0,0,0,0,2,0,0,0,0,1,6,2,0,0,0,0,0,3,0,0,0,1,0,0,0,0,0,0,0,0,0,0,0,0,0,0,0,0,0,0,0,0,0,3,0,1,0,0,0,0,0,0,0,6,0,0,0,0,1,5,0,4,0,4,0,0,0,0,0,0,0,0,0,0,0,0,0,0,1,1,0,0,0,0,0,1,0,1,0,0,0,1,0,0,0,5,4,0,3,0,4,0,0,1,0,0,0,0,0,0,198,0,0,0,0,0,0,0,0,0,0,0,0,0,0,0,0,0,0,0,0,0,0,0,0,0,0,0,0,1,0,0,0,0,2299,0,0,0,0,0,0,0,0,0,0,0,0,0,0,0,0,0,0,0,0,0,0,0,0,0,0,0,0,0,0,0,0,0,0,0,0,0,0,0,0,0,1,0,0,0,1,0,0,0,0,0,0,0,0,0,0,0,0,0,0,0,0,0,0,0,0,0,0,0,0,0,0,0,0,0,0,0,0,0,0,0,0,0,0,0,0,0,0,0,0,0,0,0,0,0,0,0,0,0,0,0,0,0,0,0,0,0,0,0,0,0,0,0,0,1,0,0,0,0,0,0,0,0,0,0,0,0,0,1,0,0,0,0,0,0,0,0,0,0,0,0,0,0,0,6,0,0,0,0,0,0,0,0,0,0,0,0,0,0,0,0,0,0,0,0,0,0,0,0,0,0,0,0,0,0,0,0,0,0,0,0,0,0,3,0,0,11,12,0,0,0,0,0,0,0,0,0,0,0,0,0,0,0,0,17,0,0,0,0,3,0,0,0,0,72,0,0,0,7,0,0,0,0,0,0,22,0,0,0,0,0,0,0,0,59,0,0,0,0,0,0,0,0,0,0,0,0,0,0,0,0,0,0,0,0,0,0,0,0,0,0,0,0,0,0,0,0,0,0,0,0,0,0,0,0,0,0,17,0,0,0,0,0,0,263,0,0,0,0,0,0,0,0,0,0,0,0,0,0,0,0,0,0,0,0,0,0,0,0,0,0,0,0,0,0,0,0,0,0,0,0,0,0,0,0,0,0,1,0,0,0,0,0,0,0,0,0,0,37,857,0,0,0,5,0,0,0,0,0,0,530,0,0,0,0,0,0,128,611,6,0,0,0,0,0,32,0,0,0,48,0,0,0,0,0,0,0,1985,0,0,0,1,5,0,2,0,0,0,0,0,1,67,0,0,6,1265,0,0,59,2832,153,0,0,0,0,4,0,0,52,5,1,0,1,0,0,0,0,0,0,0,0,0,0,0,0,0,0,6389,0,0,514,0,0,0,0,0,0,0,0,0,0,0,0,104,0,0,0,171,0,0,10,0,0,95,0,0,0,3,0,0,0,0,0,0,851,0,0,0,0,4,0,183,931,0,893,0,0,0,0,0,0,0,0,1,0,0,0,988,3,23,1,0,0,0,0,0,0,0,0,0,170,0,0,0,0,0,1301,68,0,0,0,631,0,0,0,94,380,0,0,0,0,5,0,0
"gene_403",0,20,412,611,0,71,116,1,2065,1,10,494,0,507,3,106,0,119,19,0,362,83,899,3,319,2917,89,33,3931,78,41,2963,11,560,0,1389,67,294,1,186,4,623,1,12,14,4019,333,6,197,0,1482,2426,0,733,525,0,2041,334,0,9,26,3625,2740,533,157,0,477,631,2246,8,0,0,0,63,390,2005,731,102,56,1272,0,12,56,408,1,1,27,0,1040,8264,3,196,39,0,773,0,0,3,0,5805,0,0,0,0,0,0,0,0,3,0,0,0,0,1365,0,0,170,0,0,0,0,0,57,0,0,0,0,0,0,0,0,5,611,0,0,33,43,0,0,13,2076,0,225,92,1166,3115,0,0,33,0,0,0,1663,0,4,7909,566,127,0,1,0,0,0,1,7,0,0,0,0,0,0,42,570,0,0,0,0,158,8133,2361,186,1150,0,733,0,1383,5,0,0,0,0,6208,4,0,118,1030,0,0,0,0,6,0,0,0,0,36034,502,0,0,12,0,1,0,313,20,0,0,379,6,9,641,0,0,47,0,1320,26,0,1320,5,0,298,0,2,0,976,2,1,3,4,0,21826,0,335,1426,1284,0,188,0,0,0,33,0,0,11,0,0,0,0,0,14,0,236,6,0,0,0,0,1598,0,1,5,0,224,17,0,138,0,1,79,171,0,0,0,0,1,1420,337,14,0,61,23,3,21,1,0,0,0,1151,0,20,145,0,0,0,0,1,118,0,0,0,0,0,13,2853,812,1270,1,0,7,155,0,86,0,7,519,0,0,0,2,2,544,500,202,736,0,0,0,1835,0,21,2495,2155,0,0,0,0,0,0,0,0,0,0,0,3,1868,0,0,0,79,0,0,0,0,0,0,9,298,1028,16,67,707,0,0,0,0,0,41,0,24,0,25,0,1,0,29,0,0,0,15,0,0,159,0,0,1,0,0,317,631,6,0,0,0,13,95,3420,4,3631,1395,273,0,0,1,0,11,2,2,4732,0,105,40,11,537,0,20,0,0,171,1,7510,33,382,0,0,0,825,360,0,39,2,1453,0,0,8,101,0,0,5,0,0,0,1,253,0,0,0,0,0,0,6,0,0,0,0,0,56,0,0,56,0,0,0,0,1135,0,12,0,0,0,148,0,0,103,0,2,0,0,0,0,0,0,0,0,389,0,0,0,14,0,0,38,0,0,1518,0,0,0,0,0,0,0,0,0,0,0,0,5688,0,2116,0,0,0,0,44,31,214,127,1205,364,689,0,120,0,16,0,0,0,281,6,91,0,0,0,0,0,138,3,0,0,811,0,0,0,1449,0,115,333,0,0,806,1,0,0,0,0,0,696,0,0,0,26,5,68,0,0,0,0,0,0,0,41,0,0,0,8,0,73,31,0,2,0,0,0,0,6,94,3,0,0,1846,0,0,4185,15962,0,0,0,0,5,0,0,0,0,0,53,0,0,0,0,3346,0,527,0,0,471,113,769,0,0,183,112,6,0,1,0,0,0,0,6919,5,0,0,1,1509,0,0,2224,1,0,0,0,0,0,0,0,0,0,0,0,2737,0,25,0,3262,0,0,0,0,4,0,0,2719,22707,398,0,0,5,0,0,0,1,0,1,0,7,0,79,0,0,14,0,0,2,0,0,0,0,179,0,0,0,0,0,0,0,1,0,0,2,0,0,0,0,0,0,0,1,42,0,0,4,0,0,0,1,0,983,2,0,179,0,0,1,0,0,31097,1502,0,0,1085,0,265,0,368,0,0,1410,0,0,0,1816,0,0,0,0,138,152
"gene_404",0,0,54,0,0,62,0,0,0,0,0,0,0,0,0,0,0,0,0,0,4,0,0,0,0,0,5918,0,0,0,0,6509,0,0,909,0,0,0,0,3,0,220,0,0,0,0,0,0,0,0,0,0,984,0,0,0,0,0,0,0,0,0,48859,0,50,0,0,0,0,0,0,0,0,0,0,0,0,0,0,0,0,0,36,0,0,0,0,329,0,162,1180,0,0,0,0,0,0,0,0,0,0,0,0,0,150,0,0,0,0,5,0,0,0,0,0,0,0,0,0,0,0,0,0,0,0,0,0,0,0,0,0,0,0,0,0,0,0,0,0,0,0,0,0,0,0,25,0,0,181,0,0,0,0,0,356,0,0,0,0,0,7,0,0,0,0,0,0,0,0,484,0,0,0,0,22,0,0,75,0,0,0,0,0,0,0,0,0,0,0,0,0,0,0,0,0,10,0,1599,0,8,0,0,0,0,0,0,0,0,0,0,0,0,46,0,0,2031,0,0,1775,0,0,0,0,9,60,0,0,0,0,0,170,0,0,0,0,0,0,0,0,0,0,0,0,0,0,0,4495,0,0,0,2257,0,0,0,1,0,13,1981,0,0,0,0,0,0,0,0,0,0,0,0,0,0,0,0,0,0,0,0,0,0,0,0,0,0,0,0,0,0,0,0,0,0,0,0,0,0,0,0,0,0,0,0,0,0,0,0,0,0,0,0,0,0,0,0,0,0,0,0,0,0,0,0,0,0,0,0,0,0,0,0,0,0,0,0,0,0,0,0,0,0,0,0,0,0,0,0,0,0,0,0,0,0,0,0,0,0,2,0,0,0,0,0,0,0,0,0,0,0,0,0,0,0,0,2376,0,0,0,0,0,0,164,0,0,0,0,0,0,0,0,0,0,0,1,0,0,0,0,0,0,0,0,0,0,0,0,0,0,0,0,0,0,0,0,0,0,0,2,0,0,0,0,0,0,0,0,16,0,0,0,0,0,0,0,0,0,0,21,0,0,0,0,0,0,0,0,0,0,0,0,0,0,0,0,0,0,0,0,0,0,0,0,0,50,0,0,0,0,0,0,0,0,0,0,0,0,0,0,0,0,0,0,0,0,1,0,0,0,0,0,0,0,0,0,0,0,0,0,0,0,0,0,0,0,0,0,0,0,0,0,0,0,0,0,0,0,0,0,0,0,0,0,0,0,0,0,0,0,0,0,0,0,1,50,0,0,0,0,0,0,0,0,0,0,0,0,0,0,0,0,0,0,0,0,0,0,0,0,0,0,0,0,0,0,0,0,0,0,357,0,0,0,0,0,0,0,0,0,0,0,0,0,0,0,0,0,4,0,533,1,0,0,0,0,0,0,19,0,0,0,0,0,0,0,0,0,0,0,0,0,0,0,0,0,0,0,0,0,0,0,0,0,0,0,0,0,0,0,0,0,0,0,0,0,0,0,0,515,0,0,0,0,0,0,0,0,102,0,0,0,0,0,0,0,0,0,0,0,0,0,0,0,0,0,0,0,0,0,0,0,5,0,0,0,0,0,0,0,0,0,0,0,0,5,0,0,0,0,0,0,0,2,16,0,28,0,0,0,0,0,0,0,6,0,0,0,0,0,0,0,0,0,0,0,0,0,0,0,0,0,0,0,0,0,0,0,0,0,0,0,0,0,0,0,0,0,0,42,0,0,0,0,0,0,0,0,0,0,0,0,0,0,0,0,0,0,0,0,0
"gene_405",0,0,0,4,0,1139,77,125,81,0,0,0,39,9,0,0,847,0,0,1689,0,0,0,984,0,0,0,0,184,9,0,12,2,1549,1569,0,0,0,0,0,372,0,0,2796,0,0,452,2,0,9812,138,19,0,0,14,771,0,0,428,145,188,0,46,0,8,0,18,1,0,1,163,729,286,0,0,0,0,5709,0,1,0,0,0,6,4517,1,0,161,0,0,0,200,1,1,0,75,868,9,661,0,2,0,0,0,1,468,0,0,0,4,0,0,69,0,143,0,0,1,0,0,0,0,0,0,661,0,1,7,0,2055,1,0,0,0,0,0,0,0,0,0,0,17,0,0,0,0,16,206,321,21,0,0,488,0,0,0,600,0,55,1,0,0,5,0,27,0,0,0,973,199,0,0,30,0,487,4,0,0,212,0,0,1,0,0,0,0,56,0,0,0,0,13,514,949,0,0,0,0,0,0,0,0,0,52,0,0,0,0,0,0,0,0,0,0,0,0,0,0,0,9,0,0,0,0,0,0,0,0,949,0,1,0,0,2,0,0,0,0,0,0,236,0,0,0,0,0,0,0,0,0,0,0,0,0,0,0,0,0,0,0,117,1,0,0,0,0,100,0,0,0,0,0,0,25,0,0,0,67,0,0,0,8,0,0,0,402,0,0,0,0,35,0,0,0,0,0,0,0,0,1740,419,0,2,77,0,2,0,0,389,0,0,0,0,0,0,27,0,0,0,0,72,0,1846,1574,0,181,0,0,0,1,0,26,0,0,18,0,0,0,0,0,0,316,0,8,0,0,21,0,66,387,0,177,14,0,2525,0,89,0,0,36,0,0,0,0,0,0,0,0,0,0,0,0,51,0,45,109,0,0,39,0,6,4,0,0,0,0,0,1,78,125,0,0,88,350,0,0,0,0,0,8,116,0,0,0,0,71,0,53,71,0,0,0,0,9,0,0,366,672,0,0,0,0,0,47,9,0,0,0,0,0,1808,33,176,0,0,2,0,0,0,0,90,0,0,0,0,0,0,0,0,0,5,0,406,0,3,0,14,0,0,0,0,0,11,0,0,240,0,180,1,109,0,0,82,0,0,0,51,0,0,0,1046,0,0,32,0,32,0,0,0,0,23,0,0,0,0,0,0,552,0,51,0,0,0,0,1,0,0,1870,0,0,31,0,0,0,2,0,0,243,0,1179,0,0,0,0,0,0,0,0,0,76,9,0,254,310,0,0,0,0,0,0,0,12,5,0,1014,0,0,112,0,0,0,52,0,0,0,0,485,0,96,235,0,0,0,0,0,0,0,0,0,4,0,0,0,0,0,0,0,0,0,0,1279,0,0,7,74,0,0,9,0,0,0,0,0,3,0,0,0,0,1968,0,0,0,0,0,0,0,2,0,0,0,0,0,0,0,0,0,0,0,0,0,0,0,17,186,0,0,0,0,0,0,0,0,0,25,4,59,0,0,0,0,0,0,0,2169,0,0,0,0,0,0,0,0,0,0,0,0,0,0,0,0,0,0,0,0,0,0,0,0,0,5,0,0,0,0,0,0,4,0,0,2610,1,0,0,0,0,0,0,0,3,6,0,0,1,0,17,0,0,0,0,0,0,0,0,0,0,0,0,0,5,0,0,209,0,0,0,0,0,0,0,0,0,0,0,0,0,0,0,0,0,1,177,1416,0,0,1,0,0,297,0,388,2760,3,0,0,0,0,0,0,0,2,0,0,0,0,0,0,0,0
"gene_406",1,0,0,0,987,0,0,2,11387,1,2,0,95,0,5,0,0,0,241,0,0,222,0,0,0,95,594,0,0,0,0,0,0,0,0,571,0,9,8,0,0,0,0,2127,0,0,103,0,0,15,78,0,0,0,0,524,0,8425,0,10,0,0,9640,0,0,0,8857,417,230,0,0,0,0,79,0,7,1,476,4971,1,0,0,0,141,1250,0,0,0,0,0,0,2,8,0,3365,3,0,0,2190,0,0,0,0,0,330,0,186,0,2,0,401,0,35,0,0,6,29,0,0,0,0,1,0,1,0,0,42,38,11,0,0,12,0,0,89,0,44,11,3240,0,0,1,25,0,1033,1401,0,0,0,147,71,0,174,362,0,1221,0,0,4136,37,2,897,4414,47,0,0,0,0,2,0,0,0,0,2052,0,14,0,0,0,0,38,198,0,0,7924,0,3492,0,176,0,241,13361,0,0,0,0,0,48,0,0,0,0,1,0,0,1,0,0,0,0,18,27,0,0,0,634,0,0,0,0,0,0,0,0,0,0,7329,0,0,0,17,0,252,1447,0,0,0,0,0,0,0,0,0,0,0,0,0,50,0,0,0,2535,16,0,0,0,0,0,0,0,0,0,111,0,3,0,2,1620,0,0,0,7,17,0,0,0,0,0,22,16,0,0,0,2,0,0,0,0,1,17,0,1,0,0,0,0,12,565,0,0,0,7,0,11,2,1,0,283,0,0,365,0,0,0,0,0,0,6,0,0,0,0,0,0,812,0,0,0,0,3,0,0,0,0,0,0,0,0,12,0,0,0,0,0,0,0,0,0,0,0,0,0,0,0,0,2,0,239,0,0,0,0,0,0,0,0,0,0,0,41,0,2,0,0,0,0,0,0,1,14,0,0,0,1,0,437,0,0,660,0,0,0,0,0,0,0,0,0,0,0,0,0,0,0,0,1,0,0,0,9,0,0,0,0,0,0,0,0,36,0,0,377,0,0,1,0,0,4,0,0,0,7,0,0,0,1,5,0,0,785,0,73,0,0,0,0,2,0,117,13,0,0,0,0,0,0,0,0,0,0,0,2,1,0,3,0,0,0,0,0,2,0,0,0,0,0,256,0,0,0,0,0,1,0,0,0,0,0,0,7,0,239,0,2,287,0,0,0,0,0,0,0,0,0,0,0,0,10,0,0,0,0,133,0,0,0,0,0,5,0,0,0,0,0,4,0,63,0,515,0,51,0,0,0,0,0,0,1,0,0,0,0,0,0,751,0,0,0,0,18,140,0,0,1,0,0,21,235,19,0,0,5,0,43,0,0,0,0,0,0,0,0,0,0,0,0,0,0,0,0,0,0,1,0,0,1,0,0,0,0,0,0,0,0,0,0,0,0,0,0,0,0,0,0,0,0,0,0,0,0,0,0,0,0,0,0,0,0,0,0,0,0,0,0,0,0,0,0,0,0,0,0,0,0,0,0,63,0,0,1224,0,0,0,0,0,21,0,0,0,0,3,0,0,0,0,0,0,0,0,0,0,0,0,0,0,0,0,9,0,0,0,16,0,0,0,0,0,0,0,100,0,0,0,0,0,0,0,0,0,0,0,8,0,0,0,0,0,0,0,0,0,41,0,0,0,0,0,0,0,0,0,0,0,0,0,0,0,0,0,0,0,0,0,0,0,0,0,0,0,0,0,0,0,0,0,0,0,0,0,0,0,0,0,0,0,0,0,0,0,1,1,0,0,0,0,0,0,0
"gene_407",0,0,0,0,0,0,0,0,0,0,0,0,0,0,0,0,0,0,0,0,0,0,0,0,0,0,0,0,0,0,0,0,0,0,0,0,0,0,0,0,0,0,0,0,0,0,0,0,0,0,0,0,0,0,0,0,0,0,0,0,0,0,0,0,0,0,0,0,0,0,0,0,0,0,0,0,0,0,0,0,0,0,0,0,0,0,0,0,0,0,0,0,0,0,0,0,0,0,0,0,0,0,0,0,0,0,0,0,0,0,0,0,0,0,0,0,0,0,0,0,0,0,0,0,0,0,0,0,0,0,0,0,0,0,0,0,0,0,0,0,0,0,0,0,0,0,0,0,0,0,0,0,0,0,0,0,0,0,0,0,0,0,0,0,0,0,0,0,0,0,0,0,0,0,0,0,0,0,0,0,0,0,0,0,0,0,0,0,0,0,0,0,0,0,0,0,0,0,0,0,0,0,0,0,0,0,0,0,0,0,0,0,0,0,0,0,0,0,0,0,0,0,0,0,0,0,0,0,0,0,0,0,0,0,0,0,0,0,0,0,0,0,0,0,0,0,0,0,0,0,0,0,0,0,0,0,0,0,0,0,0,0,0,0,0,0,0,0,0,0,0,0,0,0,0,0,0,0,0,0,0,0,0,0,0,0,0,0,0,0,0,0,6,2,0,0,0,0,0,0,0,0,0,0,0,0,0,0,0,0,0,0,0,0,0,0,0,0,0,0,0,0,0,0,0,0,0,0,0,0,0,0,0,0,0,0,0,0,0,0,0,0,0,0,0,0,0,0,0,0,0,0,0,0,0,0,0,0,0,0,0,0,0,0,0,0,0,0,0,0,0,0,0,0,0,0,0,0,0,0,0,0,0,0,0,0,0,0,0,0,0,0,0,0,0,0,0,0,0,0,0,0,0,0,0,0,0,0,0,0,0,0,0,0,0,0,0,0,0,0,0,0,0,0,0,0,0,0,0,0,0,0,0,1,0,0,0,2,0,0,0,0,4,0,0,0,0,0,0,0,0,24,126,0,0,0,0,0,1,0,0,6,0,0,0,5,0,0,0,0,0,0,0,0,0,0,0,2,0,0,0,0,0,0,0,0,1462,0,19,0,0,0,0,0,0,0,74,0,0,0,0,0,0,0,0,0,0,0,0,0,0,0,0,0,0,0,0,0,0,0,0,0,0,0,0,16,2,0,0,0,0,28,0,0,0,0,0,0,0,0,0,0,0,0,0,0,0,0,0,0,3887,1405,0,6,0,0,0,0,0,0,11,0,0,105,0,3,0,0,0,0,0,0,0,0,0,0,0,0,0,0,0,0,0,0,0,0,0,0,0,0,0,0,0,0,238,0,0,0,0,0,0,0,0,0,0,11,39,0,0,0,0,0,0,0,0,0,0,0,0,0,0,0,0,0,0,0,0,0,0,0,0,0,0,0,0,0,2,0,0,0,0,0,0,0,0,0,0,0,0,0,0,0,0,0,0,0,0,0,0,0,0,0,0,0,0,0,0,0,0,0,0,0,0,0,0,0,0,0,226,0,0,0,0,0,0,0,0,0,162,0,0,0,0,0,0,0,0,0,0,0,0,0,0,1,0,0,0,0,0,0,0,0,0,0,0,4,0,0,0,1,27,25,15,0,0,0,2128,0,0,0,0,0,0,0,0,0,0,0,0,0,0,1,0,0,182,0,0,0,0,0,0,0,0,159,0,0,0,0
"gene_408",0,0,0,0,42,0,0,0,0,204,0,306,58,0,1,0,0,0,0,2,4,0,0,3,0,399,0,14,0,0,0,11,0,0,14,0,0,0,0,0,6,0,0,0,0,17,62,0,48,0,0,3,0,17,0,158,0,0,0,4,0,4,0,0,0,4,0,0,71,8405,1,7,0,0,0,0,0,0,266,0,0,0,0,0,0,0,0,1,0,420,0,0,687,0,2601,0,29,0,0,22,0,0,0,0,0,0,0,0,0,1,1045,0,2,0,69,0,0,325,0,4,12,624,127,0,0,771,67,0,1,0,0,0,19,0,1080,0,0,0,127,1,0,0,13,0,3,31,18,4568,395,1026,0,2,0,0,109,0,1,14,328,172,780,1202,0,0,0,0,2245,12970,0,3,0,14,1,1,0,6,0,4,77,26,50,0,0,98,0,0,0,0,0,138,0,0,0,979,6,84,2,16624,2,5,0,1,596,1568,0,0,56,852,2869,0,0,759,2,0,451,0,3,1297,3050,3068,384,2594,90,0,14197,4,236,309,4,440,0,1800,20,240,272,1739,9,47,2512,2172,2985,92,217,1118,9532,65,4,1762,0,300,0,504,1732,3604,33,5836,652,0,0,0,0,0,1,41,31,783,0,32,2,21,45,7,0,76,154,6,0,0,0,221,0,31,0,13,13,2,7,0,11,1,54,0,3,229,2,1310,0,0,70,0,6,41,0,0,5,11,0,10,435,273,544,2,233,11,0,495,84,2,0,0,0,558,0,3,2,0,17,144,13,0,0,15,64,0,170,2,14,11,13,0,0,21,995,0,0,0,1508,137,0,0,12,1724,1,68,0,0,0,147,0,20,0,89,43,2159,673,225,19,709,8,101,975,91,3888,0,94,5,118,0,1013,15,0,1861,986,10,217,0,0,0,0,79,217,0,6,461,15,4797,17,25,46,0,844,4,0,332,0,0,0,773,73,0,190,0,0,122,0,18,5,1311,53,284,12,758,0,1116,98,1183,4195,105,624,260,1,0,118,0,0,0,0,0,0,17,0,4,0,3,0,0,0,0,0,0,0,0,0,0,0,0,0,0,0,324,0,2,5,0,0,0,16,0,0,0,0,0,1,64,43,0,45,0,0,22,0,1637,58,0,0,0,3,0,0,4,240,0,151,0,77,0,3,126,16,222,0,90,0,0,117,2934,0,0,0,1207,0,0,0,0,0,0,7,78,0,0,6,0,0,0,0,4,178,0,0,2336,56,2,0,2783,0,103,7,0,956,21,433,65,1558,2594,10,1777,0,0,7,45,1,0,0,0,217,0,0,0,12,0,0,0,0,0,0,0,0,22,0,0,88,0,0,588,0,0,0,0,0,0,0,170,0,186,225,3468,2762,0,0,0,0,0,0,0,0,0,102,7,66,0,62,157,723,0,10,2,0,0,5,3,8,2,1646,7,0,59,2,0,0,7,0,0,0,511,343,3,0,0,8,0,0,0,0,0,0,0,1856,0,0,0,3453,0,48,895,0,0,163,0,0,7013,0,1,0,0,0,0,0,309,0,0,5931,0,0,0,1,6,0,0,0,0,0,0,0,0,0,3,0,978,4135,4211,0,0,0,0,0,1,293,0,69,0,0,6,0,0,0,7,0,0,150,0,0,0,0,15668,0,77,0,0,0,0,0,0,50,0,0,2,0,0,77,647,16,0,8,0,0,0,0,0,0,0,0,88,0,0,0,13,132,2,0,0,0,3984,2600,0,0,17,11,0,0,0,0,0,0,0,6,0,331,0
"gene_409",0,0,0,0,0,0,0,0,0,0,0,0,0,0,0,0,0,0,0,0,0,0,0,0,0,0,0,0,0,0,0,0,0,0,0,0,0,0,0,0,0,0,0,0,0,0,0,0,0,0,0,0,0,0,0,0,0,0,0,0,0,0,0,0,0,0,0,0,0,0,0,0,0,0,0,0,0,0,69,0,0,0,204,0,0,0,0,0,0,0,0,0,0,0,0,0,0,0,0,0,0,0,0,0,0,0,0,0,0,0,0,0,0,0,0,0,0,0,0,0,0,0,0,0,0,0,0,0,0,0,0,0,0,0,0,0,0,0,1,0,0,0,0,0,0,0,0,0,0,0,0,0,0,0,0,0,0,0,0,0,0,0,0,0,0,0,0,0,0,0,0,807,0,0,0,0,0,0,0,0,0,0,0,0,0,0,0,0,0,0,6367,0,0,0,0,0,0,0,0,0,0,0,0,0,0,0,0,0,0,0,0,0,0,0,0,0,0,0,0,0,0,0,27,10,17,0,0,0,0,0,0,0,0,0,17,0,0,0,0,0,0,102,0,0,0,0,837,0,0,0,0,0,153,0,0,0,0,0,0,0,0,128,0,0,0,0,0,0,0,0,0,0,0,0,0,0,0,0,0,0,0,0,0,0,0,0,6,0,87,0,0,0,0,0,0,1,5,0,0,2,695,0,1,0,0,3,0,0,0,0,0,0,0,0,0,0,0,0,0,0,0,0,0,0,0,0,0,0,0,0,0,0,5,0,0,0,0,0,0,0,0,0,0,0,353,0,0,0,0,0,0,14,0,0,0,0,0,0,3,0,0,0,2,0,0,0,0,0,0,0,0,0,0,0,0,0,0,0,0,0,0,0,0,0,0,0,0,0,29,0,0,6,0,0,4,0,0,0,0,0,0,0,0,0,0,14,0,0,0,0,0,0,0,1,5,0,0,9,0,0,0,0,0,0,3,0,0,0,1,0,0,0,0,0,0,0,0,0,0,0,0,0,0,0,0,0,0,0,0,0,0,0,0,0,0,0,0,0,0,0,0,459,4012,0,16,0,0,0,0,950,0,0,0,0,0,0,0,0,85,0,0,0,0,0,0,0,7,0,0,0,0,0,0,0,0,0,0,0,2,0,0,0,0,0,0,443,0,0,0,0,0,0,0,0,0,0,0,0,0,0,0,0,0,0,0,5,0,0,0,0,37,0,24,0,0,0,0,0,0,0,0,6721,0,0,0,0,0,0,0,3,0,0,0,25,0,0,0,122,0,0,0,0,0,0,0,0,60,0,0,0,0,0,0,0,0,0,5,0,0,1,0,0,21,0,6608,0,0,0,0,0,0,0,136,0,0,0,0,0,0,0,3,0,0,2253,0,0,0,0,905,0,0,0,0,0,0,0,0,0,0,0,0,0,38,0,0,0,0,0,0,0,0,0,0,0,0,0,0,0,4694,5,0,1,0,0,0,0,346,0,0,0,3,0,0,0,990,0,0,0,0,41,0,0,0,0,0,122,0,0,0,0,13,0,0,0,119,0,0,0,0,0,0,0,0,0,0,0,729,0,0,0,0,0,0,106,1,179,0,0,0,842,0,0,0,0,0,0,0,0,2,0,0,0,0,0,0,0,0,0,0,4675,0,204,0,0,0,0,0,10,0,0,0,4,0,0,0,0,0,0,6,1885,0,0,0,419,0,0,4,0,0,0,0,0,0,0,0,0,0,0
"gene_410",1,3456,0,0,0,0,0,75,0,0,30,10,0,1,0,0,4,0,0,0,309,0,0,0,0,0,0,8,0,0,0,660,0,0,0,0,0,0,0,0,0,0,0,7,0,0,0,0,0,160,12,0,0,0,0,1,0,0,0,201,0,0,0,0,0,0,0,0,2249,0,5,0,1168,0,0,0,0,0,0,0,0,4,0,0,16,153,0,0,0,0,1,0,4,0,701,0,0,0,0,0,0,0,0,0,0,0,0,562,0,0,1119,0,5,19,0,343,6,0,0,0,0,0,0,0,0,0,0,0,0,0,0,70,0,0,0,0,0,0,0,0,0,0,258,0,41,0,0,0,0,0,493,0,0,49,1,1,0,0,0,4,0,0,1,0,0,0,0,0,0,1294,0,0,0,76,0,0,0,2,0,127,0,0,0,125,0,32,1,0,0,116,0,4,0,0,0,0,0,0,0,0,0,0,0,0,0,0,0,0,0,0,0,0,0,0,0,0,0,0,0,12,0,0,2942,0,0,0,2,0,0,0,0,0,0,0,0,1338,0,0,0,997,0,0,0,0,1287,0,0,3,0,0,0,0,0,0,0,0,1787,2,0,0,9,0,0,11,5,0,0,0,0,0,1,0,42,0,0,8,0,0,0,0,0,2763,17512,124,0,0,0,15,0,0,0,0,67,1,0,0,0,0,2,80,0,0,3,2,0,0,2407,114,0,0,0,0,0,0,1,3,0,0,0,50,0,34,0,135,0,0,16,0,0,0,0,1,11,0,0,0,11,0,0,0,1,0,3,132,1736,0,0,350,0,0,0,0,18,80,0,0,108,0,0,0,27,0,0,0,0,0,0,0,0,1,0,0,3,0,0,0,0,7,0,0,0,0,490,727,0,0,0,0,0,0,0,0,0,0,0,221,113,0,2,0,0,0,5,0,0,0,706,4,1198,0,0,0,0,0,11413,0,1,0,6,3,0,0,1223,53,0,0,4,79,0,0,14,0,0,487,0,2025,7184,0,1,0,0,0,0,0,0,0,0,0,3447,0,3,0,0,0,0,0,0,0,0,0,0,0,0,0,2,0,0,316,0,0,0,0,96,0,0,0,0,0,0,0,0,0,0,0,0,0,0,0,0,0,228,0,0,4239,0,0,1,0,0,0,0,0,0,0,679,0,0,2422,0,2,1176,0,348,0,0,0,0,359,0,0,0,0,0,1455,0,0,0,0,0,527,0,0,38,1,0,0,0,0,0,0,0,0,0,0,0,1649,0,0,0,0,2,44,0,0,0,0,0,0,0,0,0,0,0,1,0,0,141,0,0,30,19,0,0,0,0,14,0,0,0,0,0,0,0,0,0,0,0,0,526,0,0,0,3,0,1356,1087,220,0,0,1328,0,0,0,0,28,0,0,0,0,0,3,0,0,0,0,0,0,0,0,0,0,0,0,0,0,0,0,0,0,0,0,0,0,0,3620,0,2939,0,0,0,0,0,0,0,0,0,0,0,0,0,1278,0,0,0,0,0,0,0,0,0,0,0,0,0,0,0,0,0,0,0,0,0,0,63,0,0,0,0,0,0,0,0,0,515,0,0,0,9651,0,0,0,0,0,0,0,62,0,0,0,0,0,0,0,0,9,0,0,0,4,0,0,0,0,0,0,0,0,0,0,0,0,0,0,0,0,2,0,0,0,0,0,0,0,0,0,0,0,0,0,0,0,0,0,0,0,0,0,2,0,0,0,0,0,0,0,3,0,0
"gene_411",5,0,230,4,0,43,2029,23,1342,15,2301,0,3775,1531,312,2,5,11,0,0,45,556,613,3,33,0,396,0,0,7043,0,0,1,0,163,0,593,33,2,1542,0,55,200,0,122,0,0,79,181,404,60,38,0,239,44,3557,0,80,0,0,33,0,2,0,76,389,0,112,0,12514,40,167,21,162,0,90,0,0,23,0,63,0,207,0,0,82,25,15,0,0,0,0,0,11,18,0,9,0,0,0,0,0,130,0,2056,0,0,23,0,89,0,0,0,2,0,0,0,1,0,0,0,0,3,58,20,0,0,0,0,0,0,0,0,0,35,0,0,0,0,17,0,0,0,0,0,0,26,0,0,8,0,0,0,134,0,137,0,0,0,0,0,53,0,18,0,12,0,0,0,0,22,0,0,0,0,4,1147,0,354,0,2910,0,0,10,0,212,0,0,0,17,0,0,6372,22,0,3,9,0,0,3,1,0,0,0,1,0,0,1,0,0,10,0,0,0,0,0,17,1,2,0,3,0,0,0,0,1,0,1,0,0,0,0,0,3,0,0,0,0,0,1,0,8,5,2,0,4,1,0,0,0,0,1,1,0,0,0,1,0,0,1,0,0,0,0,0,0,0,0,0,0,0,0,0,0,0,0,0,0,0,0,0,0,0,0,0,0,0,0,0,0,0,0,0,0,0,0,0,0,0,0,0,0,0,0,0,0,0,0,0,0,0,0,0,0,0,0,0,0,0,0,0,0,0,0,0,0,0,0,0,0,0,0,0,0,0,0,0,0,0,0,0,0,0,0,0,0,0,0,0,0,0,0,0,0,0,0,0,0,0,0,0,0,0,0,0,0,0,0,0,0,0,0,0,0,0,0,0,0,0,0,0,0,0,0,0,0,0,0,0,0,0,0,0,0,0,0,0,0,0,0,0,0,0,0,0,0,0,0,0,0,0,0,0,0,0,0,0,0,0,0,0,0,0,0,0,0,0,0,0,0,0,0,0,0,0,0,0,0,0,0,0,0,0,0,0,0,0,0,0,0,0,0,0,0,0,15,0,0,0,0,0,0,0,0,0,0,0,0,0,0,0,0,0,0,0,0,0,0,0,0,0,0,0,0,0,0,0,0,0,1,0,0,0,0,0,0,0,0,0,0,0,0,0,0,0,0,0,0,0,0,0,0,0,0,0,0,0,0,0,0,0,0,0,0,0,0,0,0,0,0,0,0,0,0,0,0,0,0,0,0,0,136,0,0,0,0,0,0,0,0,0,0,0,0,0,0,0,0,0,0,0,0,0,0,0,0,0,0,0,0,0,0,0,0,0,0,0,0,0,0,0,0,0,0,0,0,0,0,0,0,0,0,0,0,0,0,0,0,0,0,0,0,0,0,0,0,0,0,0,0,0,0,0,0,0,0,0,0,0,0,0,0,0,0,0,0,0,0,0,0,0,0,0,0,0,0,0,0,0,0,0,0,0,0,0,0,0,0,0,0,0,0,0,0,0,0,0,0,0,0,0,0,0,0,0,0,0,0,0,0,0,0,0,0,0,0,0,0,0,0,0,0,0,0,0,0,0,0,0,0,0,0,0,0,0,0,0,0,0,0,0,0,0,0,0,0,0,0,0,0,0,0,0,0,0,0,0,0,0,0,0,0,0,0,0,0,0,0,0,0,0,0,0,0,0,0,0,0,0,0,0,0,0,0,0,0,0,0,0,0,0,0,0,0,0,0,0,0
"gene_412",0,0,0,0,0,0,0,0,0,0,0,0,0,0,0,0,0,0,0,0,0,0,0,0,0,0,0,0,0,0,0,0,0,0,0,0,0,0,0,0,0,0,0,0,0,0,0,0,0,0,0,0,0,0,0,0,0,0,0,0,0,0,0,0,0,0,0,0,0,0,0,0,0,0,0,0,0,0,0,0,0,0,0,0,0,0,0,0,0,0,0,0,0,0,0,0,0,0,0,0,0,0,0,0,0,0,0,0,0,0,0,0,0,0,0,0,0,0,0,0,0,0,0,0,0,0,0,0,0,0,0,0,0,0,0,0,0,0,0,0,0,0,0,0,0,0,0,0,0,0,0,0,0,0,0,0,0,0,0,0,0,0,0,0,0,0,0,0,0,0,0,0,0,0,0,0,0,0,0,0,0,0,0,0,0,0,0,0,0,0,0,0,0,0,3,0,0,0,0,0,3,0,1,1,10,2,1,0,0,0,0,0,0,0,0,0,0,0,5,0,0,0,0,0,0,0,2,0,0,1,2,0,0,1,0,0,0,0,0,0,0,0,0,0,2,0,2,1,0,0,0,0,0,0,0,3,0,7,0,0,0,0,0,0,0,0,0,0,0,0,0,0,0,0,0,0,0,0,0,0,0,0,0,0,0,10,0,0,0,0,0,0,0,0,153,0,0,0,0,0,0,0,0,0,0,0,0,0,0,17,0,0,1529,119,0,0,0,0,0,0,0,12,16,0,0,0,0,0,0,0,0,0,0,0,0,0,0,1,0,0,0,0,0,0,0,0,0,0,0,0,0,0,0,0,0,0,0,0,0,0,0,0,0,0,0,0,0,264,0,0,0,0,0,0,0,0,38,0,0,0,0,0,0,0,0,0,0,0,0,0,0,1,0,0,0,0,0,0,17,0,0,0,0,0,0,0,0,0,0,0,0,0,0,0,0,0,0,0,0,0,0,0,0,0,0,0,0,0,0,0,0,0,0,0,0,0,0,0,0,24,0,0,0,0,12,0,0,0,10,7,3,3,0,0,0,0,0,0,0,0,0,55,565,0,0,43,0,0,0,129,0,0,0,0,0,0,0,2,2,2,1,0,0,41,3,0,0,0,0,0,0,0,63,0,0,0,0,0,0,0,0,0,87,15,0,0,0,0,0,0,0,0,0,0,0,0,0,0,0,19,0,0,0,0,0,0,106,0,0,0,0,1,0,0,39,0,83,0,0,0,0,0,0,0,0,373,0,0,0,0,0,0,0,0,0,0,0,0,0,0,0,0,190,0,0,736,0,0,0,0,0,0,0,0,0,0,0,0,0,0,0,0,85,0,0,0,0,0,0,0,0,4,0,0,0,0,0,0,0,0,0,0,0,0,0,0,0,0,0,0,0,0,0,0,0,0,0,0,13923,490,0,0,0,0,0,0,0,0,0,0,103,0,0,0,0,0,0,248,0,0,0,0,0,1,0,0,42,0,0,0,0,0,0,0,0,0,0,28,0,0,0,0,0,0,0,0,0,0,1,0,0,0,0,0,0,0,0,0,0,0,0,0,0,0,0,0,0,0,0,0,0,0,0,0,0,0,0,0,0,17,0,0,0,0,0,0,0,0,0,0,0,0,0,0,0,0,0,0,16,0,0,0,0,0,0,0,0,0,0,0,28,0,0,1,0,0,0,0,0,0,0,0,0,0,0,0,0,0,0,0,10,0,0,0,0,0,0,0
"gene_413",44,0,0,0,0,216,81,0,33,66,0,0,0,6720,89,255,0,0,0,60,0,12,60,0,0,0,46,84,0,0,0,169,0,2107,885,0,0,0,0,3,0,0,0,173,350,9,0,0,112,0,12,0,2,0,0,3231,0,3957,2917,0,276,0,2738,123,0,0,212,0,0,0,0,0,0,20,33,5,13,0,0,3,0,0,0,7891,0,0,0,0,0,0,0,25,0,0,0,0,0,0,0,0,1,0,0,5,0,0,0,0,0,0,0,0,0,0,0,0,0,0,0,0,0,0,0,0,0,0,0,0,0,0,0,0,0,0,0,0,0,0,0,0,0,0,0,1,0,0,0,0,0,41,0,0,0,0,0,0,0,0,0,9,0,0,0,0,0,97,0,0,2,0,0,0,0,0,0,0,80,0,0,1,0,74,0,0,0,0,0,0,0,0,0,0,0,0,0,2,0,0,0,0,3,7,0,0,0,0,265,0,0,0,83,0,0,0,0,0,0,0,0,8,0,0,1,3,0,0,0,0,0,0,0,0,0,0,8,0,2,0,0,5,5,0,0,2,593,10277,0,1757,0,0,0,0,0,0,0,0,0,0,1060,0,42,0,2,0,0,0,0,0,0,0,0,0,0,0,0,0,0,0,0,0,0,0,0,0,0,0,0,0,0,17,0,0,0,21,1,0,0,0,0,0,0,0,0,0,0,0,1,0,0,0,0,0,11,0,0,0,0,0,0,0,0,0,0,0,0,0,0,0,0,0,0,12,0,0,0,0,0,0,0,0,0,0,0,0,0,1,15,1,2,0,0,0,0,0,0,0,0,0,0,0,0,0,0,0,0,0,0,0,0,0,0,0,0,0,0,0,0,0,0,0,0,0,0,0,0,0,0,0,0,0,0,0,0,0,0,0,0,0,0,2,0,0,0,0,0,0,0,1,0,0,0,0,0,0,0,0,0,0,0,0,0,0,0,0,0,0,0,0,0,0,62,0,0,0,0,0,0,0,0,0,0,0,0,0,0,0,0,0,2,0,0,0,0,0,0,0,0,5,0,0,0,0,0,0,0,0,0,0,0,0,0,0,0,0,0,0,0,0,0,0,0,0,0,0,0,0,0,0,74,0,0,0,0,0,0,0,0,0,0,0,0,0,0,0,0,0,0,0,0,0,0,0,0,0,0,0,0,0,0,0,0,0,0,0,0,0,0,0,0,0,0,0,0,0,0,0,0,0,0,0,0,13,0,0,0,8,0,0,0,0,0,0,0,0,0,0,0,0,0,0,0,0,0,0,0,0,0,0,0,0,6640,0,0,0,0,0,0,0,0,0,0,0,0,0,764,0,0,849,0,0,0,0,0,0,0,0,0,0,0,0,0,0,0,0,0,257,0,0,0,0,0,0,3496,0,0,0,0,0,0,0,0,0,0,9,0,0,0,0,0,0,0,183,0,0,0,0,0,0,0,0,0,0,0,0,0,0,0,0,0,52,0,0,0,0,0,1244,0,0,0,0,0,0,0,0,0,0,0,0,0,0,0,0,0,6056,0,0,0,0,0,0,0,26,0,0,0,0,0,0,0,0,0,0,0,0,0,620,0,0,0,3693,0,0,0,0,143,0,0,0,0,0,0,0,0,0,0,5,0,11,0,0,0,0,0,0,0,0,0,0,4,0,76,0,0,0,0,4,0,0,0,0,16554,0,0,0,0,19,0,0,0,0,0,0,18,0,0,0,0,0
"gene_414",9,0,0,1,58,418,234,1713,829,3,59,20,1,528,0,328,419,0,1,57,21,92,0,0,0,76,5,0,0,131,0,85,10,9,2,0,36,50,124,1183,121,7,172,0,0,172,196,0,113,56,64,1,259,0,85,1,1,353,0,1,321,113,48,2812,0,13,0,975,2252,1,2,22,3,36,57,220,351,127,10,136,3,26,6,0,398,793,1,54,67,3,75,66,0,0,9,0,0,0,0,0,0,214,28,7401,3,0,0,0,0,0,1138,0,0,249,0,16693,0,2103,0,0,0,0,0,0,0,3658,0,0,0,0,0,0,0,0,0,0,0,0,0,0,0,0,0,0,0,0,0,5,0,0,844,1,0,0,0,1,0,0,0,0,0,1791,0,0,12,956,0,0,0,0,301,0,0,0,768,0,0,0,0,0,18,0,0,0,0,0,0,1,0,0,0,0,0,2711,0,0,0,0,0,1,1,1,0,2906,0,0,0,0,55,45,0,0,70,0,0,17,0,1970,40,0,0,0,379,0,1000,418,0,3,3,88,0,3185,0,6,14,0,34,0,0,0,0,0,29,315,2625,1351,0,148,107,5,308,0,50,0,145,0,0,21,2,0,68,0,1048,129,27,0,1,195,235,5280,169,3,10,1255,1933,108,0,0,25,0,382,0,90,923,215,1,0,13,4,0,233,1,0,225,0,15,77,0,28,91,162,429,22,4,7,554,5,0,2,94,239,4,86,0,281,3,747,0,56,230,27,0,34,0,0,0,41,412,893,150,328,0,1,0,603,70,0,0,8,2,6,35,0,0,0,0,299,0,0,444,807,983,47,265,0,1356,257,493,244,1482,1,0,0,1829,617,1,70,1,8,5,0,1,710,0,0,2,2,573,234,2424,0,928,0,127,0,90,7,0,105,0,2,0,36,5,711,157,19,0,354,0,0,0,0,280,58,8,11,104,96,0,0,1039,2281,58,0,0,14,404,4,132,0,102,0,556,0,2498,4,6,443,19,88,5,23,2,0,2,12,0,920,0,1,43,66,313,0,9,14,0,187,12,79,177,1642,24,8,12,654,0,0,106,103,2,106,369,55,31,570,0,133,3,0,6,146,4,0,0,467,155,125,19,70,0,132,63,1399,333,0,0,0,0,448,464,217,298,179,0,2,41,6,464,265,3,0,565,2,72,36,477,75,1176,199,200,4,4,611,4,0,10,4,45,0,0,679,29,54,4,13,0,0,216,201,14,145,225,0,1639,8,338,1007,291,5,0,17,0,214,221,74,0,0,5,1,39,91,19,1,3,2,13,0,106,0,13,37,27,17,81,97,0,8,299,202,0,0,0,0,0,3,0,153,115,148,0,0,0,0,2224,0,0,0,0,103,910,0,19,0,0,6,713,2,23,2,0,2,0,184,0,32,198,7,0,0,0,1332,343,38,78,0,131,3,750,8,1857,0,2128,0,0,1,0,112,0,1623,0,0,338,0,1024,1771,19,0,72,316,10,0,2,0,28,0,47,21,2420,0,0,257,0,0,1,0,0,77,19,29,628,50,91,531,1,0,7,0,873,0,387,24,3,0,0,11,0,0,485,0,0,643,0,0,0,0,4,82,20,0,219,57,76,0,2,0,0,0,0,1,2283,0,0,371,38,0,509,0,0,0,21,0,12,0,0,5,66,227,74,0,1,8,2,7,0,64,79,1337,0,0,0,0,1890,2,157,161,0,52,0,6,2843,15,0,0,1192,0,0,73,1,1,142,3,2,0,5,3,0
"gene_415",2631,776,0,1529,1014,0,1399,0,359,1635,13855,88,0,0,225,305,0,2619,147,0,0,18,242,227,171,16,8,0,0,8676,174,259,69,7082,0,6788,1,0,3,9,0,62,5,772,0,19,0,900,0,13,2802,24,146,420,4,1051,1019,3163,1163,15,4677,21,4164,0,2125,268,1111,7021,201,247,0,684,0,630,2698,5261,2733,2579,9,102,7,152,8210,242,98,359,1352,1931,68,81,0,0,7284,1,317,454,3,0,6,92,2760,0,2,0,14570,4010,0,0,3,12,12,0,86,1650,141,0,0,587,9,40,13,0,0,48,0,247,53,72,13,2,0,333,3,2,0,0,0,0,0,0,0,0,0,2,0,1660,235,0,343,8875,0,0,24,0,1881,93,32,2,246,602,295,874,116,1,957,50,685,0,0,0,0,0,0,0,0,0,490,60,0,0,2015,2,4,0,0,0,2,0,3433,19,7,2,0,356,19366,1,13598,0,0,534,0,0,0,372,0,1,80,0,542,0,0,525,113,3,3,0,7,1,1221,0,2449,495,107,0,0,22,0,0,0,3499,0,4501,0,0,11,0,1296,0,2163,1,0,3,5,43,1130,1156,559,1549,0,0,1,0,0,0,0,1344,0,0,51,0,485,1140,7,32,1154,18,1,1,0,279,0,0,2046,0,133,9,49,1,1442,4,71,0,0,15,1,0,1,3,824,0,0,0,2,16,0,41,550,10,0,309,0,146,1139,0,0,0,0,0,0,2,0,375,21,931,2,0,5,0,0,23888,67,0,0,72,2090,0,1,10,2651,67,184,943,0,1734,48,5,0,5,325,25,0,183,5825,0,337,44,6468,11,0,1,50,0,14222,6,64,43,138,650,0,8,5834,10604,269,0,0,497,2055,0,1,3,387,27,0,181,126,0,246,902,6005,1435,0,0,20757,0,0,28,31,1,1692,4,7,0,0,161,0,4,0,3,28,0,235,16,240,0,1001,0,0,2151,33,372,919,0,0,0,0,0,0,3432,271,0,345,523,17,828,0,0,1325,0,6,0,0,0,0,74,11,0,17,371,86,0,3,0,0,49,1055,0,522,0,69,0,60,13,0,75,267,2297,116,0,17,984,0,768,0,36,0,0,1,675,26,7,117,7,0,86,16,77,0,0,6605,0,41,1,0,253,127,12,1,0,820,0,87,0,1,9,0,41,19,0,0,209,66,0,5,8735,0,0,116,11,48,4118,1,5757,115,1,124,0,0,0,2,39,37,464,10,0,0,0,268,0,0,0,0,0,12,113,16,19474,0,1507,672,4372,0,124,71,82,91,6,80,11,5,584,0,0,112,0,8,6,199,585,4,0,1427,4,0,0,0,1799,4777,124,0,2,0,0,0,0,532,17,29514,4,0,0,0,0,4288,81,0,0,65,0,2059,0,0,80,1,8,0,0,0,0,0,54,0,0,5,0,0,2,0,7,198,0,0,1,0,2,0,0,0,112,0,0,0,0,0,0,4,0,0,0,17,76,1165,0,11,3046,0,253,0,0,0,0,0,9,517,28,0,1,6048,1312,0,0,9,22,0,0,259,0,0,0,12,227,0,0,0,0,0,0,0,58,6,633,0,0,215,0,0,206,2,33,4,0,1268,0,3148,0,5098,0,10,0,0,623,0,2,0,0,139,0,10,0,1,7,8,6,0,0,28,0,136,9,0,729,0,0,34,292,0,1231,0,9140,1782,0,98,1648,18,1417,252,41,130,16165,0,0,0,147,0,9,1,0,0,0,0,0,11,35,45,1274,179,0,2,0,4,6390,0,1,0,0,2177,2,0,0
"gene_416",403,79,67,99,0,368,230,1,0,99,2690,19,418,0,3,384,75,503,7,220,0,0,996,390,0,199,393,0,0,0,39,304,650,1930,7,347,0,2,1,525,56,0,0,338,1434,89,103,3,0,0,0,176,0,0,10,585,1,45,0,0,9,0,0,1,5,157,289,4,0,133,149,133,18,0,0,0,18,7,2,1324,33,0,13,289,1,11,0,216,0,0,504,18,0,0,0,0,3232,0,0,0,70,4432,0,0,0,0,0,990,0,0,0,0,0,0,0,0,0,0,15,0,0,39,0,0,0,0,7,0,0,0,44,0,0,0,0,0,0,0,0,837,0,0,0,0,0,0,0,0,0,0,0,0,506,0,0,0,0,0,0,0,0,0,0,0,0,1,11,0,0,0,9,130,0,0,0,0,0,0,0,0,0,780,0,0,13,0,0,0,0,0,58,7,0,0,0,0,0,15,0,0,0,0,0,0,0,0,131,0,0,0,0,0,0,19,0,0,566,81,0,0,6,0,0,0,0,0,0,0,3554,2,13,0,59,96,0,0,0,0,0,0,0,0,2,13,1080,0,0,0,1137,34,68,6,0,11,15,0,0,0,39,79,275,19,0,0,0,3541,2,0,2,904,0,5164,6076,0,631,689,3,249,378,40,0,0,34,1237,0,631,2,14,572,357,1,0,14,90,0,9,5,2,10,119,226,0,1217,0,8,815,1046,0,0,0,431,355,48,0,9,93,417,0,0,70,391,45,92,64,10,0,70,0,33,656,168,91,25,266,4,1,1,0,70,9,11,2,773,1820,0,0,116,352,889,575,925,0,64,8,4,301,656,4061,539,0,651,168,3,416,805,421,0,1,0,0,0,11,0,0,6,581,3,20,94,0,450,0,15,6,1700,222,441,0,501,59,0,0,3637,2005,17,0,0,0,1,2368,21,0,0,94,271,0,12,0,11,2,0,1517,0,392,1,0,53,0,4,500,3,0,0,1011,0,576,341,74,73,1,437,245,97,2,1,0,16,45,73,0,0,0,32,72,0,0,0,4,3,0,3,34,0,2,5,1,76,0,0,114,27,1,1,4,0,43,2,3,21,0,0,0,0,1,1,0,0,76,1,0,1,0,79,0,1,1,1,4,0,0,0,5,21,0,0,2,73,54,0,1,10,0,0,11,2,0,0,45,73,4,0,0,0,0,6,0,7,1,0,0,0,7,0,0,4,0,0,94,3,2,309,11,13,0,0,0,0,1,252,28,10,0,1,0,0,6,0,0,2,0,0,12,0,5,0,1,27,0,1,0,0,11,0,0,0,257,0,114,3,0,4,0,1,8,163,0,0,22,1,96,30,0,0,252,0,2,0,17,112,0,48,2,32,2,17,88,0,6,0,0,0,28,1,0,1,3,0,39,8,0,11,0,0,3,0,12,0,0,6,0,0,0,0,6,1,1,0,77,0,7,7,21,0,0,5,145,32,0,13,3,0,1,3,0,28,0,0,0,0,0,0,25,0,1,20,0,65,0,27,0,83,0,1,0,0,0,0,0,50,0,1,3,13,0,13,35,29,0,0,0,398,0,0,8,0,0,0,1,0,21,1,2,0,0,0,1,1,0,8,20,0,40,0,12,2,0,22,0,0,0,0,5,3,0,0,12,0,6,40,0,1,11,40,0,0,0,1,36,0,0,3,0,0,0,11,14,10,0,9,99,0,47,0,0,7,0,0,17,0,3,0,0,0,0,0,0,5,0
"gene_417",0,18,1,0,49,2,414,0,1,248,0,0,28,0,33,0,232,0,9,0,0,126,0,0,7,83,1,1,0,0,121,0,0,214,0,73,127,2,0,75,7,0,0,17,0,1516,1,150,0,6,141,0,0,1,1688,0,0,877,8,0,13,1,67,30,144,0,0,1,338,11,711,2073,21,106,411,0,0,1,0,2,0,0,0,6,0,38,563,151,0,0,0,4,0,0,0,0,0,0,0,0,1,0,0,0,0,0,0,2,0,0,0,0,0,0,0,0,0,0,0,0,602,0,0,0,0,0,0,0,0,0,0,0,0,0,0,0,0,0,0,0,0,0,0,0,0,0,0,1,0,0,0,0,0,0,0,0,0,0,0,0,0,0,0,0,0,5,0,0,0,0,0,0,0,0,0,0,0,0,0,0,2,0,0,0,1,0,0,0,0,0,0,0,0,0,0,0,0,0,0,6,0,0,0,0,0,0,0,0,0,0,496,0,0,8,0,0,604,0,0,0,0,0,0,0,0,269,0,4,76,0,0,0,0,31,0,0,0,0,0,0,419,0,0,0,0,0,5463,3,6,0,0,1,0,0,0,0,0,3,0,0,2,0,0,0,0,0,3,0,0,0,0,11,0,51,0,0,0,189,0,10,96,0,0,0,0,0,0,0,0,0,0,0,0,0,9,0,0,17,8,1,3110,0,0,0,0,0,0,0,0,0,44,0,50,0,71,0,0,0,0,0,0,0,0,0,1,0,2,0,0,0,0,0,29,14,0,0,0,1,0,10,0,65,0,10,0,0,0,1,2359,0,11,1,0,0,0,0,0,0,2245,2,0,0,142,0,0,0,0,596,0,0,0,0,0,290,15,0,181,0,0,0,0,0,0,0,0,0,1473,0,0,0,0,4371,0,0,0,4,4,0,0,1245,0,0,1,160,0,0,0,1139,0,0,0,0,5,0,0,0,0,0,5,0,0,0,0,4071,236,0,0,0,0,0,776,0,313,1296,0,0,4,0,2,0,0,0,0,0,1330,0,0,0,0,0,0,146,0,0,0,1,0,0,0,21,1519,0,0,2,0,0,0,0,0,4,1,0,0,0,29,0,72,0,0,64,10,3,54,0,213,8,20,0,0,0,0,964,0,2,3,0,64,736,125,0,0,0,321,204,0,0,0,721,0,0,0,1813,0,5,0,0,118,0,0,0,283,34,937,0,0,66,1,2,171,0,0,51,10,0,10,0,0,0,2,0,0,0,0,0,0,0,105,0,0,0,0,0,344,0,0,0,0,1,44,0,0,0,16,0,0,5,11,4573,0,0,0,0,0,0,0,0,0,0,0,0,0,0,0,0,0,1529,0,0,0,0,0,0,0,0,0,7,0,0,0,0,35,0,0,0,0,22,0,0,0,0,0,0,0,0,0,0,10,0,0,0,0,0,0,0,0,0,318,0,0,0,4,0,0,0,6,0,0,0,0,0,0,0,0,0,0,255,0,0,0,0,0,0,52,0,0,2,0,0,0,0,0,0,0,0,0,0,0,0,0,0,0,0,0,0,0,0,0,102,0,0,0,0,0,7,0,932,0,0,0,0,0,0,1567,0,0,0,0,0,0,0,0,0,0,0,0,0,0,0,0,0,88,0,0,0,0,0,0,0,0,0,0,0,0,0,0,0,0,0,0,8,0,0,0,0,0,0,0,0,43,0,0,0,0,0,0,0,0,0,0,0,212,21,0,0,28,0,0,0
"gene_418",1,0,0,58,0,2,0,55,0,82,0,0,0,0,0,0,269,0,0,0,46,0,0,235,0,193,0,1506,84,0,0,18,142,0,0,0,0,0,0,0,0,0,0,35,4,0,56,0,0,3,1,6,0,0,0,0,0,0,0,0,18,0,0,0,0,359,0,0,4,0,0,0,0,0,0,0,146,0,0,0,0,0,0,25,0,0,0,1053,0,51,7,0,0,0,0,0,0,0,105,0,0,0,3051,0,0,18,1,0,160,5,0,0,0,0,0,0,0,0,0,0,18,1,0,0,0,0,0,0,0,0,105,19,0,3125,0,0,225,0,0,1,0,91,0,0,0,0,66,0,0,360,0,0,178,0,0,0,277,0,0,6,0,0,75,20,0,0,0,102,0,6,4,2881,1230,0,6,3,2,0,0,0,87,0,0,4,4734,1,0,0,802,0,9,0,0,0,0,0,0,0,1598,0,0,2,0,8,0,0,0,0,0,0,0,0,247,6,0,0,0,1839,0,0,0,0,1948,51,0,0,3,0,0,82,0,77,0,0,0,0,0,15,0,0,0,0,4,403,0,0,1310,232,0,0,0,9,39,0,0,0,0,0,0,0,0,0,0,30,0,1562,16,0,0,0,46,171,4,0,28,0,0,0,0,0,0,0,0,0,23,4767,0,1,0,0,0,14,22,0,8,0,1,177,67,0,0,0,0,224,0,104,0,0,0,0,0,92,0,0,0,0,1108,0,0,10,0,0,0,259,0,0,126,1422,0,0,0,0,0,0,32,167,0,384,0,0,0,0,0,65,0,0,0,0,0,0,9,0,0,0,0,0,0,0,3,2808,5888,0,0,0,0,0,0,0,0,0,277,0,0,971,0,0,0,0,0,0,1,994,1219,0,1,0,0,5,1,0,0,23,145,0,2944,0,0,0,4770,0,0,0,0,0,44,0,10,0,0,0,0,0,535,0,0,0,1,0,262,0,0,0,0,0,0,0,53,0,0,1,0,0,0,0,0,0,0,0,0,790,0,4,0,11,0,0,0,0,432,0,1,0,0,0,0,0,0,962,46,0,0,0,0,2278,0,0,0,0,0,0,0,0,0,0,0,0,0,0,451,0,37,0,0,0,0,0,0,0,0,0,0,0,0,0,0,0,0,0,0,0,0,0,0,0,0,0,0,0,5,0,0,0,0,0,0,6,1,0,0,0,0,0,0,7,0,0,112,0,0,0,0,0,16,0,0,0,0,0,0,8,3,0,0,0,0,0,0,0,0,0,0,16,5,1,0,0,194,0,0,0,450,0,0,0,0,0,0,11,16,0,0,0,0,0,27,0,761,0,106,0,0,0,0,38,0,0,1238,0,0,0,130,0,0,0,0,0,0,0,0,175,0,0,0,0,0,0,0,0,0,0,0,0,55,0,0,11,0,0,0,0,0,0,0,0,0,0,0,0,0,1,0,0,0,7,0,0,0,0,0,0,0,0,0,0,0,0,0,0,0,0,376,152,0,0,0,0,0,13,1,0,0,0,0,0,0,0,2,18,6,236,0,0,0,0,0,0,0,0,0,0,0,0,0,0,0,63,0,0,0,0,0,0,16,0,0,0,0,63,0,0,0,0,0,0,0,0,0,0,0,267,0,0,97,0,819,0,0,0,0,0,0,5,0,0,0,60,0,0,0,0,0,0,3,1,166,0,0,0,0,0,0,0,0,0,0,13,0,0,0,0,2,0,0,5,0,0,0,0
"gene_419",2908,1,2,0,0,36,0,0,0,108,0,0,0,1,0,0,0,0,0,0,0,0,0,0,1,0,0,0,0,17,0,0,0,0,1828,0,0,0,0,0,0,0,3,0,1,352,0,0,0,0,0,0,0,0,0,0,0,0,0,0,0,121,0,0,1954,0,176,0,0,0,25,0,0,0,0,0,144,0,1,0,11,0,0,0,0,0,0,0,0,0,0,0,0,0,0,0,0,0,863,0,0,0,0,0,0,0,19,15188,0,0,0,0,0,0,0,0,0,0,0,3,0,0,0,0,0,0,0,0,0,2316,0,185,461,0,0,0,0,0,0,0,0,41,0,0,0,0,0,1,0,0,0,0,0,0,0,0,0,0,681,0,0,1,4,0,0,1,0,0,0,0,0,3338,5144,0,0,0,35,0,0,0,0,0,0,0,0,0,0,0,0,0,0,0,0,0,0,1,0,1,3,0,0,0,0,0,0,3,1,0,0,0,0,14,0,5,7,0,3,1,1,0,0,2,8,6,0,0,1,0,0,0,1,0,2,4,0,0,0,0,11,0,2,11,0,0,1,0,5,0,1,4,0,4,2,0,0,0,3,0,2,0,0,0,0,0,0,0,0,0,0,0,0,0,4,0,10,0,1,0,5,0,0,0,0,0,0,0,0,0,0,0,0,0,108,1,0,0,0,0,0,0,0,1150,0,0,0,0,0,0,0,0,2,0,0,0,0,0,1,29,0,0,0,0,0,0,0,0,0,0,0,0,0,0,0,335,0,0,0,0,0,0,0,1270,724,0,0,18,0,0,1,0,0,0,0,0,2,0,9,0,0,0,0,0,0,0,0,635,0,0,0,0,0,0,0,0,0,0,0,0,0,0,0,0,0,0,566,0,19,0,0,0,0,4,0,0,0,0,9,0,0,0,0,0,0,0,0,0,0,0,0,0,0,0,0,0,0,0,0,0,0,0,0,0,0,0,110,0,0,0,0,0,0,0,0,0,0,0,0,0,0,0,37,0,89,0,0,0,1,0,0,0,0,0,0,0,0,0,0,25,0,0,0,0,0,57,0,0,7,0,0,0,838,0,0,0,0,0,0,0,0,0,0,0,0,0,0,2,88,235,0,0,0,0,256,0,0,0,0,4,0,0,0,93,0,290,94,68,0,0,0,0,0,26,307,0,0,0,0,0,0,0,0,0,21,0,0,0,0,0,0,402,0,0,0,0,0,0,0,0,0,0,0,0,0,0,17,0,0,0,0,0,0,0,0,0,0,0,0,0,0,0,0,0,0,0,0,4,51,0,0,0,0,0,0,0,0,1040,0,0,0,0,0,0,10,0,0,0,0,0,0,4,1,0,0,0,0,0,0,0,0,0,0,2,0,0,309,0,1,0,0,0,0,0,0,9,0,0,0,0,0,48,0,0,0,0,0,0,0,0,0,0,0,0,0,0,0,0,0,391,0,0,0,0,0,0,0,1,0,0,911,0,18,0,0,9,0,25,0,0,0,0,0,0,0,0,0,0,0,0,0,0,0,0,0,0,0,0,0,0,0,0,1164,0,0,6,1,0,0,0,0,0,0,0,0,0,0,0,0,0,0,3,0,127,0,1,0,0,0,0,0,0,0,0,0,0,0,0,0,0,0,0,0,0,0,0,0,0,0,0,0,0,0,0,0,0,0,0,18,0,0,0,0,0,0,0,0,22,0,0,0,0,207,0,0,0,0,0,0,0
"gene_420",9,15,0,1,3705,15,269,0,6,186,0,21,822,0,102,63,0,25,140,0,232,2,0,459,11,596,110,10,1,0,99,1,0,1,0,81,67,52,0,0,276,0,59,4,0,0,15,248,0,0,0,570,1,10,0,57,14,16,1,0,0,9,34,517,490,21,21,2,1666,0,2,0,12,0,4082,0,415,21,434,375,0,212,1,0,52,0,0,26,0,441,12,0,0,6973,0,1938,0,84,853,365,1201,354,2572,12931,0,54,0,775,295,0,0,0,0,4,0,1,0,40,3657,0,12,0,976,3,0,0,10,0,0,858,0,0,6799,0,4,0,0,0,21,0,0,0,35368,10352,0,62,9309,84,0,1116,0,0,0,0,0,1087,260,127,0,265,0,0,2,9,0,0,12,0,0,137107,0,0,0,100,0,9554,0,0,0,0,23055,348,19,1104,6184,209,1490,474,19,557,0,0,0,0,1,0,0,0,0,0,704,0,1013,0,0,142,0,0,23,3,0,1288,0,0,19,0,0,0,0,0,1,0,4224,1,3,113,4,0,0,24,0,0,57,0,0,0,12,15,46,0,0,120,1,0,0,6,18,3,1,1,458,69,536,0,0,0,2120,0,4,779,0,9,196,0,0,235,0,0,0,0,0,0,0,105,0,0,0,11,0,43,0,0,0,131,280,1307,310,608,0,0,0,101,19,968,0,0,0,9,502,0,66,3,0,31,0,1236,68,0,564,0,0,115,0,12,3,53,26,10,22,862,1,2,3,0,114,17,166,0,11,173,4,228,1,205,3,124,10,0,0,0,12,0,0,551,0,11,122,0,1273,0,0,74,0,62,36,1,0,0,3,224,130,0,769,1250,0,0,6,0,29,9,4,0,374,0,139,0,593,1,10,18,0,0,0,0,0,25,11,0,11,0,0,757,18,0,7,0,21,371,126,48,10,4,0,144,1,0,6,0,12,0,1918,313,522,0,91,64,90,1705,0,551,623,0,20,58,230,1,0,0,18,0,492,0,0,0,0,0,0,284,207,3,0,238,1,0,1161,0,0,0,1,44,0,509,0,329,0,217,1062,11,167,0,5,0,0,553,0,1,11,57,0,1,0,0,1028,0,0,92,0,61,0,0,0,9,0,0,0,0,0,39,252,0,14,3247,2543,0,2309,0,2,0,94,1,46,405,0,7,0,126,0,0,767,0,48,0,82,317,34,0,0,0,0,0,0,203,0,1239,537,0,0,16,5,127,144,854,67,0,0,1060,0,0,0,0,5,2,0,0,102,42,0,4,0,0,10,2,135,0,72,0,4,2,0,0,0,155,1,2,1,14,0,69,205,0,0,9,1,11,0,1,0,0,0,632,0,0,1139,81,1,0,2404,0,0,0,0,0,0,3,0,2,343,3,13,700,26,0,0,82,0,0,686,0,0,28,2,0,0,276,0,0,0,3,1738,0,0,71,0,2943,85,0,261,1,10,257,0,13,0,0,0,2,59,0,0,0,209,0,148,1,0,0,0,0,1374,2,0,0,0,0,0,1,317,2688,2,0,0,0,491,0,1,528,0,0,0,162,0,0,0,0,0,0,0,0,0,0,0,1,128,64,414,0,0,0,0,0,4,6,0,0,622,0,255,0,0,0,1,0,0,4761,0,0,0,242,0,0,0,1189,0,777,0,6,0,7,0,0,0,0,0,0,0,0,25,0,0,5603,0,1920,0,0,51,1705,219,1,926,0,0,0,382,25,9,0,0,0,0,147,0,0,1,8,37,4,0,0
"gene_421",0,0,2,24,0,0,0,0,0,180,0,2,0,0,0,0,0,0,0,0,0,0,0,6,0,0,0,0,0,0,0,0,0,0,0,0,0,0,5,0,0,0,0,0,0,85,0,43,0,253,0,0,0,144,0,0,0,0,0,0,0,12,0,0,0,0,0,0,0,14,744,0,0,0,0,1908,0,0,0,0,0,0,0,0,0,0,0,4,0,0,0,0,299,0,0,0,0,0,4,0,0,37,0,0,245,361,3,0,0,0,0,0,0,0,0,0,0,0,0,0,3,0,0,0,0,0,0,0,9,51,0,0,0,0,244,58,0,0,0,0,0,0,7,0,0,0,0,121,0,1617,0,228,0,0,0,0,0,0,0,0,7,5,6,50,111,0,313,2167,0,0,0,0,0,0,10,0,0,1,0,0,40,0,0,0,0,0,0,2,0,0,0,0,0,0,0,0,0,0,0,0,0,0,0,0,0,44,37,0,0,0,0,0,0,0,0,0,0,1,0,0,0,0,0,0,0,0,0,0,0,13367,0,0,0,0,0,3,0,8441,0,0,0,0,0,0,0,0,0,0,0,0,0,685,0,0,0,0,0,0,0,0,0,0,0,0,0,0,0,0,25,0,0,0,0,0,0,0,0,0,0,0,0,0,0,0,0,0,0,0,0,0,0,0,0,0,0,0,0,0,0,0,122,0,0,0,0,0,0,0,0,0,4,0,0,0,0,1153,0,0,3,0,0,0,0,0,0,0,0,0,0,0,0,0,0,0,264,0,0,0,0,0,0,0,0,0,60,0,0,0,0,0,0,0,0,0,47,0,3,0,0,0,0,0,0,0,0,0,0,0,1,0,0,0,0,1,0,0,0,0,0,0,0,0,0,0,0,0,0,0,0,0,0,0,0,0,0,0,1,0,0,22,0,0,0,0,0,0,0,0,0,0,10,0,0,0,0,0,0,0,0,0,0,0,0,0,0,0,0,0,0,0,0,269,0,1,0,0,0,0,0,0,0,651,0,0,0,0,0,0,0,0,0,0,0,0,2,0,0,0,0,0,0,1522,0,0,227,0,3,0,0,0,1,96,0,0,0,1806,0,0,0,0,28,0,0,0,15,0,0,1,0,0,0,0,56,0,0,6,0,166,0,0,0,0,451,0,0,0,0,0,0,1,0,76,0,0,0,0,0,0,0,0,0,0,0,0,0,26,0,0,0,0,0,0,0,0,11,0,1,25,0,0,0,0,0,0,0,60,1,0,0,0,0,0,0,0,0,0,0,1,0,0,6,439,0,0,0,0,0,0,0,0,0,0,0,8,3944,0,0,0,0,3,0,0,0,0,0,0,0,0,0,0,0,0,4179,57,0,0,0,0,0,18,0,636,722,0,0,0,16,81,0,0,0,0,0,235,0,1320,0,0,0,0,0,0,0,0,0,0,0,0,0,0,0,0,0,0,51,0,0,0,0,1,0,0,450,0,0,0,0,0,0,0,1334,3,0,0,0,0,0,48,0,0,6,2,0,99,0,0,0,81,0,0,0,0,0,0,0,0,42,0,0,0,0,1,0,297,0,0,0,0,2037,0,3,0,0,0,0,21,0,17,0,0,0,0,0,0,0,0,0,0,0,0,0,0,0,0,0,0,0,0,0,0,0,0,0,1,0,0,0,0,0,603,0,0,0,0,0,0,0,2226,0,0,0,0,0,0,15,323,0,0,0,0,0,0,0,0,1,0,0,16
"gene_422",314,57,13,66,0,767,195,7794,0,1499,0,834,1,2001,295,0,93,2561,808,342,34,76,645,2,0,1046,0,121,309,235,21,6,0,490,4321,138,290,0,74,1335,267,3585,4,130,27,4773,884,2414,1,0,13,341,3,91,260,2415,5479,10995,3003,4,209,49,1,499,60,3167,0,261,24,497,17,0,51,1614,95,123,81,17,1112,13,2639,74,212,79,2174,27,293,167,9,5,0,0,0,676,1579,0,1,1461,0,2,722,1609,9,4,4288,0,15,942,1,18,1,753,50,0,515,23,0,23,24,166,0,0,10,0,926,103,11,0,4,0,0,21,0,0,0,1,0,0,76,259,0,0,0,0,0,2506,0,0,0,0,0,0,12269,2,9,0,0,7736,0,44,396,0,0,852,310,12,158,616,66,67,0,6060,0,0,1346,4976,6438,5,1,89,1765,0,0,1284,0,11877,1,27712,1494,4,0,1393,1,0,0,0,0,0,0,0,0,59,0,11272,3,0,0,567,0,177,0,0,0,0,0,80,0,5,301,24,2483,0,43890,0,0,0,290,0,0,66,0,0,0,35796,0,7,0,3218,0,0,5,4,0,0,0,0,16,0,2,24,0,1083,0,0,6914,0,0,25,0,0,0,0,32,0,1556,0,299,0,0,0,0,0,36,0,854,0,0,0,115,0,0,0,16,432,371,8686,0,34,0,0,284,430,9,0,3621,0,922,0,47,0,889,0,0,0,0,0,0,0,0,0,10,23,0,0,0,44,0,563,49,0,723,0,0,215,0,0,3,550,0,47,1592,0,325,2664,5,1816,0,0,2,0,0,0,9,0,529,2,156,0,0,0,0,0,0,0,0,2,17,1,0,0,0,0,1,0,0,97,115,0,0,0,26,0,1,78,0,0,0,0,2060,139,0,1,0,1,460,0,0,0,0,0,32,7,1127,4,47,3054,1,0,0,0,0,79,0,0,3,0,0,0,0,0,0,4234,121,1153,0,0,0,0,4,7,424,502,0,0,0,0,3824,0,0,0,1,0,0,0,0,24,29,1104,0,545,0,0,0,1026,104,0,114,0,271,0,0,52,322,0,547,0,133,0,43,0,0,0,0,1217,0,0,0,170,0,0,0,0,0,0,0,0,15,0,0,0,0,0,8,0,0,33,0,0,0,414,0,0,76,0,6,0,0,0,0,10,0,0,0,0,124,2,0,551,0,0,1292,0,943,0,0,0,0,1405,7658,0,0,1556,0,8,0,68,2,0,152,0,494,0,0,0,0,40,0,0,0,0,0,0,2067,0,301,0,4282,0,0,0,0,485,0,0,0,0,0,0,3,1,2,0,134,28,2987,1,0,4900,0,2,0,0,1,0,0,0,6462,0,0,1120,0,0,18,0,0,0,0,0,0,2176,0,1,2749,0,0,0,1190,0,0,0,0,0,0,0,344,0,0,0,0,0,0,0,0,74,0,0,137,0,0,16,0,0,0,0,0,5,0,0,0,0,0,0,3,0,0,0,0,0,0,0,0,0,0,0,0,0,0,1,0,0,0,68,0,0,0,0,0,0,0,0,0,0,0,0,0,2,0,0,0,0,0,6,0,0,0,0,0,0,0,0,0,0,0,0,0,0,0,0,185,0,0,0,0,0,0,0,0,3239,0,4,0,0,0,45,0,0,0,0,0,0,0,0,57,0,0,0,0,0,0,0,544,0,0,0,16,0,0,0,0,0,4,0,832,15,0,0,0,0,0,9,0,0,0,0,2246,0,0,558,0,0,0,0,0,0,0,881,0,0
"gene_423",41,0,0,0,0,0,73,0,0,0,0,0,0,0,0,0,0,0,0,0,0,0,0,0,0,4,0,9,0,0,6,0,0,231,0,0,0,0,0,0,0,0,0,0,0,0,0,0,0,34,0,8,0,0,0,0,0,0,0,0,0,0,0,0,0,0,0,0,0,0,0,0,0,0,0,0,1,0,327,0,0,0,0,0,0,1254,183,0,0,0,0,22,0,0,0,374,0,0,0,0,0,6176,0,0,17216,0,0,0,361,10,0,0,0,0,60,0,0,0,0,633,1,0,195,0,0,0,0,0,0,202,0,0,0,4,0,0,0,1,217,0,0,5120,0,1153,0,0,0,0,0,318,9238,0,0,0,1,0,0,739,0,0,2,0,0,0,0,29,0,0,0,85,1200,15,1,0,0,0,0,88,0,0,0,0,0,0,0,0,0,0,0,11,0,0,0,0,0,0,0,1,0,0,0,0,0,161,0,0,0,26,0,0,0,47,0,0,0,0,4,31,0,3,0,5,1332,0,0,0,0,0,0,0,40,0,0,0,95,0,296,1752,0,0,5,0,24,0,0,0,0,0,0,0,0,0,0,0,0,0,0,19,0,0,0,0,0,0,0,18,4,0,71,51,0,0,0,0,0,0,0,0,0,0,0,0,49,0,729,0,1,542,0,41,0,0,2,1,0,0,21,2,0,0,31,0,0,0,1326,0,0,4,0,48,0,0,0,243,0,0,0,0,0,0,0,0,0,7,0,87,0,0,890,0,0,0,4596,289,142,0,0,14,0,0,31,1,0,0,0,0,0,0,956,0,1205,3,0,20,7,0,0,3,1,270,0,611,1,10,10,627,31,0,1,3,0,0,6615,0,0,206,77,0,0,0,845,0,0,550,0,416,0,4,161,0,0,0,0,327,402,0,0,2,0,0,0,0,0,0,1,24,0,271,91,8,0,0,0,0,4,0,19,0,0,19,0,163,0,0,0,1,125,390,0,0,0,1,0,0,0,1,0,0,3,0,0,0,1,893,0,0,0,0,21,0,387,0,0,23,0,0,0,0,0,0,0,0,0,108,14,0,0,0,0,16,0,0,0,0,18,0,0,0,0,0,149,0,0,0,4,0,558,4,0,0,1,0,0,0,0,0,0,0,0,0,0,0,0,829,0,0,0,0,0,0,0,0,21,10,130,77,2,0,273,434,0,0,0,0,0,0,2,68,6,5,42,1,0,13,7,0,0,57,4634,0,20,0,0,0,0,104,0,0,0,0,0,0,10,0,0,0,0,0,1,0,0,0,0,36,0,0,2,0,0,27,0,0,1896,0,36,0,0,0,0,0,0,0,0,0,0,29,72,0,0,0,956,0,832,0,0,9,0,614,15,0,1262,0,0,2,0,0,0,0,0,0,0,0,1168,0,0,0,0,0,0,173,0,0,83,26,0,0,653,0,0,0,0,0,52,0,0,0,0,0,0,0,0,0,0,0,28,0,0,440,0,2,0,0,0,12,0,0,0,0,0,0,2231,0,0,0,0,0,0,0,0,1,0,0,0,0,0,38,0,0,0,0,1094,0,0,0,2914,34,0,0,0,0,0,0,0,0,28,0,0,0,0,0,0,0,0,12,43,0,15,0,0,0,60,0,0,0,2420,0,0,392,0,0,0,0,2635,0,0,0,0,0,0,0,0,0,0,54,0,0,0,0,3,2,0,0,0,0,0,0,0,0,2,1,0,0,0,15,0,0,0,0
"gene_424",0,0,0,0,0,0,0,0,0,0,0,0,0,0,0,0,0,0,0,0,0,0,0,0,0,0,0,0,0,0,0,0,0,0,0,0,0,0,0,0,0,0,0,0,0,0,0,0,0,0,0,0,0,0,0,0,0,0,0,0,0,0,0,0,0,0,0,0,0,0,0,0,0,0,0,0,0,0,0,0,0,0,0,0,0,0,0,0,0,0,385,0,0,0,0,0,0,0,0,0,0,0,0,0,0,0,0,0,0,0,0,0,0,0,0,0,0,0,0,0,0,0,0,0,0,0,0,0,0,0,0,0,0,0,0,0,0,0,0,0,0,0,0,0,0,0,0,0,0,0,0,0,0,0,0,0,0,0,0,0,0,0,0,0,0,0,0,0,0,0,0,0,0,0,0,0,0,0,0,0,0,0,0,0,0,0,0,0,0,0,0,0,0,0,81,4,0,25,1,0,0,2,15,12,32,0,1,10,35,1,9,0,0,0,12,5,14,5,16,1,11,10,0,11,0,37,165,2,0,31,0,46,0,29,0,0,0,0,72,0,10,0,0,7,1,4,0,0,0,18,11,6,0,0,16,0,0,6,0,7,2,0,0,0,0,344,3,0,0,0,3406,0,0,0,421,0,0,0,0,0,0,0,0,0,0,267,0,0,0,0,0,0,0,0,0,22,0,0,0,17,0,0,0,0,0,0,0,0,0,0,0,37,0,0,364,0,0,0,0,0,190,0,0,0,0,0,0,0,0,204,9,0,0,0,0,0,0,0,0,0,0,0,0,0,0,0,253,0,0,0,0,0,0,0,0,0,0,0,0,0,0,0,0,0,0,3,0,0,0,0,0,1,0,0,0,0,0,8,2980,0,10,0,0,0,0,0,0,16,0,0,0,1,0,0,0,0,0,0,0,2,0,0,0,0,1712,0,0,0,0,0,434,0,0,103,0,614,0,0,0,39,0,0,0,0,0,0,0,0,3,0,0,0,86,11,0,0,0,0,0,0,0,0,0,0,0,0,0,0,0,46,0,0,0,10,0,0,0,0,0,0,0,0,0,0,0,0,0,0,0,0,0,0,75,0,0,0,0,0,0,0,0,0,0,0,33,0,0,0,0,0,0,0,0,0,0,0,0,0,0,0,0,0,0,0,0,0,0,0,0,0,0,0,0,0,0,0,0,0,0,0,0,0,0,0,0,0,0,0,0,0,0,0,0,0,0,0,0,0,0,0,0,0,0,0,0,0,0,0,0,0,0,11,0,0,0,0,0,0,0,0,0,0,0,0,0,1235,0,0,0,79,0,0,0,0,0,0,0,0,25059,0,0,0,0,348,0,0,1417,0,0,0,0,0,0,0,0,0,0,0,0,0,0,0,0,0,0,0,0,0,0,0,0,3,0,0,0,0,0,0,0,0,0,0,0,0,0,16,0,0,0,0,0,0,0,0,0,85,0,0,0,0,0,0,0,5,0,0,0,0,0,0,0,0,0,0,0,0,0,0,0,0,0,0,0,980,0,0,0,0,0,0,0,0,0,0,0,0,0,0,5,0,0,465,0,0,0,0,0,0,0,5,0,0,0,0,0,2932,0,0,0,0,0,5,0,0,0,0,0,54,0,0,0,0,0,0,0,0,0,0,0,0,0,276,0,0,0,0,0,0,0,0,0,0,0,2,0,0,3,0,0,0,0,0,0,0,0,0,0,0,0,3835,0,0,0,0,0,0,0,0
"gene_425",5,4315,0,2,3051,0,0,94,478,2311,287,0,12,0,0,8044,0,900,183,19,0,0,3539,0,0,3930,3076,0,0,0,2402,0,0,0,0,1,0,192,32,0,0,23,0,0,0,3383,169,998,0,3075,0,0,0,0,24,887,12827,246,1106,54,0,0,4,0,7,0,17,13948,20,54,2,58,0,85,3,0,0,0,0,22,0,0,0,1542,218,6,844,0,1,12,0,1,0,1601,0,0,0,10,0,0,0,0,0,311,0,0,0,549,0,3,0,0,0,91,0,0,0,38,604,0,0,0,8,0,0,0,0,0,3271,0,0,0,0,0,160,0,0,0,0,0,0,0,0,9590,0,0,0,0,0,0,0,0,140,0,0,0,0,0,0,13,0,0,0,0,0,0,0,0,0,18,0,0,0,0,1,0,0,0,22,0,0,0,0,0,0,2,0,0,0,0,0,0,0,0,0,0,0,0,0,0,0,0,0,0,0,0,0,0,1,0,0,0,0,0,0,0,12,0,0,1,17,0,0,401,4437,0,3,0,35,0,0,0,0,40,0,0,0,0,0,0,2099,12,0,0,479,0,0,0,1,0,0,13,0,0,172,0,0,0,329,0,3,0,7,0,145,2,0,1229,73,0,3648,0,400,0,0,213,0,4869,0,0,0,325,890,0,478,0,2826,320,16,1038,991,2002,1359,110,0,6300,732,316,703,82,26,0,280,4,956,19,0,0,0,150,25,32,45,3077,6,2,14,0,4298,4,21,0,3220,6941,0,7,477,0,0,0,906,0,2,1660,456,305,2,0,0,0,0,0,0,5,1304,0,12,0,1697,1934,1,1295,0,5,3313,482,1,0,49,33,0,0,0,802,1,253,0,0,0,149,0,110,5,6304,0,1,4,517,482,0,68,9,17585,0,69,11,1526,41,6,3,160,0,285,0,10,0,956,195,0,0,1,4,0,333,1,30,0,1086,35,0,0,141,0,11,0,158,20,0,0,6,0,746,5223,84,0,280,38,108,18441,16322,3275,249,16,8,0,0,774,118,0,35,0,155,53,138,384,5081,19,43,13,12289,0,0,128,0,326,0,89,1,7,55,0,0,405,0,5414,390,413,0,4935,0,1048,484,124,452,41,0,0,194,0,4,0,1,99,0,2,0,267,0,302,0,0,694,3877,799,28,1144,0,2598,0,0,0,858,34,6353,61,0,2362,10,50,176,3,1287,0,0,3,12,0,152,0,6401,53,0,0,1556,249,1219,0,1840,1565,0,0,1362,3,3,0,1,0,0,71,5057,0,0,117,41,0,117,0,1,12,1,0,355,160,640,11,4,403,1,1359,2300,22,0,813,2054,0,0,4608,485,0,13,0,0,0,0,0,15,10,0,244,0,0,0,94,1804,0,0,281,0,0,10,0,0,14,0,0,0,0,59,0,0,0,22,0,0,0,0,31,21,0,0,1530,0,435,219,9,0,0,11,0,0,0,0,0,0,0,205,1502,0,0,0,0,0,0,176,3509,0,0,0,0,8,0,0,678,0,0,0,0,0,0,2,0,0,0,0,105,0,0,454,124,0,0,0,0,732,0,3087,136,1,21,0,0,0,0,0,0,3413,68,0,0,19,0,2,3,10,0,0,0,14,69,0,0,616,0,1533,0,112,1341,832,218,0,1,18,1345,0,0,0,0,31,0,0,132,1,98,23,0,178,0,0,0,2,0,0,0,0,0,0,0,0,0,9,0,0,0,0,0,0,0,0,0,0,0,0,0,0,77,0,0,0,0,0,0,0,2,0,0,0,0,0
"gene_426",0,260,5,650,10,0,6988,47,13924,0,247,730,948,778,220,17,0,4663,285,381,116,1362,2550,274,3,0,5820,0,257,694,19,326,479,1105,2014,3462,1811,34,1625,31,13,19,0,5949,462,1417,2524,2283,0,1664,659,2535,29,55,5,4850,1,693,1365,165,398,197,1823,19,27,51,460,144,131,714,3006,1771,23,57,1111,471,22,214,1330,190,236,598,502,89,24,0,194,9214,173,1962,1608,140,1646,86,0,581,273,1841,1990,1,0,8,8857,117,1314,173,2241,2354,3500,0,0,110,11,270,25,7906,1481,701,1,5849,81,27,1147,90,0,15,1,80,123,1,6,10957,488,566,616,412,0,120,9171,2,270,7049,35,1587,340,2935,5,17299,17,12404,16,137,0,0,8,9831,312,16347,935,0,5296,307,3566,113,1,17,808,15,4,4805,14682,44,4311,1,18460,3302,22,4317,0,6,87,36,51,1687,0,1554,25,66,0,5451,22,974,3,185,60,38,45,119,0,2981,905,99,12344,6634,0,105,0,63,407,370,5,72,7891,2972,32,1882,316,427,1158,217,126,2,1853,0,3,3330,846,471,545,3987,163,14,5734,13,7,135,286,181,11385,0,0,10465,177,2202,469,273,462,1736,1472,230,37,1416,3856,723,6,14,43,3742,1905,172,1802,524,13,246,212,56,93,44,0,86,7138,6102,58,1191,1231,40,53,0,64,165,3,0,1918,195,66,0,2436,29,808,43,0,1289,0,0,341,194,3124,1079,1,89,727,70,5964,625,175,8,794,205,162,1128,656,775,140,14,599,118,0,27234,33,51,207,1986,3,26,2,2,159,3238,1,923,1391,1,4579,233,133,404,1054,0,4,34,43,2772,243,1124,568,55,17,34,678,810,12,118,1864,2,78,233,114,84,3,0,1,169,806,61,7779,2,699,5802,3,2957,0,21,471,40,0,2147,1527,9,239,244,1934,32,1680,0,19,856,626,104,3449,76,8636,2766,601,301,40,241,326,2069,10,1414,81,14,1027,232,386,3156,23,1507,61,154,567,560,29,966,2,5,196,420,432,0,6,5,0,0,0,448,1675,1,1125,1473,5,3524,1,194,296,260,968,0,30,5,24,294,2020,8,36,2184,835,140,4,230,1,122,0,0,3254,8,0,5,2328,0,1,62,1059,1,9,0,1249,5,172,38,8821,2,9943,39,2,76,5224,18,3,263,116,1299,627,3,97,461,0,449,1835,111,53,0,491,229,145,0,869,0,168,65,0,281,146,2693,274,765,2413,159,1277,38,0,1790,116,3,809,443,1,137,29,589,0,11,19,10937,171,0,3385,1,0,20,167,0,785,19993,4713,3,4,15,770,0,6471,1479,1505,3308,2,56,32,19,1,150,397,3,0,863,43,502,476,5758,630,8,765,363,0,115,2,0,63,396,2,135,0,67,2202,0,2,866,1,38,0,0,51,19,0,13,0,29,228,489,174,7714,119,8,86,2,2,55,0,210,0,0,18,1,0,1576,6595,1267,1827,6,0,19,0,82,563,644,827,0,6,0,29,15,199,159,0,82,5,182,0,633,134,1641,0,16,1283,0,5486,367,60,0,149,247,6307,4,735,0,2,0,0,5803,5297,838,921,2,38,0,2,8,0,659,0,0,0,992,1603,2,735,0,0,0,50,0,6108,68,233,12,2494,61,0,480,0,1,70,0,2,1,1237,0,15,175,24,0,0,216,642,0,4513,0,2067,28,0,0,2746,1109,1218,4,556,0,0,4,2,0,2440,2634,5629,324,12288,21,11,16,0,4653,0,0,2,2,1335,207,252,0,5,322,55,0,0,262,46,1262,0,186,1,196,4,123,39,243,381,2412,2824,4,1966,4348,452,85,0,3040,81,825,80,2
"gene_427",0,0,0,0,1470,0,0,0,0,0,0,0,0,0,0,0,0,0,0,40,103,0,0,0,1,0,0,377,0,0,0,0,0,67,0,0,0,1460,1,0,228,0,3,0,1,0,313,0,0,0,1,52,0,444,0,0,0,0,1235,0,662,1291,0,0,0,36,0,0,0,0,0,0,0,0,0,0,1160,0,0,0,12822,0,4,0,0,0,183,0,0,28,1216,0,0,407,0,15,0,3,0,0,0,0,0,0,0,0,12,0,0,0,0,0,39,4,0,0,10,0,0,0,73,0,0,0,0,0,121,0,350,0,0,0,0,0,0,0,5,1,0,0,0,0,0,3098,0,0,0,0,0,0,0,0,0,0,0,0,0,1,7064,0,0,0,0,0,0,0,0,0,0,314,0,0,0,3294,28250,2,0,0,0,0,0,0,0,0,0,0,0,0,0,0,0,12,0,0,0,7,0,3,2,0,2,0,0,0,11,0,0,0,0,79,0,0,76,548,0,0,0,0,12,0,0,0,21,0,3,76,0,0,0,142,0,6,29,0,0,0,14,0,0,0,0,0,0,0,0,0,0,0,4,0,112,0,2243,0,0,0,1843,25,0,0,0,0,0,0,2,0,1306,0,33,117,0,1,0,0,0,0,0,15,0,37,0,0,741,0,0,0,146,25,2,0,0,0,0,2,0,0,0,0,1,797,0,12,0,419,0,0,1,0,0,0,41,553,55,0,0,0,0,0,0,0,0,0,34,0,0,0,1,5,0,637,0,88,0,0,0,0,137,254,0,0,574,0,1235,103,0,0,1,0,995,0,21,0,0,0,0,0,0,0,0,0,133,0,0,0,0,0,0,2,113,8,1,206,0,0,0,55,0,0,0,1,2,2826,0,0,0,0,3052,0,1413,0,0,67,0,0,1985,31,0,0,1,0,0,0,0,0,0,0,14,0,1,0,0,175,0,5,0,321,24,0,52,0,0,0,883,1223,0,135,108,0,0,2554,0,1034,4,0,0,0,0,0,0,0,0,0,677,0,0,47,0,0,0,0,0,0,0,0,0,0,0,180,0,0,1301,2010,0,116,10,5,0,20,0,0,5,74,0,0,0,2604,0,0,0,1158,3,0,0,2,24,0,433,0,0,504,0,0,0,0,1,0,0,0,1,0,36,0,0,30,0,0,0,3,77,11,39,153,0,0,0,0,0,0,76,0,0,0,12,0,9,0,0,0,0,0,0,0,0,0,0,0,0,0,0,0,0,0,1776,0,0,0,0,0,19,0,0,0,489,0,0,1,1438,0,479,0,1,0,0,0,0,0,0,1,268,0,0,0,0,0,0,0,0,0,0,0,0,0,0,0,0,0,0,0,0,161,3,24,0,0,2134,0,0,0,0,0,0,0,6,0,0,0,0,235,0,0,0,0,0,0,0,0,1,0,0,0,0,66,0,0,0,0,0,0,0,0,0,0,0,0,0,0,0,0,1,0,0,0,0,1,0,0,0,0,0,1,2,0,0,0,0,0,0,0,0,0,0,0,0,0,0,0,0,0,1,0,0,0,0,0,0,0,3,0,0,0,0,0,0,0,0,0,0,0,0,28,0,1,0,0,0,0,0,0,0,0,0,0,0,0,0,0,0,122,0,0,0,0,0,0,0,0,24,0,0,0,0,0,0,0,0,0,0,0,0,0,182,8756,0,0,2,0,0,0,0,0,0,30,0,0,0,0,0,0,0,539,0,0,0,0,97,0,0,0
"gene_428",0,0,0,135,407,0,0,0,0,0,0,6436,0,0,19,1,90,0,0,18,0,0,369,0,0,1,0,0,62,15,0,0,0,0,657,567,0,758,0,0,0,0,1272,0,33,0,0,0,0,0,0,0,0,84,397,0,308,311,1391,0,0,21,0,0,0,0,305,0,5505,0,0,0,0,0,0,0,0,0,66,0,0,0,0,0,1,1547,0,0,1,2,0,0,8,88,0,4,2,0,4,0,100,0,0,0,1,195,463,27,0,160,3,0,3,175,7,0,0,0,0,6,0,0,0,0,0,0,0,0,0,0,0,205,0,12,0,0,0,0,0,0,0,0,0,0,0,0,6,2967,484,0,732,52,229,0,0,0,61,1,12992,0,0,0,0,0,0,7078,0,6,0,0,0,89,6436,0,0,3,2,0,0,0,57,2,0,0,0,0,91,0,0,0,0,39,0,1907,0,0,0,0,41,0,0,136,0,0,0,0,10958,0,0,0,0,0,0,0,0,0,0,0,0,0,0,0,0,0,0,0,0,0,0,15,0,0,0,0,0,0,0,0,0,1,706,0,0,1,0,2560,0,0,2,1,0,0,0,0,2,0,0,259,0,0,0,0,1748,21,388,0,0,31,0,1,25,4,1906,0,230,0,2414,3170,0,0,0,0,0,0,302,0,0,34,27,0,780,23,109,0,0,53,4,1,0,0,0,0,0,0,0,312,0,0,4,0,44,0,436,572,0,0,864,3244,25,0,0,0,0,0,0,0,0,562,0,0,32,21,10341,898,4,0,3,560,460,0,0,0,0,0,0,0,1792,1507,0,15,0,0,0,221,36,2,7,1,11,82,6023,135,1,10,8,0,0,15,0,2175,3508,10,0,0,14,0,8172,510,31,579,0,0,62,0,0,27,13,0,0,146,26,0,0,18,2407,11,74,3614,41,0,17,1,353,0,0,3,0,0,0,0,260,0,0,26,0,1,0,16,4,47,0,0,0,0,0,485,58,0,8475,0,0,0,0,0,0,3,19,0,0,0,0,0,0,0,6,0,0,0,0,0,0,0,0,0,0,0,0,0,923,0,0,0,0,0,741,0,0,0,0,0,0,0,0,0,1,36,0,0,0,0,0,0,2,0,0,0,0,0,32,0,0,0,0,0,56,9,463,0,4,0,0,0,0,110,0,0,0,0,0,0,0,0,0,0,0,0,0,0,0,675,0,2,0,0,0,122,0,16,0,0,0,0,0,0,2,0,995,0,1484,2,0,31,0,9,157,0,0,510,32,0,599,543,0,0,0,0,0,0,0,0,3,0,0,0,0,0,0,577,0,197,0,2,0,108,0,0,0,0,0,0,0,0,0,0,0,0,0,0,0,0,0,0,0,0,0,0,14,4,0,0,0,0,0,0,0,0,0,0,0,0,0,0,0,0,0,0,0,0,0,248,0,0,0,0,1,0,0,0,0,0,0,0,0,0,0,0,0,0,0,0,0,0,0,0,9,44,0,0,0,0,0,0,59,1,0,0,0,0,0,0,45,0,0,0,435,0,12,0,0,0,0,149,0,0,0,0,0,0,2,16,0,0,0,2,0,0,0,0,0,0,0,0,0,0,0,0,0,0,45,0,0,0,0,0,0,0,0,0,0,0,0,0,0,0,866,0,0,0,283,0,0,0,0,0,0,0,0,0,0,0,0,0,0,0,1,0,1,143,0,0,0,393,0,4,0,0,597,0,0,629,0,409,0,0,0,0,0,0
"gene_429",0,4,0,0,0,21,0,46,0,0,0,0,108,0,0,0,0,0,0,0,0,0,0,227,0,77,67,4,0,0,106,16,501,40,8,28,0,0,49,634,1,7,0,0,0,0,13,0,0,1727,0,0,0,0,2,0,36,2,2,155,0,463,0,0,1,108,2,0,0,0,173,27,0,0,23,0,24,261,1,4164,0,7,0,7,0,0,0,1,0,0,32,0,0,0,0,3,4,0,0,0,0,0,0,0,0,0,0,0,798,0,0,0,0,0,0,0,0,0,0,0,0,0,0,0,0,0,0,0,0,0,0,0,0,0,1,0,0,60,0,0,0,0,359,0,3,0,0,0,0,0,0,0,0,0,353,0,0,0,0,0,0,0,0,0,0,0,0,0,0,0,0,0,0,0,0,0,454,0,0,0,0,0,30,0,0,0,0,0,1624,0,0,0,0,0,0,51,0,0,30,52,0,0,0,0,673,0,16,0,0,127,56,0,0,0,0,0,8,0,0,0,9,0,0,0,0,14,0,0,0,0,12,0,1,0,0,0,0,311,0,0,0,2,0,0,5,0,0,0,0,245,795,0,0,0,3,0,0,64,1,12,3,0,46,0,1521,0,0,1,12,1028,86,0,140,0,1,0,1525,0,0,3,0,386,501,18261,1752,0,0,0,0,0,89,0,30,0,1627,0,0,0,0,196,688,1761,0,0,10,0,11,4,1,1654,6,0,51,0,64,58,34,0,0,0,0,156,0,4,0,124,0,1,244,0,6643,0,2,0,2438,73,464,424,0,0,4,0,4,0,48,0,10,0,0,0,16,1,0,129,0,864,0,3812,10177,0,0,334,18,6971,18,0,78,1264,911,935,487,0,0,0,0,54,0,925,77,0,161,0,0,0,3,2,172,559,0,0,0,397,0,33,6,1007,1,13,1450,72,0,136,8703,1,0,0,450,6,0,26,2652,205,0,90,166,0,0,19,0,30,0,0,281,0,0,0,1,0,0,1121,1,2,0,26,0,154,442,0,0,200,252,71,0,0,7,0,21,0,529,27,0,101,5,0,0,0,0,0,0,17,0,2598,1410,0,0,248,0,52,6,162,0,23,0,0,38,0,5,0,0,9,0,840,0,252,4,0,0,0,0,1585,15,223,0,3000,0,277,2,0,0,0,0,0,2,7,582,3,3411,6036,0,0,0,2457,0,21,325,0,4,4214,0,28,2,0,18,49,0,51,238,796,523,0,70,0,0,0,0,4,0,4840,1,521,0,0,0,1146,1,0,1017,9,46,33,1,0,0,250,0,0,131,501,0,0,0,0,0,0,0,0,0,174,0,162,0,331,16,0,0,0,0,0,0,0,554,0,0,0,0,2,37,0,7,0,0,0,0,1,0,147,6,0,0,0,10,1,0,0,0,0,833,505,0,0,21,0,1306,0,15,0,0,0,1,0,203,0,237,3473,13,0,0,1,0,0,75,0,0,0,0,0,0,1,6,0,0,0,0,64,1,0,775,0,0,31,0,0,1142,0,4,1204,0,0,0,424,0,0,2,0,0,0,0,0,0,17,466,0,0,7,0,0,0,0,2,22,0,0,0,1281,0,0,132,0,0,0,5,1,0,258,14,364,0,0,0,19,0,1,0,0,0,1,41,0,0,6,1,0,0,0,0,0,0,0,0,0,1933,9,2,4,0,0,0,0,1,0,1,0,210,46,0,193,0,0,0,2105,0,0,69,0,0,0,0,0,12,0,0,0,0,0,0,0,0,0
"gene_430",1,31,1,0,178,535,83,2,3,0,87,0,69,763,0,456,17,0,0,8,585,13,1,1375,0,0,37,16,0,1202,0,0,49,30,0,999,147,103,0,0,0,305,2,55,0,0,117,0,3,17,0,18,164,0,0,30,502,560,10,250,40,0,4,1,33,1,381,501,2,106,72,0,0,0,1,0,0,0,4,0,33,0,799,0,3,157,0,1428,25,0,1651,0,12,597,0,1,1335,46,2,2171,0,0,254,0,558,0,0,0,859,127,657,2,0,0,5,0,0,0,0,8,1,0,0,0,0,0,254,21,442,0,0,808,0,0,0,0,2,0,1323,24,88,1,0,471,268,482,1,5,15,0,6176,0,0,0,293,0,5,0,1,0,0,515,0,678,99,131,4734,0,186,0,11,4935,131,0,0,1257,1,104,49,1718,652,0,0,0,0,0,0,636,0,0,0,0,83,36,0,998,197,2,0,6,0,0,0,44,5,10,0,3,0,0,2,406,115,13,0,0,0,0,48,574,0,0,0,0,0,0,0,60,133,20,0,0,0,0,0,0,156,0,1621,3,0,83,6,72,1232,0,47,0,406,0,7534,0,0,0,9,0,0,0,0,0,0,0,0,0,242,0,291,0,0,0,0,871,0,0,0,1393,89,0,0,0,10,0,0,0,0,0,0,1,0,5,22,0,71,0,0,1,0,0,5,0,0,23,0,991,0,0,0,0,21,0,0,0,22,0,2,0,0,0,13,1306,817,0,0,0,0,0,42,0,7,0,0,144,85,0,0,0,0,0,0,0,1,10,0,0,0,0,0,8,0,0,66,0,0,0,260,0,3,112,0,74,0,0,0,2039,0,0,73,0,12,0,215,421,0,0,0,0,0,15,0,844,0,46,0,0,0,2,0,3,0,0,0,0,0,0,0,104,0,2,0,758,0,144,57,0,0,0,0,42,0,0,0,707,0,0,0,0,0,0,0,0,0,2,0,654,8,74,524,0,0,0,0,0,7,1309,0,0,0,281,11,415,155,100,0,5,10,74,0,1,40,0,0,0,8,0,0,0,0,220,1616,0,42,0,0,2,54,0,1,0,242,0,558,0,0,0,255,0,107,0,154,0,0,0,2,0,0,35,17,18,0,0,0,0,722,38,16,5,0,0,0,0,0,0,0,0,46,0,0,15,0,3,225,1,0,0,87,0,0,0,0,5,0,0,0,0,0,0,1,0,0,0,0,0,48,0,0,0,7,4,1108,764,113,0,0,0,4770,0,0,6,0,0,3,0,0,0,241,0,16,0,4,0,0,0,0,0,0,12,0,0,0,0,0,77,45,326,0,1,750,0,12393,197,0,73,0,5192,0,0,0,2121,0,0,15,3,202,0,1113,0,0,0,4,3353,0,9800,0,0,1244,460,0,2,496,1,2,4971,0,4607,23,39,18,17,0,214,0,0,0,56,0,293,721,0,5,0,85,0,71,0,0,2088,1,0,0,0,0,1,0,0,2,0,1,95,0,0,0,0,4565,176,0,1,0,285,146,0,0,789,2272,0,2487,0,0,11199,0,24,0,6336,0,80,0,0,0,0,3,0,2,0,11036,1215,0,0,0,0,0,0,0,0,105,0,704,0,0,78,350,1,123,0,0,3929,0,2,0,3083,52,347,19,0,100,0,0,0,0,13,0,12,79,0,0,0,6028,90,7402,586,0,6,53,5,0,90,0,0,1156,0,231,0,0,0,43,20,22,16,1,15,0,0,0,1,36,0,0,4,0,0
"gene_431",237,201,0,285,432,440,122,17,104,3,17,51,385,28,306,201,146,2951,27,1439,6,0,118,137,7,333,21,1935,4,652,917,0,8,61,1342,727,2786,773,2656,27,979,0,523,10195,2510,573,5,32,1,0,0,233,533,13,507,57,35,26,580,102,569,2,7983,82,0,6009,531,0,782,13658,0,1990,4,0,2291,69,353,0,490,420,2654,1,753,930,32,406,5,12,416,139,782,3,0,764,0,1,2,67,7070,2262,14,1,0,38092,11248,8228,4957,2290,12163,3,0,0,0,1553,0,89,13,627,4269,297,11,3,1747,4,375,0,0,0,0,0,1190,0,10242,1,165,0,0,4051,74,211,0,4,622,1,0,29622,1231,542,0,2,43,0,2257,2096,6730,46,871,4751,1453,517,1,78202,2774,4253,0,0,0,0,18,429,1500,0,1046,276,11,0,0,299,17,16,175,0,1360,0,20,7,0,1482,3036,12,0,0,1356,0,0,0,56,0,7599,4,790,11016,2031,519,1,10193,18,484,97,378,1095,0,244,0,1,0,340,0,0,2935,3,0,4504,1280,163,0,0,0,0,2150,0,260,1190,370,7,15123,1884,0,0,5,672,3944,0,12,6759,0,0,0,54,33,269,0,0,0,1,0,0,0,115,1,485,0,0,1934,2415,0,51,40,1,155,11,466,1106,24,1783,679,44,11,432,3,839,3471,304,497,871,110,470,34,11,2630,247,2652,2000,8,1857,304,302,0,4,38,0,44,1065,0,5,2850,0,0,34,2,393,25,247,11,1,0,13,881,13732,3841,109,88,988,2985,893,18,2180,827,619,0,1,0,736,4,0,296,1097,0,1032,174,4,2,0,4,9932,0,0,642,43,0,950,194,4,92,3932,1414,4,1631,16,246,533,12,48,0,167,1899,460,0,686,0,5709,0,4,3805,0,172,1169,159,322,11063,60,40,9,4346,614,3902,484,587,1093,62,15,138,166,1540,0,0,635,1371,30,0,9,1030,2047,552,130,6,3986,46,1218,5,116,10,0,2512,1,0,2917,618,344,2,0,1903,0,0,47,17,2198,3,212,0,46,7,1024,119,14,0,6583,32,346,47,356,0,2679,138,3,8830,1,974,33,5162,5,0,5,46,7602,1208,1229,3,296,4,2,1698,0,3087,0,4764,1,13,7347,4,4740,2654,41,654,20,0,413,8,23,4803,576,20,0,2705,399,137,298,2,178,961,5,79,45331,2,150,2189,2378,675,114,132,1419,529,424,1508,0,64,99,133,16903,22,4385,1,43,1742,555,202,11,0,0,383,1558,403,2753,2864,0,275,40,19503,0,1329,306,313,1079,14160,2602,539,3593,466,563,60,1696,380,2132,382,10970,2,2079,22,0,728,839,3015,2799,0,207,3070,62,4154,586,23,8923,3,0,120,15,855,7940,1008,0,26,22,15,7214,1446,2,54,49,571,0,0,1952,46,32445,95,0,2446,163,0,17,0,202,0,0,0,1258,52,0,0,0,1,24,0,7468,122,3,1021,3317,0,0,41,3,47,0,1027,1905,0,4681,0,1435,1,18,11008,0,539,0,1,9857,0,5289,0,0,6697,0,0,24984,17927,457,121,118,0,155,63,0,3623,5760,571,0,8,0,344,19305,14,405,1,0,0,13,609,4,481,74,1,18,11836,0,0,25,0,11495,13,82,0,535,0,0,35,0,209,6,0,3638,0,0,0,230,15,0,0,6195,8719,0,0,1496,210,0,0,0,133,132,0,5291,840,0,8,330,0,8,0,3,2,0,190,0,0,32,0,126,1549,55,4,0,26,4,18,300,26,34385,44,0,0,16,4,4923,64,22329,5628,6,0,0,0,16157,3245,56,0,41,459,72,1468,0,756,713,7,0,500,1190,75,27,0
"gene_432",169,9662,2618,187,941,2163,0,56,0,2169,7,11,2,2,77,3660,0,5,161,1919,0,179,27,834,91,77,9626,0,63,22,18,16,0,0,144,85,15,2032,2,106,1044,145,91,666,2787,175,3,541,243,214,548,30,7,12,113,17,367,13627,0,9674,1839,3351,184,689,112,6,129,0,67,1378,0,5093,6,0,4,1878,17,228,861,966,11244,2,275,518,1297,0,104,10061,3,6,19,485,0,978,1100,18,0,0,0,80,0,0,137,0,13074,28,11469,3170,6,12689,2669,0,189,15,0,6807,0,110,780,2091,3280,2425,1,1,1,0,716,306,230,16,2532,41,446,1359,27,883,0,4,26,0,2386,854,1,5,10075,0,6847,4174,22923,27,0,23492,0,202,0,1,987,1717,37,0,5388,2,900,9,0,0,572,0,0,62,3,37,0,285,41805,0,547,61,115,0,26298,22895,0,1,4609,110,0,1,274,29,33257,16,593,182,745,0,4025,3,3239,3487,1,0,14,39,336,608,4471,531,5905,192,22,541,7054,1931,1986,10,74,2,0,71,3,6,48,1144,0,30,39931,143,40,258,0,11963,615,177,2997,1694,26659,0,2359,509,9089,563,0,24,35,244,15,51157,2120,0,14191,178,6210,1647,25327,543,1493,736,9344,76,1505,2,58,185,259,2141,4557,341,16,771,271,923,449,14,62,657,44,5762,1138,27,836,7051,405,4547,1474,8,1535,1335,682,10906,498,24,21,2702,1,1678,374,48,6706,1,3,6977,1330,6510,8,593,420,1883,36,184,989,4256,95,273,25,2623,618,3315,0,32,2993,5521,890,2027,652,304,583,130,22,36,1128,529,1734,174,116,729,276,233,1187,1069,233,466,1891,1548,757,165,1079,6985,3046,167,230,2780,4,384,1655,138,129,1926,8,6341,69,58,2949,142,230,15,3081,559,161,46,45,39,1696,21,689,1423,0,2202,8474,6788,2,158,5,1416,921,294,842,6,749,138,57,863,3,918,18,816,20,4973,8,10,186,38,2,71,81,49,2529,54,65,277,3437,30,30,203,1417,1392,1528,8550,646,1056,1797,1125,107,741,29,305,705,0,17420,1,81,6352,0,0,86,12,1610,1,6219,54,358,0,169,0,27,2,0,1315,81,86,1428,6,950,0,977,2,85,0,203,0,1492,0,5,37,45,16,967,0,350,209,154,0,396,38,359,1,434,805,1095,425,2,22,0,12,1263,2434,0,0,5,11,233,0,2076,25,8,393,27,841,330,5,0,574,427,13,0,1977,0,1447,5233,0,75,0,0,0,250,510,137,6,0,0,0,28,0,0,116,97,0,12,3,456,0,674,1674,544,4903,9353,6,2457,0,38,1724,56,13,511,15,1348,64,0,341,35,0,0,18,2347,933,761,80,35,1,2024,305,53,0,1689,1,1186,13823,271,9,42,0,0,2572,0,0,0,0,4,0,0,0,72,1,3,1062,0,4,0,1,0,2806,275,0,5389,568,0,151,1303,480,0,1,493,0,1724,12,0,143,0,4,775,22009,381,280,5619,0,0,0,0,0,5,0,1,4,145,850,0,0,15,0,5376,0,0,1174,25,0,8,9,0,4271,1,0,0,124,0,16292,2,2223,0,0,0,0,0,1829,17,2,0,0,0,808,776,0,0,0,51,0,19,25267,34,2524,0,3145,0,5202,0,0,0,0,281,17220,0,493,2530,0,1182,13159,43,0,1688,0,17,2,0,110,0,7,6,3783,0,1,4,9514,1,0,3967,0,34,5,176,104,81,0,66,0,517,0,0,0,350,0,10736,477,1168,770,5,53,55,3228,0,494,0,0,0,13556,0,0,0,198,0,1235,9855,0,32,0,6,32,1,0,514,12,316,74,0,0,1612,0,109,1276,21
"gene_433",0,0,0,1,0,0,0,0,0,0,0,0,0,0,0,0,0,0,0,447,0,0,0,0,0,0,0,0,0,0,0,0,0,0,0,52,0,0,0,0,0,0,0,0,0,0,0,0,0,0,95,0,0,0,0,0,0,0,0,0,0,0,0,0,0,0,0,0,0,0,0,0,0,0,0,141,0,0,0,0,0,0,0,0,0,0,0,0,0,0,0,0,0,0,0,0,0,0,0,0,0,0,0,0,0,0,0,0,0,0,0,0,0,0,0,0,0,0,0,0,0,0,0,0,0,0,0,0,0,0,0,0,0,0,0,0,0,0,0,16,0,0,0,0,0,0,0,0,0,0,0,0,0,0,0,0,0,267,0,0,0,0,0,0,0,0,0,0,0,0,0,0,0,0,0,0,0,0,0,0,0,0,0,0,0,0,0,0,0,0,0,0,0,0,0,0,0,2,4,54,0,0,14,93,0,0,0,0,0,45,0,0,3,0,0,0,0,0,0,0,0,0,0,0,0,0,3,8262,279,0,0,0,47,0,3687,4,0,0,909,0,166,695,0,11,0,0,4731,0,0,4139,13,0,0,0,0,0,0,0,0,0,0,0,0,0,0,0,0,0,0,0,0,0,0,0,0,0,0,0,0,0,0,454,0,0,0,0,0,0,0,0,0,0,0,0,0,0,0,0,0,0,0,0,0,0,0,0,0,0,0,0,0,7,0,0,0,0,0,0,0,0,0,0,0,0,0,0,0,0,230,0,1,0,0,0,0,0,0,0,0,0,0,0,473,4,0,0,0,0,0,0,0,0,0,0,0,0,0,0,0,0,0,0,0,0,0,0,0,0,13,0,0,0,0,0,0,0,311,0,0,361,0,0,0,0,0,0,2,403,0,0,503,0,0,0,0,0,0,0,0,0,0,0,0,0,0,0,0,0,0,0,0,0,0,265,0,0,0,0,0,0,0,0,2,0,0,0,0,0,0,0,0,0,0,0,0,0,0,833,0,0,393,10,1,0,0,0,0,0,0,0,0,0,362,0,1,28,73,0,536,146,1105,0,0,0,680,0,1,29,3771,0,192,246,0,666,0,0,5,0,0,0,0,35,0,0,0,0,0,0,7,0,2,129,0,0,0,18,0,0,0,4728,0,1426,449,0,14,0,0,1,9,0,0,0,0,2473,0,0,0,0,0,124,150,0,0,32,149,0,0,0,0,6,0,0,0,0,0,0,1,1,1,0,0,0,0,7,1449,67,85,749,0,44,0,0,0,1,0,0,0,1449,0,0,26,0,608,0,0,18,737,0,0,6,0,1,0,0,0,0,0,0,0,0,0,0,0,0,0,0,0,0,0,0,0,0,0,0,0,0,333,0,0,0,0,0,0,0,0,3,0,0,0,0,0,0,0,0,0,0,0,0,0,0,0,0,0,2,0,540,0,0,0,8,0,0,0,0,0,0,0,0,0,0,0,0,0,0,0,0,0,0,0,0,0,0,0,0,0,0,0,3,0,0,0,0,0,0,0,0,0,0,1,0,0,0,0,0,231,0,0,0,0,0,0,0,0,0,0,0,0,94,0,0,0,0,0,0,0,0,0,0,0,0,0,0,0,0,0,10,0,0,0,0,0,49,0,0,0,0,0,0,0,0,0,0,0,0,0,0,0,0,0,0,0,0,0,0,0,0,0,0,0,1260,10,0,0,0,0,0,0,0,0,0,0,0,0,0,0,0,0,0
"gene_434",2,0,0,90,0,0,0,32,0,0,0,268,0,0,0,22,0,0,34,0,0,1,0,0,12,0,1284,0,0,0,0,0,0,0,0,0,0,0,0,1314,0,24,0,0,20,0,0,0,2,0,0,0,0,0,1,0,0,0,0,0,0,558,0,0,0,0,0,0,0,0,0,0,0,174,0,0,0,277,0,0,0,1,0,0,0,1,0,43,0,12,3,0,6,0,0,0,0,0,0,128,0,0,0,0,975,0,7,0,0,0,0,0,0,0,0,0,22,0,26,0,0,697,2,0,0,0,87,1,0,0,0,0,0,0,0,3097,0,0,0,2,89,0,0,0,0,133,0,0,20,0,0,0,127,0,0,0,0,0,0,0,0,0,0,0,0,0,5,694,0,0,62,0,0,0,0,0,0,0,82,0,0,51,0,0,0,256,0,0,0,0,0,6,0,0,0,0,0,0,536,0,0,0,0,0,0,0,0,0,0,29,0,0,0,0,0,0,0,0,0,0,0,0,0,0,0,0,0,1,2,0,0,0,0,0,0,0,0,0,0,0,2,0,0,0,0,0,0,0,0,0,0,0,0,0,0,0,0,0,490,8,0,0,17,0,0,0,0,0,25,0,4,0,0,0,0,0,0,0,0,78,2,3,0,0,0,0,0,0,0,0,0,0,0,0,6,0,0,35,0,0,0,0,0,0,0,0,0,0,0,10,272,0,0,0,0,0,0,0,0,0,0,0,0,0,0,0,0,11,0,0,0,0,0,0,0,0,0,0,3,0,0,0,0,0,0,0,0,0,1,0,0,0,0,0,0,12,0,22,214,0,0,0,0,0,0,0,0,0,0,0,0,0,140,0,0,0,0,0,14,0,127,0,0,0,0,0,0,0,0,25,0,3,0,0,3871,0,0,132,0,0,0,0,1,0,0,6,0,0,0,0,0,1,0,0,0,0,0,0,2,0,47,0,0,0,0,0,0,0,753,0,0,1714,788,0,0,0,0,1441,0,0,43,0,0,359,1644,0,0,0,0,314,0,0,0,0,0,20,0,212,0,768,0,0,0,0,0,364,0,9,0,204,392,0,0,0,0,0,15,0,198,0,0,0,0,14,37,0,0,0,0,1,243,0,0,12,0,0,0,0,0,0,5,0,0,973,13134,0,0,0,0,0,0,0,0,0,0,0,30,0,88,481,13,0,0,79,3,0,0,1042,0,0,0,5,0,0,0,0,3655,0,0,0,0,0,0,3,4,1694,0,0,3,0,0,0,0,821,0,0,758,0,0,19,0,0,3,0,0,0,0,0,0,0,28,0,0,7,0,0,0,0,0,0,0,0,0,113,905,0,0,1691,0,0,0,0,0,0,933,0,0,411,1,0,0,107,0,0,0,0,0,0,0,0,33,0,0,0,0,100,0,0,9,0,0,0,0,0,0,0,9,0,0,0,0,0,627,0,0,0,4068,0,70,0,0,0,1093,0,0,5391,0,0,0,0,0,0,0,0,2270,0,0,0,0,0,195,0,0,0,714,0,3972,0,1,0,0,32,0,0,0,0,5,0,350,0,0,0,0,0,114,0,0,0,702,0,0,0,123,0,0,0,0,705,0,3083,0,0,0,0,1,0,0,0,0,0,1,0,0,1,687,0,0,0,1439,3025,613,0,0,0,0,0,0,0,0,33,0,0,0,0,8,0,143,0,0,0,0,0,0,0,0,0,0,0,0,0,0,0,0,7256,0,0,0,43
"gene_435",0,0,18,0,0,0,0,0,0,0,0,0,0,0,0,0,0,0,0,0,0,0,0,0,0,0,0,0,0,0,0,0,0,0,0,0,0,0,0,0,0,0,0,23,0,18,0,0,0,322,0,0,0,0,0,0,0,0,0,0,0,0,0,0,0,0,0,0,0,0,0,0,0,0,0,0,0,0,0,0,0,0,0,0,0,0,0,0,0,0,0,0,165,0,0,0,0,0,0,0,0,0,0,0,0,0,0,0,0,0,0,0,0,0,0,0,0,0,0,0,0,0,0,0,0,0,0,0,0,0,0,0,0,0,0,0,0,0,0,0,0,0,0,0,0,0,0,0,1,144,0,0,0,1,0,0,0,0,0,8,0,0,0,0,9,0,0,0,0,0,0,0,11,0,0,0,0,0,0,0,0,0,0,200,0,0,0,0,0,0,24,0,0,0,0,0,0,2,0,0,0,0,0,0,0,0,0,0,0,0,0,0,954,0,0,0,0,0,0,0,0,0,0,0,0,0,0,0,0,0,0,0,4,0,1,0,0,0,0,0,0,4,2,0,0,0,0,5,0,0,0,0,0,5,0,0,0,0,43,0,0,0,0,0,0,0,0,0,0,0,0,8,32,0,0,0,0,0,0,0,0,0,0,0,0,0,0,0,0,0,1,0,0,0,29,0,0,0,0,0,0,0,0,0,38,0,0,0,0,0,0,0,58,0,0,0,0,208,0,0,0,0,0,0,0,0,0,0,0,0,23,0,0,223,0,0,0,0,0,0,0,0,0,0,0,0,0,0,0,0,0,0,0,0,0,0,0,0,0,0,0,0,0,0,0,0,0,0,0,0,0,0,0,0,0,0,0,0,0,0,0,0,2,0,0,0,0,2,0,0,0,0,16,98,0,0,0,0,0,0,0,0,0,0,0,0,0,0,0,0,0,0,0,0,14,0,0,0,0,40,0,0,0,0,0,0,0,0,0,0,0,0,0,0,0,0,0,0,1951,0,464,0,0,0,0,0,0,0,10,0,0,0,0,0,0,0,0,0,11,3,0,0,134,0,0,0,0,0,0,0,0,0,0,0,0,0,0,0,0,367,18,651,0,0,0,1,0,2,0,0,0,404,0,0,0,0,0,0,0,0,0,0,0,0,0,0,0,0,1,789,0,0,155,3,0,0,0,0,0,0,0,0,4,0,0,0,0,0,0,0,0,0,0,0,0,0,0,183,0,0,0,0,0,0,0,1,0,0,0,7,0,574,0,205,1284,0,0,0,0,0,0,0,0,0,0,0,0,0,0,0,0,0,0,0,0,0,0,0,0,24,1494,0,202,613,0,0,0,0,969,106,59,0,0,6773,0,0,0,8381,2561,0,0,199,0,84,0,0,0,0,0,179,0,0,3,20,0,0,0,42,0,248,1573,0,0,0,9921,0,0,238,3,0,1,11,0,26,0,0,0,0,0,6,434,0,9,692,4479,0,1,0,0,0,1140,0,52,14,6712,8,0,0,1,0,0,0,48,1,4,622,179,0,0,23,0,0,21,138,165,0,7,0,0,0,0,2,84,0,0,20,57,0,0,0,0,297,2,0,0,7,97,0,0,0,0,0,0,63,1700,9,0,946,42,370,7,0,0,0,0,0,0,4,109,0,98,0,0,0,795,0,0,0,43,28,1,14,0,0,0,0,0,0,0,5831,0,0,0,106,0,0,1964,0,344,0,0,108,0,807,0,0,0,1985
"gene_436",0,0,1,217,0,728,76,13,2502,1,0,0,0,3,0,905,29,2293,0,151,0,5,2,0,0,3,324,0,0,1,60,6,4,0,0,0,582,2495,0,695,0,240,0,0,2,0,0,0,1,1156,1,0,1420,0,10,0,8,0,4,0,99,88,2014,1268,472,0,0,4560,6,0,0,0,0,0,0,0,0,714,201,0,0,0,0,151,2,0,104,0,32,10,1389,0,0,7,112,0,0,0,0,0,0,4,420,0,0,1539,0,26,0,0,2,0,0,0,0,2604,1,567,1,1449,28,0,355,0,21522,0,393,1,0,80,37,0,0,68,0,0,0,9307,0,8,0,2,0,0,0,0,0,8,0,0,0,0,1,2,0,4,53,308,146,0,67,0,1336,3852,0,0,0,0,11,0,0,408,0,8,0,0,0,4447,2464,314,0,0,402,0,14,10378,3642,482,2259,237,0,0,0,0,7,299,1476,0,2819,39,155,6514,0,11,1,1,142,8,8,39,1,1,0,0,0,0,0,5909,12,500,3023,80,116,0,0,0,0,0,2,324,0,0,0,99,0,0,0,0,527,1510,1641,6,10407,881,2669,0,20,17,1404,0,8258,0,1,6,172,0,82,257,20,1,1554,40,213,222,46,3,25,0,0,905,10471,9,679,406,145,2869,25,1913,2489,13,209,1924,1566,285,2611,14,3,2212,389,101,2077,118,50,274,12,325,340,414,1079,1,0,0,535,0,0,243,14,155,5,10846,5596,0,64,753,72,12,104,36,379,277,7,4833,1733,10,0,2,3564,1103,6657,5588,0,1,10,59,1424,1169,0,2,0,18,350,1903,0,4257,1,228,1027,0,0,1,35,156,534,3313,346,3,95,22,3769,2104,2190,507,3729,13,2794,4219,0,52,32,48,314,0,0,6,0,0,284,0,12,3405,138,135,155,2719,85,11632,0,231,8,43,1677,2909,415,0,5447,0,245,17,0,187,332,0,13,9,107,1081,251,1013,75,1,24,645,64,0,3299,2947,2438,7766,2564,171,218,29,303,18237,558,123,1563,272,648,23,6431,1218,568,330,0,0,5,0,260,147,40,0,2,179,0,1307,100,38,0,30,22,1,971,60,326,0,19,0,3429,3041,7,0,81,202,0,0,1804,19,0,69,0,60,4,0,43,1930,292,3,4,26,0,250,707,0,24,195,0,1,17,0,654,2,164,8523,822,2204,0,0,0,0,1,0,9,24,250,17,20,0,18,2391,209,499,1,0,1,140,149,0,1,65,11,1,84,0,0,0,1409,68,1,0,214,4551,944,0,10,2894,3,4,5155,424,0,102,1,0,238,0,0,84,0,217,814,107,7,26,267,0,0,72,34,77,2233,1838,1451,0,284,0,2,5,1197,0,4026,461,8,0,0,0,297,25,0,1,0,0,9164,0,2108,122,89,0,386,104,0,0,47,74,7,243,2,5421,0,0,511,0,25,1,0,1,12,27,0,0,2450,15710,666,969,18,5225,807,3041,59,16,2093,8,4,1344,0,5,3330,6367,12,14,0,106,1,32,12,1,12,4049,7,0,58,14,1130,0,0,1451,2,1,4,73,1527,0,3727,0,5,2,108,1,97,185,947,1672,2,0,0,0,0,31,0,170,166,1,0,0,0,973,5248,37,0,2062,0,0,3733,142,1177,420,7,0,0,0,984,7,84,0,118,0,0,132,0,2,0,0,0,0,0,0,1,0,1030,51,558,0,0,652,5392,1010,1369,9,5348,0,1,0,9,187,2,1424,0,299,0,95,0,0,248,0,357,0,0,5139,1974,296,625,0,1296,0,324,263,33,0,12,0,93,208,66,3267,0,9792,0,0
"gene_437",418,4139,0,0,0,1,7,0,71,180,37,356,285,662,126,3,1280,1319,28,40,48,321,0,251,121,13,1416,43,0,275,0,0,406,0,10,208,606,769,371,7,21,0,864,2463,38,1,21,0,0,146,40,324,0,0,0,0,0,0,1360,0,0,533,59,0,1135,0,121,58,0,861,0,102,2,5,9,50,627,0,1884,1629,0,1222,0,0,12,1,1,316,305,0,0,19,206,0,0,0,1,0,0,0,0,3,5,1,743,24,0,919,10,10,0,4,1,0,327,11,0,0,0,9,0,0,0,0,10,344,0,7,2,0,0,0,23,2,28,1112,0,3,2,0,0,487,0,0,8,0,2,25,1,60,0,0,0,0,114,0,0,0,2,3,77,0,0,1825,15,0,0,6,0,0,1593,102,5,643,2955,0,0,10,1061,23,585,37,3,3015,21,0,805,3,449,0,69,556,120,0,0,8,0,41,20758,0,0,0,0,0,48,9,0,5864,0,0,0,0,6599,0,11837,0,0,0,0,0,0,742,217,122,708,0,0,0,0,0,0,0,517,0,0,6977,0,27,0,0,2172,0,0,0,41697,0,0,500,0,0,117,0,0,0,0,0,0,0,0,0,13,461,1084,3,127,0,0,1128,252,0,0,0,0,0,3,0,5,0,0,0,0,0,0,0,3,0,0,0,0,0,677,147,363,366,0,0,301,0,0,0,8,2,335,0,0,0,356,0,0,0,914,0,123,85,0,0,1,1,121,603,2,0,6,72,632,163,1082,11,0,0,0,57,0,14,0,0,18,0,0,3402,2,0,320,0,3,0,0,0,0,0,0,110,0,3,0,2,0,0,2635,238,0,1563,2410,0,11,428,1,32,205,61,0,0,0,0,2,0,689,35,50,1,0,0,2113,0,0,1505,1195,0,0,76,0,0,241,0,0,0,0,0,0,137,0,0,0,0,3342,3,8,0,0,0,0,0,101,0,0,1,0,0,7,455,15,12,6,1207,577,0,944,0,1,17,0,0,0,0,0,18,0,6,0,0,98,0,517,15,0,186,0,0,8,0,0,0,0,0,0,417,0,0,17,0,9,343,15,6,0,0,0,1,0,0,111,0,0,496,1,0,2,3,0,188,0,0,3,0,0,0,0,0,77,0,18,0,1,0,0,3,15,0,182,0,72,720,80,6,9,220,0,0,12,0,42,0,73,0,6,0,9,0,1031,0,0,0,0,0,0,0,7,0,3,0,1,0,0,0,0,0,0,0,16,0,0,0,52,236,0,2,1,1,5,0,0,88,485,0,0,0,0,8,0,3,0,200,33,0,6,0,21,3,13,0,0,131,2103,0,0,0,0,2,0,0,9,0,0,0,0,18,0,0,0,0,0,0,0,0,0,0,0,0,10,0,0,0,1,1,0,13,0,0,6,1106,0,0,0,2034,0,0,0,0,471,0,29,4,0,1,0,0,0,0,0,0,0,2,0,0,0,0,0,0,0,20,0,175,0,0,0,0,219,0,3,2,0,0,7,0,0,0,0,0,0,0,0,0,1,195,0,0,0,0,0,0,0,0,0,159,31,0,0,5,175,0,0,0,6,1,3,0,0,0,0,2,0,0,0,0,0,2,0,10,0,0,0,0,0,0,0,0,0,66,0,0,0,0,0,0,0,0,0,0,89,0,0,1,0,0,0,0,236,1,0,0,0,0,0,0,0,0,155,0,0,182,0,0,0,0,0,0,52,0,2,0,0,795,0,43,0,0,0,0
"gene_438",1978,0,0,0,0,0,0,1,0,0,3,0,0,0,0,0,0,0,3,0,0,0,0,5,0,0,0,0,0,0,0,0,0,0,0,0,0,0,0,0,0,0,0,0,0,0,0,0,0,0,0,0,0,0,0,0,0,0,0,0,0,0,0,0,0,0,0,0,0,0,0,0,0,0,0,0,0,1396,0,0,0,0,0,0,0,678,0,0,0,0,0,157,0,0,0,0,0,0,0,0,0,0,0,0,0,1078,0,0,0,0,0,0,0,0,0,0,0,167,0,0,0,0,0,0,0,1175,0,0,0,0,0,3,0,0,0,0,0,0,0,0,0,0,0,0,1009,0,0,0,0,0,0,0,0,0,0,0,0,0,0,0,0,0,0,0,0,0,0,0,0,19,0,0,983,1,0,0,0,0,0,0,0,0,0,0,0,0,0,0,0,0,0,2,0,0,3,2,0,0,0,0,1,0,0,0,0,0,0,0,0,1,1,0,0,0,0,0,0,0,0,0,0,0,0,0,0,0,2,3,0,1,0,0,0,3,1,0,21,2,0,0,2,1,0,0,0,1,0,14,0,0,0,0,0,2,0,0,2,1,0,0,2152,1038,0,73,0,0,454,0,0,0,5819,1,0,0,8,970,6524,0,295,1106,456,0,2,2058,417,62,51,47,7,45,401,46,0,68,5660,3417,10,1011,38,0,12,17,22,1675,0,5,3,0,261,94,0,0,666,83,20,380,31,3,490,0,13,0,55,69,137,191,50,591,10,0,6,1,4,10,0,1,192,218,0,11,173,11,10,0,81,62,0,13,2757,78,7740,5,367,0,2038,0,0,269,2397,3,0,0,0,0,3701,20,1,0,0,55,656,0,3419,127,0,658,25,0,1747,0,11,0,1202,8,2,50,0,325,0,12,321,0,248,268,0,1455,0,5441,0,66,0,1,82,0,8,135,0,0,582,0,2,0,0,3,0,6587,0,3288,825,488,9,72,24,402,0,0,0,175,0,2,0,155,0,14543,1440,9386,3254,62,13732,13835,21889,507,3726,1640,16439,15465,2503,18314,10946,11402,7172,12465,783,153,566,22880,6519,1003,1875,14233,6650,19259,24694,4880,2837,2245,8179,878,21952,1753,11808,1096,14866,1451,1831,11188,148,10415,3741,4023,817,897,1164,1423,676,16871,226,1040,7111,2831,3591,13561,7310,18093,1882,81,2239,10611,4896,6044,225,1532,10212,335,7622,2,4329,29658,300,302,3101,2306,5719,22169,3324,11708,16176,10208,17084,68,116,285,44009,1325,1002,3231,5733,401,3440,15864,506,721,6252,15890,3080,2286,11317,1706,9366,54054,1109,887,1228,4211,20628,1038,6409,4848,16622,433,3133,554,19103,18,1363,55,177,11484,4242,592,5250,591,12629,1907,1817,7935,29402,55720,2657,750,39,397,9183,0,148,12509,0,1248,1822,0,2572,3975,1685,504,3127,4,664,6,2,15344,693,809,1531,5302,17844,7695,13194,3482,9,1913,6844,704,6,5526,5630,11853,3101,193,0,436,2068,681,47,662,1500,1457,2,704,1894,3816,4171,90,1,150,30449,3683,1002,1028,4324,205,1819,8397,6970,16974,19646,2297,3105,1683,20877,15270,5927,15913,4,0,2829,535,31074,1639,12448,623,90,444,7500,3539,14612,32108,1782,11190,4318,9304,45,17317,5,90,436,2,42100,43,521,13329,243,7233,10,6,5843,71,203,2,480,672,364,14133,3420,591,5769,581,7816,317,25328,9324,1097,203,391,309,134,843,3238,267,3788,2426,7853,26042,1936,0,0,18379,828,3785,239,8868,3485,4408,0,14704,857,6523,95,14936,545,3677,427,1180,1539,11246,2852,309,22091,20,1892,6137,522,265,8,2,7737,97,703,72052,16144,3280,14689,2400,3887,32,2037,881,16924,70687,63,32417,8335,64,685,13079,18828,69,1598,15
"gene_439",0,0,0,0,1672,0,0,0,0,0,0,0,0,865,0,0,0,0,0,0,0,0,80,3378,1077,0,0,0,10,1,1,737,0,0,1771,350,1,0,0,34,8,0,442,0,5,0,0,0,0,718,0,1266,0,0,0,0,0,33,0,0,0,66,0,0,0,96,0,0,0,0,0,0,0,28,0,0,0,0,0,0,5,0,0,0,0,0,13,1,0,318,0,0,13,0,0,0,39,2,0,64,2,0,0,1,0,674,0,2961,2,573,29,347,0,5,0,0,5,1,0,0,17,0,0,0,498,0,0,0,0,0,0,0,688,0,0,221,467,0,92,3,0,0,0,0,0,33,0,2,0,2760,0,20,268,0,1088,0,0,0,0,0,90,48,221,0,0,0,2,0,1,4,0,0,0,0,0,134,0,83,0,10,0,0,0,406,0,0,1181,1,0,13,1,0,0,1,0,0,0,0,0,2,0,0,0,0,0,0,0,0,79,0,0,1,0,0,0,0,0,0,0,0,0,0,0,0,0,0,0,0,0,2,0,0,0,923,0,2,0,0,0,0,0,0,0,0,0,0,0,0,0,0,2,0,0,0,0,0,0,726,0,6,0,0,0,0,0,0,0,0,0,0,0,0,0,0,0,27,0,0,39,0,0,0,0,0,0,0,0,0,0,0,0,0,0,0,0,0,0,0,0,0,0,0,0,50,0,0,0,0,0,0,0,0,0,0,0,0,0,0,0,0,0,0,0,0,0,0,0,0,0,0,0,0,0,0,0,0,0,0,0,0,0,0,0,0,0,0,0,0,0,0,0,0,0,0,0,0,0,0,0,0,0,0,0,0,3,0,0,0,0,0,0,0,0,0,0,0,0,0,0,0,0,0,0,0,0,0,0,38,0,0,0,0,0,0,0,0,0,0,0,0,0,0,0,0,0,0,0,0,0,0,0,0,0,3,0,0,0,0,0,0,0,0,0,6,0,0,0,0,0,0,0,0,0,0,0,0,0,0,0,0,0,0,0,0,0,0,0,0,0,0,0,0,0,0,0,0,0,0,0,0,0,0,0,0,0,2,0,0,0,0,0,0,0,0,0,0,0,0,0,0,0,0,0,0,0,0,0,0,0,0,0,0,0,0,0,0,0,0,0,0,0,0,0,0,0,0,0,0,0,0,0,0,0,0,0,2,0,175,0,0,0,0,0,0,0,0,0,3,0,0,0,0,0,0,0,0,0,0,0,0,0,0,0,0,0,0,0,0,0,0,0,0,0,0,0,0,0,0,0,0,0,0,0,0,0,0,0,0,0,0,0,0,0,0,0,0,0,0,0,0,0,0,0,0,0,8,0,0,0,0,0,0,0,0,0,0,0,0,0,0,0,0,0,0,0,0,0,0,0,101,0,0,0,0,0,0,0,0,0,0,0,0,2,0,0,0,0,0,0,0,0,0,0,0,0,0,0,0,0,0,0,0,0,0,0,0,0,0,0,0,0,0,0,0,0,0,0,0,0,0,0,0,0,0,0,0,0,0,0,0,0,0,0,0,0,0,0,0,0,0,0,0,0,0,0,0,0,0,0,0,0,0,0,0,0,0,0,0,0,0,0,0,0,0,0,0,0,0,46,0,0,0,0,0,0,0,0,0,0,3,0,0,0,0,0,0,0,0,0,0,0,0,0,0,0,0,0,0,0,0,1,0,0,0,0,0,0,0,0,0,0,0,0,0,0,0,0,0
"gene_440",0,0,0,0,0,12,0,0,0,0,0,2,0,0,0,10,1,11,0,0,1,0,0,0,0,2,0,0,0,0,2,0,1,0,18,0,10,2,2,0,0,0,0,0,4,3,12,1,1,0,0,6,0,0,0,0,0,4,16,0,0,5,15,1,0,0,1,0,0,7,0,1,0,0,4,0,0,0,0,0,0,1,1,1,0,3,0,0,2,0,1,0,0,3,0,0,32,3,0,0,0,28,0,10,1,0,0,0,0,0,0,36,0,0,0,0,0,2,0,9,0,0,0,1,0,1,1,0,0,0,0,11,0,15,0,165,0,102,0,15,0,1,0,33,0,0,0,463,0,0,6,0,5,0,0,0,0,2,0,0,0,1,0,44,0,12,0,0,2,0,6,15,31,0,20,0,0,3,0,0,7,0,0,47,10,52,14,0,0,0,87,0,0,0,2,0,0,0,0,0,323,0,0,40,0,0,0,0,0,0,0,0,0,1,0,785,750,0,0,0,0,0,0,1352,0,0,0,0,1749,0,1,0,0,0,0,0,0,0,4,10,0,0,0,0,0,0,0,0,1024,0,0,0,0,0,0,0,0,0,0,0,0,0,0,35,0,0,0,0,0,1943,0,0,0,0,0,0,0,0,0,0,0,44,0,0,0,0,4,0,0,0,0,0,0,0,0,0,0,0,0,0,0,0,0,0,69,0,0,0,0,0,0,130,0,0,0,0,0,0,0,13,0,0,94,0,0,0,0,0,0,0,0,0,0,4,31,0,0,0,0,0,0,1,1,0,0,0,0,0,7,0,0,0,0,0,0,2,10,0,0,0,144,1,0,0,0,342,0,0,0,0,0,0,0,5,0,0,0,0,0,0,0,0,4,4,0,0,0,827,1,0,0,29,0,0,0,0,0,0,0,0,0,0,0,0,0,8,0,0,0,0,0,508,0,179,2,2,112,0,0,0,0,0,0,0,0,0,0,0,0,0,0,0,0,0,0,0,0,0,0,0,0,0,0,0,0,0,1544,0,0,0,0,0,0,0,0,0,0,0,0,0,0,0,0,211,0,0,0,0,0,3,0,0,0,0,0,0,0,0,0,0,0,0,0,0,0,0,0,0,0,0,0,0,0,0,0,9,0,0,0,0,0,0,0,0,0,0,0,0,0,0,0,10,0,0,0,72,0,0,0,0,0,0,0,0,1,0,0,0,11,41,0,0,0,0,2640,0,0,0,0,0,0,0,0,0,0,0,0,0,0,0,0,0,0,0,0,0,0,0,0,0,0,0,0,0,0,0,0,0,0,0,0,0,0,0,0,3,0,0,0,0,0,0,0,4363,0,0,0,0,0,0,0,0,0,0,0,0,0,0,0,0,0,0,0,0,0,0,0,0,0,1,0,0,0,0,0,0,0,0,0,0,0,0,0,0,0,0,0,0,0,0,0,0,0,0,0,0,0,0,0,0,0,0,0,0,0,0,0,0,0,0,0,0,0,0,0,0,0,0,0,0,0,0,0,0,0,0,0,0,0,0,0,51,0,0,0,0,0,0,21,0,0,0,0,128,0,0,0,0,0,0,0,0,0,0,0,0,0,0,0,0,0,0,0,0,15,0,0,0,0,0,0,0,0,0,0,0,67,1,0,0,0,0,0,0,0,26,0,0,0,0,0,0,0,0,0,0,0,0,341,0,0,0,0,0,0,0,0,0,0,0,0,0,0,0,0,0,0,0
"gene_441",0,0,0,0,0,0,0,0,0,0,0,0,0,20,0,0,0,0,146,9,391,0,0,0,0,0,0,0,0,0,0,0,0,432,1,0,0,0,0,0,500,0,0,0,0,0,0,0,0,0,0,0,0,0,0,0,0,0,0,0,0,0,0,0,0,0,0,0,0,0,0,0,0,0,0,0,0,402,0,0,0,0,0,0,0,1,0,667,3,0,0,0,0,0,0,0,0,0,0,669,0,0,0,0,0,0,0,0,0,0,0,0,0,0,0,0,1,0,0,0,0,0,0,0,0,0,0,0,0,0,0,0,0,0,0,0,0,0,0,0,0,0,0,0,0,0,0,0,0,0,0,0,0,1,0,0,0,0,0,0,0,0,0,0,0,0,0,0,0,0,0,0,0,0,0,0,0,0,0,0,0,0,0,316,0,0,0,0,0,0,0,0,0,0,42,0,0,0,0,1424,0,0,0,0,0,0,0,0,0,0,0,0,0,0,0,0,0,0,0,0,0,1069,0,0,0,0,0,0,0,0,0,0,0,0,0,0,0,0,0,0,822,1,0,0,0,0,0,0,0,0,0,0,0,0,0,0,0,0,0,0,0,1032,0,0,0,90,0,0,0,0,0,0,0,0,21,1,0,0,0,0,0,0,0,0,0,0,0,42,0,0,0,0,0,0,0,0,0,0,0,0,0,2781,4,0,347,0,0,0,0,0,0,0,0,0,0,78,0,0,0,0,0,0,2,0,0,0,0,0,0,0,1,0,293,128,0,0,0,0,0,0,0,0,0,0,0,1,0,0,0,0,0,518,0,0,0,4,0,0,0,0,0,0,0,0,3,0,0,0,0,0,0,0,0,0,2,0,0,0,0,0,0,0,0,0,0,0,15,0,0,0,0,0,0,0,0,245,0,0,0,1,0,0,42,0,0,0,123,2,0,323,0,0,0,1,0,0,0,0,0,138,0,1,0,0,0,607,1836,0,0,0,0,0,0,0,0,0,0,0,624,0,0,0,0,0,3,33,0,13,0,0,0,9,0,0,0,0,0,0,0,2,1196,1,0,0,0,0,0,0,0,0,0,0,49,0,0,0,0,295,0,0,0,0,0,0,0,1,0,0,0,0,0,0,0,0,0,0,0,0,0,0,0,0,0,0,0,0,0,0,0,0,0,0,0,0,20,0,0,23,0,0,0,0,0,0,0,0,384,0,0,0,0,600,0,2,0,0,74,0,0,0,0,0,0,4245,0,0,0,0,8,0,0,1,6,0,0,0,179,0,113,43,118,0,5,0,0,496,2320,0,0,606,0,0,0,624,0,914,0,0,0,9,0,0,0,0,0,688,0,0,19,0,0,0,0,0,750,0,0,0,0,12,0,0,0,0,0,0,0,306,0,128,0,0,644,0,0,0,15,0,7,0,0,0,0,0,0,0,0,0,0,0,262,0,0,0,0,0,0,0,0,0,297,0,0,0,0,0,0,0,2,2,0,221,0,0,0,0,0,6,0,0,0,3,0,0,0,0,0,4,0,0,0,0,0,0,0,0,0,45,0,3,0,149,0,0,2569,28,130,25,0,0,0,0,40,0,0,2,0,0,0,0,0,0,0,0,0,0,0,0,0,0,0,0,25,0,0,0,0,0,0,0,1865,0,381,0,0,2,1867,0,0,0,0,2,259,0,0,0,3586,0,0,4,2,0,0,0,0,0,0,0,0,0,0,468,0,0,0,7,0,0
"gene_442",19,0,217,0,1751,0,0,0,1,321,0,0,298,1,3,5,451,0,0,0,13,0,0,0,3,0,6,2428,372,0,0,0,0,1,0,1,0,0,0,6,1,99,911,0,0,0,7881,0,263,84,0,4,0,0,132,0,1965,22,0,0,0,631,272,1347,1,0,24,27,1750,49,0,0,0,3249,0,7336,0,8,3,0,0,0,5,4,0,81,0,977,0,0,0,0,1991,2003,149,4,0,1,3582,0,0,0,0,0,0,1316,4,0,0,0,0,0,0,299,3141,0,185,0,0,0,0,0,80,0,0,0,0,0,10189,0,0,145,0,4,0,0,150,0,506,0,7,5379,0,0,6637,0,0,409,0,2,18,0,0,0,51,0,18924,2,0,0,10,0,0,0,0,0,0,49,12,15802,5135,0,0,0,0,0,0,0,37997,6,78,15,0,1,1998,0,1122,0,239,0,0,12,33,0,0,0,0,0,28,0,0,0,0,0,0,4,0,0,0,9,0,0,96,0,0,0,0,0,0,0,0,0,0,0,0,0,0,38,0,8973,0,3253,0,0,0,0,27,3091,0,0,0,0,1,0,0,47,72,0,0,0,0,1,0,0,205,86,0,2,0,0,61,0,0,0,0,0,790,14,1463,63,2,656,0,0,0,0,0,18,0,0,0,0,1,0,0,0,0,0,0,6,0,0,0,0,0,99,0,6,0,1,0,0,2344,0,482,0,0,0,0,0,0,0,0,5,0,4515,0,337,450,0,0,0,1660,1,0,0,0,0,0,0,0,0,1734,86,937,3,0,0,0,0,35,0,1306,157,1,0,0,0,0,0,0,0,6,0,3,0,316,0,0,158,738,0,895,0,0,57,0,109,0,0,0,1302,2525,0,1179,0,0,0,1,10,0,191,0,96,79,0,0,0,0,0,0,0,17,0,0,0,0,0,0,1057,0,0,1,0,2,1,0,0,0,0,0,55,3935,0,218,0,6,0,0,0,0,0,0,2,0,0,0,2,0,0,595,0,0,2,0,151,0,84,1,0,0,2988,2,0,0,0,0,5,145,0,0,0,464,0,0,0,16,0,0,0,4,0,0,0,1930,0,0,0,0,0,0,143,0,89,0,0,18,0,0,0,0,0,0,0,0,130,0,0,0,0,4,0,0,0,0,0,0,2,136,0,0,0,32,225,0,64,0,0,0,0,4,0,0,0,1,0,391,7161,0,0,323,0,1,0,0,1,0,3,0,0,0,0,59,0,0,0,104,0,11,0,0,0,0,238,11,0,0,0,0,0,178,0,0,3,0,8,1,0,353,73,0,0,0,0,0,0,0,0,0,1,0,644,0,0,136,0,17,73,0,0,0,184,70,0,0,1721,2614,88,9,0,11859,181,0,435,0,0,0,1,224,1,0,0,0,296,10,0,23,20,0,0,0,0,0,0,189,0,0,13,3382,276,0,0,20,0,0,1359,821,0,0,302,11,10,0,155,0,413,0,105,40,433,1,3289,3861,435,7,88,2,0,112,4,0,112,2,8,0,0,0,2207,0,676,90,0,366,0,0,0,0,123,0,5,0,0,603,0,0,417,0,0,2,0,0,0,287,0,2,0,5,420,0,0,0,0,0,7,0,1144,20,64,0,0,1738,23,0,0,0,0,0,0,0,580,0,792,0,0,0,1518,0,2,315,7,0,48,60,0,114,0,0,0,7,0,0,0,0,10,0,3731,87,0,6,0,0,0,327,0,10,1,0,0,935,0,2853,0,0,314,360,195,3214,0
"gene_443",226,0,0,0,0,0,0,11,0,0,0,0,0,0,0,0,0,0,0,0,0,3,0,0,0,0,0,0,0,1978,0,0,0,0,0,0,39,6220,0,0,0,0,0,0,0,56,0,0,0,0,0,0,0,7,0,2,0,0,0,0,0,0,0,10,0,0,0,0,0,0,0,0,0,0,0,0,0,0,0,3869,0,0,11,0,15,0,0,0,0,0,0,0,0,0,0,0,0,0,0,0,0,0,0,0,0,0,0,0,0,0,0,0,0,0,0,0,0,0,0,0,0,0,0,0,0,0,0,0,0,0,0,0,0,0,0,0,0,0,0,0,0,0,0,0,0,0,0,0,0,0,0,0,0,0,0,0,0,0,0,0,0,0,0,0,0,0,0,0,0,0,0,0,0,0,0,0,0,0,0,0,0,0,0,0,0,0,0,0,0,0,0,0,0,0,0,0,0,0,0,0,0,0,0,0,0,0,1,0,0,0,0,0,0,0,0,0,0,0,0,0,0,0,0,0,0,0,0,0,0,0,0,0,0,0,0,0,0,0,0,0,0,0,0,0,0,5,0,0,0,0,0,0,0,0,0,0,0,0,0,0,0,35,134,36,0,0,0,0,45,2,955,0,0,1174,0,40,3,0,1013,135,0,0,0,0,0,61,56,0,0,1344,0,0,0,1,0,12,29,0,0,0,682,0,2339,0,94,0,1,0,0,0,340,10,0,1878,0,0,289,0,6,0,36,635,1,0,82,0,7393,36,494,0,1,0,42,322,0,0,0,0,0,119,31,2,0,5,351,0,408,0,107,0,17,2,0,0,2403,0,69,1415,0,1,0,31,0,0,0,74,168,36,9,0,0,0,0,262,0,0,0,1,1582,2,143,11574,8,2,49,29,0,619,584,1,5,3651,0,1147,0,3692,4,285,47,176,0,679,0,0,0,0,0,0,7,1,30,415,0,166,127,296,0,0,0,0,0,1,315,126,8,0,0,1,0,257,2045,0,0,0,0,0,3,0,0,1,77,0,1,1,27,763,0,35,1,1,3,4,168,20,0,3,1513,0,1873,1,2,0,0,1119,0,5553,498,0,3,0,0,0,26,1,0,4,0,0,0,0,2,0,4,0,0,45,0,0,105,43,0,46,0,72,90,0,0,0,0,0,0,192,0,11,1,126,931,0,0,31,0,0,1,6,0,13,42,0,0,0,16,0,0,4,996,0,0,1,0,0,11,419,0,23,0,2,3515,157,0,66,0,8,187,65,0,68,0,4881,136,0,1,0,0,0,2,1931,2,0,916,0,0,42,106,186,39,0,0,0,0,0,0,36,0,0,3258,0,2,0,0,410,0,2011,0,0,0,304,435,0,438,0,64,0,0,0,0,0,0,0,0,11,0,1070,0,0,0,0,0,24,7428,0,0,0,9,0,0,0,0,0,0,0,0,0,132,324,0,494,0,0,0,0,0,0,0,0,7,0,0,869,0,0,0,0,0,0,72,0,0,0,0,85,0,7,0,0,57,0,0,0,0,0,0,0,57,0,0,1663,0,1002,69,9202,49,187,0,0,0,0,0,0,0,0,2980,989,0,0,0,0,1,0,0,0,0,0,0,92,1,2,0,0,0,2,0,5,0,0,0,0,0,0,0,0,0,61,0,0,0,0,0,251,0,0,0,0,1,352,0,4305,0,0,0,0,691,0,72,0,0,0,7,2,13,0,0,0,41,24,965,0,0,122,2,0,0,0,0,229,0,0,0,365
"gene_444",0,0,0,0,45,82,0,742,2,9,0,0,2103,18,6396,0,0,0,5,556,0,0,2481,21,43,844,238,428,232,0,0,0,8,0,0,679,0,9,0,0,1,279,0,0,118,0,171,1,0,1,566,8386,158,647,181,844,0,0,0,0,668,36,564,2518,10,0,5,189,0,204,14,0,0,4,0,107,0,0,620,0,11,0,96,10,20,22,0,6,0,0,0,0,0,902,0,42,0,0,0,0,0,0,0,0,0,0,0,0,0,0,649,0,0,97,0,0,0,0,0,0,0,0,1,0,0,0,0,0,0,0,2101,0,133,0,0,0,0,0,0,0,1778,958,0,0,0,0,0,104,0,0,0,0,0,0,0,0,0,0,0,10,15,2,20309,0,0,0,232,1867,0,0,0,495,0,0,0,0,0,0,0,0,0,0,0,5697,0,0,0,11,0,0,0,1,17855,0,0,0,0,0,0,0,0,0,0,0,0,0,0,0,0,0,0,0,0,0,14,108,9171,2,0,0,0,0,142,1,0,0,0,0,0,0,0,0,0,0,662,0,0,0,0,0,2,0,0,0,0,0,3135,0,8,0,0,0,0,0,0,0,0,0,0,0,1,0,0,17,140,2,7,1782,8,0,55,1,157,2,2861,56,0,0,0,68,1,57,0,2192,0,0,0,1,1326,5401,0,8,357,0,0,0,0,490,0,82,95,13,1,4209,1077,317,1,7,0,0,0,57,124,0,209,86,0,14,3,0,0,3,6832,1256,0,0,0,0,110,0,45,0,8,0,0,0,0,0,112,0,1,50,0,0,26,0,25,1719,0,0,0,77,0,3099,746,5,0,0,0,0,0,32,0,0,0,1,118,240,5160,0,0,3079,0,0,0,2,0,0,3,1,0,0,8,3,0,8,0,681,0,0,1871,0,0,384,900,0,0,34,253,0,0,81,24,0,0,1,0,1411,0,63,129,679,3,1,0,0,1103,1216,0,550,1457,0,0,0,30,0,682,0,4,7,0,54,0,53,0,137,15,0,1770,0,0,0,0,0,0,0,0,0,0,0,0,0,0,23,0,0,1593,1,0,0,0,0,0,3477,0,1,0,0,49,0,0,834,0,31,13,0,0,0,146,0,0,0,0,0,0,0,0,0,0,5,6,0,0,0,0,0,0,0,0,0,0,0,575,0,0,0,0,0,0,0,0,1646,0,0,28,0,99,0,0,0,0,0,0,0,0,51,0,0,0,0,0,0,1,0,0,0,0,0,24,0,4,65,10,6,0,0,0,63,0,0,0,0,0,0,0,164,779,0,0,0,0,13,0,0,0,0,0,0,0,0,0,0,0,0,0,0,0,0,0,0,2,0,0,0,24,0,0,0,0,0,0,0,0,0,1,0,0,0,0,0,0,0,9,0,0,0,0,0,0,0,0,193,0,0,0,0,0,0,0,0,0,0,0,0,0,0,0,0,0,1,0,0,0,0,0,140,0,0,0,0,0,0,0,1,0,0,1,0,0,0,0,0,0,0,0,1,0,0,0,0,0,0,0,0,0,0,0,0,0,53,0,17,0,3,0,0,0,3,0,43,0,0,0,0,0,0,0,0,369,0,0,44,0,184,0,0,0,0,0,0,0,0,0,0,0,0,0,0,0,0,15,0,0,422,0,0,0,0,7,0,0,0,0,0,0,0,0,1,0,0,0,0,0,0,0,0,7,2,0,0,0,0,0,0,0,786,0,10,0,0,0,0,0,0,0,0,0,0
"gene_445",0,316,273,1924,594,18,0,0,5,1,0,0,350,0,0,0,42,0,4,93,0,0,1787,0,453,0,134,71,0,0,0,6,0,0,5,0,302,0,1577,0,0,0,3267,0,0,1,4,0,0,0,0,0,0,2,1755,826,118,742,0,14,0,1,91,0,0,0,0,0,0,0,1371,106,19,344,9,88,1673,39,0,35,1104,0,0,664,0,0,0,0,0,0,0,0,0,0,0,2,0,0,1138,526,0,1,0,0,0,0,0,2,0,0,2719,2,0,0,0,0,77,3,5382,16,0,0,0,0,86,0,0,0,0,0,4,0,0,0,458,330,99,0,0,6,921,0,18,0,0,275,0,7146,0,0,0,4,4092,0,0,0,8,0,43,195,8828,0,0,8,1,0,0,0,0,0,0,0,0,124,0,0,2989,374,0,0,0,0,22846,0,0,310,10,598,12238,0,0,0,0,904,0,0,7,0,16,0,4,0,2,0,0,1894,0,0,121,0,0,199,93,0,0,3,28,18,0,762,0,0,125,6,28,0,438,52,17,0,169,163,62,0,37,120,0,0,315,6,0,2,167,0,0,0,2,1,15,0,110,1032,70,0,54,90,615,0,0,4,0,925,63,0,0,0,1030,14,1,65,0,2,0,0,4,539,62,14,0,0,0,0,0,0,0,0,0,505,0,100,8,0,417,0,0,0,39,1379,24,0,0,1,192,0,1,0,0,0,254,0,1,0,0,191,0,0,0,4,0,0,0,3,0,14,0,4,2,190,2,0,0,8,0,13,0,0,0,1,0,0,0,0,0,1,0,0,0,0,0,0,0,362,0,0,12,0,0,1518,187,0,0,0,163,0,0,25,0,0,109,0,0,0,11,0,0,0,0,0,257,514,314,380,0,0,0,0,0,2008,1,140,0,1,0,0,1,0,0,0,1,2,247,0,0,41,32,19,0,1318,485,268,0,0,483,0,6,0,36,0,172,0,3,248,0,211,26,0,0,0,119,0,0,0,1445,15,80,0,0,0,0,0,0,576,1531,32,16,221,0,0,1,0,37,510,0,6,0,0,2,0,0,0,4,0,0,0,0,0,47,146,60,0,38,103,0,0,2,0,0,0,0,0,389,0,0,0,0,0,0,1,0,0,0,0,0,0,0,0,0,0,0,3,0,0,0,0,0,1304,0,0,0,2472,0,0,117,0,0,0,0,0,83,0,0,0,0,0,0,0,0,0,0,119,0,0,0,3044,0,0,0,861,0,0,1,0,0,0,0,0,0,0,0,0,0,0,0,0,2,124,0,0,0,1,0,0,0,0,4,42,0,0,0,0,0,55,0,255,0,0,0,0,0,0,0,0,1,0,58,0,0,0,0,0,0,0,0,0,0,0,6,0,600,0,0,0,0,0,0,0,0,132,49,0,18,0,0,0,282,0,0,0,1,12,0,1,0,0,0,0,0,0,2,0,0,3,0,0,0,0,0,0,492,0,0,0,7,0,287,0,0,26,0,0,0,0,0,0,0,0,0,0,1,0,0,0,0,0,0,0,0,0,0,0,32,0,0,0,0,0,0,0,0,8,147,2,0,253,0,6,0,0,0,0,640,147,0,0,0,0,0,0,0,0,0,0,0,0,0,0,0,0,0,0,0,29,0,0,0,631,0,0,45,161,0,0,0,0,1,18,0,0,0,1658,0,11,0,0,0,2,0,3,14,0,0,1,0,0,0,0,0,0,132,161,0,0,0,14,0,0,0,56
"gene_446",941,1408,680,861,7,1475,2489,64,2441,0,1049,1559,8050,1051,192,90,1826,1073,647,106,318,345,0,336,822,141,4065,203,3644,498,5,453,0,47,300,2622,15,2416,869,2407,174,863,154,195,21,6,61,26,3,218,36,2937,291,260,968,2482,1450,0,1,267,44,823,428,137,912,2,986,3809,2238,4253,2,62,34,109,3,801,48,1292,21,1095,2171,926,30,4884,19,2600,104,591,4,10,171,1825,17440,5180,59082,4723,47380,4242,13592,46142,40721,72271,45794,13448,25059,6762,11171,39957,75009,13336,9940,12454,6063,21416,18563,28507,1227,6526,7638,41266,20509,8852,2109,2458,41695,24279,5040,11423,13189,8453,3287,13256,5768,9039,24575,64709,26325,15999,54739,19767,21066,22372,61011,93382,91519,36522,8984,28154,65861,77798,19056,18778,12293,30896,21005,56322,58194,29406,68056,4390,13790,77644,26911,17982,26147,35201,34939,137424,5645,13192,50200,59942,64376,4742,33898,30587,51714,14135,100458,34737,26890,57495,95660,20692,49242,48885,16591,22931,82780,30950,21874,61951,33843,17393,15932,26495,48005,16817,57930,22153,31465,27469,36534,12351,25613,24250,5074,14840,5929,8357,13603,30966,1150,20276,15435,12052,1535,32610,7058,36264,26285,47420,11956,15470,18830,3294,3982,6818,28285,85516,7207,18636,9165,39614,11954,45454,15102,23363,46919,628,78530,28421,22662,6950,19393,19852,25441,15409,11432,65654,31402,25152,53691,1462,37864,14764,17622,9600,21698,63677,7810,6355,21152,7639,7036,14909,6701,6358,1975,2179,932,12109,4859,26495,14341,12088,22844,2802,9056,9342,3129,13209,20074,25454,4707,6413,8724,17807,7961,8387,3710,6709,8312,15968,18529,6538,4295,14946,20323,7659,2861,3043,12892,3418,21347,14950,7112,10143,3073,6293,7141,4596,4748,4887,4055,11520,20557,30268,14972,5139,6572,6198,58859,6652,4798,9153,5791,8170,8165,3480,782,52,2074,9517,4229,1547,2803,5571,10588,21463,1675,8348,21037,21898,1405,73,8433,2961,8305,1984,5684,30580,861,11723,12206,2190,8117,10864,8286,4576,7554,6186,14917,25348,13918,14056,20028,3221,18037,3228,14176,2313,3961,1648,5190,14406,7471,6229,4437,7835,12840,7488,35706,13340,14092,2256,5003,10624,47896,14764,40351,13736,1059,9432,5789,2895,17817,13236,19955,9279,46038,15039,2523,15165,7027,6889,7753,2967,1863,4662,25268,10775,25427,2268,15153,6944,7570,33501,8803,5632,19420,2805,8090,33680,590,12008,11628,3934,19487,4719,14753,8817,7,1175,81,1,179,2740,899,756,9,20,1425,102,284,94,62,25,376,4017,411,32,335,199,7203,0,514,73,5103,2830,16,52,19,463,7,291,8489,2379,6,279,1828,1152,2569,588,3,501,805,1288,6753,15,862,0,48,123,1586,162,20,23,727,6,1535,1199,0,1559,181,172,1378,4603,570,563,73,19,2556,1235,7302,0,27,12310,236,22,11,35,3597,729,0,1,1718,2230,747,4478,846,4,0,4721,7307,1192,0,0,0,1573,6219,3,5451,113,1344,37,26,9352,125,60,1981,2151,1497,571,10761,718,1141,4,9,2518,1650,566,1790,2976,269,361,1110,102,0,2706,2438,230,359,435,12,140,19667,16,96,1631,3,5644,17,0,0,2817,0,0,6,54,59,4135,987,403,0,2793,4598,41,0,6,653,1168,1727,0,151,14,0,0,0,5203,0,11,0,2454,0,688,0,14,0,889,1425,0,0,612,0,48,0,0,7,14,10,125,3,3321,1222,0,567,1703,0,901,22,0,240,470,218,0,121,2581,27,1,0,0,460,164,271,10654,697,0,10758,0,0,0,6673,314,11,0,4419,0,0,2,21,1636,40,945,68,721,61,132,0,22,566,54,6,1046,0,0,162,2,0,887,0,0,716,5,0,0,374,37,0,12682,8,182,42,40,1430,119,1,14,2075,0,1520,96,0,0,0,0,0,138,0,811,5,1,21,5,2776,164,118,0,157,0,1990,484,78,2,4135,21551,2,2216,109,0,0,2963,206,352,6,0,5,16708,1256,0,682,48,34,61,0,210,879,1673,0,206,545,1,0,434,96,20,598,0
"gene_447",11769,9296,23922,2623,6041,6389,5675,14094,5278,3987,6069,2839,12892,9986,4205,14562,4517,1025,992,1357,2221,5232,7579,22692,5147,8654,5100,1874,3919,2607,9030,6326,6134,10553,11224,23453,11201,10753,3939,7361,15701,7201,2488,3108,10869,19522,1672,6923,14137,11316,12098,2879,2626,2147,2431,10141,1819,16537,9050,1597,7073,1543,2811,18088,6458,3717,8206,3118,21598,44510,16067,14785,516,12899,16430,6987,1919,9138,11319,4221,11477,2167,3977,14006,3759,5227,699,10056,5034,2984,3178,13211,3675,11773,15085,89,4976,31,19747,27791,4612,2179,1884,15327,6147,824,7254,7631,15964,5613,17014,4394,1125,358,1881,10868,1284,3403,1926,3067,869,1968,860,751,7953,53723,447,1293,3829,1881,1513,3591,7554,16536,5013,7203,2841,8876,4781,69,2701,3683,9844,11817,12463,3396,335,22564,6297,13285,4911,2370,1046,10953,15939,71039,9253,4444,1250,576,12955,6758,5796,3406,6522,2582,5765,22262,697,24349,6043,11886,14391,11,28388,12718,547,5770,10292,8198,15208,5282,37383,9291,4572,13556,32994,22653,7623,4717,20448,7863,6769,5922,5853,9274,1159,1275,2449,265,184,3164,1101,2993,18250,3850,1074,18853,8970,5914,1591,873,3601,3295,8778,63,7952,508,7356,4205,1294,0,6837,31433,5616,6494,417,46,224,426,560,2414,323,29,236,1,8816,2456,84,144,2278,21728,1688,10218,35,1565,9173,6525,210,1316,25720,1911,1476,5563,31,18954,3813,3,727,10541,14,0,634,1,0,1363,0,2,466,0,0,2,0,133,459,17,0,424,210,33,0,31,0,1,115,97,3,742,13,0,44,1,660,4647,0,1,7,1,1,76,93,3,167,0,0,100,9,42,0,1,930,0,159,251,1866,521,16,0,0,0,24,0,665,0,21,0,1,74,745,233,51,63,39,8,967,0,773,0,0,25,9,0,291,0,2800,0,2,1379,0,0,264,12,228,0,0,5,7,0,71,0,399,356,870,70,1421,389,9,0,127,1891,3195,97,0,0,34,486,409,485,26,1,0,0,130,0,312,0,90,159,842,113,0,307,0,717,136,98,44,698,815,0,3,0,1839,0,103,1821,122,123,951,0,91,3760,215,1578,2,1059,613,3,0,3,0,37,1,490,0,239,66,0,2794,0,230,0,21,40,0,30,3737,0,0,530,1338,10,10,73,6035,32,0,1,4,1,259,29,0,1,1,137,0,2,277,1063,834,2,0,2,99,276,1398,0,0,177,0,83,18,1285,109,0,0,162,4,1,0,26,24,439,0,0,1037,0,0,0,0,0,0,1084,7,78,279,0,0,0,4,18,0,0,0,62,0,33,1,86,10,0,108,2,0,0,0,0,3301,0,120,140,250,4,0,870,0,9,738,178,0,1,0,1,0,0,313,0,156,89,1903,0,25,27,0,9,877,689,0,281,4,232,2159,0,0,705,0,22,0,400,23,14,136,0,27,404,99,7,0,5,0,0,0,2,0,118,0,0,0,114,1,0,0,0,0,0,0,0,0,1,2,118,4,0,0,0,1,0,0,14,0,0,630,0,1,0,0,0,0,0,0,0,3,3,0,0,0,0,37,0,169,0,0,0,0,7,1009,0,0,0,0,0,0,14,0,179,0,7,6,0,0,5,0,0,2,1,0,0,0,10,698,0,0,0,115,6,40,54,95,0,1094,0,0,1,0,0,0,0,0,4,20,0,0,86,0,0,0,0,0,1,0,896,0,0,0,1116,0,0,7,0,0,0,0,0,0,0,0,0,0,0,0,5,0,0,0,0,12,0,0,0,17,34,0,0,67,0,0,0,0,2379,47,152,0,0,9,2,0,0,0,0,0,0,0,0,0,675,0,0,409,0,21,4,0,0,53,0,0,11,0,0,0,0,58,0,147,98,271,0
"gene_448",16,5,0,0,0,0,10067,27,3221,39,68,7,0,223,0,0,1315,0,1,0,62,0,0,0,35,0,0,0,0,7,129,547,0,0,10,4,0,42,6,0,13,893,0,243,0,0,0,0,3412,0,0,0,2,0,0,92,775,312,612,282,0,0,0,6,39,6,0,0,0,0,0,0,0,14,7,0,2,114,7041,0,0,0,2772,1401,0,0,0,0,136,8,0,0,0,0,1,4,0,162,0,626,0,1,1,3,0,861,167,0,0,0,4568,1,0,0,95,0,15,241,164,70,0,14,21,101,492,218,0,160,897,1,20,0,12,0,0,0,0,0,0,0,5377,0,0,3,20,288,800,80,23,0,0,412,0,9,34,0,1001,251,1,0,0,23,25,0,0,0,116,0,62,1,2,18,0,4,0,65,3,0,13,2,3406,61,9064,7244,167,4,164,57,0,1100,0,103,0,0,193,0,0,0,0,0,0,0,0,0,0,0,3,0,0,2,0,0,0,0,0,2,0,0,0,248,14840,224,0,0,0,0,0,95,0,0,0,2,0,0,0,0,0,0,3,0,0,78,0,78,0,0,0,0,492,0,0,0,3653,0,0,0,0,0,0,0,0,0,0,0,0,0,0,0,0,0,0,0,0,0,0,0,0,0,0,0,0,0,23,0,0,0,0,0,0,0,0,0,5,0,30,5,0,0,0,1481,0,0,0,0,0,0,0,1,0,0,93,0,0,0,0,0,0,0,110,0,4,0,0,6,0,0,0,0,0,0,0,0,0,0,0,1,0,0,0,0,0,0,0,0,0,0,0,0,0,137,0,0,0,0,0,0,0,0,15,163,0,0,0,0,0,0,0,0,0,0,0,0,0,0,0,0,2,0,2,0,0,0,0,0,0,0,0,0,0,0,0,0,0,0,2,0,2,0,0,101,1225,64,0,0,0,0,0,0,1,0,0,0,0,0,0,0,0,0,0,0,0,0,0,0,0,472,0,0,0,0,0,0,0,0,0,0,0,4,0,0,666,0,0,0,0,0,0,0,0,0,0,0,1,0,0,0,0,0,0,0,15,0,0,0,0,0,0,0,0,0,0,0,0,1,0,0,0,0,374,2,0,0,0,0,0,0,0,0,0,1,0,0,0,0,0,0,0,0,0,0,0,7,0,23,0,0,0,0,0,0,442,0,0,0,0,0,0,0,0,0,0,0,0,0,0,0,3,21,0,0,0,0,0,0,0,0,0,0,0,0,0,0,0,43,0,0,0,0,0,0,0,0,0,0,0,0,0,0,0,0,1164,0,0,0,0,0,0,0,0,0,0,0,0,0,0,0,0,13,14,0,0,0,0,0,0,0,0,0,0,0,0,0,0,0,0,0,0,0,0,0,0,0,0,0,0,0,0,0,0,0,0,0,0,0,0,0,0,535,0,0,0,0,0,0,0,5,0,0,0,0,0,0,0,0,0,0,0,0,0,0,0,0,0,0,0,115,0,0,0,0,0,0,0,0,0,0,0,0,0,0,0,0,0,0,0,0,0,0,0,0,0,2,0,0,0,0,0,0,0,0,0,0,0,208,0,0,0,0,0,0,0,0,0,0,0,0,0,0,0,0,0,97,0,0,0,0,0,0,0,192,0,726,0,0,0,0,0,0,0,0,0,0,0,13,0,0,0,0,0,0,0,0,0,0,0,0,0,0,0,0,2,4654,0,0,0,742,0,0,0,0,0,0,0,0,0,0,0,0
"gene_449",795,3507,3604,6710,473,585,5286,5893,1468,45,516,237,367,5764,1449,1320,5421,734,2932,335,748,1825,4153,361,1084,374,43,1736,7295,2643,713,1668,1313,574,6959,1607,1382,1610,374,471,9717,480,2079,3831,31062,33,1112,1493,92,2826,362,7174,2652,8643,3630,7059,3012,2606,666,5495,1127,9023,2206,7718,122,1612,196,6301,1010,493,6151,1322,557,7338,12542,2286,193,177,2030,1015,6032,3440,7645,11093,3963,7997,1674,10280,603,24,10450,511,717,2079,0,452,1486,178,553,440,1009,552,679,9300,808,3457,68,13,2959,1082,822,1185,0,139,2120,98,1753,833,396,14348,242,210,73,341,1333,6570,190,380,4807,1071,33,1237,78,419,804,478,1850,7696,15038,1922,186,1554,523,8196,548,3514,580,1001,1160,97,401,96,11951,6878,2425,3978,5048,1544,10865,164,5049,822,1209,34,30,186,246,83,5,15546,1279,3309,1752,193,0,295,823,142,8055,3902,5237,1731,64,770,2405,183,612,3754,1057,1,13189,418,16,9114,7,541,56,60,48,1566,1818,73,51,1894,73,1,2,860,218,1079,111,1125,294,53,873,145,974,7284,440,18,81,1,49,259,3316,354,4511,4890,8764,4207,133,558,3,14,21,470,3594,31,164,126,1949,8757,520,195,6,847,33,36,123,1341,5734,955,50,620,629,14232,1230,7,863,3836,3442,2073,9767,4787,4535,12000,464,4696,2621,4444,2685,1010,3220,2503,2999,3132,4836,4220,568,437,203,387,463,1320,2382,7621,1500,2609,369,8469,3106,2573,9293,1664,8285,3404,1474,3307,331,140,360,1617,2800,672,524,899,1262,900,787,89,19827,1528,1298,5512,2845,2059,466,3184,2193,1683,742,2321,2721,2899,545,2644,4934,907,7444,3433,14957,755,6502,10784,6094,1176,2607,9008,4073,5105,433,2520,724,13166,1545,1160,564,10980,5207,2450,4960,6674,2955,5267,1450,208,1204,1367,4094,683,2209,7357,2203,2183,754,1501,13291,2622,2093,11099,3131,2968,3100,2012,12896,18086,3083,10419,7790,17724,12450,23584,19561,2655,2614,2997,509,6216,1567,4127,3562,1452,3826,6657,13050,7184,313,20625,12406,144,6337,692,8111,7842,11871,2006,2279,7185,5181,2791,27695,1453,3588,15013,206,7568,22805,34267,123,6246,71,3635,1481,6121,207,17810,3605,171,3707,1129,378,6543,1343,126,453,10122,1964,5500,14152,522,725,25,982,3387,2023,314,8537,537,5717,3718,4737,639,55,1142,83,4424,3935,559,1297,375,36,0,17504,92,22,190,7131,174,1883,4523,3529,5276,824,30,3117,1777,1391,920,3467,4913,1484,5151,0,907,5558,1517,4,1483,322,844,0,7035,10282,3444,1260,2084,239,15988,373,25,3183,153,1053,20466,3525,8646,107,410,7770,258,2716,3187,2953,986,489,80,10110,3618,5173,1166,19,221,2668,2145,111,4833,823,5,4797,3572,11,1140,173,815,995,438,563,222,1967,346,3755,48,500,140,168,6087,4329,1223,34,115,2429,2451,1839,613,17,2310,59,5600,9361,3336,2868,658,3383,41426,4,413,4874,1966,120,3306,4555,3608,1553,3004,25079,424,9850,5036,32914,45185,2953,995,361,2005,2794,470,494,1064,11668,0,3255,3068,347,782,3440,5,151,2004,368,1,7246,175,14022,4758,62,105,1136,31461,754,300,1823,10151,1337,10471,16143,182,110,1658,236,7459,12,1053,2232,48,5833,9860,743,260,2867,330,2406,726,1126,2167,0,7483,12990,2525,23,399,4220,1,2,8035,9990,16,1059,4752,1199,217,8859,16599,6587,15,253,273,6987,86,3580,40763,6983,984,2873,13095,6413,4022,4604,73,1735,42,2013,5,10440,5121,5182,877,434,12656,2249,1326,11734,3110,7537,2653,124,304,4778,8134,86,7003,7012,13,2860,1115,306,3771,1628,424,2455,1065,4,721,1325,1490,21599,2178,200,10992,2823,4162,5799,7147,50,597,3498,18756,9,4513,4523,1162,250,14,2619,1,72,2053,10648,11275,1021,11,10,11669,436,701,2938,3842,2301,19737,4911,384,13190,24,22345,67,1892,244,3251,147,4800,4230,2041,28643,204,2648,4838,480,3374,3630
"gene_450",0,20,19,21,64,303,0,46,0,0,0,0,0,0,860,0,0,1213,0,0,0,0,0,0,244,0,150,56,14,0,26,0,11,0,0,0,0,0,11,0,0,0,0,0,0,0,426,8,0,52,0,0,0,0,4688,0,202,0,17,0,4,3998,0,82,0,0,0,0,2,0,2946,0,0,0,0,743,0,371,0,15,414,0,2,7163,0,0,12,0,0,198,5,0,0,238,0,0,0,0,27943,0,26,1494,0,5290,0,0,0,48,0,6,0,1005,0,0,2,0,0,0,16,8,16,708,0,0,1819,956,2,0,9,2255,2,0,3,0,21,3,0,96,0,0,4119,8,1839,0,0,0,0,0,0,953,36,0,0,0,0,0,0,779,120,122,0,5879,0,0,164,5426,0,0,1330,0,569,0,2607,0,2,0,0,2,35,3,0,0,0,0,0,0,280,467,0,0,0,2,1,5792,0,86,34,745,3,0,0,12,84,2,22,1,0,683,1,61,30,20,0,0,334,0,0,0,0,0,30,347,494,31,387,0,1586,0,0,2,0,701,1207,874,0,0,12,0,0,0,0,0,11,0,0,138,13,0,0,0,0,21,40,14,0,5,12040,0,4,95,0,0,283,148,0,0,63,232,1,0,3,0,0,4270,0,2158,0,0,0,0,415,0,0,265,575,0,10,0,144,346,0,0,0,385,4083,0,0,0,0,0,0,0,0,0,71,0,0,0,0,0,0,0,0,0,0,0,0,0,96,0,0,0,0,0,0,0,0,2,0,0,0,0,0,15,719,0,0,2154,886,0,0,0,0,796,0,0,0,0,2,3,0,0,1614,457,0,1098,0,0,0,0,1296,0,403,0,0,174,0,0,13,2,788,0,1,110,10,95,0,1012,298,0,12,0,0,586,0,0,0,6,427,1600,122,1,335,61,0,7,0,0,352,267,11,0,0,769,31,178,153,0,228,0,0,275,26,0,6,161,5,0,3,0,80,156,27,6,0,848,1862,0,0,47,26,1891,234,219,0,0,27,0,0,279,0,344,6,0,184,0,0,0,0,0,0,0,135,0,0,0,91,0,0,1047,9,0,0,0,0,0,0,0,0,0,0,0,18,0,0,2,40,0,0,0,0,0,0,0,0,6,1,0,0,0,1121,415,0,0,78,1,0,685,0,0,0,0,132,0,0,0,0,0,0,0,1,0,160,282,946,0,0,0,0,4,268,3093,367,0,909,49,1,0,0,0,0,2,0,0,0,0,0,0,1,0,0,0,1,0,0,0,0,0,0,0,53,0,0,17,0,4,0,0,3,268,0,0,0,43,0,0,0,120,0,0,2,0,0,0,0,0,0,5319,0,1,0,0,0,0,0,3350,0,0,0,0,0,0,744,0,1509,0,0,0,0,0,44,0,0,0,8,96,14110,0,240,808,0,0,0,0,38,0,2,0,0,0,0,0,0,0,75,0,1129,0,0,2,0,0,23,0,0,0,468,0,0,0,0,0,155,0,0,0,0,7,60,1,69,2004,22,0,0,0,0,0,0,0,0,0,0,0,0,0,0,19,0,2,110,0,0,0,0,0,0,0,0,0,212,0,0,0,0,0,3,2,0,0,0,0,0,0,0,0,0,0,0,0,1,0,0,0,0,0,0,0,0,1,34,2071,0,47,0,0,0,210,0,0,0,5,36,0,0,0,0,0,0,0,104,0,0,0,0,0,0,0,0,0,0,0,0,0,2,25,0,1,0,0,0,662,0,0,65,0,0,0
"gene_451",0,0,0,0,0,0,0,0,0,0,0,0,0,0,0,0,0,0,0,0,0,0,0,0,0,0,0,0,0,0,0,0,0,0,0,0,0,0,0,0,0,0,0,0,0,0,0,0,0,0,0,0,0,0,0,0,0,0,0,0,0,0,0,0,0,0,0,0,0,0,0,0,0,0,0,0,0,0,0,0,0,0,0,0,0,0,0,0,0,0,0,0,0,0,0,0,0,0,0,0,0,0,0,0,0,0,0,0,0,0,0,0,0,0,0,0,0,0,0,0,0,0,0,0,0,0,0,0,0,0,0,0,0,0,0,0,0,0,0,0,0,0,0,0,0,0,0,0,0,0,0,0,0,0,0,0,0,0,0,0,0,0,0,0,0,0,0,0,0,0,0,0,0,0,0,0,0,0,0,0,0,0,0,0,0,0,0,0,0,0,0,0,0,0,0,0,0,0,0,0,0,912,0,0,0,0,0,0,0,0,0,0,0,0,0,11,0,0,0,0,0,0,0,0,0,0,0,0,0,0,0,0,0,0,0,0,0,0,0,0,0,0,0,0,0,0,0,0,0,0,0,0,0,0,1411,0,0,0,0,0,0,0,0,0,0,352,0,3,0,323,0,10,0,0,0,0,0,3,0,0,0,0,0,636,0,183,0,0,0,0,0,0,0,38,0,0,0,0,0,0,0,0,12,7,0,0,0,0,250,0,0,0,0,0,0,11,0,0,0,0,0,0,0,369,0,0,0,0,0,0,8,0,0,0,0,0,0,0,0,4347,0,0,11322,0,0,0,0,0,0,1,0,0,0,0,0,0,0,0,89,6,0,0,2481,0,0,0,0,0,0,0,0,0,0,0,0,87,0,0,0,0,0,0,0,0,0,155,0,78,0,3,28,83,0,3951,59,0,0,367,0,5,0,0,0,0,0,0,0,0,0,0,0,0,0,0,0,0,665,18,0,0,1,0,0,0,0,365,0,0,0,0,0,0,0,0,0,0,1311,0,0,0,67,0,0,0,35,0,0,0,0,0,0,0,0,0,0,9,0,0,412,0,1,361,0,0,0,0,697,0,0,0,0,0,0,0,0,0,0,0,0,0,0,0,0,0,0,0,0,0,0,0,0,0,0,47,0,0,0,0,0,0,311,0,168,0,0,0,0,100,0,0,0,0,0,0,0,0,0,0,0,725,0,0,0,474,0,0,0,0,0,0,0,0,0,0,0,0,0,0,0,0,0,0,0,0,0,0,0,0,59,0,0,0,0,268,0,23,0,0,0,0,0,727,0,0,0,0,0,0,0,0,0,0,6,0,0,774,0,0,0,0,0,0,316,6930,0,0,0,0,286,0,0,0,0,0,0,0,0,0,0,0,0,0,3,0,0,0,0,0,0,0,0,0,0,21,0,0,0,1726,0,0,5465,0,0,0,0,0,0,481,1,0,0,0,0,0,0,0,0,0,0,0,0,0,0,0,0,0,0,0,0,0,0,0,0,0,0,0,1179,0,0,0,0,0,0,0,0,0,0,0,20,0,0,0,0,0,5,0,0,0,0,0,0,0,0,0,0,0,0,0,0,0,0,4,0,0,0,0,0,0,0,0,0,65,0,0,0,0,11,0,0,0,0,0,0,0,0,0,0,0,885,0,0,0,0,0,0,0,0,0,0,0,5,0,0,0,0,0,0,0,0,0,0,0,0,0,2374,0,1945,98,0,0,0,0,0,0,0,0,0,0
"gene_452",2,1,0,0,0,0,0,1,0,0,1,0,0,1,0,0,0,2,0,0,0,0,0,0,2,0,1,0,0,0,0,0,0,0,0,9,1,0,0,0,0,0,0,0,0,0,0,0,0,0,0,0,0,0,0,0,0,1,0,0,3,0,2,0,0,0,0,0,0,1,0,0,0,0,0,0,0,1,4,0,0,0,0,0,0,1,0,10,4,0,1,0,0,0,0,0,0,0,0,0,0,0,0,2,0,0,0,0,0,0,0,0,0,0,0,0,0,0,0,0,0,1,0,0,0,0,0,0,0,0,0,0,0,0,0,0,0,0,0,0,0,0,0,0,0,0,0,0,0,0,0,0,0,0,0,0,0,0,0,0,0,0,0,0,0,0,0,0,0,0,0,0,0,0,0,0,0,0,0,0,0,0,0,0,0,0,0,0,0,0,0,0,0,0,2,535,40,520,0,0,0,0,851,23,0,0,0,0,0,418,5329,243,0,4,12,0,2232,16,0,0,7,0,0,0,0,3,1,0,0,94,1509,1,0,2,0,0,21,0,20,0,0,9013,0,2,0,211,2974,0,203,0,330,0,0,0,27,0,53,0,0,0,0,0,6,2,2,164,106,0,0,926,0,175,21,0,418,18,0,0,0,0,0,0,3,0,1710,0,0,11,0,0,10,0,0,0,407,0,301,0,0,0,0,0,0,1012,286,25,0,0,0,0,0,0,0,16,0,6,0,0,0,0,7,0,0,457,0,0,34,0,1,131,0,0,2,0,0,17,0,0,0,357,0,0,730,12,0,0,0,2,33,0,1,33,0,103,0,41,0,0,154,0,57,0,15,0,735,0,0,643,3,149,0,0,0,1,0,0,642,1417,16,0,0,0,0,0,46,0,0,4,0,0,90,2,0,151,4,3,0,0,0,0,1976,0,3,233,1,0,127,3,680,0,409,1,0,0,0,29,0,0,0,0,0,0,3,337,0,0,1328,0,0,251,0,5,0,69,0,13,425,478,0,12,0,0,4759,0,0,0,0,1,1745,0,250,0,2,293,0,0,0,0,21,1952,2425,1880,0,3,0,0,0,0,66,0,0,129,113,0,22,0,154,0,0,0,0,0,0,0,0,7,0,0,0,0,0,0,0,72,0,0,0,0,0,0,0,13,2,0,0,7055,0,0,0,0,0,132,0,0,0,0,0,0,0,6243,0,0,0,0,0,0,0,0,386,0,0,0,0,0,0,15,0,88,0,0,0,0,0,0,0,1058,25,0,0,0,0,0,0,38,0,631,0,0,0,368,0,0,0,21,0,0,0,0,0,0,0,0,26,47,0,0,0,0,0,0,0,0,0,0,0,0,0,0,0,0,0,2,7,0,0,0,0,0,0,0,0,0,38,0,0,0,0,0,102,0,0,0,70,0,0,6,0,0,0,0,0,0,0,0,0,0,0,0,0,0,0,0,0,0,0,0,0,0,0,0,0,60,363,0,0,0,4,0,0,0,0,50,0,0,0,0,1,0,0,0,0,0,0,0,0,1,0,0,1,0,0,0,0,105,0,0,0,0,0,0,0,0,371,0,0,0,0,0,0,0,0,0,0,0,0,0,0,318,0,0,0,0,0,0,0,0,0,0,118,0,0,149,21,1043,58,0,0,0,162,0,0,0,0,0,0,0,0,0,0,0,0,7079,0,0,0,0,0,11,0,0,0,0,0,0,0,0,0,0,0,0,0,0,0,0,0,0,0,0
"gene_453",0,0,22,0,0,0,8292,326,0,0,0,27,0,317,0,30,462,3,0,1,0,133,1,2880,0,0,4,1,0,0,0,0,0,0,408,0,9,5,1519,0,1,110,0,117,0,0,0,23,0,0,0,0,0,0,0,356,2051,0,0,931,0,0,146,0,492,371,0,0,0,1314,0,0,0,0,2,51,0,452,590,69,50,5,1013,0,230,0,0,1,0,2,0,26,0,0,0,1234,0,0,0,0,0,0,0,0,0,0,0,0,0,0,0,0,87,0,0,0,0,0,4395,0,0,30,1,0,0,2,0,0,0,0,0,0,0,0,0,0,0,0,0,2513,0,0,0,0,0,89,0,0,0,33,0,0,0,0,22,0,551,0,7,0,61116,0,0,0,0,0,11,0,0,290,566,39,0,5,0,0,0,0,0,3218,20,63,32,0,0,5537,290,0,1922,0,0,0,4191,0,80,0,0,0,0,0,0,0,0,0,0,0,0,0,0,0,0,0,1,0,692,0,0,0,0,0,0,0,0,0,0,0,0,0,7,0,0,0,0,0,0,0,1,6,0,0,1,0,0,0,12,1,6990,2,0,0,0,0,225,0,0,0,0,0,18,26,0,7,0,0,417,377,0,40,448,0,0,0,0,0,0,0,0,0,0,0,0,0,0,0,2,0,0,0,0,0,0,0,0,300,0,17,194,2,0,49,743,0,0,0,139,0,0,0,0,0,0,0,0,553,0,0,0,0,0,0,0,0,0,0,0,0,0,694,6570,1,0,0,261,0,0,0,0,0,2,0,0,0,148,0,0,0,31,0,0,0,0,3156,0,80,0,2,1,0,0,5,0,0,0,0,0,31,389,1403,0,0,339,0,0,23,0,0,35,0,0,785,0,0,0,5,0,21,0,0,0,503,457,2,0,1,9163,630,0,0,0,0,0,14,0,1,1,682,0,2,0,0,0,3,0,0,0,0,0,1,2,11,3,37,0,0,0,0,0,321,0,0,0,1024,0,63,0,319,0,1168,0,0,35,0,11,3170,224,2602,265,19,0,14,86,10,55,0,0,474,4,0,52,593,9,2,105,239,434,2,0,0,662,1499,263,442,4,0,1,307,2,372,2,56,0,0,0,30,68,13,197,205,0,0,364,804,846,0,0,0,163,0,2,0,162,0,286,0,1,15,317,1114,313,245,0,164,448,644,12,1,0,419,18,31,0,0,5505,20,0,0,45,152,0,1,25,0,0,120,115,1524,373,2,62,1063,0,0,569,9,0,2,686,26,1,16,3448,0,82,372,40,441,0,814,198,15,63,474,894,1,93,3,50,244,26,246,1124,0,180,1718,1,0,0,0,0,0,171,3808,1806,12,0,0,0,4,2371,55,321,1938,512,109,0,22,1,4042,12944,0,98,0,25,0,1185,0,3,22191,27,0,0,0,847,0,0,0,27,6,3,0,0,0,63,0,14860,692,636,2971,0,0,710,773,248,472,0,0,0,0,0,0,0,0,0,880,680,684,0,438,1869,0,0,108,432,329,217,106,0,0,2,5,0,217,0,148,607,0,2976,0,0,0,0,828,0,5,2,605,54,0,7,0,1387,12,0,3,0,1916,0,6,91,3922,1,704,63,45,1705,23,26,0,2234,0,289,292,0,1306,37,0,0,0,555,0,0,2,0,0,0,74,0,0,42,885,566,633,193,5,2,0,85,812,0,1,8,35,0,9,0,0,0,1597,3,7839,6945,9,0,0,406,992,10,10,0,9830,60,596,0,0,0,7,0,0
"gene_454",0,0,1920,8,0,572,4806,2838,0,5,1,1,2151,0,0,18,2188,2880,176,133,1,0,0,0,247,0,1412,1,3,0,77,0,69,4,0,136,0,428,833,29,0,90,0,0,32,3,2,0,0,2462,425,144,985,761,0,1424,320,0,171,0,0,0,5088,265,13,1,0,204,0,187,2,670,155,287,10,0,2903,0,0,11,1,197,0,37,3903,14,1,3732,77,0,0,2405,0,0,0,0,0,0,0,0,0,0,0,0,0,0,0,0,0,0,0,0,0,0,0,0,0,0,0,0,0,0,0,0,0,0,0,0,88,0,0,0,0,0,17,0,0,0,0,0,0,0,0,0,0,0,0,0,0,0,0,0,0,0,0,0,0,0,0,0,3,0,0,0,2,0,0,0,0,0,0,0,0,0,0,0,0,0,0,0,0,20,0,0,0,0,276,0,0,0,0,0,0,0,0,0,0,0,0,0,0,0,0,0,0,0,4,0,31,0,0,0,0,0,0,0,0,0,0,0,0,0,0,0,0,17,2,0,93,14,0,3,9,0,2,0,3,0,0,0,0,0,4,0,0,0,0,0,0,4,0,4,0,0,0,0,1,0,0,0,0,0,0,0,0,1915,16,0,0,0,0,0,0,0,0,0,0,0,1,0,0,222,13,0,0,0,0,0,334,6,731,0,0,0,0,0,0,0,51,0,0,0,3,10,0,0,0,1,0,78,0,0,0,0,0,0,2,0,124,4,49,50,0,475,0,0,0,0,38,0,0,0,12,0,528,619,0,179,0,0,0,131,12,4,5,0,0,0,0,0,0,0,0,51,0,0,73,0,0,2,6,0,15,0,18,0,0,0,28,0,24,6550,2747,0,0,1,326,0,256,2,10024,119,120,0,0,0,8,0,0,77,0,0,0,76,43,0,0,932,0,0,0,99,0,0,0,427,0,0,0,0,0,0,0,0,0,26,72,0,0,34,0,0,0,1527,0,0,0,0,33,342,0,32,2446,189,601,158,3343,1,3537,4332,9380,1525,1027,1552,525,349,783,4,775,19,177,0,2,28,4632,1628,131,5453,133,635,355,1769,1012,3399,0,4830,4854,76,8,5258,4545,6,70,3,46,424,1060,891,0,2070,92,52,157,95,1,13748,3,2168,614,7351,888,0,83,9740,1959,1516,1568,333,435,12,38,25,0,754,20,12,1603,96,0,4,1229,18,3538,55,14835,1321,31,5163,4192,993,186,171,652,599,161,150,3087,772,0,182,2593,1,1,56,180,1783,2,3460,23,5106,14058,0,2,38,36,4,15,1456,57,904,350,2183,4797,20,5525,5156,0,234,979,308,463,5241,259,1577,769,3890,1284,3931,486,180,19,19,24,0,10,0,0,10,1073,0,3,0,91,17,1241,33,0,4721,118,220,0,0,0,317,511,4,794,0,20,0,4393,1,24,3194,0,96,0,9425,23877,0,1038,1,728,1,0,0,653,0,439,4913,1,7,4228,56,403,3025,0,414,2280,0,3055,101,336,0,4,0,82,27922,1,2188,3,4784,0,1,0,120,25243,216,5093,7606,3,0,1274,0,3,6,20,0,1856,0,1215,1955,749,1063,283,0,0,4544,337,0,2,3,337,609,0,142,0,28,0,6846,0,2,0,0,1,0,0,0,0,4083,915,0,0,4,37,6,3239,0,0,0,7,0,1296,0,1883,0,0,12,0,1,7,330,1183,0,1,136,228,1101,1018,0,16810,15,1,5453,16925,4,58,9,0,6081,0,1589,8460,151,1448,2,0,0,6189,10,34796,0,4177,0,405,24039,0,46,0,336,6064,885,0,2811,0,5624,0,869
"gene_455",0,131,0,0,5,0,0,3,0,0,0,0,0,0,0,952,0,0,0,0,0,0,2,0,6,245,0,359,51,0,0,1,0,7,0,0,15,0,1,228,0,0,0,53,0,0,0,0,0,0,10,0,0,0,0,0,73,0,8,0,0,0,30,0,1176,226,1,0,0,1,0,0,0,0,0,0,8,9,0,0,0,35,0,0,0,0,0,0,0,201,0,7,3,0,0,0,0,0,0,0,6,0,0,0,0,0,0,56,0,0,0,0,0,0,0,0,0,0,23,0,0,0,0,0,0,0,1,3586,0,0,0,0,0,1227,0,0,7,0,0,9,0,0,0,0,0,0,144,45,108,0,24679,0,0,0,0,0,0,0,0,0,0,0,0,0,0,0,0,7629,7,0,257,4,0,0,0,0,0,0,0,0,0,0,0,0,0,73,0,0,0,133,78,0,0,5408,0,0,0,0,1,109,0,0,1,0,0,0,0,0,0,0,165,0,0,0,0,0,0,0,0,0,0,7,0,0,51,0,0,0,0,0,0,67,1,0,1,61,0,3,0,0,0,0,181,0,1,0,0,0,0,4,0,0,0,0,0,0,86,0,0,0,9711,172,0,0,1,0,0,836,5,0,1150,0,0,0,0,82,3,1823,620,0,0,0,9,140,31,0,0,0,58,0,0,13,0,0,0,0,0,230,0,0,0,0,174,15,139,0,3,0,20,0,0,0,0,0,0,1001,0,0,2796,0,0,3,0,0,244,0,0,0,0,0,0,0,0,702,0,0,0,680,1,363,0,226,0,0,1332,46,22,12,0,47,0,915,445,0,0,3,515,16,0,21,0,0,0,100,0,3,2980,0,13,44,0,0,647,17,31,0,0,0,4,47,2626,375,0,13,1,0,0,54,23,39,0,57,0,0,0,0,0,832,0,0,842,0,0,43,0,4,0,0,319,0,0,0,0,0,0,0,35,0,0,0,14,0,0,12,0,0,18,0,0,21,0,1,0,0,0,0,0,0,0,71,195,0,818,0,0,10,0,0,0,3,0,0,0,0,0,0,0,633,0,58,9,0,0,0,477,0,0,0,0,0,0,0,0,1,0,0,0,0,119,1,4,0,0,0,0,0,3,0,0,256,3460,2,1,5,0,0,32,0,848,0,0,0,0,0,0,2,0,0,0,131,0,0,30,0,0,3,0,0,9682,0,0,0,0,0,0,0,24,0,0,0,0,0,0,217,14,104,0,8,651,0,0,17,0,0,3297,0,0,0,0,0,7,0,95,24,0,0,0,0,0,4,2,0,0,0,0,0,0,0,0,0,1407,0,0,0,0,9,0,171,0,0,1475,52,0,3495,239,49,0,0,0,0,0,0,0,0,20,3,0,50,0,0,0,0,0,0,0,0,0,4,0,81,0,0,0,0,0,0,0,165,0,0,0,3,0,0,0,0,20,0,636,0,0,0,0,1023,0,186,0,0,10,0,0,0,0,42,0,0,0,72,3,0,0,0,0,0,22,79,0,0,0,0,0,0,0,0,72,0,0,6,0,0,0,6,0,0,0,0,0,30,0,0,0,0,0,0,0,0,0,14,0,0,0,0,0,0,0,0,0,0,0,105,0,0,1087,0,58,0,0,1261,0,0,472,0,0,0,0,0,0,0,0,0,0,0,262,0,0,1,0,0,0,0,0,0,1,0,44,0,71,0,0,60,0,0,0,0,0,0,0,0,0,270,0,0,18,152,181,0,0,0
"gene_456",12946,2577,3,161,1295,154,38252,18752,495,1016,8737,402,1047,742,1539,464,0,21266,110,3877,2904,0,0,1309,1316,7739,642,4324,165,0,12346,792,37,3494,11293,3438,12137,4907,8,927,77,5635,443,1870,4412,749,10,1876,10559,237,515,14,490,1,244,1324,1220,5050,0,686,266,27658,4671,118,5471,490,504,2,8178,32979,419,2874,179,1,13,22,10124,764,546,89,2059,218,91,5794,475,77034,110,260,1,2757,875,3330,2833,629,1,191,113,132,9491,252,200,2424,1723,8593,5749,1323,4971,17692,9464,161,25399,175,2841,704,4636,28192,1066,957,317,1836,1767,574,571,1471,6352,424,0,64,262,0,0,4,914,5363,26782,0,37653,191,29693,4697,13331,5506,618,23952,284,24,245,819,46533,12072,4335,26,252,8506,927,1130,959,1631,1,200,25678,7923,321,3223,2734,4915,444,7685,22,151,1248,2089,22655,5,15231,128,26,678,2819,9416,32368,1033,90,8418,66332,173,59,5873,5374,713,986,42,0,966,0,2295,2092,0,0,22,5,3014,0,1530,11,1,1,54,195,0,1461,1139,83,0,0,387,0,0,0,0,19,27,377,2,211,187,221,1774,0,7940,0,281,6,36,0,1,0,98,0,1,250,814,2,1030,0,0,4,0,0,321,4,248,0,12,0,3263,6,0,26,12,51,0,0,0,4,13319,325,0,0,1481,6013,127,5332,439,0,137,0,73,817,0,478,0,0,6,25,1015,2,0,0,8525,504,0,0,574,2790,0,0,0,0,0,0,338,0,6,4017,0,0,193,0,409,621,0,231,0,1299,0,49,319,0,281,62,0,2856,91,885,0,622,746,4981,0,23,14,0,1101,22737,58,0,2,0,161,0,13204,60,0,37399,78,0,0,34090,1967,1223,0,2995,0,152,0,70,45,0,0,0,0,0,10,4,3907,1445,0,190,896,0,5453,611,0,0,4673,29,0,101,0,34,1,1,17858,1268,0,2758,0,0,1267,7072,194,1783,1,517,0,0,6,2,6,118,16540,0,0,0,0,1742,0,0,24,0,196,15,0,15,0,12,0,5,0,1,375,3,86,0,0,224,2,10,437,9,7,1501,16279,26294,676,15464,4450,4634,5366,30680,948,1169,2026,12210,829,12171,130,198,7594,71977,5625,31,4822,638,95521,425,3406,2143,63684,150,1681,6384,4622,3495,16105,2396,22394,15784,17788,3971,24287,8542,9803,3801,1848,24788,4434,116,10406,349,8525,2330,291,1012,3717,18070,11,0,10642,186,8774,17953,2621,1,167,7007,1237,5291,5520,8327,728,4668,15761,2345,22,151,12847,27,134,525,1715,1817,476,11728,1076,3277,8374,16791,8477,36,238,15535,8479,5221,13876,7490,2326,1639,1495,2442,13731,10648,12777,4368,0,5236,1860,367,16483,75,200,6324,3122,16786,25161,12081,56,1864,15045,9502,95,6,2316,4531,268,3356,2406,1950,1555,21326,196,3402,375,3984,8439,34741,6557,1,8266,3290,4459,10460,969,8832,11393,5762,3646,2229,3212,3166,2581,3941,379,2481,8,8357,30545,7148,4013,17534,14798,21382,9729,39814,2213,3348,96,18288,13057,600,4944,4439,1346,110240,30938,1634,9332,23827,16825,2057,200,21959,7564,14510,41750,264,39720,4028,10180,3914,14466,786,5732,3087,363,56311,314,1880,1429,363,22939,7508,12700,20613,41843,854,1496,29510,1524,3068,230,62575,127421,1474,30823,4660,918,930,15272,75422,45536,42737,2020,3881,2931,2011,455,3222,6479,19921,504,15619,12915,71219,31837,750,204,2728,2034,6986,2090,2545,5143,2388,47408,3497,830,0,11906,692,9043,16854,3480,1056,1576,5103,20267,18601,192,938,680,826,7259,19061,171,15133,5,21172,212,12186,50072,57248,646,737,34203,26498,26289,2497,29823,1361,2023,15,2533,190,25391,1045,54391,2630,4165,769,258,11,1,216,88765,6658,16455,268,888,53214,15956,4616,3864,28634,187552,1254,3293,1916,15975,19703,13598,18986,10867,64,303,45168,1136,6794,4043,112,3086,1256,6159,293,662,252,32398
"gene_457",39,2102,0,3,0,0,2,1729,0,16,77,7847,0,81,0,7252,662,0,0,2,3,1,1,3,1,0,2,154,6764,231,0,0,1,81,0,0,0,2161,11275,0,109,0,101,30,0,4887,0,804,21,0,0,0,639,127,0,72,0,256,32,31,1,199,448,0,240,0,2,0,627,4,322,0,13,0,0,0,1,0,0,0,1,209,1,3,13411,0,0,0,2471,28,5,0,0,0,0,0,0,2,1,0,105,0,0,129,0,0,0,0,0,0,0,64,0,0,1,1295,1,0,0,0,332,0,0,375,0,0,0,0,0,0,226,0,1,29,0,0,0,363,0,1658,0,2459,40,0,0,1993,12,0,512,2166,0,207,0,0,10,0,0,0,0,0,0,0,0,0,0,1450,0,1,0,0,0,2048,1,0,859,0,16,1,0,0,0,0,0,0,0,0,0,386,0,0,0,0,0,22,1709,0,0,0,3,0,0,0,0,0,15,2,0,0,0,0,5,0,13,0,0,0,0,0,0,0,0,0,0,1,0,0,0,0,0,0,0,0,0,0,0,0,3,865,37,109,111,2,7,0,0,0,0,319,0,0,1,0,556,0,2044,179,1021,370,0,0,2,0,0,0,56,0,0,0,14,26,0,35,0,0,2,0,0,0,0,0,0,0,0,194,0,0,0,0,0,41,229,1,0,0,0,0,0,21,144,0,0,2,10,147,15,0,0,0,0,0,0,0,0,0,49,0,0,0,84,1,0,0,335,0,3,0,0,16,0,0,0,0,54,2,120,0,0,0,2,0,0,0,22,2,1,0,0,3,1,0,4,7,0,0,194,4,0,0,0,0,189,18,0,0,0,40,0,0,0,32,0,0,0,0,0,0,17,0,0,3,0,8,0,0,0,2,4,34,216,0,0,0,12,0,0,0,0,0,0,0,0,0,0,14,0,20,0,0,0,128,15,0,0,0,0,2,400,0,502,3,54,0,0,0,2,0,0,128,0,0,99,0,0,0,0,4,0,8,0,57,0,0,685,3,0,0,0,0,0,0,18,0,0,0,0,0,0,0,0,0,0,0,438,0,0,0,0,0,0,76,173,0,0,0,3,0,0,0,0,0,0,0,0,0,16,0,1,0,0,0,0,0,0,0,0,0,0,0,0,0,152,0,0,0,0,0,0,0,0,0,0,0,0,8,0,0,0,0,0,0,0,0,0,0,524,0,7,0,0,0,8,0,199,0,0,0,0,0,22,0,0,0,0,200,0,0,70,0,0,0,0,0,0,0,0,0,0,189,0,0,0,1,0,0,0,0,305,30,0,0,0,0,0,0,0,0,3,0,0,0,0,0,0,0,0,0,0,0,0,0,0,0,0,0,0,0,0,157,0,0,0,0,0,0,0,0,0,0,0,0,0,4,12,7777,0,0,0,0,0,0,0,25,50,0,2710,0,0,0,0,0,0,0,0,0,0,131,0,0,0,0,3,122,5759,0,0,0,0,4,0,0,0,0,6,0,0,0,0,0,0,0,0,0,0,0,0,0,0,0,0,7,1,0,0,3,0,0,1159,2,0,0,0,0,0,0,0,0,0,0,31,0,0,0,0,0,0,0,0,0,35,0,0,0,0,0,0,80,11,0,0,12,0,0,0,1051,2,0,1794,0,0,0,0,0,0,0,0,0,0,0,0,0,0,0,0,734,0,60,0,2619,0,0,0,0,0,0,0,1338,0,0,0,0,0,0,0,0,0,0,0,0
"gene_458",0,0,0,34,2,0,0,21,0,0,0,0,0,0,0,0,0,0,0,0,0,0,13,0,0,0,0,0,0,0,0,209,0,309,0,216,0,0,0,0,0,103,173,0,0,0,0,0,0,3344,0,0,0,0,0,0,14,0,0,0,0,0,0,0,0,469,0,0,0,757,0,0,0,0,0,0,105,0,2,12,0,0,0,0,0,0,0,41,0,0,0,0,0,0,0,0,0,0,0,0,0,0,0,0,0,0,0,0,0,0,0,0,0,0,0,0,0,0,0,0,0,0,0,0,0,0,0,0,0,0,0,0,0,0,0,0,0,0,0,0,0,0,0,0,0,0,0,0,0,0,0,0,0,0,0,0,0,0,0,0,0,0,0,0,0,0,0,0,0,0,0,0,0,0,0,0,0,0,0,0,0,0,0,0,0,0,0,0,0,0,0,0,0,0,0,13,0,6,0,1,0,2,0,0,74,1,0,6,13,1,23,0,30,0,0,0,5,0,4,12,0,5,1,3,132,0,0,0,0,0,5,0,0,0,0,2,13,38,49,2,1,1,0,3,0,0,2,19,0,0,0,1,13,0,0,31,1,0,2,30,0,6,0,0,0,0,0,0,0,0,0,0,0,0,0,0,0,0,0,0,0,0,0,0,0,0,0,381,0,0,0,0,0,0,0,0,0,0,0,0,0,0,164,0,0,0,0,0,0,0,0,0,0,0,0,0,0,0,0,13,0,0,0,19,0,0,0,0,0,174,0,0,0,0,0,0,0,0,0,0,0,0,0,0,0,0,1,0,0,0,0,0,0,0,0,0,0,0,0,0,460,0,0,0,0,0,0,0,0,0,2,0,1,0,0,0,119,0,0,0,0,0,0,0,0,0,0,0,0,0,0,2,0,0,37,72,0,0,0,0,0,37,0,0,0,0,0,0,0,0,0,0,0,0,0,0,0,0,0,0,0,0,0,0,0,0,0,0,13,0,0,0,6,0,141,0,0,1,0,3,0,40,0,0,0,0,0,2,0,4868,0,33,0,0,0,0,0,0,0,0,0,0,408,576,61,0,1,0,0,0,0,66,0,0,0,0,0,0,0,0,0,64,0,0,1,0,468,0,0,0,0,0,0,0,0,0,0,0,0,0,0,0,0,0,1,0,0,65,0,0,0,0,0,0,8,0,13,8,0,0,1,0,0,0,0,54,18,0,0,27,32,388,1,29,0,0,0,0,0,0,0,0,0,2,0,0,58,0,0,5,0,0,1,0,34,6,0,0,6461,0,0,146,0,237,0,0,0,258,0,0,257,0,1,0,0,2,0,0,0,0,0,0,0,0,0,0,487,150,0,0,0,0,0,0,99,0,0,0,0,0,0,0,0,0,0,0,0,0,0,0,0,0,0,0,1,0,0,0,0,0,0,0,0,0,0,0,0,0,0,15,0,0,0,697,0,0,0,0,0,0,0,0,0,0,0,0,0,0,0,0,0,0,0,0,26,0,0,0,0,0,6,0,0,0,3,0,0,0,0,0,0,0,0,0,0,0,0,0,0,0,0,0,0,0,0,0,135,0,0,0,0,0,0,23,0,0,0,0,0,203,0,0,0,0,0,0,0,0,0,0,0,0,0,0,0,0,0,0,0,0,0,0,0,0,0,0,0,2,0,0,0,3248,0,0,0,0,3590,0,0,0,0,35,0,0,0,0,8,0,0,0,0,3,0,0,0,0,0,0
"gene_459",14295,3002,3191,990,92,3223,3722,0,131,1484,9,187,3736,1365,4503,781,18,903,444,1604,538,2485,5,221,1,3,140,637,217,9057,1171,165,0,3869,57,12,14032,3062,0,0,1533,356,755,191,0,2584,2557,43,7393,736,124,1976,360,43,4,0,1415,3,5905,32,14,5180,16292,1022,263,3182,3378,50,227,43,136,2912,9,25490,81,339,164,534,0,1898,3396,200,1,6171,9095,78,4,0,1,280,295,0,41,83,1971,6,0,0,18,0,76,3826,0,649,35,1,0,109,0,9,0,0,0,0,44,0,0,47,1,913,1,12,0,1422,251,0,0,2,0,1,169,0,1,0,2008,0,0,6,0,0,2478,10,1134,488,0,379,3114,5,699,146,10033,253,30,0,1,0,18785,0,420,7,6,952,0,34,1041,550,313,217,327,2087,243,0,0,0,368,6742,6468,1682,117,1251,13,0,0,488,48,1690,2213,2112,3,0,322,761,92,7,0,0,0,16,0,0,0,21,0,71,0,0,79,282,0,18,0,0,4,0,0,1,0,708,101,0,0,0,0,0,0,0,5998,1,0,0,9,0,0,0,0,0,0,14,92,0,0,0,69,510,619,2719,0,0,8,0,7,401,0,0,0,0,230,0,3734,3,3,0,2,0,318,28,0,0,0,0,2,56,0,2021,0,0,2049,6,0,19,0,0,5,4,26,0,1109,0,0,2082,0,0,0,0,0,0,0,0,0,0,846,0,0,16,0,0,5,897,4,13,0,0,0,7,1,153,0,0,0,1244,133,0,0,0,0,0,11,0,0,0,0,0,17,0,0,13,128,0,0,1508,0,0,0,18,0,0,2,4,0,291,0,1982,6,155,25,1,1,0,1055,0,162,0,0,2687,0,0,1349,0,0,0,0,0,1,0,0,0,1,0,8,0,0,0,0,2,1,0,0,0,681,0,7,5093,24,0,44,7,26,312,0,0,0,0,0,0,0,2,3,1,0,0,0,0,5,120,15,0,0,0,0,0,0,0,7,0,2,0,0,960,0,320,0,20,6,8568,9,1240,0,472,0,100,22,22,3,8923,31,286,13748,65,0,3799,157,4683,2927,14,860,4345,83,50,17,0,217,443,3690,0,434,1297,0,73,0,0,0,3136,0,0,8,1,149,0,5,7813,1,152,143,0,0,0,0,824,258,19,5257,38,3646,295,1418,443,4202,7,0,0,44,1,69,5831,217,728,1857,3,7,0,0,1085,0,0,4461,571,17527,16,1284,41,26,9,28,372,2,1229,2709,35,0,66,6291,0,0,2441,51,1,5513,98,575,93,0,0,10263,4578,0,0,5869,0,412,5,516,0,181,20,0,0,113,9421,909,0,9,5,0,107,194,0,0,4,201,1,0,31,4,26,4570,17,34,0,0,0,70,2723,248,117,0,234,0,0,0,482,0,0,202,5,1615,0,0,0,0,411,0,1,1798,0,0,0,1,8778,0,24,2,0,0,7,7949,9,16,1,425,3531,450,0,0,1725,0,0,0,43,725,0,66,0,3886,1,0,0,5,11530,3,23,0,0,0,0,6,0,22,0,3347,9,162,0,3,44,4,0,7047,5645,139,20,0,0,1486,47,0,0,265,55,0,189,0,2,939,1732,0,0,202,0,5,0,5863,161,0,2202,19,4103,739,0,0,1,2773,336,0,10,0,2,67,0,77,0,0,47,0,38,0,4,445,25,209,0,0,94,46,175,15,0,0,151,0,70,0,0,0,41,1267,0,1,0,661,0,0,542,0,1147,0,0,0,0,0,0,0,0,4240,0,2290,0,0,0,0,0,8287,3,9,71,683,326,16,0
"gene_460",0,0,0,0,0,0,0,0,0,0,0,0,0,0,0,0,0,0,0,0,0,0,0,0,0,0,0,0,0,0,0,0,0,0,0,0,0,0,0,0,0,0,0,0,0,0,0,0,0,0,0,0,0,0,0,0,0,0,0,0,0,0,0,0,0,0,0,0,0,0,0,0,0,0,0,0,0,0,0,0,0,0,0,0,0,0,0,0,0,0,0,0,0,0,0,0,0,0,0,0,0,2,0,0,0,0,0,0,0,0,0,3070,0,0,0,0,0,0,0,0,0,0,0,0,0,0,0,0,0,0,0,68,0,0,0,0,0,0,4,0,0,0,0,0,0,0,0,0,0,0,0,0,0,0,0,0,0,0,0,0,0,0,0,0,0,0,0,0,0,0,0,0,0,0,0,0,0,0,0,0,0,0,0,0,0,0,0,0,0,0,46,0,0,0,0,0,0,0,4554,0,0,66,0,0,0,1,0,11,0,387,0,0,0,0,0,168,0,0,0,0,0,0,0,7,0,2590,54,0,0,0,117,0,0,0,2,0,0,0,48,0,0,124,0,0,0,0,0,0,0,0,1,0,0,0,2,0,0,0,5,0,0,0,0,0,0,0,0,0,0,0,0,0,136,0,0,0,0,0,0,0,0,0,0,0,0,0,0,0,0,0,0,486,0,0,0,0,0,0,0,0,0,0,0,0,0,0,0,0,0,0,0,0,0,0,0,0,0,0,0,0,0,0,244,0,0,0,0,241,0,0,0,0,0,0,0,0,0,0,0,0,1,0,0,0,0,0,0,29,0,0,0,0,0,0,0,0,0,0,0,0,0,4,0,0,0,0,0,0,0,0,0,0,0,0,0,0,0,0,0,0,187,0,0,0,0,0,0,0,0,0,0,0,0,0,0,0,0,0,0,0,0,0,0,0,752,0,0,0,0,0,0,0,0,0,0,0,0,0,0,0,0,0,0,0,0,0,0,0,0,0,0,0,487,0,0,0,0,0,0,0,0,0,0,0,0,0,0,0,0,0,128,0,0,0,0,0,1,0,0,0,0,0,0,0,0,0,0,0,0,0,0,0,0,0,0,217,0,0,0,0,0,0,0,0,0,0,0,0,0,239,0,0,0,0,0,0,0,0,0,0,0,0,0,0,4,0,0,0,0,0,0,0,0,0,0,0,437,0,0,0,0,0,0,0,0,0,0,0,0,0,0,0,0,18,0,0,0,0,0,0,0,7,0,0,74,0,0,0,3,0,0,0,0,0,0,0,0,0,0,0,0,0,0,0,0,144,0,0,0,0,0,0,0,0,0,0,0,747,0,0,1,0,0,0,0,0,0,0,167,0,0,0,0,0,0,0,0,2940,0,37,0,0,984,0,0,0,3,0,0,0,3854,0,0,0,0,0,0,0,1,67,0,0,0,0,0,0,0,0,0,0,0,0,0,0,0,0,0,0,0,2,0,0,0,0,0,0,0,0,0,0,0,0,0,0,29,0,0,0,0,0,0,0,0,0,297,2,0,0,286,0,0,0,0,169,13,0,0,0,0,0,0,0,0,0,0,0,0,1,0,0,248,0,0,0,1827,2,0,0,0,0,0,0,0,0,0,0,0,0,0,0,0,0,0,0,0,0,0,0,0,0,0,0,0,0,0,0,0,0,0,19,0,0,1619,0,0,0,0,0,0,0,0,0,0,0,0,0,0,0,0,0,0,0,0,0,0,0,0,0
"gene_461",0,0,0,0,0,0,0,0,0,0,0,0,0,0,0,0,0,0,0,0,0,0,0,0,2593,186,0,0,0,0,0,0,0,0,0,0,0,0,0,0,0,0,0,0,0,0,0,0,0,0,0,0,0,0,0,0,56,0,0,0,129,0,0,0,0,0,0,0,3433,0,0,0,0,0,88,0,0,0,0,0,0,0,0,14,0,1,0,0,0,0,0,0,0,0,0,0,0,0,0,0,0,0,0,0,0,0,0,0,0,1,0,0,0,0,0,1838,0,0,0,0,82,0,0,0,0,0,0,0,0,0,0,0,0,0,0,0,0,0,0,0,0,0,0,0,0,0,0,0,0,0,0,0,0,0,0,0,0,0,0,1,0,0,0,0,0,0,0,0,0,0,0,0,0,0,0,0,0,0,0,0,0,0,0,0,0,0,0,0,0,0,0,0,0,0,0,0,0,0,0,0,0,0,0,32,0,0,0,0,0,2433,0,0,0,0,1,1,0,0,0,0,0,1,0,0,0,1059,0,6,0,0,0,0,0,7,0,0,0,0,0,0,0,0,0,84,9,0,0,0,0,0,0,0,0,0,6,78,0,0,0,0,0,0,0,0,0,0,0,1,0,0,0,0,0,0,0,0,0,0,0,0,0,0,0,0,3,0,0,0,0,0,0,0,0,0,0,3,0,0,0,0,0,0,0,0,0,0,0,0,1519,0,0,395,0,0,0,0,0,0,0,0,18,0,1,0,0,0,0,0,0,16,0,17,0,0,0,0,0,0,0,0,29,566,193,0,0,0,0,0,0,0,0,0,0,0,0,0,0,0,0,0,0,0,0,0,0,0,0,0,0,0,0,0,0,0,0,0,1,16,0,0,0,0,0,0,0,0,0,0,0,0,47,0,0,0,0,0,0,0,284,0,0,0,0,0,0,0,0,0,0,0,0,0,0,0,0,0,0,138,0,0,0,0,0,0,0,0,0,0,0,0,0,0,0,0,0,0,0,0,0,0,0,0,0,0,0,0,0,0,0,0,0,0,0,0,0,0,0,0,0,0,76,0,376,0,0,0,0,0,0,0,0,0,0,0,0,0,0,0,0,0,0,0,0,0,0,64,0,0,0,0,0,0,0,0,0,0,0,0,0,0,0,0,0,0,0,0,0,0,0,0,0,0,0,0,0,0,0,0,0,5,0,0,0,0,0,0,0,0,0,0,0,0,0,0,0,0,0,0,0,0,0,0,0,0,0,0,0,0,0,0,0,0,0,0,13,0,0,0,84,0,41,0,0,0,0,0,0,0,0,0,137,0,3693,0,0,0,0,0,0,0,0,0,0,0,0,0,0,0,0,2256,0,0,0,399,0,0,0,0,0,0,1,0,438,0,0,0,0,0,0,0,0,0,0,0,0,0,375,0,0,0,0,0,0,0,0,0,0,0,1,0,0,0,0,1,0,0,0,0,0,0,0,23,0,0,0,0,0,0,0,0,0,0,0,0,0,8,0,0,0,0,0,0,25,0,0,0,0,0,0,0,0,0,0,0,0,1,0,21,0,0,0,0,0,0,0,0,0,78,0,5,0,4,0,0,709,0,0,0,0,0,0,0,0,0,0,1,0,0,0,0,0,695,0,0,0,0,0,0,0,0,0,0,0,0,0,0,0,0,0,3454,4,7,18,0,0,0,0,0,0,0,0,0,0,1,0,49,0,0,0,0,0,25,0,0,0,8,0,0
"gene_462",0,0,10,1126,129,0,0,391,64,1,0,860,0,0,4,1,1,99,0,0,141,13,0,0,0,5,0,180,2313,24,2,0,1276,3,454,54,0,5,166,666,67,13,0,0,15,0,0,1016,0,353,809,0,0,2,0,2418,0,6,0,5,105,0,452,0,0,81,47,0,0,15126,0,0,805,65,855,33,0,1853,0,76,0,4,797,0,163,0,12,0,17,419,0,9,0,13,0,343,15,13,1292,25,0,8,13562,0,550,0,12,3155,0,258,1,0,11,0,1,178,0,1529,1,1,2840,2,307,0,560,0,17,38,3332,85,3,9,4,15683,3988,0,0,6458,0,0,0,0,4388,0,197,6,0,13516,209,9427,19381,0,860,19,6828,16997,6,349,1501,0,2,4,258,954,2663,219,0,5752,109,86,1369,648,0,1,0,1,9,783,2321,0,23,0,4,675,1,107,0,1,375,74,18,300,1949,4256,0,130,117,95,44,0,0,0,0,8,8,13,13423,0,10,67,0,3413,119,1,2,5927,217,3050,5318,298,202,3,269,0,11819,757,657,0,219,0,0,0,1437,17,7,257,15250,189,5,8,51,81,1,236,368,276,1,482,0,0,19031,2,2920,0,19845,74,12,0,1992,462,5161,1307,220,2,2,553,54,18,46,90,20,1883,2203,563,4548,1045,1737,39,0,341,12,5020,2461,70,33,2096,30,422,18,3670,585,12,4,0,4,0,25,19,132,1735,8,460,317,555,1785,2533,2204,221,1180,51,74,8,0,86,0,15,11,0,0,2,2035,2,4465,0,1908,2389,1142,395,0,78,3203,45,78,10,860,486,81,1932,11,7,1,0,0,2062,295,126,4,28,0,3,10,145,303,0,157,86,1,4,58,5,230,2310,3257,26,285,8,5,1792,102,0,698,0,0,834,229,0,74,615,2335,343,3107,4243,2066,1416,34,0,42,123,145,431,236,3866,3964,28,1777,3754,6,1,1,87,0,380,2,8,0,5478,68,0,551,11998,1689,257,427,10,1606,302,9539,127,2,9,436,1,1702,6188,0,2070,13,809,803,1076,1,583,438,0,515,317,3196,8,2694,0,1632,7,20,5076,74,5258,0,719,0,0,32,0,11,221,4475,0,0,489,2428,5950,1323,0,85,102,6,4,24,35,3,0,2594,3,109,112,45,24,11,1797,3325,1567,548,0,4,530,7,373,27,196,0,22,0,0,0,682,2223,1484,3997,233,27,12,260,240,716,272,6,0,0,791,0,39,113,693,11,3379,102,3512,19,1748,1371,5287,125,1,1,1745,315,8910,0,403,1349,6063,0,1041,1,3130,4477,0,1308,55,630,0,115,967,182,33,938,2433,508,200,0,531,1110,54,140,0,93,967,34,1759,19,0,325,2115,270,3654,3581,169,18,192,25,203,0,0,0,0,9,0,0,0,0,0,1,5,0,0,416,0,0,451,0,1543,2,83,374,306,254,6,40,0,0,62,0,0,0,0,614,0,0,0,256,10,0,1442,0,10841,413,29,861,375,0,4,0,0,0,433,0,15471,0,0,0,0,0,0,0,926,0,0,1,128,0,0,0,0,98,0,0,302,0,0,0,0,2104,0,0,0,2,0,185,2,0,1631,0,1229,0,748,0,0,0,0,78,12,0,0,1,734,1128,36,0,33,0,1987,0,0,10792,0,0,5,3,0,954,49,1197,0,12,0,4220,0,0,4987,0,21,28,0,0,20172,0,99,0,0,143,236,1140,0,620,151,2,0,538,7488,6,5612,0,0,35,0,309,643,0,0,0,14,1,24,0,0,0,405,171,21,0,0,0,1682,11,14,451,0,46,181,0,7,2,3087,1,5728,0,0,37,377
"gene_463",0,16,0,0,0,187,1559,2,525,0,1524,349,0,29,0,5,2,6,0,0,5,0,0,268,0,135,0,0,0,1,0,0,14,0,0,3,0,0,1519,13,0,0,536,28,106,382,1,0,0,0,9,613,0,0,1584,1,367,0,0,0,0,0,0,0,0,0,0,1,0,362,0,2,0,0,0,1204,16,0,0,0,9,0,20,0,2,23,369,15,0,0,21,0,0,0,0,0,0,0,0,0,0,0,0,388,0,0,0,0,0,0,157,0,0,0,0,0,79,0,1839,0,0,0,0,4,5305,0,0,0,0,0,0,0,0,58,0,3,27,0,0,0,0,0,0,0,0,0,1424,79,2,0,0,810,0,0,0,0,0,78,0,0,0,0,0,0,0,0,0,0,0,0,0,0,0,0,0,0,0,0,0,0,0,0,0,223,0,0,0,0,0,8,0,0,1226,0,0,0,0,10,11,0,0,2,6,5,0,0,0,0,0,9,0,13,14,0,0,0,0,3,0,2,0,0,0,3,14,6,0,0,2,0,1,2,0,7,0,4,21,2,0,0,2,0,1,2,0,0,0,0,0,0,2,0,29,0,1,0,0,0,0,0,0,0,0,0,0,0,0,0,0,0,602,0,0,0,0,0,0,0,0,0,0,0,0,0,0,0,0,0,0,0,0,0,0,84,0,0,0,0,0,0,0,0,0,0,0,0,0,0,0,0,0,0,0,0,0,0,0,3,0,0,0,0,0,0,0,263,0,0,0,0,0,0,0,0,0,0,0,0,0,0,0,0,703,0,0,0,0,0,0,0,0,0,0,3,0,0,0,0,0,0,0,0,0,0,0,0,0,0,0,0,0,4,0,0,0,0,0,0,0,0,0,44,0,0,0,0,0,0,0,0,0,0,0,0,0,0,0,0,0,0,0,0,0,0,0,0,0,218,0,0,0,0,0,0,2,0,0,0,0,0,0,0,0,381,0,0,0,0,0,0,0,0,0,0,0,2,0,0,0,0,0,0,0,0,0,0,0,0,0,0,0,0,1,0,0,0,0,0,0,0,0,0,0,0,0,0,0,0,0,1,0,0,0,0,2,0,0,0,0,0,0,0,0,0,0,0,0,0,0,1,0,0,0,0,0,0,0,0,0,0,0,0,0,0,0,0,0,0,1,0,0,0,2,2,0,0,1,0,0,0,0,0,0,0,0,0,0,0,0,0,0,0,0,1,0,0,0,0,1,0,1,0,0,1,0,0,0,1,0,0,0,0,1,1,0,0,0,0,2,0,0,0,0,0,1,0,1,0,0,0,1,0,0,1,0,0,0,0,0,0,1,0,0,0,0,0,0,0,3,0,0,0,0,0,0,0,0,1,0,0,1,0,0,0,0,0,0,0,0,0,0,0,0,2,0,2,0,0,0,0,0,0,0,0,0,0,0,1,0,0,0,0,0,0,1,7,0,0,0,0,0,0,0,0,0,0,0,0,0,0,0,0,0,0,0,0,0,2,0,0,0,1,0,0,0,6,0,0,0,0,0,0,0,0,0,0,0,1,0,0,0,0,1,0,0,0,0,0,1,0,0,0,0,0,0,0,0,0,0,0,0,0,0,0,0,0,0,0,0,0,0,0,0,0,0,0,0,0,0,0,1,0,0,0,0,0,0,0,0,0,0,0,0,0,0,1,0,0,0,1,0,0,0,0,1,2,0,0,0,0,0,0,0,0,0,0,0,0
"gene_464",9,179,0,0,2665,250,662,153,175,5584,34,987,416,151,1037,4098,2840,4530,300,24,92,79,4119,56,10,704,36,1531,934,0,1360,401,62,835,4761,92,1360,103,653,7326,2399,1687,75,2990,4,442,1149,5,22,244,818,10,420,7,39,718,931,8,481,409,99,487,294,10,1072,33,3080,4853,60,308,4739,526,35,23,1335,1048,1,14,0,3153,1,37,0,1412,122,2177,29,0,6745,1038,438,239,0,5289,76,4,16,30,95,63,646,0,1,0,12836,1,0,0,16,6444,67,119,687,2,114,18476,896,1069,444,225,6,1846,11,9,4,4532,15,4,0,34,0,8,3783,1886,430,1,40,166,22715,0,0,1869,1198,10,2081,735,0,45,3,0,1,122,2,103,1287,0,8,0,4593,3,0,1513,243,1,72,96,1393,9700,0,99,4,16,134,77,10499,1606,2518,408,4,3,3797,0,13720,4,0,174,0,5091,598,156,22,1768,1472,2507,2754,22,271,43,6059,8664,3,95,574,5206,2684,125,901,4,288,42,0,339,0,0,8,0,487,56,56,56,19,819,297,1847,24,10038,206,0,156,0,5,1436,52,479,8113,0,2,33,0,65,1163,0,585,1306,631,0,19,11,25,0,8275,45,0,1710,5035,350,2,90,19,40,1322,0,2123,30,47,659,318,38,3,46,0,0,180,661,1900,3,251,721,1,18,1929,402,15,1046,4751,2665,6,191,4567,1463,310,458,31,0,719,156,836,691,2066,836,478,2,1,702,280,19,2204,0,1,205,56,246,107,274,10,84,4843,5162,3215,48,1390,160,310,977,129,996,924,298,5507,8241,431,5,623,470,1566,38,49,2027,19,3051,50,0,0,68,1359,36,400,4090,414,662,48,53,20,7,489,698,1,72,2360,0,4828,3,717,6269,351,0,1534,4324,230,449,99,78,357,22,44,118,15,598,600,495,840,1131,1744,904,9,462,2,74,73,1,2346,14,488,652,16,1053,342,3439,767,0,8,1074,1569,31,141,1050,2900,5506,84,2060,3,801,1022,1701,1520,967,803,47,9,150,234,1928,26,130,0,1446,284,244,433,170,513,7589,0,7258,38,35,6,0,164,1267,975,164,958,2775,911,828,26,0,176,3974,79,2,6,0,0,879,179,342,0,0,989,5,3858,5,25,13,429,31,69,26,0,0,1756,795,465,42,1215,2473,667,669,164,247,589,64,106,125,2,73,433,13,118,2125,718,7,0,131,0,905,264,1036,0,688,699,362,1028,1,0,2,218,9,353,358,29,844,3260,36,854,699,5,1,161,432,688,0,2101,8,178,397,8,2,12,4,423,65,73,3521,2015,874,2485,350,70,16,3568,108,235,23,51,2,0,3353,143,1904,48,770,0,1457,179,2901,0,1,452,3853,2461,16,6,154,382,550,719,611,2626,0,1769,858,412,1,286,388,21,3,10,5,7,340,12,14449,19731,0,0,0,349,1393,2294,17,215,1,53,0,6116,1,2,213,50,919,776,5283,39,10,9834,0,1,8455,13990,142,3651,0,22,7111,518,10351,579,319,179,3,7935,10557,1861,2813,239,0,0,760,7,89,7103,860,70,0,334,41,34,1351,71,1,426,2160,102,21137,3468,0,97,0,0,0,73,0,12,37,4,0,1,528,366,0,4187,165,45,2386,0,505,95,5,19,381,1,0,2836,142,4474,12,0,0,0,120,48,888,0,189,0,1596,1549,36,1,0,0,0,78,1479,11,57,228,2977,0,1,11562,26,1608,758,15,0,1,2,2,408,408,0,0,46,894,0,4,3361,86,11,0,3372,0,94,0,1053,0,0,0,1560,23,1710,0,0,163,1489,284,229,290,0,18,0,171,76,1,7,0,430,216,0,1414,72,0,0
"gene_465",0,0,0,0,0,0,0,0,0,1,0,0,0,0,0,0,0,0,0,0,0,0,0,0,0,0,0,0,0,0,8123,0,0,0,0,0,0,0,0,5886,0,0,49,61,0,38,0,0,0,0,0,0,0,0,0,0,0,0,2,53,0,0,0,0,0,0,0,252,0,270,50,0,0,0,0,0,0,0,0,0,1120,0,0,0,0,0,0,0,2991,0,10472,0,0,1,0,0,2,0,0,5,0,6,0,11,0,2,3,0,0,0,0,1,0,0,0,0,0,8,0,0,0,0,0,1,0,0,0,0,0,2,0,0,0,0,3,2,3,0,0,4,0,1,4,0,0,0,3,0,2,0,3,0,0,0,0,1,6,18,2,0,1,0,0,0,1,2,1,0,0,0,0,1,6,0,0,0,0,0,1,0,0,0,0,0,1,3,7,0,0,0,3,6,2,1,0,0,0,0,0,0,0,0,0,0,0,0,0,0,0,0,0,0,0,0,0,0,0,0,0,0,0,0,0,0,0,0,0,0,0,0,0,0,0,0,0,0,0,0,0,0,0,0,0,0,0,0,0,0,0,0,0,0,0,0,0,0,0,0,0,0,0,0,0,0,0,0,0,0,0,0,0,0,0,0,0,0,0,0,0,0,0,0,0,0,0,0,0,0,0,0,0,0,0,0,0,0,0,0,0,0,0,0,0,0,0,0,0,0,0,0,0,0,0,0,0,0,0,0,0,0,0,0,0,0,0,0,0,0,0,0,0,0,53,0,0,0,0,0,0,0,0,0,0,0,0,0,0,0,0,0,0,0,0,0,0,0,0,0,7,0,0,0,0,0,0,0,0,0,0,0,0,0,0,0,0,0,0,0,0,0,0,0,0,0,0,0,0,7,0,0,0,0,0,0,0,0,0,0,0,0,0,0,0,0,0,0,0,0,0,0,0,0,0,0,0,0,0,0,0,0,0,0,75,0,0,0,0,0,0,0,0,0,0,1177,0,0,0,0,0,0,0,0,0,0,0,0,0,0,0,0,0,3,0,0,0,0,0,0,0,0,0,0,0,0,0,0,0,0,0,0,0,0,0,0,0,0,0,0,0,0,0,0,0,0,0,0,0,0,0,0,0,0,0,0,0,0,0,0,0,0,0,0,0,0,0,0,0,0,0,0,0,0,0,0,0,0,0,0,0,0,0,0,0,0,0,0,0,0,0,0,2,0,0,0,0,0,0,0,0,0,1,0,0,0,0,0,787,0,0,0,0,0,0,0,0,0,0,0,0,0,0,0,0,0,0,0,0,0,61,0,0,0,0,0,0,0,0,0,0,0,0,0,0,0,0,0,0,0,0,0,0,0,2,0,0,0,0,0,0,0,0,1,0,0,0,0,0,0,0,0,0,0,0,0,0,0,0,0,0,0,0,0,0,0,0,0,0,0,0,0,0,0,0,0,1,0,0,0,0,0,0,0,0,0,0,0,0,0,0,0,0,0,1,0,0,0,1,0,1,0,0,0,0,0,0,0,0,0,1,1,0,0,0,0,0,0,0,0,0,0,0,0,0,0,0,0,0,0,0,0,0,0,0,0,0,0,0,0,0,0,0,0,0,0,0,0,0,0,0,0,0,1,0,0,0,0,0,0,0,0,0,0,0,0,0,0,0,0,0,0,0,0,1,0,0,0,0,0,0,0,0,0,0,0,1,0,0,0,0,0,0,0,0,0,0,0,0,0
"gene_466",0,0,0,0,0,0,0,0,0,0,0,0,0,0,0,0,0,0,0,0,0,0,0,0,0,0,0,0,0,0,0,0,0,0,0,0,0,0,0,0,0,0,0,0,0,0,0,0,0,0,0,0,0,0,0,0,0,0,0,0,0,0,0,0,0,0,0,0,0,0,0,0,0,0,0,0,0,0,0,0,0,0,0,0,0,0,0,0,0,0,0,0,0,0,0,0,0,0,0,0,0,0,0,0,0,0,0,0,0,0,0,0,0,0,0,0,0,0,0,0,0,0,0,0,0,0,0,0,0,0,0,0,0,0,0,0,0,0,0,0,0,0,0,0,0,0,0,0,0,0,0,0,0,0,0,0,0,0,0,0,0,0,0,0,0,0,0,0,0,0,0,0,0,0,0,0,0,0,0,0,0,0,0,0,0,0,0,0,0,0,0,0,0,0,0,0,0,0,0,0,0,0,0,0,0,0,0,0,0,0,0,0,0,0,0,0,0,0,0,0,0,0,0,0,0,0,0,0,0,0,0,0,0,0,0,0,0,0,0,0,0,0,0,0,0,0,0,0,0,0,0,0,0,0,0,0,0,0,0,0,0,0,0,0,0,0,0,0,0,0,0,0,0,0,0,0,0,0,0,0,0,0,0,0,0,0,0,0,0,0,0,0,0,0,0,0,0,0,0,0,0,0,0,0,0,0,0,0,0,0,0,0,0,0,0,0,0,0,0,0,0,0,0,0,0,0,0,0,0,0,0,0,0,0,0,0,0,0,0,0,0,0,0,0,0,0,0,0,0,0,0,0,0,0,0,0,0,0,0,0,0,0,0,0,0,0,0,0,0,0,0,0,0,0,0,0,0,0,0,0,0,0,0,0,0,0,0,0,0,0,0,0,0,0,0,0,0,0,0,0,0,0,0,0,0,0,0,0,0,0,0,0,0,0,0,0,0,0,0,0,0,0,0,0,0,0,0,0,0,0,0,0,0,0,0,0,0,0,0,0,0,0,0,0,0,0,0,0,0,0,0,0,0,0,4,0,0,0,0,0,0,0,0,0,0,0,0,0,0,0,0,0,0,0,0,0,0,0,0,0,0,0,0,0,0,0,0,0,0,0,0,0,0,0,0,0,0,144,0,0,0,0,0,0,0,0,0,0,0,0,0,0,0,0,0,0,0,0,0,0,0,0,0,0,0,0,0,0,0,0,0,0,0,0,0,0,0,0,0,55,0,0,0,0,0,608,0,0,0,0,0,0,0,0,0,0,0,0,0,0,0,0,0,0,0,0,0,0,0,0,106,0,0,0,0,0,1441,0,0,0,0,4308,0,54,0,0,0,0,0,0,0,0,0,0,0,0,0,0,0,0,10,0,0,0,0,0,0,0,0,0,274,0,0,0,0,0,0,1,0,0,24,0,0,0,0,0,0,2,0,0,0,0,0,0,0,0,0,26,0,0,484,0,0,0,0,0,0,0,0,0,0,0,0,0,0,0,0,0,0,4648,0,0,0,0,0,0,0,0,0,0,0,0,0,0,0,0,0,0,0,0,0,0,0,0,0,0,0,0,0,2,0,0,0,0,0,0,0,0,0,0,0,0,0,0,0,7,0,0,0,0,0,0,0,4,0,0,0,0,0,0,0,5,0,0,0,16289,0,0,0,0,0,0,0,0,0,0,0,0,0,153,0,1,0,0,0,0,0,0,0,10,0,0,0,0,0,0,0,0
"gene_467",4266,32,221,121,19,1576,0,1,0,3,636,1998,4788,0,0,16,2117,1440,0,1750,0,0,2743,0,60,157,6396,938,179,839,1602,3,0,1668,0,0,6,373,5,0,0,298,37,0,52,35,1633,319,263,108,1,2296,28,1,3,738,0,7656,81,50,0,2,10429,120,4,63,424,0,13,13704,1625,190,56,252,1870,0,0,0,623,0,150,96,0,0,1,0,707,1,567,0,37,683,1,0,0,0,0,0,0,0,8,0,3,4,1,11,14726,100,7,160,1325,0,0,0,0,2,0,4329,192,11,0,3982,74,0,2146,0,0,40,0,92,5,554,0,30,0,0,0,0,0,1305,0,0,123,25164,808,179,32,1575,1109,29,0,0,3850,146,0,0,2154,287,0,0,1455,5,1973,1434,20,240,0,0,0,114,13,5,136,0,2,3,133,730,0,0,6,0,0,120,89,131,0,254,289,0,0,337,0,0,7,52,0,733,11,0,29,1324,2835,4919,6374,0,0,0,26,3072,0,126,1,0,0,0,0,135,8435,0,32,0,0,3213,0,48,0,10,0,16,0,10,0,0,352,0,1,0,2545,0,0,7591,0,52,0,0,0,0,0,0,0,177,524,0,806,0,8,0,11,0,0,0,0,0,0,4,0,0,0,0,0,0,0,0,0,0,0,0,0,0,0,0,0,0,0,0,0,0,0,0,0,0,0,0,0,0,0,0,0,0,0,0,92,0,0,0,0,0,0,0,0,0,0,0,0,0,0,0,0,0,0,0,0,0,0,0,0,10,0,0,0,0,0,0,0,0,0,0,0,2135,0,195,0,0,0,0,0,0,0,0,0,0,0,0,0,0,0,0,79,0,0,0,0,0,0,0,0,0,7,0,0,0,0,0,0,0,0,0,0,0,0,0,373,0,0,0,0,0,0,0,0,0,0,0,0,0,0,0,0,0,0,0,0,0,0,0,0,0,0,0,0,0,0,0,51,0,0,0,0,0,0,0,0,0,0,0,0,0,0,0,0,0,10,2261,0,0,0,9,9,0,0,0,1,0,56,1,0,0,0,0,3,0,0,2,866,0,4,0,649,0,0,2,0,753,6,0,0,0,0,3,5,0,0,0,0,2,0,0,773,0,0,0,0,0,72,0,4,0,0,0,3,0,0,0,0,0,0,5,0,0,0,0,0,0,1498,0,0,0,366,573,0,0,66,0,0,0,0,0,0,16,26,0,0,455,14,0,40,15,0,0,0,12,0,0,0,0,0,0,0,2605,163,0,0,0,0,0,280,0,42,260,0,17,0,509,113,0,0,1824,65,0,0,0,0,0,83,0,0,0,0,0,0,0,0,0,75,0,0,0,0,181,0,0,0,0,0,0,0,8,0,0,0,0,0,264,0,898,0,0,0,0,0,0,0,0,2,0,0,0,1,0,0,0,0,0,0,0,0,0,0,0,0,0,39,0,0,0,0,0,0,0,0,0,0,0,0,0,0,0,0,0,0,0,0,0,1730,0,31,0,0,0,458,0,0,0,0,0,0,0,3,0,0,0,0,0,0,0,0,0,0,0,0,0,0,44,0,0,0,0,0,0,0,0,0,3,0,0,0,0,0,0,61,0,0,0,0,0,0,0,0,0,0,102,0,83,0,0,0,0,0,51,0,0,0,0,0,473,30,0,0,0,0,0,0,0,0,0,0,0,0,0,7,0,0,0,0,0,0,0,93,0,0,0,0,0,0,0,0,0,0,0,0,0,0,0,0,0,0,0
"gene_468",0,0,0,2,0,0,0,27,0,3,5,0,373,0,0,0,0,160,0,0,0,0,0,383,0,0,157,0,0,223,0,0,0,0,0,3,0,0,5,1,0,3,0,0,0,0,0,0,0,0,0,0,0,0,0,0,0,0,420,114,0,0,0,0,0,28,0,0,0,0,0,0,0,0,0,0,0,1275,0,0,0,0,0,0,0,0,0,0,0,191,0,254,98,716,243,98,928,8,0,0,0,0,16655,0,4,1758,14,6218,13189,0,24,2676,13,1,0,1139,1343,3284,518,2245,209,2,0,503,0,818,17,325,4,49,4,0,1118,3270,0,2044,1696,1020,1,7096,2311,0,0,18,1115,6782,1,39,14093,0,0,0,0,17,2,58,0,0,13337,157,304,2,0,0,8,0,5,0,0,1284,3,115,1540,0,0,0,16107,1551,24,4995,198,0,0,0,14591,12,7661,85,0,40,839,0,31,20,9560,3318,5497,6804,1,4841,729,4667,349,184,1,308,417,0,77,154,0,6,0,901,32,1279,5061,36,0,275,30,0,679,16,7820,0,3556,3007,43,765,4414,510,109,5944,2,2501,95,22140,11,83,0,0,0,8911,0,2333,169,10,13,920,565,76,130,784,2387,19,1961,1299,151,322,5,3238,47,0,0,135,11,1147,6,0,0,0,1500,106,0,0,49,5295,298,19,0,0,2,94,507,29,0,6,0,0,157,22,2,29,54,184,23,0,3597,96,2,355,4,0,6351,1067,96,405,58,1,1891,237,0,0,99,42,2,0,641,0,0,471,58,1662,431,10,2,331,315,5336,152,0,17,163,4,12,172,1,118,1085,0,106,0,641,1798,2,386,1643,45,0,0,0,0,745,0,0,5,14,235,0,7,0,17,1,0,1974,1,448,306,15,395,33,1081,1,0,0,1,82,0,168,8,5,2883,5999,28,0,32,2023,1883,445,379,0,8,2,0,18,0,0,1508,1,0,11,6,1,0,690,1,70,0,0,3500,61,1,102,0,1473,0,76,1158,113,0,1,2131,0,46,1003,26,0,0,0,0,186,0,0,0,10,582,2,126,0,439,0,0,0,0,3,0,0,0,0,0,0,0,0,0,0,0,0,1,0,0,0,0,0,0,0,0,0,0,3,0,0,0,0,404,0,3490,0,0,0,71,1967,0,0,0,0,0,1471,0,0,0,0,0,2,0,0,0,0,0,0,0,0,0,0,0,0,0,0,0,0,0,0,0,0,0,0,0,21388,0,0,0,1781,0,0,0,0,0,0,0,0,0,0,0,0,0,0,0,0,0,0,0,0,0,0,0,0,0,0,0,0,0,5,0,0,0,0,0,0,0,2504,0,0,0,0,0,0,0,0,0,0,0,0,0,0,0,0,0,0,0,0,0,0,0,0,0,0,0,0,0,0,65,0,0,0,0,0,0,47,0,0,0,0,0,0,0,0,0,14,0,0,0,0,0,0,0,0,0,0,0,0,0,1866,0,0,0,0,0,0,0,0,0,0,0,0,0,0,0,0,916,0,4,0,0,0,0,0,0,0,0,0,0,0,0,1,390,0,0,0,0,0,0,0,0,0,282,0,0,0,0,0,0,0,0,0,0,2,0,0,0,0,0,0,0,0,0,0,0,0,0,0,0,0,0,0,0,0,0,0,0,0,0,732,0,0,0,0,0,0,0,0,0,2,0,0,0,0,0,0,210,0,0,0,0,0,0,0,0,0,0,0,0,0,0,0,0,0,0,0,0,0,0,0,0,0,0,0,0,0,0,0,0,0,0,0,220,0,0,0
"gene_469",0,0,0,0,0,221,0,11,0,0,0,0,0,4,0,225,0,0,2,0,0,0,662,0,6,0,0,5,0,0,0,276,0,1,0,0,872,2,183,67,0,0,381,0,21,0,0,12,0,1,0,0,0,23,0,0,914,0,0,0,27,0,588,0,13,69,0,0,0,19,0,1053,0,1932,0,0,1,0,4,0,0,0,0,0,0,0,0,0,59,0,0,0,0,0,403,0,0,0,0,0,1424,0,0,0,0,0,0,0,0,0,4,0,0,0,0,0,0,0,0,0,0,0,273,0,0,0,0,0,0,20,0,0,333,0,2233,0,0,0,0,1,0,0,0,0,0,229,0,0,0,0,0,1197,0,0,0,126,0,1142,0,0,11,0,0,0,0,811,6605,0,0,0,0,0,0,0,0,0,0,0,0,0,1,0,0,0,12,0,0,0,0,409,0,0,3,0,0,0,0,0,0,0,48,0,0,0,0,0,0,0,0,0,0,0,0,0,0,0,3,0,49,0,0,0,0,0,0,0,0,0,0,1,0,0,0,0,0,0,0,0,0,0,0,0,0,0,33,0,0,0,0,0,0,0,0,0,0,3,4,0,0,0,0,0,0,0,0,0,71,0,0,0,0,0,29,0,0,0,0,36,0,0,0,11,32,15,0,0,0,50,0,1,0,7,0,0,15,0,0,0,0,0,0,36,0,0,0,0,0,93,0,0,0,676,0,0,98,0,1251,5,0,0,0,0,0,0,0,7,3,209,791,0,0,15,0,0,0,0,0,0,0,0,0,0,3,0,0,0,2,146,0,0,0,0,0,0,21,87,0,0,0,0,0,297,2,0,0,0,159,0,0,0,0,2,0,2,0,0,0,0,6,0,0,885,0,0,0,0,0,0,0,0,0,0,0,6,2245,0,0,0,1,0,1,0,0,0,0,0,0,1,325,0,2,11,0,1572,844,0,0,0,0,0,0,474,110,2456,0,1779,977,0,2,0,0,80,50,0,0,150,0,0,390,0,0,0,0,15,0,3404,1568,0,0,0,0,96,0,0,0,139,1,0,1,0,0,0,1,4,111,105,36,0,179,0,0,84,0,0,0,0,33,523,496,801,0,25,2,7,0,26,0,0,1,863,763,0,0,0,0,0,2624,0,58,9,888,0,0,0,0,0,0,79,8,0,13,0,29,74,947,22,2,0,1,0,0,2,0,4,2,4,0,0,0,40,0,0,187,5,0,466,1116,2,0,0,457,0,0,21,120,0,0,625,6,0,0,43,0,19,158,0,0,0,3121,824,0,0,0,8,0,0,8390,508,361,53,2,285,0,443,7,33,342,0,410,0,0,0,0,0,0,74,0,115,0,395,429,0,0,0,0,0,0,0,0,816,0,0,0,0,0,0,0,0,7,149,10,0,2070,1072,0,0,162,0,0,739,0,132,3,40,0,31,28,112,10366,0,0,103,1551,46,0,0,67,224,0,0,3,0,0,0,125,0,0,0,0,0,0,0,0,0,0,0,617,0,0,0,0,0,0,334,0,0,0,7988,0,0,0,0,0,0,0,0,75,0,0,0,0,1045,0,0,0,5,30,0,404,7593,2922,0,0,0,0,0,7,3,0,0,0,0,1,1,0,843,5,0,164,1821,132,32,0,62,0,0,0,236,0,22,0,0,0,8,1425,0,0,0,0,0,15,36,513,1,0,24,0,0,0,0,0,0,0,30,2,0,15,16,2,8,0,1336,0,35,0,0,0,0
"gene_470",0,12,1860,0,0,0,0,0,9,0,0,0,0,454,0,0,0,0,0,0,0,0,0,0,0,0,0,0,0,0,0,26,0,0,0,0,0,0,0,0,0,0,0,0,0,0,0,0,0,0,2688,0,0,24,0,0,0,0,0,0,0,0,57,0,0,0,0,0,3,0,0,690,0,0,0,0,0,0,0,0,0,0,0,0,0,0,0,0,0,0,0,0,0,0,0,0,0,0,0,0,1,0,0,1,0,0,0,0,0,0,0,0,0,1,0,2,1,0,0,0,0,0,0,0,1,0,1,1,0,0,0,0,0,0,0,0,0,0,0,1,0,0,0,0,0,1,0,0,0,0,0,0,0,0,0,0,0,0,0,1,0,0,0,0,0,0,1,0,0,0,0,0,0,0,0,0,2,0,0,0,0,0,0,0,0,0,2,0,0,0,0,0,0,0,0,0,0,0,0,0,0,0,0,0,0,0,0,0,0,0,0,0,0,0,0,0,0,0,0,0,0,0,0,0,0,0,0,0,0,0,0,0,0,0,0,0,0,0,0,0,0,0,0,0,0,0,0,0,0,0,0,0,0,0,0,0,0,0,0,0,134,1,0,0,21,0,33,0,0,299,0,9,2403,321,815,83,0,1080,2190,14,1,4128,0,0,30,7,0,0,0,1206,498,28,10,0,925,0,0,0,319,67,0,245,104,6,0,24,0,3,15,16,49,0,108,119,1,1392,0,5,1,0,51,0,107,0,450,73,20,631,126,0,114,0,1245,1,625,0,0,2613,397,1,36,33,567,0,9182,33,516,42,54,14,12,0,5,419,1430,0,274,5,0,204,552,620,0,250,4029,2,0,0,10,2,233,17,0,0,1020,76,127,121,0,605,341,176,189,60,798,0,0,634,0,249,0,569,115,6,799,0,0,64,2246,17,0,0,27,152,12,177,647,0,0,1256,14,124,0,2023,2,45,2,653,102,0,309,19,0,5,3,669,1,355,0,425,789,94,175,3548,1807,586,3606,1234,64,0,24,436,3419,36,1072,132,495,1232,448,2551,384,19,4,123,5,1339,901,3,109,204,229,320,0,1,1778,263,571,771,186,2,732,1854,938,3369,2276,0,569,32,1345,0,2351,28,233,0,100,2880,593,325,2530,1363,35,4,1269,4560,2987,77,7,1471,2125,13,9,1205,1626,14,5528,452,560,1289,0,711,118,203,78,225,249,5354,7,1165,2922,3071,204,139,13,3,1473,7,1036,78,53,587,384,1149,1147,381,18,865,376,1988,1513,6845,2335,260,42,109,3019,80,1814,606,1100,144,2897,28,385,7251,1,5891,1,1236,1352,15571,7,1123,1957,28,10,567,2248,27,127,0,21,35,851,731,14,7,630,2313,316,1,28,701,9883,12,943,0,1,207,3,12,216,7,2205,144,81,0,9394,3301,4,9182,1030,1786,1417,16960,3006,61,434,91,3114,57,2,0,0,225,0,125,3904,141,318,7,987,80,5,0,0,0,4,4468,491,19,4581,1734,536,10260,6,1657,1326,7,776,314,760,16039,6913,327,948,0,3,632,316,201,782,11,6,10,98,308,2428,154,0,1,1751,308,1006,124,751,417,0,704,573,0,1079,3,6138,383,1399,123,4238,34,78,7,213,7000,1980,595,2259,17,1054,725,278,133,8,576,576,1363,0,726,4,923,7116,876,9853,9,5590,1,124,0,53,1291,322,1471,361,7558,163,1968,8,2147,0,130,504,3135,147,2487,10,871,604,73,305,25,9166,2,119,5545,0,9,547,1569,21014,213,3080,1,25,0,1,25520,1301,36,4,90,530,59,81,0,0,4252,696,7,25,1275
"gene_471",0,0,999,0,0,0,0,0,0,0,1,0,0,0,0,0,0,0,0,0,0,0,0,0,0,0,0,0,0,0,7,0,0,0,0,0,0,0,0,0,0,0,0,0,0,1,0,0,0,0,0,0,0,0,0,0,0,0,0,0,0,0,0,0,0,0,0,0,0,0,0,0,0,0,0,0,0,0,0,0,0,0,0,0,0,0,0,0,0,0,0,0,0,0,0,0,0,0,0,0,0,0,0,0,0,0,0,0,0,0,0,0,0,0,0,0,0,0,0,0,0,0,0,0,0,0,0,0,0,0,0,0,0,0,0,0,0,0,0,0,0,0,0,0,0,0,0,0,0,0,0,0,0,0,0,0,0,0,0,0,0,0,0,0,0,0,0,0,0,0,0,0,0,0,0,0,0,0,0,0,0,0,0,0,0,0,0,0,0,0,0,0,0,0,1,0,0,0,0,0,2,9,1,0,0,0,4,0,5,0,0,3,0,11,13,3,0,1,0,0,6,0,1,4,23,0,5,0,0,27,3,0,2,0,1,5,0,0,0,0,0,0,1,0,0,0,0,14,0,0,0,17,0,0,19,0,1,2,2,0,0,3,0,2,0,0,0,0,0,0,0,0,0,0,0,0,0,0,0,0,0,0,0,0,0,31,0,0,36,0,0,0,0,1,0,0,0,0,0,0,184,0,0,0,0,0,0,0,0,0,0,0,0,0,0,0,0,0,0,0,26,0,0,0,0,0,113,35,0,0,0,0,0,0,2,0,0,0,0,0,0,0,2,0,0,0,16,0,79,0,0,1,0,36,0,5,0,0,0,0,0,0,59,0,0,0,0,0,9,1,0,13,0,0,225,0,0,0,0,0,0,10,0,0,0,0,0,0,0,0,0,0,0,1,0,0,0,1,0,172,0,261,0,0,0,0,2,3,0,1,0,40,0,0,0,0,26,55,0,0,0,0,74,0,0,0,0,0,8,0,0,0,0,0,0,0,0,0,15,11,0,0,2,16,78,0,0,0,0,329,2,214,6,0,11,0,0,0,0,0,0,0,0,0,2,20,677,0,0,0,25,0,246,25,3,0,0,0,0,0,14,0,0,0,0,59,20,0,0,0,0,0,0,0,0,0,0,0,0,0,0,475,0,0,9,0,6,0,6,463,1,0,0,2,0,0,0,0,0,0,0,0,0,0,0,0,0,0,0,59,0,273,2,0,0,0,88,0,63,0,32,44,6,0,4,0,6,0,0,0,44,0,55,41,0,0,56,0,0,5,0,0,205,0,0,0,0,0,0,0,4,0,0,2,1,739,0,15,0,0,4,0,45,0,0,7,0,6,4477,10,0,57,1,0,842,26,0,445,0,21,4849,0,40,0,0,47,0,0,865,4819,321,0,0,4,0,23,87,0,0,0,0,1,0,66,36,7,0,0,1,163,0,5,0,7,3,184,0,0,0,0,0,203,0,0,88,10397,1342,0,71,0,0,101,0,5,55,2,0,146,0,6992,0,0,0,0,0,0,0,1,12,0,3,0,0,998,0,84,4236,0,0,0,9,2,0,0,0,3,0,6,782,0,510,0,76,0,139,2164,0,433,0,35,0,0,712,0,187,0,9,1,0,0,0,0,0,0,985,34,741,0,0,0,0,0,0,305,0,0,1,18,45,0,0,0,433,8,0,7,0,297,0,94,13,0,789,3,0,0,193,1287,0,0,0,0,34,0,0,0,1,577
"gene_472",0,215,1050,0,0,0,1614,0,0,0,0,0,3,832,0,0,0,0,0,0,0,0,146,0,0,0,0,0,0,1249,0,0,3,0,2,0,0,0,0,0,0,0,0,18,177,0,0,0,0,0,197,0,0,0,0,0,0,0,0,0,106,1063,0,0,79,974,0,99,0,462,254,0,0,0,0,1992,649,0,1534,0,0,0,0,0,2069,0,0,0,0,0,0,0,1,0,1,0,0,0,5,0,2,0,0,0,0,0,0,0,0,0,0,0,0,0,0,0,20,0,0,0,677,0,2132,0,0,0,0,0,0,9,0,0,0,0,0,0,0,0,0,0,0,0,0,497,0,0,0,0,0,0,0,0,0,1,252,93,0,0,0,0,0,0,0,3,0,0,0,0,0,8,0,0,0,0,0,0,1,1,101,0,0,0,0,1447,0,0,1,0,0,0,9172,0,0,0,0,0,478,238,0,89,144,0,43,541,6,11,0,59,0,10,16,3,2,66,0,56,2911,0,0,4,0,0,167,0,0,52,20,0,250,0,0,7,43,0,0,0,0,0,42,0,0,0,92,0,4501,0,9,0,49,0,0,1,86,2,2650,2635,0,0,3,5,0,0,6,0,0,1,0,131,8,735,0,0,0,31,30,0,0,180,0,0,770,0,0,0,117,0,0,9,0,0,3069,0,0,0,0,666,0,0,1,0,0,0,0,0,0,0,0,0,0,1,65,32,0,0,0,0,463,0,2557,0,36,47,0,0,0,7,0,0,0,0,3,109,0,2148,0,695,1,0,0,3134,0,0,30,662,0,2,0,0,218,0,86,8,33,0,0,15,26,0,0,9,30,0,1,75,0,0,0,0,0,0,3,0,3,0,0,0,0,0,0,0,0,2,1,0,0,0,0,44,0,0,0,0,565,0,3,0,0,0,0,0,2,0,0,0,0,0,5,3,0,0,12,34,0,42,0,0,1092,0,0,6,6,0,14,1040,0,39,0,0,94,3,32,426,0,0,3,1102,73,2,0,0,0,0,1,76,0,0,0,0,0,18,0,0,0,99,2,0,0,22,0,15,0,477,0,0,0,0,0,4,0,0,0,0,662,0,0,0,0,2,0,45,0,0,0,0,0,176,0,0,0,0,0,0,0,0,1115,0,0,1,570,0,0,7,0,0,0,0,2924,0,0,30,0,0,0,0,0,0,0,0,0,0,0,0,0,0,0,0,0,0,0,0,138,0,0,0,0,2416,0,0,0,0,0,0,0,0,0,102,11,0,0,0,8,0,0,0,0,0,0,0,1135,0,0,1240,0,0,0,0,0,0,0,0,0,0,0,0,262,1267,0,0,87,0,0,11,467,0,0,0,0,0,12,0,0,183,70,7,0,0,18,0,0,0,0,0,1662,0,0,0,143,811,365,0,0,0,0,0,0,0,0,0,22,2,0,0,14,0,0,0,944,121,0,0,0,949,0,0,1,0,0,4,0,0,283,0,158,0,0,0,3869,0,0,0,0,0,0,0,0,0,0,0,97,3,3,0,0,0,66,0,0,0,0,0,0,0,0,0,0,0,98,0,1,0,0,2029,7,0,177,0,0,3133,3,0,0,0,0,0,30,0,0,3,0,0,0,0,401,0,0,0,0,5,0,0,0,0,0,0,0,0,0,0,0,0,8,0,0,0,0,12,0,0,0,23,5,0,0,0,83,0,0,0,0,0,0,0,1,0,0,0,0,1,1,0,19,0,0,0,0,0,0,1
"gene_473",0,0,0,0,1,0,0,0,0,0,0,0,0,0,0,0,0,0,1,0,0,2,0,0,0,0,0,0,0,0,1,0,1,0,1,0,0,0,0,0,0,0,0,0,2,1,0,0,0,0,0,0,0,1,0,0,0,4,0,0,0,0,0,0,0,0,0,0,0,2,0,0,0,2,0,0,0,4,0,0,0,0,0,0,0,0,0,1,2,1,0,0,6,0,8,0,3,0,0,0,1,1,0,1,2,0,3,0,1,0,3,0,0,0,2,3,0,1,0,0,0,0,0,0,0,0,0,0,0,0,0,0,0,0,0,3,0,0,2,0,0,0,2,0,0,5,0,3,24,0,0,0,1,0,0,6,0,0,7,0,0,1,0,0,0,0,0,5,0,0,0,0,0,0,12,0,0,0,1,4,11,0,0,1,1,1,0,1,0,0,3,0,1,4,0,0,0,1,0,4,0,1,4,0,1,0,0,5,0,0,0,0,0,0,9,0,2,1,0,0,0,0,0,0,0,6,4,0,0,0,0,0,0,0,0,0,0,0,0,2,0,0,0,1,0,0,0,0,0,0,0,0,0,0,0,0,0,0,0,1,0,0,0,0,0,0,0,0,0,0,0,0,0,0,0,0,0,0,0,0,0,0,0,0,0,0,0,0,0,40,0,0,7,0,0,0,0,0,0,1,0,2,0,0,0,0,0,0,3,0,0,0,0,0,0,0,0,0,3,3,0,0,0,0,0,0,0,0,0,0,0,0,0,0,0,0,0,0,0,0,0,0,2,0,0,0,0,0,0,1,0,0,0,0,0,0,0,0,0,0,0,0,0,0,0,0,0,0,0,0,0,0,5,0,8,0,0,0,0,0,0,0,0,0,0,10,0,0,0,0,0,0,0,0,0,0,0,0,0,0,0,0,0,0,0,0,0,0,0,0,0,0,0,0,0,0,0,4,0,0,0,0,0,0,0,0,0,0,0,0,0,0,0,0,0,0,0,305,0,0,0,0,0,0,0,0,0,1,0,0,0,0,0,9,0,0,0,0,2,0,0,0,0,2,0,651,0,1,0,41,0,39,0,0,0,0,0,450,0,2,0,0,66,0,0,0,7,1134,0,0,582,0,0,0,11,0,397,0,0,0,6,115,0,0,2,0,0,3,15,0,37,412,0,3,0,0,0,0,0,0,103,0,0,0,0,0,0,0,0,0,0,0,0,0,9,0,1,0,0,0,0,0,1,0,0,0,0,0,6,0,0,0,0,0,0,25,0,0,0,0,0,0,0,25,0,4674,0,0,0,0,0,685,0,0,0,1,0,1,0,0,0,0,0,0,0,0,0,0,6131,2206,0,0,0,0,0,0,0,0,0,0,0,0,0,0,0,0,0,1,242,23,0,1,0,1361,0,0,0,0,0,3,0,0,101,0,1240,0,0,0,0,0,0,4,0,0,0,0,0,24,0,0,0,0,18,0,0,332,0,0,4,0,0,0,0,59,0,0,0,0,0,79,0,0,0,0,0,433,0,608,0,0,0,552,0,0,0,0,0,6,0,4034,0,0,0,1,0,0,4,0,2,0,0,0,1,0,0,0,529,70,0,0,0,10,0,0,147,0,0,0,0,0,6,0,0,0,0,0,0,0,0,0,0,0,0,0,0,0,87,0,0,0,0,0,7,0,0,0,0,0,0,0,0,0,220,0,0,0,0,0,0,0,0,0,0,0,0,0,0,0
"gene_474",0,0,3008,39,0,6,74,1,10,0,389,28,0,3,12883,983,4,2244,2,1531,0,0,7105,14,33,222,317,169,298,23,0,0,328,156,0,8,60,5,5,4059,0,248,347,0,2529,0,1587,964,0,889,40,128,568,30,1,0,254,2707,5,19,0,441,7,727,0,29,28,14,68,0,1817,12,44,235,36,2,14,404,0,171,0,2656,101,8,206,832,2,1114,0,0,18,1634,0,7843,0,646,2661,0,671,764,0,14,2,0,9,73,0,0,261,1,43,0,21,11,22,0,0,0,0,0,21,0,5,4,229,33,32,38,0,0,343,0,65,0,63,4,0,18,0,56,0,19,2526,160,0,4,106,527,32,1,90,0,45,4416,30,278,11338,5,402,0,5728,0,0,0,0,15,0,1170,0,3,0,0,719,0,0,0,1878,2,795,0,0,0,204,3193,785,1462,13988,2086,0,0,25522,109,149,12,0,33,0,0,456,65,0,0,0,12395,0,5,224,173,0,10,41,2731,814,0,3,2,0,0,2,758,0,2848,3,56,5370,1446,0,0,19,1,0,2,169,0,0,0,1594,1801,252,0,0,266,0,1,28,0,559,0,0,1916,21,0,7,5,7937,0,0,0,3383,3546,49,0,0,0,31,0,50,1560,0,243,3304,17,95,830,315,3608,11,0,3218,199,0,752,3,9,2,0,0,35,170,353,112,5,0,141,0,237,499,87,5102,5061,261,0,133,601,0,0,0,21,105,2802,6,2,44,3730,0,6,4602,0,3,0,6,70,0,0,606,0,7,1798,11,0,255,0,295,0,2603,235,53,3453,593,0,0,0,39,1492,4,32,25,1,0,0,62,5564,23,1,1,88,158,44,5,97,0,427,6,32,126,79,0,0,128,124,0,76,765,0,0,1,0,59,6049,11,30,107,0,0,0,0,1738,7581,0,3163,421,7,2145,1503,9229,9,0,1,0,1336,51,849,1129,7627,79,3974,1334,3,3639,0,49,87,2970,288,0,3758,177,0,420,0,162,0,298,43,164,6754,184,290,0,273,34,0,0,0,88,1,0,24,216,30,0,0,0,0,36,0,0,42,24,17,0,73,5,648,112,0,1067,0,57,3,70,0,0,155,0,0,0,7,0,55,0,175,0,0,29,0,0,0,0,0,134,3,1,2553,0,2,1,64,0,7,0,0,0,489,518,2,0,1670,0,0,0,607,0,0,92,0,1,0,125,0,0,779,114,2,2002,0,0,5,0,94,0,0,0,0,0,0,0,122,109,0,0,0,0,0,0,0,3,0,775,0,0,3,0,0,0,0,0,0,0,0,32,2234,0,25,0,0,0,1289,0,52,0,5,21,0,158,1,0,0,0,102,24,30,0,1731,1309,0,3047,598,193,100,0,46,1473,0,324,75,6,0,3841,0,22,1,131,956,8119,4,0,33,3,0,1870,851,0,0,220,0,0,4,0,11,42,1989,0,13,20,0,0,194,0,0,0,0,0,3,0,0,0,73,0,1627,1,2,20051,0,3,0,0,0,0,0,1240,812,0,31,0,8,2,0,805,0,6,2,0,0,1727,935,0,408,26,0,0,0,0,0,0,2205,0,34,0,0,377,5,960,22,0,0,19,0,0,0,1,52,0,0,0,540,362,82,0,0,0,0,0,0,1,10952,0,0,0,0,13,168,0,0,9,0,1,10,0,0,4,0,0,0,0,0,72,16,0,0,0,0,0,3082,0,0,302,0,0,0,0,6,0,0,7,0,824,270,55,0,23,18,0,160,24,3180,0,0,0,0,692,0,0,38,0,54,0,0
"gene_475",10471,7661,9779,4950,7997,27082,346,40409,32284,20414,16527,43849,10999,32236,12724,5196,31745,35630,8917,6427,2629,446,74765,5428,5412,13112,4427,6015,15085,15245,21980,5642,18837,19472,28389,16721,7385,10323,14050,19613,6174,11019,4329,27559,4140,7318,3357,4721,2961,5889,9500,4898,11895,2857,3866,8831,9626,22507,7460,15051,11616,8153,21024,53121,8576,2662,4654,44783,25911,27737,7272,67660,183,34002,91974,13286,2520,2548,12471,19061,37793,11,3113,29667,3155,4543,979,539,7928,5458,1332,30811,1094,4815,5,1532,497,92,113,3529,180,296,4727,648,15940,9329,4664,19686,230,6525,3690,246,148,3218,4050,0,3429,259,2496,3912,13,10938,265,0,1309,11148,157,2086,31,13883,126,621,571,107,9830,5831,9245,745,0,2335,151,1062,13026,495,5157,14,229,262,54,2570,4195,2757,82,13,6307,32613,329,53,0,179,1541,12437,1992,203,2709,210,22,0,11909,30,1901,730,2238,619,7201,124,9897,299,66,117,36943,21,844,12203,3357,5985,89833,2252,2335,1043,10024,18706,2020,4165,23,1846,34,876,0,0,2599,2,69,18,0,2788,359,2,1,1148,18883,4175,0,52,2149,49,265,9003,9472,9,4895,2529,0,7713,237,0,31545,26,25,0,24,2,1103,804,0,994,434,5121,1,3,336,95,23410,0,30,3950,24,1911,111,0,0,1522,1107,92,9313,4011,8578,189,721,11964,288,2,109,25,80,15670,2454,544,0,2199,3127,19,1733,4,0,3002,643,404,11,0,116,25031,2118,0,1124,0,310,1883,0,1069,3763,4334,33,20,13,32,55,10044,1574,874,48,27,1570,6,0,9451,36,43,163,509,2752,1930,119,0,8,273,11242,0,2593,339,431,3678,832,9,546,4110,2590,68,10839,5512,324,0,30,1443,29,0,3566,1060,5874,1570,1925,1182,18,81,6359,450,96,0,2819,7479,484,2322,3,1788,7100,2841,1787,17,1662,2112,0,3,12,3754,18717,1529,6131,7139,837,7216,42,3,0,1478,590,0,122,3884,231,301,4009,0,717,0,0,7597,328,19,14344,356,1773,1485,235,7545,6,62,751,3222,1905,5734,3430,9657,12682,5,22,2702,89,4272,1473,6248,335,948,1004,3,46,394,1734,2664,204,13,8,14334,25,2104,30,11969,2,404,2,2,10973,6,6,30,0,0,1,1057,3020,1340,54,0,0,702,1,3411,0,1077,9367,0,1210,0,0,0,0,616,0,653,27,71,3709,0,0,8510,1,5858,0,233,14,0,3,920,223,195,20,0,0,6,0,0,0,897,137,0,0,1309,11829,3,1,25,15078,194,15428,1901,106,150,0,0,13153,13698,618,3851,215,59,2025,0,1,515,2,5313,0,0,1,1834,24,0,179,0,0,3807,0,41,0,173,244,6038,716,2008,23,463,51,0,5991,0,30,64,26,1,0,14663,1337,2163,3,0,1499,1,150,0,0,2,16,0,0,0,3334,0,9277,1215,0,0,0,38,0,8,0,3748,5645,4600,0,10990,135,7,0,605,254,11590,336,8877,8,0,298,0,2,0,643,0,0,5905,0,1,0,11,7556,258,10,14929,7,35,0,41,0,396,1691,5327,8449,1,0,627,270,234,6,0,0,22,9,182,1215,229,108,0,2274,0,271,2415,20016,0,0,0,2,16,6,77,0,0,1,0,26,0,2,49,0,3450,7836,5397,0,1999,0,0,2123,0,0,9659,0,1078,3,0,5,0,831,2727,0,0,0,357,0,1426,5,0,1601,22330,0,0,0,29447,31,2242,0,0,0,0,439,9,27938,132,0,896,50,0,9,0,0,11,0,1376,6055,281,9588,672,26,2,54199,8,0,0,0,669,0,115,80,63,0,0,94,988,0,486,0,0,0,0,0,2448,179,9,418,1426,452,18,21,2404,1819,36223,0,57996,540,3,9009,4,195,118,1778,741,0,2,39,81,0,515,9846,163,0,156,2650,13,6,5594,3453,0
"gene_476",0,0,0,0,0,21,0,0,0,0,0,1,0,0,0,0,0,0,0,0,0,0,0,0,0,77,0,4171,0,0,0,0,0,0,0,1,0,0,0,0,0,0,0,0,0,0,0,0,0,0,0,139,0,129,0,6784,0,0,0,0,0,8,0,0,0,0,0,0,136,0,0,0,0,0,0,0,3,0,0,0,0,0,0,0,3785,751,0,0,1370,29,0,0,0,0,0,0,0,0,0,0,0,0,0,0,0,0,0,0,0,0,0,0,0,0,0,0,0,0,0,0,0,0,0,0,0,0,0,0,0,5,0,0,0,0,0,0,0,0,0,0,0,0,0,0,0,0,0,0,0,0,0,0,0,0,0,0,0,0,0,0,0,0,0,0,0,0,0,0,0,0,0,0,0,0,0,0,0,0,0,0,0,0,0,0,0,0,0,0,0,0,13,0,0,0,0,0,11,0,0,0,0,0,0,0,0,0,0,0,0,0,0,0,0,0,0,0,0,0,0,0,0,0,0,0,0,0,13,0,0,0,0,0,54,0,0,0,0,0,0,14,9,0,1312,0,0,0,0,1,0,0,0,0,0,0,0,0,0,0,0,0,0,0,0,0,0,0,0,0,0,736,0,0,0,0,0,0,0,0,0,0,0,0,0,0,0,0,0,0,0,0,0,0,0,0,0,0,0,0,0,0,0,0,0,0,0,0,0,0,0,0,0,0,0,0,279,0,0,0,0,0,0,0,0,0,0,0,226,0,60,0,0,0,0,0,0,0,0,0,0,0,0,0,0,0,0,0,0,0,0,0,63,0,0,0,0,0,0,0,0,0,0,0,0,0,0,0,0,0,0,0,0,0,0,0,0,0,0,0,0,0,0,0,0,0,0,0,0,0,0,0,0,0,0,0,0,0,0,0,10,0,0,0,0,0,0,0,0,0,0,8,0,0,0,0,0,0,0,104,0,0,0,0,0,0,0,0,0,0,0,0,0,0,0,9,0,0,0,0,0,0,0,0,0,0,0,0,0,0,0,0,0,0,0,0,0,0,0,0,0,0,0,0,0,0,0,0,0,0,0,0,0,0,0,0,0,0,0,0,0,0,3,0,0,0,15,0,0,0,0,0,0,0,0,0,0,0,0,0,0,0,0,0,0,0,0,0,0,0,0,0,0,0,0,0,0,0,0,0,0,0,0,0,0,0,0,0,0,0,0,0,0,0,0,0,0,0,0,0,0,0,0,0,0,0,0,61,0,0,14,0,0,0,0,0,0,0,0,0,0,0,0,0,0,0,0,0,115,0,0,0,0,0,0,11,0,0,0,0,0,0,0,0,0,0,0,0,0,0,0,0,229,0,0,0,2,0,0,0,0,0,0,0,0,0,0,0,0,0,0,0,0,0,0,0,0,0,0,0,0,0,86,0,0,0,0,0,0,0,0,0,0,0,0,0,0,0,0,0,0,0,0,0,0,0,0,0,0,0,0,0,0,0,0,0,0,0,0,0,0,0,0,0,0,0,0,0,0,0,0,0,0,0,0,0,0,0,0,0,0,0,0,0,0,0,0,0,0,0,0,0,0,0,0,0,0,0,0,20,0,0,0,0,0,0,0,0,0,0,0,0,0,0,0,0,0,0,0,0,0,0,0,0,0,0,0,0,0,0,0,0,0,0,0,0,0,0,0,0,0,0,0,0,0,0,0,0,0,0,0,0,0,0,0,0,0,0,0,0
"gene_477",1346,0,0,0,0,0,0,0,0,0,338,0,0,0,2,0,0,0,0,0,0,80,0,0,0,0,1259,0,0,0,0,0,186,0,0,0,0,0,0,0,8,1,43,0,0,0,0,0,0,0,0,0,0,0,0,0,28,0,0,0,0,0,0,45,0,55,0,0,0,0,0,2,0,243,0,0,0,0,0,36,0,0,1,123,7,0,0,0,14,0,0,0,0,0,0,0,0,0,0,0,0,0,0,0,1071,0,0,0,0,20,0,0,2585,0,1627,0,0,0,0,0,0,0,729,322,0,0,0,0,0,0,0,0,0,0,0,0,0,0,0,1,0,0,43,0,26040,0,0,0,0,0,0,0,0,0,0,0,0,935,0,0,0,0,0,0,0,28,0,0,0,3,0,2738,0,0,0,0,0,0,0,0,0,0,0,0,0,0,0,0,0,0,0,0,0,0,0,0,0,0,0,0,0,0,0,0,0,19,0,0,0,0,0,0,0,0,0,0,16,0,0,0,2,0,0,0,54,0,0,0,0,0,1,0,0,0,0,0,0,0,0,0,0,0,0,0,0,0,0,0,0,2,0,0,0,0,144,0,0,0,0,0,201,0,0,0,0,29,15,0,0,0,0,0,0,0,0,0,17,0,0,7,0,0,0,0,0,0,0,0,0,0,0,0,0,0,0,0,0,0,40,0,0,0,0,1,0,0,0,0,606,0,0,0,0,0,0,0,0,0,0,0,0,0,0,0,0,1,0,0,0,54,0,0,0,0,0,0,0,0,0,0,0,551,0,0,0,0,0,0,7,192,0,0,0,0,0,9,0,299,0,0,0,0,0,0,0,0,0,0,0,0,0,0,0,0,0,0,0,0,0,0,0,170,76,0,0,0,0,54,0,0,0,0,0,0,0,1,0,0,0,2,0,0,0,0,0,0,0,2,0,0,1,0,0,0,0,0,507,2513,5,0,0,646,0,2304,0,0,0,0,375,0,0,0,0,0,0,0,0,0,37,0,0,3,0,0,0,0,0,0,5,0,0,0,0,0,0,0,0,0,0,0,0,0,2964,0,0,0,0,0,0,0,0,0,0,0,0,0,0,0,0,0,0,0,0,0,0,0,0,1,0,0,0,0,0,0,0,0,0,0,0,0,0,0,0,0,0,0,0,0,0,1,0,0,0,0,0,0,0,0,0,0,0,46,0,0,0,19,0,0,0,0,0,0,0,0,0,0,14,597,0,0,0,0,0,0,0,0,0,0,0,1,0,0,145,0,0,0,0,0,0,0,0,0,0,0,0,0,0,0,203,0,0,0,0,0,0,0,0,0,0,0,0,0,0,0,0,0,0,0,0,0,0,2,0,0,0,0,0,0,0,0,0,0,0,0,0,0,0,0,0,0,0,0,0,0,0,0,0,0,0,0,0,0,0,0,0,0,0,0,0,0,0,0,0,0,0,0,0,0,0,0,0,0,0,0,0,0,0,0,0,84,0,0,0,10,0,0,0,0,0,0,0,0,0,0,0,0,0,0,0,0,0,0,0,0,0,0,0,0,0,0,0,0,0,0,0,0,0,0,0,0,0,0,0,0,0,0,0,56,0,0,0,0,0,0,0,0,0,0,0,0,0,0,0,0,0,0,0,0,0,0,0,0,0,0,0,0,0,0,0,0,0,0,0,0,0,0,0,0,0,0,0,0,0,0,0,0,0,0,0,0,0,0,0,0,0,0,0,0
"gene_478",20,1471,482,1555,1997,701,299,307,880,1117,1397,1708,852,10,732,134,47,616,135,1906,288,7,38,8,725,1187,484,637,2417,169,54,6244,2125,4760,90,477,99,424,1,0,217,185,833,21,931,2561,0,2078,499,777,3365,3885,2142,27,59,70,3,2108,202,893,8695,187,13,578,626,362,95,237,0,0,1590,2996,162,919,1135,292,65,0,51,171,6261,247,185,1418,2404,46,153,1119,574,11,8,374,3822,17,5784,26,3,3,589,28,1,0,9,0,1599,0,857,212,321,4,5,73,0,0,797,0,26,0,0,5,894,0,1845,0,1,4,1085,32,203,1259,3,0,1445,0,4,3,1274,177,0,378,235,0,91,0,0,0,18004,2,6116,0,1174,0,546,704,122,2863,13815,5627,218,6,0,48,5558,114,1,0,104,17,33,5526,8615,95,4485,228,792,3953,0,12,130,590,3335,553,86,46,9,44,0,0,1552,7565,190,133,135,0,148,23,0,86,0,0,92,95,0,432,7224,6,2496,0,0,1209,13,1093,3,3,1880,0,14768,3802,3,0,3,124,51,2,36,6,8493,14,0,3252,0,1134,3724,0,5515,0,0,15,3854,104,328,0,2789,529,443,6415,1,0,0,0,1742,0,464,0,22,0,6682,0,1165,5674,8,147,1055,0,303,14,59,1,9,808,117,112,13,10,32,475,607,0,2,78,22,27,424,187,1066,66,1,1438,8,312,187,1,0,2633,8,901,91,0,26,179,6,543,0,1656,591,4459,5,175,8,16,74,9,2,2,263,918,2732,34,0,46,307,26,863,919,0,0,830,34,40,2143,3,7,28,335,108,35,10,159,74,0,92,898,55,582,4,0,13,1004,1158,825,2774,1827,78,70,6,74,73,228,1336,11,512,799,459,54,19,121,752,107,5,0,3185,6,323,285,476,624,0,152,269,0,61,6,8,1292,527,385,256,860,0,4075,1636,484,818,300,1912,403,347,52,87,924,383,651,93,1126,454,2518,631,626,834,2572,153,0,129,2948,0,2930,0,0,0,419,15,0,252,491,12,4014,167,24,2548,27,2700,1219,234,1,0,3,45,302,2,0,0,33,6,1882,184,0,0,13,4,0,3,267,6,0,0,2081,0,10,2,20,5,0,1481,332,40,1427,166,13,746,0,255,629,0,71,602,590,1,0,1,0,1,68,0,251,3,0,14,7,346,56,8,381,40,806,4,0,0,121,1124,0,2,0,3,3146,149,12,88,0,22,79,5,1130,0,204,1,45,185,217,1,0,0,0,37,0,2,46,55,188,398,0,6,42,180,11,81,117,1,125,1,0,21,1,0,0,43,6,0,549,6,0,0,13,295,471,851,502,20,159,0,16,11,0,48,111,41,60,1750,0,0,0,134,561,12,0,0,31,103,52,93,0,19,345,0,0,1397,6,412,0,0,388,6,0,164,181,0,0,0,0,838,61,25,0,7,844,39,651,54,0,692,0,5,0,17,0,1,1,0,0,612,0,2233,0,25,1,0,0,5,1409,1537,113,5466,52,831,53,286,4435,569,18,0,38,0,0,2,0,0,91,2,0,2,16,139,4,76,28,0,90,3146,61,0,698,1,57,16,1501,0,0,0,0,0,0,1525,0,26,1,75,0,0,0,808,0,976,74,51,0,131,29,949,0,0,40,1,0,118,1,58,4,0,1,4,1,29,42,0,43,0,77,610,0,84,897,0,796,5,74,2,6,0,2032,1,60,1,0,354,0,0,92,134,840,0,0,2320,0,1,0,2665,0,149,7,0,9,183,0,69,38,100,861,0,3835,24,1021,218,0,141,0,216,0,13,0
"gene_479",0,0,61,0,0,0,0,2,1072,0,0,0,0,54,0,0,0,0,0,0,0,0,0,0,569,0,0,0,0,0,44,0,0,0,0,0,0,0,0,0,0,0,0,0,0,0,0,0,0,0,0,84,0,0,0,962,0,4,0,0,1,0,1,72,0,0,0,0,0,0,0,0,0,0,0,0,0,0,0,0,0,17,21,0,0,0,0,0,0,0,0,0,0,121,10,0,0,43,83,100,90,0,224,100,1311,56,41,130,0,42,0,0,0,85,0,0,0,47,0,166,0,0,0,1300,410,195,177,186,0,356,0,3,0,0,59,727,0,0,2,17,142,0,735,0,0,0,2,5304,0,0,1,110,158,0,0,0,265,1529,5,4,4231,5826,65,0,0,106,0,168,0,0,0,0,0,5,0,0,131,192,0,100,4,5,28,7,0,0,0,2119,0,1681,6,0,431,11391,14,0,0,0,0,6,0,122,0,1,0,0,4,0,0,0,7,0,0,0,0,0,0,0,0,0,271,0,0,0,0,1938,119,0,0,0,0,0,2142,0,0,0,21,1,0,0,0,0,2,0,1109,88,12,0,2029,19,0,0,4,0,0,976,4850,10,5375,502,1224,0,0,0,8,0,0,95,0,0,4,103,0,0,0,1051,22,38,0,0,0,0,0,75,0,0,0,10,0,0,0,0,0,0,0,0,1,0,13,0,0,0,0,0,0,0,0,0,0,0,0,84,0,0,0,0,6319,0,0,0,1,0,15,0,0,0,2785,488,0,0,0,56,54,0,0,0,0,2,128,0,0,0,0,0,0,29,0,0,254,0,42,0,0,1,6,0,270,0,0,0,2165,0,16,60,0,1720,0,0,7,124,0,0,0,0,0,0,4,0,8,10,0,0,0,0,0,0,15,0,0,0,0,0,0,0,0,0,0,0,19,0,386,0,2,0,1,24,0,11,429,0,0,0,79,1,1573,0,0,0,0,0,0,0,106,0,0,0,1953,5,0,0,0,0,0,0,0,0,0,0,0,0,0,0,0,1102,0,0,0,0,0,0,0,0,0,0,0,0,0,0,0,0,0,0,305,0,0,0,0,3,0,0,0,0,0,1,0,0,0,28,0,0,15,0,0,0,0,1,11,5,0,0,0,0,0,0,33,0,0,3950,0,0,0,0,0,0,0,0,0,0,0,0,0,0,0,0,0,1,0,247,1740,0,0,0,0,0,1071,0,0,0,0,0,0,0,0,129,9,0,0,0,0,0,520,0,378,0,0,0,0,0,0,1504,0,0,0,0,0,0,0,0,0,0,0,5,0,0,1,50,3,0,0,0,0,0,0,0,0,0,0,0,0,0,0,0,0,69,0,0,11029,0,0,0,0,0,0,36,13,0,0,0,0,0,0,0,0,18,0,227,0,0,0,0,2493,0,0,0,0,0,0,0,0,0,1,0,0,0,0,0,0,0,0,0,0,0,0,1862,0,3142,0,24,0,0,0,0,0,0,0,17,0,0,0,0,0,0,0,0,0,0,6838,0,0,0,0,0,117,0,0,229,0,0,841,0,0,141,0,0,0,0,0,0,0,0,0,0,0,0,0,0,200,0,0,957,0,0,718,0,0,0,0,0,0,0,0,0,43,0,0,0,0,9,0,3,0,0,0,0,0,100,0,0,0,1454,0,0,0,533,0,0,0,767,0,0,0,2,0,6,0,0,0,0,158,0,0,0,0,0,0,0,0,0,0,0,0,0,0,0,0,49,0,0
"gene_480",0,0,0,0,0,0,0,0,0,0,0,2,0,0,0,2,19,0,0,0,0,0,0,0,144,0,0,0,15,0,18,0,0,1380,0,2,0,0,0,0,0,0,0,0,0,4,0,0,0,0,0,0,0,0,0,0,0,0,0,0,1,0,0,27,0,0,0,0,0,0,0,0,0,134,0,0,0,0,0,0,0,0,0,0,0,0,0,2,0,0,0,0,0,0,0,0,0,0,0,0,0,3,0,0,3,0,0,0,0,1,0,0,0,0,0,0,0,0,0,0,0,0,0,0,0,1,0,0,0,0,0,0,0,0,6,0,0,0,0,0,0,1,0,0,1,0,0,0,0,0,0,0,0,0,0,0,0,0,0,0,0,0,1,0,0,2,0,0,0,0,2,0,0,0,0,0,0,0,0,2,0,0,0,0,0,0,0,0,0,6,0,0,1,0,0,0,0,0,0,0,0,0,0,0,0,0,0,0,0,0,0,0,0,0,0,0,0,0,0,0,0,0,0,0,0,0,0,0,0,0,0,0,0,0,0,0,0,0,0,0,0,0,0,0,0,0,0,0,0,0,0,0,0,0,0,0,0,0,0,0,0,0,0,375,45,0,405,0,21,0,1,35,0,0,263,0,0,168,0,8,0,0,0,0,3,4,206,0,1,2,0,18,0,5,0,0,3,45,45,30,8,0,25,1091,1,139,0,180,0,6,0,0,203,4,0,1,0,0,154,0,13,0,22,11,957,133,1,0,677,0,165,13,0,0,0,58,1,27,0,1,17,5,53,4,0,0,0,329,715,184,0,0,0,6,0,0,0,0,1,531,29,216,4,0,31,0,0,5,0,40,2,0,142,0,0,0,12,12,0,1,132,0,1,40,0,0,0,0,0,0,525,127,0,0,34,1,0,76,0,0,0,0,4,0,0,139,83,0,29,0,180,0,1770,199,17,0,0,29,4,13,0,0,10,0,0,0,92,0,0,0,5,0,2,0,185,0,1,1208,82,0,397,17,256,117,4,0,375,69,862,1196,1853,38,66,0,106,1477,322,57,9,50,64,1531,199,80,0,0,0,0,69,0,170,0,1165,115,33,104,0,2175,3,0,392,244,7,10,1,486,53,392,22,8,2,1518,4316,4,632,53,23,9,1048,54,331,6,47,4964,1709,27,69,337,182,1924,159,0,423,25,480,0,123,0,249,0,0,21,0,24,0,19,874,343,48,801,164,647,14,8,4,29,2654,41,650,261,199,9,243,402,48,2,1261,7,17,438,15,191,541,1106,672,721,0,74,4,67,0,779,5,311,47,2,118,195,0,27,211,783,136,370,6767,1409,5,1244,8284,381,2,471,84,0,4,7566,0,42,95,1922,3,35,820,39,119,0,22,271,0,1341,625,3476,568,626,651,0,49,15,0,1438,1389,672,964,1,2131,15,3840,650,49,9,108,0,0,10675,931,24,242,6,777,55,2,389,830,23,1599,3135,0,0,1099,944,4984,545,70,7,6,131,2,15,14,217,1150,18,2,3,0,218,353,14,2,2240,2180,15,8,495,138,4018,1418,1,3,964,4,4,0,76,508,1677,2299,490,4,1587,823,219,4455,132,1,9,1245,525,0,185,388,16,53,1,1277,5,5,2514,431,53,281,1,4341,83,272,3,24,892,72,26,122,506,8,48,1,42,199,15,19,716,0,37,2179,3267,268,60,100,12788,14,0,833,21,209,40,2538,2,291,243,108,578,30,3644,776,197,237,0,752,0,1265,1031,0,3392,0,0,17,21,12,1025
"gene_481",552,4,0,0,0,0,0,0,0,0,0,2,0,0,0,0,0,0,0,0,0,444,0,0,0,0,0,0,0,0,0,0,0,0,3,0,36,0,0,0,0,0,6,0,0,0,0,0,0,0,0,6,0,0,0,0,0,0,0,3,0,0,33,0,0,0,0,6,0,7,0,0,0,1,0,0,0,0,0,0,0,0,0,0,0,0,46,0,405,0,17,0,0,2,8,0,577,257,0,0,8,0,0,0,619,123,0,3,0,0,9,2,0,0,0,4,193,3,0,147,0,0,3,0,0,0,0,0,93,3,0,408,0,0,1867,0,0,0,5358,366,10,0,0,0,3,9322,0,0,0,0,1,0,16,29,0,584,15,3,0,0,0,333,0,0,0,0,8,0,0,0,0,0,2,39,91,24,31,68,4582,0,72,0,1816,0,0,0,1,0,2,0,165,0,0,0,0,0,5,0,0,0,0,0,0,15,5,0,0,61,0,0,0,0,1137,0,14,0,0,33,0,0,0,0,0,0,0,0,395,0,0,1059,0,0,45,0,2148,0,0,11,671,270,0,0,0,0,31,71,0,0,0,291,22,0,0,0,0,0,56,0,0,0,0,4,0,0,0,0,0,618,272,34,0,418,10042,1670,1,4,1,0,0,0,0,0,6,35,0,0,0,1100,526,0,0,0,0,0,0,3,0,1,0,2,0,4,0,1092,44,0,53,1919,797,0,0,0,4,0,0,0,0,0,0,0,0,4,0,6,5,0,89,0,0,0,0,0,1,0,669,0,12,0,1,709,0,92,294,0,0,0,42,0,0,0,0,0,121,48,0,81,0,2,22,15,456,0,0,0,0,4,1,0,0,0,0,0,0,0,0,0,0,299,7,0,0,1280,0,0,1,0,0,0,3,0,0,179,6137,0,0,162,0,0,0,4,0,0,123,0,2,0,7,0,0,0,0,11,1,0,28,14,0,0,0,67,40,0,0,43,0,2234,0,0,0,2,0,0,0,0,0,0,0,0,0,0,0,0,0,0,0,0,0,0,0,0,0,0,0,0,0,0,0,0,0,0,0,0,0,0,0,0,0,0,0,0,0,0,0,0,835,0,0,0,0,0,0,0,0,0,0,8,0,0,0,0,1,0,0,0,0,0,0,0,0,0,0,0,0,0,0,0,0,0,0,0,0,1,0,0,0,0,0,0,0,9,0,0,0,0,0,0,0,0,0,0,0,0,0,0,0,0,0,0,0,0,0,0,0,0,0,0,0,0,0,0,0,0,0,0,0,0,1,0,0,0,0,0,0,0,0,0,0,0,0,0,0,0,0,0,0,0,0,0,0,0,1,0,0,0,0,0,0,6,35,0,2,0,0,0,0,0,0,0,0,0,0,0,0,0,0,0,0,0,0,0,0,0,0,0,0,0,0,0,0,0,0,0,0,0,0,0,0,0,0,0,0,0,0,25,0,0,0,0,0,0,0,0,0,0,0,0,0,0,0,0,0,0,0,0,0,0,0,0,0,0,0,1,0,0,0,0,0,0,0,0,0,0,0,0,0,0,0,0,0,0,0,0,0,0,0,0,0,0,0,0,0,0,0,0,20,0,0,0,0,0,0,0,0,0,0,0,0,0,0,0,0,0,0,0,0,0,0,8,0,0,0,0,0,0,0,0,0,0,0,0,0,0,0,0,0,0,0,0,0,0,0,0,0,0,0,0,0,0,0,0,0,0,0,0,0,0,0,0
"gene_482",1,0,0,0,0,0,0,0,0,1392,0,0,0,100,0,0,0,0,0,0,0,0,0,0,1,0,0,0,0,0,0,0,0,0,4,0,0,0,0,0,0,0,0,0,0,0,0,0,0,0,0,0,0,0,0,0,0,0,66,0,0,0,0,0,0,79,0,4,0,0,0,0,0,0,0,13,0,0,81,0,0,0,0,0,0,0,0,28,0,0,0,22,0,0,1,0,0,0,0,0,0,2,0,1,0,0,0,0,0,0,0,0,0,0,0,1,0,0,0,0,0,0,0,0,3,0,0,0,0,0,0,0,0,0,0,0,1,0,0,0,0,3,0,3,0,0,0,0,1,1,0,0,1,2,2,1,0,0,0,0,0,0,0,0,0,0,1,0,0,0,9,0,0,0,1,0,0,0,0,2,1,0,0,0,1,0,0,0,0,0,0,0,0,0,0,0,0,0,0,0,0,0,5,0,0,0,0,0,260,19,0,0,0,0,1,1,0,0,0,0,0,0,87,0,412,769,37,16861,0,57,0,0,0,0,0,0,666,0,0,0,0,72,142,0,0,9526,0,0,0,0,0,0,0,0,0,0,1,0,0,0,0,0,4,1,0,0,0,2,0,4,10,7,0,0,0,0,7,0,3,8,12,0,0,0,0,0,10,0,0,19,0,0,5,0,0,0,1,0,0,12,3,0,0,0,15,0,0,0,0,0,4,0,0,0,0,1,0,2,0,14,0,0,0,0,0,0,0,3,25,0,1,0,0,0,0,0,0,3,3,0,0,0,0,0,1,0,0,1,0,2,8,0,1,0,1,0,0,0,0,0,1,0,0,0,0,0,1,0,0,0,0,0,0,0,0,0,5,0,0,0,0,0,2,0,0,7,0,0,0,0,0,3,0,0,0,2,0,3,0,0,0,1,0,0,0,1,0,0,0,0,1,3,0,1,31,0,5,0,0,0,0,0,0,5,2,0,0,0,0,0,0,7,0,0,103,0,1,0,0,116,1,6,0,7,54,0,0,0,14,635,0,0,0,0,0,3,0,0,1382,0,0,0,70,0,0,90,4,0,0,0,1,3,0,24,3,0,30,0,0,0,23,0,0,0,515,0,0,0,0,0,0,0,0,227,0,34,0,0,13,0,0,0,0,0,0,0,0,2,0,0,0,0,18,0,0,0,0,0,360,0,63,0,0,0,148,0,0,0,0,20,1,0,5,0,0,0,0,0,0,293,34,68,32,0,0,0,0,0,1,35,0,2,0,2,488,0,27,0,3,5,0,383,3,125,0,0,0,0,0,0,0,0,118,0,1340,5812,0,0,27,0,4026,1,0,0,0,432,0,28,0,0,0,0,597,0,67,0,0,1,0,256,0,0,155,0,2,0,14,0,834,197,0,0,225,27,0,9,0,0,0,940,374,1,241,511,0,0,1,655,0,66,9,0,103,0,86,0,0,275,0,1,0,0,0,0,42,0,391,2,0,0,0,18,0,0,0,0,35,243,0,1,2,0,1142,17,0,0,1,6,0,0,645,256,0,0,4,11,0,3,0,0,0,0,0,0,0,0,0,1,7,2092,0,2,0,547,12,0,0,0,2,0,0,0,58,0,167,0,3,1,0,537,0,1474,818,0,0,15,0,1077,0,12,0,0,86,1,8,39,433,231,0,0,0,0,0,0,5,0,222,7,0,199,1,0,0,1,2523,435,0,179,0,6,0,0,0,1669,298,17,1053,0
"gene_483",0,0,0,0,0,0,828,50,0,0,0,62,1242,0,0,0,133,0,0,0,4,0,0,0,0,1632,9,21,0,0,0,0,0,2,0,0,0,0,1,0,0,0,0,0,0,0,1,0,827,0,39,0,0,0,0,0,0,0,0,0,576,45,0,0,0,0,230,0,0,11,5,0,0,1844,1269,0,0,0,0,0,0,0,0,0,0,12,0,0,0,0,0,0,0,0,0,0,0,0,0,0,0,0,0,0,0,0,0,0,0,0,0,0,0,0,0,0,0,0,0,0,61,0,0,0,0,0,0,0,0,0,0,0,0,0,0,0,0,0,0,0,0,0,0,0,0,0,0,0,0,0,0,0,0,0,0,0,0,0,0,0,0,0,0,0,0,0,0,0,0,0,0,0,0,0,0,9677,0,0,5,0,1,0,0,0,0,0,0,0,0,0,0,0,0,0,0,0,0,0,0,0,1289,0,0,0,0,0,0,6,0,0,0,0,0,0,0,0,0,0,0,6,0,0,0,0,0,0,0,0,0,0,0,0,0,0,0,0,0,0,0,0,0,0,1,0,0,0,907,0,0,0,0,0,0,0,0,0,0,0,0,0,0,0,0,0,0,0,0,0,0,78,0,0,0,0,0,0,0,711,0,0,0,0,0,0,0,0,0,0,0,0,0,0,0,0,0,0,0,1279,0,0,0,0,0,0,0,0,0,0,0,9,0,0,0,0,0,0,0,0,0,0,0,0,0,0,0,0,0,477,0,1566,0,0,1267,0,0,0,0,0,0,0,0,0,0,0,0,0,1,0,0,0,0,0,0,0,0,0,0,0,0,8286,9,0,0,0,0,0,0,0,0,0,0,0,0,0,0,0,0,0,0,0,0,0,0,0,0,4,0,0,0,0,0,0,0,0,0,0,0,0,647,0,0,0,0,0,0,0,0,0,0,0,0,0,0,0,0,0,0,0,0,9,0,0,0,0,0,0,0,394,0,0,0,0,0,0,0,0,0,0,0,0,0,0,0,0,0,0,0,0,0,0,0,0,0,0,0,0,300,0,0,0,0,0,0,0,0,0,0,0,0,0,0,0,0,0,0,0,0,0,0,0,0,0,0,0,0,0,0,0,0,0,0,0,0,0,0,0,0,0,0,1,0,0,0,0,0,0,0,0,0,0,0,0,0,0,0,0,0,0,0,0,0,0,0,0,0,0,0,0,0,0,0,0,0,0,0,0,0,0,0,0,0,0,0,0,0,0,0,0,0,0,0,0,0,0,0,0,0,0,0,0,0,0,0,0,0,0,0,0,0,0,0,0,253,0,0,0,0,0,0,0,0,0,0,0,0,0,249,0,0,0,0,0,0,0,0,0,0,0,0,0,0,0,0,0,0,0,0,0,0,0,0,0,0,0,0,0,0,0,0,0,0,0,0,0,0,0,0,0,0,0,0,0,0,0,0,0,0,0,0,0,0,0,0,0,0,0,0,0,0,0,0,0,0,0,0,0,0,0,0,0,0,0,2,0,0,0,0,0,0,0,0,0,0,0,0,0,0,0,0,0,0,0,0,0,0,0,0,0,0,0,0,0,0,2,0,0,0,0,0,0,0,0,0,0,0,0,0,0,0,0,0,0,0,0,0,0,0,0,0,0,0,0,0,0,0,0,0,0,0,883,0,0,0,0,0,0,0,0,0,0,0,0,0,0,0,0,0,0,0,0,0,0,0,0,7,0,0,0
"gene_484",4597,189,39,751,0,1187,216,4,2228,269,51,2866,525,2464,2606,45,16,471,1570,0,7,27,780,0,6,685,0,97,75,869,5340,7183,2034,122,78,0,360,0,8572,5,177,231,367,5,0,0,6526,81,3348,271,136,168,215,822,1718,0,95,8,0,1517,2,9,22796,3370,543,86,3887,1,1024,3075,967,33,1,1188,0,10,1262,0,396,599,0,212,0,19429,0,772,0,0,498,0,56,1,0,727,403,0,0,44,0,0,0,1,0,0,0,0,0,11,1,0,0,0,8,6,0,0,1,1462,0,363,58,0,0,0,0,1,3,8,0,0,0,241,16,149,0,0,0,212,0,13,0,0,7,0,1,0,0,0,0,0,10788,0,1,0,0,123,72,0,761,0,287,0,0,3241,0,0,2010,8,0,7,0,0,36,0,195,16449,0,0,6,0,106,1,2807,0,3791,124,0,0,0,4463,0,8,1,2852,0,0,0,0,693,578,1249,48,3,47,159,2790,8873,36,0,1397,42,0,326,115,5,586,13,4246,0,8,0,0,1042,0,23,0,2869,23651,0,12028,2,45,180,0,61,0,3208,1508,1833,896,2,9510,1924,0,0,0,0,99,40,12,96,2953,0,13,0,0,0,711,30,113,149,0,2035,0,0,0,0,370,311,1610,1,2165,0,0,3,31,21,235,1,0,17,1034,102,871,535,266,18,0,0,0,1,6,0,17,3457,3,0,1,973,3183,98,20,0,0,635,1369,144,731,0,5,0,21,0,148,21,190,0,0,2872,94,636,7,6,2888,49,9,136,148,571,6,936,8,4315,1750,16,62,419,52,0,0,582,9,0,0,0,36,0,12,70,645,5226,30,0,120,0,0,201,411,0,4,0,1,8935,31,0,162,119,670,2,12,0,14,64,7,0,0,2,18,0,144,0,1670,0,1,0,209,0,36,9,0,1433,94,0,0,0,8,0,89,23,212,795,3509,0,159,0,104,0,1313,112,2808,1740,24,9,0,2772,20,0,0,0,6,1,6212,0,3359,2,0,9,0,5659,307,0,2,5,0,0,49,9637,1,200,2100,1,1840,10,538,7,0,432,0,118,0,1165,21,0,69,2,0,0,0,85,113,0,312,0,283,0,398,665,0,1,6,238,583,0,0,1,45,0,510,5,0,222,6791,0,87,30,1492,470,0,2,0,2865,18,986,0,2171,4,19,5809,0,0,0,2416,375,1,146,11,1,1759,749,160,2,892,1,4815,44,109,0,0,94,457,681,0,0,2,3,3026,0,1,0,1,141,349,0,2,139,43,91,0,5,15,551,1604,0,1,572,116,0,3533,6,0,0,0,64,544,8704,92,736,880,680,110,0,4,601,135,276,757,412,0,37,351,0,0,76,1,0,0,91,5472,837,308,132,0,219,6615,136,0,44,3,106,0,1574,422,25,0,0,0,0,211,129,426,1,9,23,2157,0,0,1054,7,0,85,0,9453,17,7,0,0,0,1,321,0,0,0,0,1,0,0,175,1,0,42,1,0,0,0,0,29,489,0,624,0,0,3,215,977,0,478,0,0,20,4,0,63,0,0,0,175,42,0,2,35,0,0,0,8,1,5506,811,0,0,0,483,0,1,489,47,2,0,0,18,0,0,0,2,186,0,1,7,3085,2547,1985,74,0,0,0,2864,0,0,0,0,3,734,0,0,0,0,0,10,0,1,0,0,11,33,2799,255,0,7,660,2,0,0,0,0,0,0,317,0,0,5,100,4790,0,86,0,5,922,0,0,1328,2124,3,1120,0,1790,1,1,0,399,6,452,1852,1,2,0,46,2712,0,7
"gene_485",0,0,0,0,0,3,0,0,0,0,0,0,0,0,0,0,16,0,0,0,0,425,91,0,5,0,128,0,0,0,0,29,80,0,175,73,0,0,0,11,0,0,346,0,0,9,0,0,0,0,0,0,0,0,0,0,0,0,18,47,0,0,4,0,0,0,0,0,0,0,0,209,0,0,0,0,0,0,0,0,0,506,0,0,53,0,0,1,0,0,0,2,0,0,0,0,0,0,7,17,196,0,0,0,0,0,0,0,0,0,0,0,0,0,0,0,0,0,11,0,0,0,0,0,0,0,0,0,0,0,0,0,0,3,0,3,0,0,0,0,0,0,0,0,0,0,0,0,0,0,0,0,0,0,0,973,1,0,0,291,0,0,0,0,0,0,0,0,0,0,0,0,0,0,0,0,0,0,0,0,0,0,0,0,0,0,0,0,0,0,0,0,0,0,0,0,0,0,0,0,0,0,0,0,1,443,0,15,6,0,0,0,0,0,2642,0,328,0,0,0,0,0,0,0,0,2527,0,0,0,0,0,0,0,0,0,0,0,0,0,0,3229,0,0,0,1,0,0,10,0,0,0,0,0,0,0,0,0,2,0,218,0,0,0,0,2,0,0,24,0,0,0,0,0,0,2257,6061,10,0,0,0,0,0,10,1,0,0,0,0,0,0,488,103,0,0,0,0,0,0,0,0,0,0,0,3154,0,0,0,0,0,25,0,9,0,999,47,0,0,94,0,0,0,400,58,2,0,0,0,2,0,0,0,9,113,0,0,0,0,435,0,0,0,0,0,0,0,0,0,0,0,0,0,0,0,492,0,0,0,0,0,0,0,102,250,519,677,0,0,0,0,0,0,0,0,0,0,0,0,0,0,0,0,0,3354,0,0,0,0,6,0,117,0,46,0,0,0,0,0,573,0,0,22998,0,0,0,0,0,0,0,0,0,168,75,7,11,0,14,10726,21,0,0,0,0,2593,12509,2,0,0,0,0,0,0,0,191,0,70,3,0,43,0,0,0,0,4,0,0,0,102,0,0,808,0,0,0,0,0,3,0,0,0,0,149,0,0,0,20,0,0,0,212,0,84,0,2,1,0,0,0,0,47,0,0,0,10,3,0,0,0,0,0,0,0,0,2,0,1,0,0,0,0,0,0,0,0,0,0,0,0,0,0,0,0,0,37,0,0,0,0,0,109,0,0,0,16,0,0,1,0,71,0,0,0,0,0,0,0,0,47,0,0,0,0,0,0,3,29,0,0,0,0,0,3,77,0,0,0,1,0,0,0,0,0,0,0,0,0,8,0,0,0,0,0,0,0,0,0,0,0,0,0,0,0,0,0,0,0,0,0,0,0,0,0,0,0,0,0,0,0,0,0,0,0,0,0,677,0,0,0,0,0,391,0,0,0,0,0,0,0,0,209,0,0,0,0,0,0,0,0,0,0,0,0,0,0,0,0,0,0,0,0,0,0,235,0,0,0,0,0,2,0,0,0,0,0,0,0,0,0,0,0,0,0,0,0,0,0,0,0,0,0,0,0,0,0,0,0,0,0,0,0,0,0,0,0,0,0,0,0,0,0,0,0,0,0,0,0,0,0,0,0,0,0,0,0,0,0,3,0,0,0,0,0,0,0,0,0,0,0,0,0,0,0,0,0,0,13396,0,0,0,0,0,0,0,0,0,0,0,0,0,0,0,0,0,2542,0,0,2732,0,0,0,0,0,0,0,0,0,0,0,0
"gene_486",0,1770,14,34,612,4575,7080,1,3659,1,14365,1927,925,846,4026,75,25,0,572,570,757,2,304,29,1884,2558,2420,0,7791,96,4719,676,1478,93,251,0,551,8153,187,4003,1303,1523,762,105,118,146,36,73,6290,1313,1187,40,422,58,8482,187,114,29,4129,8009,15,0,45,19,369,6761,110,7,4725,6,2258,5173,240,27,0,236,139,1180,956,2823,481,368,5,1226,272,227,0,1303,925,223,1121,83,0,158,712,1952,550,338,691,0,1525,1127,0,4,488,2499,0,36,1925,905,0,24,0,0,0,744,42,115,8,1,40,523,0,1,13,19,0,31,0,0,1,0,1051,5,1,333,0,1,14111,35,0,0,0,8087,1203,38,3,1,26,1827,200,3074,0,0,2776,0,165,1,0,0,847,2408,0,594,0,1,63,45,11,28,9756,5116,80,0,2600,4319,6,5023,0,880,47,0,11,26,130,0,0,0,0,5767,503,1500,6720,0,8369,172,0,682,1837,0,3,0,0,1,0,6,0,320,0,32,16545,18594,1,0,2,4,124,0,326,0,0,0,0,0,1085,0,0,0,7633,812,0,1,0,0,0,0,1,5,0,1,14,0,2,194,0,30,0,0,0,1059,129,0,561,0,343,1,0,0,744,0,0,0,338,0,58,0,0,0,11,0,1,0,0,286,1095,41,611,1,148,0,0,952,3,132,8053,930,19,0,126,0,23,0,140,18,0,926,0,0,0,18,204,0,11080,0,4501,230,5,0,330,0,29,0,4417,1028,20,0,520,19,0,0,394,161,0,0,61,293,0,403,114,0,0,37,2,0,0,0,160,2,3086,5,1,0,1594,2503,0,0,301,0,223,0,8,0,0,0,107,0,8,0,1,0,0,11,0,0,3,162,1560,320,0,0,163,427,71,3,626,1221,219,6,93,524,0,0,0,0,0,596,1107,5,0,264,0,0,0,1,5,4,0,0,134,0,65,2,0,2058,3,53,5,0,3,321,0,0,2,0,1757,0,645,1701,0,126,0,2956,0,976,0,0,849,329,4476,4,0,3,0,0,180,0,3,0,5,66,0,0,13,0,2,0,22,0,450,6,0,0,0,0,1,28,0,0,1,0,201,1,392,0,33,0,248,0,0,0,0,22,397,0,128,153,6,0,0,1,3637,47,0,0,109,0,0,0,223,0,9,0,0,3,0,0,29,0,0,0,0,0,0,0,533,0,0,0,94,0,0,699,0,79,0,0,0,0,0,0,0,91,0,0,89,0,0,9,0,0,0,64,43,0,3,0,0,0,3,0,45,0,18,6,0,0,0,0,102,0,0,2986,6,0,0,0,1,8,0,0,1,0,10,0,0,3322,0,0,0,1643,0,0,0,7,0,0,0,0,0,0,0,0,0,0,0,8,479,0,32,0,0,0,0,0,0,312,3466,0,0,0,0,0,0,0,0,0,0,0,0,0,0,0,2129,0,10,0,0,3,0,0,0,0,0,0,0,0,0,0,0,0,0,0,0,0,0,0,11197,0,0,0,0,0,57,0,0,0,0,0,0,0,0,0,0,0,0,0,0,0,0,0,0,10158,0,0,21,0,0,0,0,0,0,0,1914,0,0,0,0,0,0,0,0,0,0,0,0,0,0,0,0,0,11,0,0,0,0,0,0,0,0,3,0,0,0,4643,0,0,0,0,36,0,2,0,0,0,0,0,0,1,0,0,0,0,0,0,0,0,5,0,0,0,0,0,0,0,0,0,0,0,0,0,0,0,0,0,0,0,2,0,993,0,0,0,140,0,0,0,0,0
"gene_487",23,3,0,0,0,19,216,26,0,0,14,0,0,1,0,0,78,0,0,0,0,0,10,7,0,110,0,0,0,0,0,0,131,0,465,8,72,224,0,34,0,2,1,8,1,0,2,17,38,0,392,69,2,0,1,0,2,51,0,0,0,0,2,0,1,5,0,0,80,0,13,1,0,50,45,176,0,0,0,0,20,0,327,0,0,3,0,2622,0,0,79,4,0,0,0,0,73,4,0,0,0,9,0,0,0,0,0,0,0,0,0,0,0,0,0,0,14,0,0,0,0,0,0,0,0,0,0,0,0,0,0,0,0,0,0,0,0,0,341,0,0,0,0,0,6,0,0,0,0,0,0,0,0,0,0,685,0,0,0,95,0,0,0,0,0,0,0,0,0,0,0,0,0,2,0,0,1645,719,0,857,0,0,0,0,0,0,0,0,0,0,0,0,0,0,4,0,198,0,0,0,0,0,137,18,0,0,168,0,16,0,0,0,4907,538,0,0,0,0,0,0,1003,0,1615,368,0,0,0,0,0,0,3,0,41,0,0,0,1140,0,0,0,0,41627,0,0,40,744,0,0,0,0,0,0,0,0,0,0,0,0,0,0,10,0,0,0,5,2404,54,32,0,2733,1,2411,1971,3,0,23,19,20,29,709,438,2155,0,45,13,0,0,0,25,0,854,914,0,14,171,30,0,0,0,54,3,217,0,124,0,159,1,36,2,1791,464,8,1122,2,33,455,0,7405,2,60,9,234,1,13,112,0,0,446,378,3,1,0,27,0,42,0,73,3,4,4275,9,0,475,364,1342,1,2220,1170,1439,35,1,30,1587,657,0,0,0,0,0,0,1848,198,288,0,555,1,1072,481,37,2384,10,0,0,3,15,24,4,0,3363,0,5,753,0,1563,0,0,1894,484,79,566,26,6014,2,4088,210,55,0,1021,0,0,2,1290,73,0,68,123,2,130,1574,4,594,141,0,3794,15,0,1,0,907,43,39,0,3,777,186,6859,2740,2,0,0,1493,66,772,761,192,146,2877,2208,6533,0,108,437,314,46,25976,2506,3740,6,730,208,0,258,378,3,3011,191,304,0,269,68,1630,72,321,5,67,0,247,220,160,37,5380,78,579,1,59,733,45,1043,117,5,0,4547,0,26,17,37,108,5642,452,2789,452,2326,1,838,42,11919,77,2042,2984,170,1650,1250,85,240,682,0,155,6362,2021,960,11112,1147,2044,1057,84,478,1292,0,192,3,66,121,11592,7,0,370,2524,10464,136,468,1583,396,6,173,1779,315,10508,77,3,18,2507,144,507,19,117,15729,5211,424,142,26,261,855,189,1427,0,9,5227,2,74,3279,0,925,3103,671,6,259,969,94,3,14,7821,1,11380,2,255,431,256,8694,47,3028,308,18,1369,16422,3586,58,662,4262,2,9,1228,369,122,12,2750,141,0,7070,833,0,15,13,51,3177,1686,1197,25,598,290,0,6,6,13,18,19,4,130,374,0,573,2451,103,176,24,154,18,35,37,0,3,14,64,0,118,1154,3,159,762,15,13934,139,5,0,0,154,49,737,747,12417,0,667,315,2156,0,1,7,1587,16,0,0,1694,7,77,6,0,0,0,0,443,996,2374,119,39,1255,0,0,263,2515,2106,0,19,8806,42,359,914,1,1401,125,106,1,11195,157,0,220,0,2132,0,3,378,7070,9650,65,0,4174,78,679,536,2937,1481,170,1080,0,0,47,5099,130,1,0,47,366,2027,0,190,3110,0,6566,212,0,2719,10,1,0,467,0,1491,5029,31,1823,0,15901,0,0,0,0,1283,0,0,2402,65,10,499,3,517,1,4926,45,1648,30083
"gene_488",14253,4372,4152,1513,4202,2310,12706,4640,2595,5517,276,1214,3230,1420,822,469,12088,1006,2998,553,1267,468,5345,1460,3872,6735,10583,2640,2123,8189,4264,1290,2312,2421,9968,17442,4549,256,718,5567,2621,4316,3287,2782,5083,2324,3949,3198,7104,2252,1150,1763,2055,388,2245,2569,1671,11635,300,4554,22102,3073,2960,5509,2267,3843,6505,114,1496,10521,6576,9403,324,17471,1789,376,2511,2432,15731,1172,6416,736,1006,7840,4012,27456,754,2455,17657,1713,1420,910,7327,35449,7042,1075,7307,450,20238,137,2747,23574,107,24084,1875,49660,1053,2532,0,1125,33,4285,314,2722,434,36124,1222,1259,880,1088,6095,11,167,1022,12661,227,1463,2743,10680,18125,640,2396,174,1436,77,208,1541,35367,1403,480,534,23614,26554,9072,12659,3549,20776,917,12867,3916,37341,27,69,3744,22158,4,3590,481,569,2090,12515,453,11810,23815,6,2707,42505,10576,169,25859,1198,17,38419,18,1977,727,7711,4078,102304,1916,10370,0,4552,18716,43696,4968,27314,3158,28816,6147,883,13295,658,6951,89,5544,1,1907,4861,16085,1803,354,13629,3345,9068,280,132,16,2,3518,17499,358,1076,1958,2624,3,0,3003,114,6613,692,266,786,797,264,8216,7522,1864,35070,6625,42,1027,2,0,257,5304,754,5,172,242,54,450,13077,0,1338,1653,28341,84,968,4079,14114,2919,1073,704,3665,4368,4121,0,7279,14,0,1235,272,271,135,78,226,616,103,441,829,471,324,1418,135,3,387,133,257,431,332,24,47,100,129,973,461,8,29,96,103,29,293,224,1,255,30,1,602,523,1,19,31,228,0,559,94,2,420,16,57,38,727,179,26,15,129,889,2,1,669,656,108,1441,2,185,1275,39,904,85,43,27,48,695,12,310,311,74,395,173,2,3,81,678,6,21,6,117,0,29,1456,189,26,127,560,26,80,14,857,255,576,296,268,2968,96,34,702,35,0,187,138,11,250,30,385,0,115,110,0,2582,4,125,569,22,0,105,529,160,830,154,977,75,1,378,568,1002,444,0,112,2,516,538,287,82,0,25,716,1,270,87,28,104,361,12,373,295,55,1246,236,560,28,107,1239,457,46,452,0,0,432,12,1081,605,142,243,221,11,257,407,5,252,409,113,102,379,335,77,137,6,12,3,5,18,65,15,114,653,493,4,349,31,101,2,162,92,15,57,421,55,29,129,3,360,0,298,15,9,31,73,0,2,10,112,5,132,27,212,2,261,57,47,50,1,116,912,85,596,6,39,8,36,363,11,68,149,0,13,59,316,587,21,351,55,20,1119,22,343,279,54,217,2,13,6,228,102,145,46,43,0,291,11,498,3,11,122,137,240,782,315,465,470,810,185,0,18,678,29,418,1,56,88,91,461,18,22,7,2,439,29,100,20,29,101,30,44,254,245,444,6,4,8,7,65,109,5,33,4,40,4,25,32,32,320,0,5,0,16,7,0,0,0,342,53,8,123,404,1086,100,42,284,221,158,145,64,0,745,5,0,203,3,272,0,164,347,1,2,644,231,3,1,15,0,10,10,198,17,167,13,139,59,443,0,2,0,116,8,0,6,6,10,110,6,0,82,406,8,1,0,77,33,0,14,14,0,12,22,31,62,3,7,16,11,390,20,131,4,196,9,363,118,3,15,1,166,0,6,243,0,20,258,97,2,0,33,11,0,39,68,2,0,27,345,70,20,358,1,81,0,248,2,0,130,59,27,135,629,0,4,58,45,3,143,5,0,135,35,71,128,16,567,1,0,0,46,26,69,34,92,43,0,236,7,8,71,0,127,0,182,230,220,359,0,234,0,284,3,5,544,4,43,345,20,1221,19,15,18,14,65,0
"gene_489",0,0,0,0,307,0,0,81,0,62,3,0,0,0,0,0,0,0,0,0,0,0,0,409,12,0,0,41,0,0,0,0,0,0,0,16,14,0,63,44,0,0,0,130,0,0,0,0,0,0,0,0,0,0,0,110,0,0,0,0,0,0,73,0,0,14,0,0,0,6,18,0,0,0,28,0,0,56,0,0,0,0,5,0,0,0,3,0,0,0,8,67,3,1,686,366,51,445,241,785,1177,322,4620,559,861,684,2,6,155,1096,17,357,638,78,158,182,6,1850,1060,1284,5702,6,0,891,8957,398,0,146,1291,234,85,1115,232,0,16740,1737,11942,19911,14478,3110,68,5107,3101,7233,5163,23,516,3288,13714,7182,20086,1448,2996,16058,210,5415,245,7560,5,1137,139,10748,2353,1424,9618,223,2434,1031,185,1157,1711,0,6332,0,1564,107,8204,1897,396,52,30,12648,1526,4005,3,1279,287,547,1797,87,663,1032,0,48,17,1075,0,29,154,1088,1,409,8307,124,11702,5809,4661,0,7319,17,3046,2949,75,2214,9377,4514,1586,869,1993,1414,4029,43,2064,211,128,8504,806,1882,95,1813,0,23,2,30,1094,702,31092,24,1930,46,13804,1784,2315,8228,3601,547,7210,871,178,18,8643,12546,31,343,4187,290,84,337,9915,8308,7,37,949,403,15,0,11,89,224,103,67,19,754,8,76,123,2241,0,18,0,0,0,2618,0,474,764,324,0,0,7,440,0,42,1375,19,1,0,27,3,26,31,0,172,0,1,53,1,0,67,20,478,1,0,2,14,9,6871,2514,0,0,1,1,124,822,21,4,180,24,5371,0,222,0,2,194,44,111,236,16,0,1202,195,0,2436,402,0,247,0,0,306,277,22,94,2,1,4,72,326,4,1,0,148,0,4,1,17,0,1,2,29,82,356,198,172,150,23,0,0,76,1500,481,3,3222,0,0,0,0,423,0,0,1,4123,10,16,1,0,66,5,2,0,1077,5,925,6,0,0,0,1,1,2,0,280,102,375,0,208,0,147,171,0,57,0,0,0,783,86,76,4068,0,0,1,0,21,419,6,20,0,0,0,5386,2120,1,167,0,2,0,0,69,0,0,0,0,1,0,0,3,1,3,2,0,0,4613,0,0,1004,41,0,0,0,0,0,1,0,0,13,145,0,0,78,500,0,0,0,108,0,0,197,4,461,0,0,0,0,0,0,12,0,118,0,247,0,0,120,0,76,0,0,6,0,0,0,0,0,0,0,0,1,0,0,164,95,2,0,0,0,0,0,0,0,0,333,31,1,0,0,0,0,5,0,36,0,0,0,4,0,0,195,0,0,0,2,2,0,3,0,0,0,0,0,0,0,297,46,410,2,0,0,0,0,0,415,0,0,5,0,0,0,8,0,0,0,0,0,0,0,0,0,1,0,0,0,10,0,0,10,0,0,0,0,0,0,0,2,9,0,0,0,0,0,0,0,0,0,0,13,0,0,0,0,0,0,0,0,136,0,0,0,0,0,0,0,8,448,0,0,0,0,0,0,0,0,0,0,0,0,0,0,0,0,0,0,0,0,0,0,0,0,0,0,0,0,0,0,0,0,0,0,0,0,0,0,0,0,0,3,0,0,0,0,0,0,0,0,0,0,0,0,0,0,0,0,0,1,0,0,0,0,0,0,0,0,0,0,0,0,0,0,82,12,0,0,0,0,0,0,0,0,3,0,16,2,2103,0,0,0,0,0,0,0,0,1485,0,0,0,0,0,0,0,0,0,0,0,0,0,0,0,0,0,0,0,0,0,0,0,2,0,0,0,0
"gene_490",0,0,0,0,0,75,0,0,0,44,0,0,0,0,0,60,0,0,0,0,0,5,0,25,0,11,23,0,5,0,1,0,0,0,0,0,8,0,0,0,47,0,0,0,0,0,0,0,0,0,0,0,0,0,0,0,0,0,0,0,0,0,0,0,0,0,1,0,0,328,47,0,0,0,0,0,0,0,0,0,0,0,0,0,0,0,0,0,0,4,0,4,17477,0,0,0,0,81,0,0,0,0,0,0,0,2,0,0,0,0,0,0,0,3,0,0,160,0,0,0,0,0,0,0,0,47,0,0,0,0,0,398,0,1314,0,0,0,0,0,0,0,69,38,2,0,0,0,0,0,0,0,0,0,0,0,2,0,916,0,0,0,0,0,0,0,0,0,0,0,0,0,0,17,0,0,0,2,0,0,0,0,0,173,0,0,0,0,418,0,5179,0,36,0,0,0,0,0,0,0,0,0,0,0,0,0,0,0,2,0,0,0,0,0,0,0,0,0,0,0,0,0,0,0,1,0,0,36,0,0,0,0,0,0,0,0,0,0,0,0,0,0,0,0,0,0,0,0,0,0,0,0,0,0,0,0,0,0,0,0,0,0,0,0,0,0,0,0,0,0,0,0,0,0,0,2,0,0,1,0,0,4,0,0,0,0,29,0,0,0,0,0,0,0,0,0,0,0,0,0,1,0,0,0,0,0,0,0,0,11,0,0,0,18,540,0,0,0,533,0,0,364,0,0,0,0,0,0,0,0,48,0,0,0,2,0,282,0,0,248,0,0,0,1899,0,0,0,0,0,0,0,0,0,0,0,0,0,0,0,0,0,0,0,0,0,0,0,0,0,0,0,0,0,0,0,0,0,0,0,0,862,0,0,0,0,0,0,28,0,1,0,0,0,0,108,0,0,0,0,0,0,0,0,0,0,0,0,0,0,0,0,0,0,0,0,0,0,0,0,0,0,0,0,0,0,0,21,0,235,0,54,0,0,0,24,394,0,0,0,0,0,0,0,0,0,0,0,684,4,0,0,0,0,0,0,0,0,0,0,0,0,0,0,0,0,0,0,0,0,0,0,0,0,0,8,9,0,0,0,0,0,0,0,0,0,0,0,0,13,0,0,0,0,0,0,0,0,0,0,0,0,0,0,0,2,0,0,0,0,0,0,0,0,0,0,0,0,0,0,0,0,0,0,0,0,0,0,0,0,282,0,0,0,0,0,0,0,0,0,0,0,0,0,0,0,0,0,0,0,0,0,0,0,0,0,0,0,0,0,0,0,0,0,0,0,0,53,0,0,0,0,0,0,0,0,0,0,0,0,0,0,0,0,0,0,0,0,0,0,0,0,0,0,0,0,0,0,18,0,24,0,0,0,0,0,0,0,0,0,0,0,0,0,0,0,6,0,0,0,0,0,0,0,0,0,0,0,0,0,0,0,0,0,27,0,0,0,0,0,0,0,292,0,0,0,0,0,0,0,0,0,0,0,0,0,0,0,0,2,0,0,0,0,0,0,0,0,0,0,0,0,2,0,0,0,0,0,0,0,0,0,0,0,0,0,0,0,0,0,0,0,0,0,8,0,0,0,0,0,0,0,0,0,0,0,0,0,0,0,0,3,0,7,0,0,0,0,0,0,165,0,0,0,0,0,0,0,325,0,0,0,0,0,0,82,0,0,0,0,1352,0,118,0,0,0,1205,0,202,0,0,0,0,0,0,0,3,0,0,0
"gene_491",0,1,0,0,0,0,0,0,0,0,0,3042,0,2686,0,0,3,0,5,130,0,0,0,0,0,0,0,0,0,0,0,229,0,0,0,780,0,30,0,0,0,0,0,0,0,2,0,0,7,0,0,0,0,0,0,0,0,0,0,1,0,0,163,0,0,0,0,149,0,0,0,0,0,0,67,0,318,0,0,299,0,0,0,0,0,21,0,0,0,0,10,0,17,77423,4,0,7,643,0,0,0,0,0,0,101,206,1799,1022,0,24,0,87,0,0,0,0,0,8,1,0,0,0,120,0,129,0,0,0,0,0,8,0,0,0,1011,0,0,0,846,0,0,0,0,0,0,0,0,0,1136,0,0,0,35691,0,15,0,0,0,0,5,13,0,0,0,0,0,0,43658,0,0,0,0,0,2295,0,0,109,498,0,0,0,0,0,0,0,0,7,5,0,0,0,0,0,0,0,50,0,0,0,93,16,0,0,155,14121,47,219,4394,593,54,8,816,0,65,5,528,55,1,0,0,2216,1523,123,0,4,703,0,0,0,12217,0,1333,8,462,0,1729,8255,5584,0,1,0,51,93497,161,1,7,5988,0,24,651,28,1018,0,3454,164,379,138,0,7,8080,0,613,389,0,170,164,3,1527,585,4813,4665,4425,2844,1352,121,9567,9971,859,0,7,0,397,282,1452,488,36,1296,396,9,260,28,3,57,1,4274,229,4574,3352,62,298,119,8,13169,24,732,1,0,0,17,30,37,0,2,1761,611,2483,492,123,191,1981,5523,350,1431,115,0,0,12,1960,52,1207,30,160,0,271,13026,2,223,3,673,4724,258,1469,1286,6852,1141,2,0,745,39,1824,845,1269,1709,31,413,968,477,877,446,252,1211,3,41,2005,11,703,1,265,526,796,1196,1,3605,608,3431,868,2042,636,109,19,780,5448,156,21,4595,3226,1529,63,485,480,1760,1769,3,1468,56,19,1427,62,2685,2458,2094,82,777,806,14614,27,2619,1019,1711,0,6,57,426,3040,6933,5583,72,43,432,133,6,0,363,4296,86,38,240,2,9512,2465,197,7,0,593,0,0,706,3991,409,0,167,15,0,3320,10,1804,101,2021,2639,44,7077,2,317,272,0,19,8515,20,274,689,4818,249,129,32,540,11,0,683,2,41,719,0,50,0,55,0,0,1,54,526,28,48,17,0,64,29,0,3563,4,1751,0,1787,66,0,105,516,0,0,525,596,2787,2540,1,273,1532,1025,5,89,39,1871,0,159,496,110,32,2176,0,2491,0,130,12,0,91,0,1,0,1342,9,0,128,4777,2,662,42,0,164,0,5,3602,228,0,2,1072,9822,285,5,29,1824,11,3,83,0,3257,274,0,1625,139,0,1536,1690,0,1130,37,0,7,0,0,0,0,262,192,1704,3,18,0,186,2970,1863,38,0,5468,83,1765,6,326,3410,221,0,1806,0,707,0,6,0,408,14,1133,4479,0,12339,1469,148,37,4273,3,1634,203,321,98,878,3176,0,168,0,10,8200,1,71,298,6742,2424,500,49,510,66,0,5000,1709,20,6456,80,12503,2991,2,3921,0,116,3449,263,11030,5766,27,1594,9559,1491,5,3601,0,135,32,953,21,9,930,403,4290,2,6,461,2652,7480,84,213,379,1959,248,0,4560,2,0,1982,237,1,137,0,0,861,894,4777,2244,5,0,15419,18,70,0,67,14,352,10111,60,56,0,1318,87,5566,0,204,2450,252,1389,10,0,68,1676,3794,36,85,4,0,12,458,0,16172,0,550,4,2490,0,0,6131,0,4651,761,15,0,2,202,963,38,13,495,5569,48,3584,1143,3,8332,4,1,6196,10785,423,355,447,5855,15989,407,6277,95,97,7210,2,4379,3230,6,2,10209
"gene_492",0,0,0,0,2,0,0,5,0,0,0,0,0,0,0,3367,0,41,0,0,0,0,0,0,40,0,0,0,0,0,0,16,0,0,0,0,45,0,0,0,0,0,2,0,0,3,0,0,0,1261,0,0,0,0,0,0,0,0,862,5,0,0,0,0,874,0,0,0,0,0,0,0,0,0,0,0,0,0,0,0,0,0,0,2,15,0,0,0,281,0,0,60,0,0,0,0,0,0,0,0,0,0,0,0,0,7231,0,0,3762,0,0,0,92,0,0,0,0,634,0,0,0,0,24,0,0,12,0,0,0,683,0,0,0,0,0,0,0,0,0,0,0,0,0,0,0,0,0,347,0,0,517,0,1,0,0,0,0,0,0,0,0,0,78,2998,1637,1,65,0,0,0,0,0,0,8,0,0,0,0,0,0,0,0,0,77,7,25,0,0,0,0,0,0,0,0,0,0,0,1600,0,6,0,0,0,0,0,196,0,0,0,0,0,0,30,1582,9,0,0,0,0,0,0,0,5,0,0,0,0,0,0,1,0,0,0,0,0,0,0,0,0,0,0,0,0,0,0,0,0,0,0,0,0,0,0,0,6,0,0,0,0,447,6,7,390,262,1,1563,0,72,94,83,18,0,0,0,0,0,375,234,0,0,0,5,2,136,9,1056,542,16,8970,0,3,13,4,0,43,16,28,122,0,1301,0,0,495,43,0,0,0,0,506,188,0,0,0,0,0,1532,0,0,0,3607,0,1,0,41,0,0,1222,1888,0,38,2,0,0,0,0,0,16,433,0,74,1,0,9,4045,0,12,0,1777,8,129,419,0,0,0,0,11,0,12,0,1,0,0,6,1,1622,0,0,0,55,6,7,97,0,40,0,164,319,195,0,1047,0,0,1,0,0,33,0,0,556,0,0,0,35,154,1102,0,1106,0,396,1440,3,135,0,19,0,0,0,0,13,74,54,1,10,0,0,0,10,9,0,0,0,0,32,0,0,579,0,0,14,0,0,4,143,0,0,181,19,0,46,1,4,0,0,11,0,0,0,4,0,3,0,0,0,0,0,0,0,2,0,0,0,0,0,5,1,40,104,2355,0,0,0,6,0,0,0,181,29,21,0,2,0,2,43,0,0,52,0,0,1,758,0,0,1978,0,0,0,0,0,18,0,0,0,0,58,17,595,0,0,0,0,2867,3,0,0,0,1,239,0,0,0,109,0,0,247,0,0,0,0,16,0,4,0,0,336,713,0,0,0,0,160,0,0,0,0,0,33,13,6,0,0,216,0,0,0,0,0,0,31,0,0,2,0,0,0,0,0,0,0,40,0,0,0,0,0,0,0,5,0,1963,0,2138,2,10,0,12,0,0,0,0,1,0,0,0,6,0,0,0,16,12,0,2459,743,0,0,0,74,0,0,0,0,0,0,0,0,0,0,14,0,2649,0,0,0,525,0,0,0,0,0,2265,360,1,0,0,731,0,1,2,0,1531,599,0,0,0,0,0,120,0,3,0,0,0,0,0,1918,1434,0,16,0,2,69,0,2060,0,0,84,1,0,0,0,2959,0,0,0,0,0,0,0,0,0,9,0,0,0,43,0,0,0,0,0,267,0,0,3,0,716,0,0,0,767,0,0,1,30,1415,0,0,2874,0,4,3,0,0,0,0,0,0,1690,0,0,100,10,21,0,0,0,0,0,0,0,0,2,0,110,0,0,0,0,56,198,0,0,0,0,1503,63,0,0,0,0,0,0,82,182,0,0,0,0,0
"gene_493",11,0,55,30,2,70,0,34,153,10,1,1406,595,289,513,1,47,569,83,383,0,773,745,280,3515,561,0,497,71,70,650,0,99,7,453,557,393,3,515,91,8443,0,8,644,49,6661,651,105,9,1572,451,86,1207,0,32,9489,2888,2,41,670,288,260,25,30,5655,41,1704,0,10,7633,38,0,0,202,2,166,251,0,24,8010,81,1262,618,122,661,92,2,6,0,4,33,14,3421,0,7,0,5926,0,5,0,0,0,0,1332,1,8,0,0,6,0,1048,0,0,0,0,1,0,1,0,0,0,419,12,0,0,0,7,2759,0,1,210,2193,1,1,0,76,0,0,0,0,0,50,0,46,593,1,130,84,5,0,0,0,0,14,0,0,0,1,3774,62,0,13,42,120,201,0,1242,0,0,292,0,0,316,16,0,76,15,0,747,0,0,0,3304,1038,0,0,23,0,132,5797,0,0,0,2247,350,0,0,230,3633,3014,265,385,5629,25,5883,21491,41,0,10,3,4531,2252,0,294,3776,45,634,569,0,7,254,0,0,30,138,577,369,43,58,121,1808,11,3,0,8678,328,4006,8971,47,0,1096,0,351,38,104,13,4,230,0,936,96,132,265,69,3,394,11,4,272,92,167,135,300,1342,134,4,33,38,40,1,6375,1,1417,3,0,530,182,0,131,4309,16,1663,110,127,346,7801,3652,94,1424,115,0,22,19,85,361,1577,17,51,97,4,2191,0,52,0,558,40,96,0,49,317,251,52,795,220,2230,1089,3524,2267,0,125,41,959,260,130,161,105,31,43,7,1764,165,35,582,408,0,520,215,3,3393,1279,324,592,5,261,208,44,1367,2169,139,19,0,1738,41,20,22,82,340,22,53,577,2086,3,731,1036,10062,481,476,18,598,126,682,3484,113,1634,290,786,1,3,96,11462,4995,491,691,1735,2377,855,111,18,466,1715,319,47,105,266,777,145,108,90,35,165,28,52,181,29,933,8,138,8314,206,2399,1807,22,30,1377,869,17,320,652,189,336,2,15,7,1124,73,15,1127,424,21,194,399,1852,413,3056,3,0,929,682,0,419,595,1,1429,105,0,85,137,10,625,0,83,3,201,7,1227,108,18,12,674,0,0,1254,3136,49,80,0,1284,558,0,326,17,129,55,94,14,260,55,0,1106,4,1,178,0,51,167,0,24,0,205,38,415,243,91,415,0,11,0,1,1577,1,180,121,8,755,164,28,1,3,163,66,0,1926,66,421,132,163,0,0,50,811,27,1,1015,384,2280,792,5,1832,4,627,3,45,1352,31,189,378,13,12,110,475,213,0,21,1,188,169,2,2,134,5,14,2749,257,1356,2,0,0,0,18,446,0,426,1528,80,900,40,0,11376,604,19,286,3,14,0,0,45,2,168,0,9,0,249,103,0,769,2,1,126,163,103,0,0,0,3,36,47,18,0,2,0,337,222,7,2196,0,1004,432,1896,61,2916,0,531,8,136,8,432,1,1,0,121,10,7,0,25,1137,920,0,0,2470,7,0,49,1995,104,21,1,1361,1,1374,1,9,0,77,441,117,0,11,3865,0,0,0,1,331,1,421,449,2,0,235,52,0,3,319,230,1,1822,16,3,42,1092,0,11,4,0,0,0,104,7,43,0,11,4,37,0,0,206,124,2467,0,0,0,406,2,142,1,4,0,19,60,573,188,296,0,0,0,0,30,0,223,308,84,284,73,1219,0,0,34,0,1000,38,13,11,0,1539,33,0,11,414,6,104,0,40,323,91,4,0,0,0,1,4,238,3484,3,50,8858,2,0,83,3562,40,115,142,0,0,33,25,6,2
"gene_494",4159,127,3828,1203,5722,2656,3240,12,2,5484,4238,1036,766,47,182,0,425,1276,4487,644,549,1349,43,1220,513,214,1328,3376,1091,41,270,1061,289,12,1391,183,11,25,216,646,9,8,6,1385,315,15345,5451,854,1128,7427,11,10145,1817,475,1081,820,3941,5069,4,1167,452,690,76,0,1034,37,647,7,1282,1957,667,3151,75,14,6,17,294,2557,692,182,2767,78,5736,125,499,12,563,3153,2278,217,1280,4607,44,2399,4,77,0,223,3441,5,166,45,4628,1250,0,17,287,5,51,55,0,0,0,13,11,128,46,29,0,1999,3,0,0,0,0,1273,2,6,395,18,180,0,29,104,14,4464,15,0,0,0,0,172,385,17,404,1334,388,621,0,237,3115,3,1017,18,6,79,14174,163,0,0,54,1354,244,95,0,26,0,0,61,5,985,0,1,0,59,0,0,2,20,0,394,3,594,0,658,9,4303,28,198,0,24,2638,0,0,2255,2,27,5,372,6507,282,15,0,1608,296,0,277,1498,1073,60,205,127,1902,61,5811,38,2,52,3792,1084,342,16,74,906,1,1053,3117,1597,0,3946,90,629,80,1742,4,104,124,1174,5937,114,11,3892,1311,9,115,51,0,4704,33,7,6,43,1143,901,2455,163,600,1461,261,4937,5401,1147,2838,25,1949,5961,647,179,2809,4981,481,5719,0,3636,6410,37,347,691,2125,168,4834,1094,27,431,1627,1107,975,989,472,1860,0,3096,6492,1384,651,479,0,15069,11,836,688,2253,6766,2707,446,4411,337,3754,31,11,463,7471,354,834,63,336,1941,2636,12927,61,650,3490,191,64,3453,89,1001,6255,22887,1506,3351,0,6826,248,18151,417,2067,4040,4673,340,679,16,1249,5959,115,335,14892,6524,742,792,576,2597,1211,8590,2298,33,53,7,341,5427,710,44,1759,119,1336,34,9495,760,997,1960,353,3846,4772,99,347,0,7216,294,9,50,2064,85,668,486,347,218,559,70,6,12,2,1977,6185,710,19749,595,7,707,1,7591,5609,3304,673,388,3058,1716,318,936,1768,1104,9473,886,536,1374,1719,228,1081,1677,0,5512,42,240,83,34721,9,10827,409,295,71,2628,1989,869,944,27,1096,338,15,303,9004,260,1440,817,104,20,6268,7115,15,1,329,6846,84,1951,79,126,1163,1254,86,2933,591,1430,1809,2395,12156,509,227,11,2264,158,683,912,1664,508,179,1080,1,1385,984,4122,97,2674,898,2764,2157,49,0,4789,90,351,0,71,32,12730,4492,324,3195,4032,9,10,1648,0,828,3816,34,189,399,3342,693,3696,493,1400,4466,2313,432,56,805,549,479,491,4555,3657,4,108,926,18,1056,4151,869,5475,0,5731,296,4,709,472,1024,128,24,1731,3414,3187,9217,3886,363,729,3867,13,572,2404,294,580,2481,208,1582,428,218,465,114,17,765,380,3052,76,130,1469,847,1,3204,1404,7,124,101,513,5,426,1984,4,17894,3,113,4971,3,7537,229,13,374,2688,1477,29,4,252,7589,3,0,29,4,619,37,0,3689,1525,4121,116,0,192,2180,3135,63,84,3349,12345,2056,1351,719,156,165,2047,898,5,386,1931,443,297,1521,514,842,1759,7146,209,10,61,535,620,276,168,2888,4924,2098,3694,1301,1063,33,4199,4491,25,234,6399,10793,3477,5472,5877,83,420,2317,571,728,2,227,2,437,99,254,989,32,1339,1322,125,38,1428,2554,425,0,888,13,5667,46,1454,0,467,648,2565,6,131,2,1753,1023,20,292,4750,271,2,497,198,0,18,843,341,2779,1,17,2269,755,239,39,851,1178,18379,91,1,441,33,0,1270,636,2887,1621,916,223,290,15,3689,737,516,2,1219,51,1467,4855,630,2908,1825,7,0,6630,17,13,13,17570,3851,57,17472,37,1744,8365,3447,2,2,69,46,2622,835,1479,606,3,28,1,1150,48,3585
"gene_495",59,372,0,1,0,0,0,567,11,0,36,0,24,1,818,826,0,82,1,0,0,427,0,111,0,1,0,16,165,0,0,0,5,220,1,6,0,0,0,0,0,18,0,55,4,0,8,0,779,1,0,745,507,0,1,21,0,0,0,0,23,1,0,1,2,214,0,752,0,0,0,29,0,145,388,26,0,0,0,0,0,50,0,159,0,0,0,0,717,0,0,0,0,0,0,0,0,0,0,0,0,0,0,0,954,0,0,0,0,0,1305,0,0,867,0,0,1048,0,1,0,0,0,444,0,0,0,0,0,0,0,0,0,0,0,5,0,0,0,0,0,0,0,0,0,0,0,0,0,35,0,0,0,0,0,0,0,0,0,0,9,0,0,1,0,0,0,0,0,0,0,0,1619,0,0,23431,0,0,0,18,2,0,0,48,0,0,0,48,0,0,0,0,0,0,0,0,0,0,0,0,0,0,9,362,0,19,330,0,121,0,0,0,3,0,0,0,0,0,0,0,0,0,0,0,0,0,0,0,0,0,0,0,0,0,0,0,0,0,0,0,0,10605,0,166,0,0,0,0,0,0,0,0,0,0,159,0,0,0,0,0,0,0,0,22,25,69,27,20,1,0,0,0,420,0,0,13,112,0,0,177,4,0,0,6,790,0,4,0,212,0,0,0,21,0,0,1,0,0,0,0,1,0,0,155,0,40,0,0,0,0,255,126,0,3,0,0,0,386,0,0,0,0,0,3,0,0,0,0,0,0,5,0,16,0,215,0,0,0,48,0,64,0,0,0,0,4,1,0,2,1,0,0,0,0,0,14,0,0,0,29,0,0,0,0,10,0,2,1541,0,0,0,0,32,0,0,2,0,0,0,0,0,11,0,660,14,0,2,0,38,0,1075,0,0,0,0,0,0,0,0,0,687,0,0,0,3,287,0,0,2,21,0,0,70,0,0,0,0,0,0,0,1,0,0,0,18,0,28,56,0,0,0,0,2,0,0,0,0,0,0,0,0,0,0,0,0,0,0,0,0,0,0,0,0,0,0,0,0,0,0,0,0,0,0,0,0,0,0,0,0,0,0,0,0,0,0,0,0,0,0,0,0,0,0,0,0,0,0,0,0,0,0,0,0,0,0,0,0,0,0,0,0,0,0,0,0,0,0,0,0,0,0,0,0,0,0,0,0,0,0,0,0,0,0,0,0,0,0,0,0,0,0,0,0,0,0,0,0,0,0,0,0,0,0,0,0,0,0,0,0,0,0,0,0,0,0,0,0,0,0,0,0,0,0,0,0,0,0,0,0,0,0,0,0,0,0,0,0,0,0,0,0,0,0,0,0,0,0,0,0,0,0,0,0,0,0,0,0,0,0,0,0,0,0,0,0,0,0,0,0,0,0,0,0,0,0,0,0,0,0,31,0,0,0,0,0,0,0,0,0,0,0,11,0,0,43,0,0,0,0,0,0,0,0,0,0,0,0,0,15,0,0,0,0,0,0,0,0,0,0,0,0,0,0,0,0,0,0,0,0,0,0,0,0,0,0,0,0,0,0,0,0,0,0,0,0,0,0,0,0,0,0,0,0,0,0,0,0,0,0,0,0,0,0,0,0,0,0,0,0,0,7,0,0,1,0,0,0,0,0,0,0,0,0,0,0,0,0,0,0,0,0,0,484,0,0,0,0,0,0,0,0,0,0,0,0,0,0,0,0,0,56,0,0,0,378,0,0,0,0
"gene_496",0,0,0,0,0,0,1,0,0,0,0,0,0,0,0,1,0,1,0,0,0,0,0,0,0,0,0,0,0,0,0,5,0,0,0,0,0,0,0,2,0,0,0,0,0,0,0,0,0,0,0,0,0,0,0,0,0,0,0,0,0,0,0,0,0,0,0,0,0,0,0,0,0,0,0,0,86,0,0,0,0,0,0,0,0,0,0,0,0,0,0,0,0,0,438,0,1064,0,929,35,0,0,0,0,11,0,0,0,44,0,12,154,5,0,0,0,0,0,0,0,5,0,0,0,0,0,0,0,0,0,0,0,0,0,348,0,0,0,0,0,0,0,0,0,228,0,0,0,4,0,1153,0,0,0,0,2,0,2,609,0,0,0,0,302,24,0,0,0,4,229,0,0,0,121,0,0,36,0,0,0,0,0,0,0,0,0,0,602,0,0,0,0,0,0,2016,187,293,72,1,0,1,0,1,3,1,0,0,212,0,5199,166,33,0,176,0,29,0,0,2305,0,4828,0,1279,58,10192,0,130,0,824,3,0,0,0,0,739,340,1166,202,0,0,1309,5340,0,2,167,6770,1,0,12,0,0,1791,63,59,358,13,0,346,71,0,4534,0,29,703,183,0,92,18,1263,212,2163,29830,399,520,3319,23,5487,1294,2694,2,564,4389,2357,7066,499,1152,1571,5766,3251,97,0,361,2506,41,0,4,1,1,24,3,16,0,1533,2993,1891,9649,558,6,341,4354,1681,0,231,1947,210,0,90,2777,0,61,1946,909,0,9,32,1307,17,1,2501,1603,12083,12,61,12035,47,926,4991,190,562,0,0,911,0,128,8,516,6723,432,27,1530,19,0,0,10,2421,1,3370,770,218,563,97,16356,780,11472,628,2957,803,2669,127,5737,727,0,1150,3691,0,1201,472,0,3053,102,16167,18437,0,4756,362,1358,1931,11,296,8,721,0,32,16,100,2897,0,2,79,1718,0,15563,8,1,0,3356,150,71,33,11,2,3098,1308,3,104,254,220,908,0,0,22,120,0,884,181,124,2229,613,9563,0,312,1747,455,1011,3758,1659,3127,243,10152,10487,530,6660,86,9007,15443,444,293,835,1246,6086,11293,11903,3237,2473,566,1453,3648,653,15424,247,1702,436,3346,4665,1,4429,23,2807,2393,6164,4235,204,4062,7540,4372,806,103,17,16349,5256,0,7039,2365,4807,2805,329,30,3133,1571,24,7700,351,466,1211,928,3347,4875,4926,766,1859,2689,9842,2353,22809,8,287,2927,2506,2137,4618,6118,1230,1670,7956,34,4909,1405,6165,667,2292,734,205,1878,213,3931,6833,8736,1904,4297,5301,2923,3250,2686,3,109,5938,11098,6934,2445,34138,150,538,4,1222,10831,522,5732,211,116,1107,119,7402,3422,135,550,1189,2973,8605,6520,1868,37,1057,3762,1284,23997,4481,1618,857,6683,5369,125,610,5428,28,53,2057,5333,35876,207,1919,14565,1891,533,1120,131,20711,1307,8338,2334,9760,2127,3880,1733,0,10,1155,294,2203,24596,6205,3361,6548,5183,12093,30492,414,6330,47,23645,4633,3646,34,2586,398,987,973,9,1548,5697,665,1113,391,5500,4039,40,19528,1862,2303,11747,8743,513,10127,79,4794,1475,47716,2017,3122,936,10720,318,5258,5737,2,15581,1831,2835,118,7673,1436,6761,4553,24539,1202,8364,8756,5427,14362,29,4569,1697,15051,539,32256,3753,1873,15374,10183,200,2096,1451,358,11237,470,287,1970,14336,9012,18904,1,1886,1713,20043,3471,5491,3290,8423,12354,241,31007,2468,3322,4114,1118,14858,139,2721,4045,7342,31323,29,2218,2248,2921,168,5334,16819,198,101,1402,575,5272,547,857,41,1748,23,569,1136,1461,604,7174,2299,3455,934,6203,1029,751,452,2994,403,511,926,1375,35295,9472,1991,22115,141,9859,3956,19478,4264,8159,0,937,1500,4550,189,47296,1234,11248,912,53872,3783,17,6234,4127
"gene_497",0,0,2,0,0,701,3242,0,0,2383,0,0,2700,0,1320,5184,0,1,0,0,67,0,31,0,0,0,1,0,0,0,0,3736,0,0,0,0,0,0,1,1,1,95,0,0,0,0,0,28,8,3,0,0,741,0,453,0,0,6313,0,2019,0,12,0,14,0,0,79,0,0,27,0,0,139,1,1,0,0,0,0,0,0,0,0,0,14,0,0,0,0,0,0,0,0,0,0,0,0,0,0,0,0,0,0,0,0,0,0,0,0,0,0,0,0,0,0,0,15,0,0,0,0,0,0,0,0,0,0,0,0,0,0,0,0,0,0,0,0,0,0,0,0,0,0,0,0,0,0,0,0,0,0,0,0,0,0,0,0,0,0,0,0,2,0,0,1,0,0,0,0,0,0,0,0,745,0,0,18,0,0,0,0,0,0,0,0,0,0,0,24,0,0,0,0,0,2661,0,1,0,0,1,0,1597,0,0,0,0,0,31,0,0,0,0,0,22,0,0,1042,0,0,0,0,0,66,0,3137,1321,446,0,0,455,424,0,0,0,1,0,0,4,4,0,0,0,0,0,0,0,0,0,0,13,805,43,0,0,0,10693,0,0,0,0,0,0,0,0,0,0,0,0,46,0,0,0,0,0,0,0,89,0,97,0,0,0,15,0,11,1511,0,0,17,0,0,0,0,0,397,6,0,0,111,0,0,23,17,0,0,0,0,3,0,9,0,0,0,0,0,26,0,426,0,0,0,0,0,0,87,0,119,0,1,589,0,0,0,0,6,0,369,0,0,0,0,0,12,0,0,15,0,0,0,10,0,0,0,0,0,24,0,0,49,0,0,0,0,0,0,9,0,0,0,0,1261,0,0,21,0,0,0,0,63,0,0,0,0,241,0,0,0,331,38,0,0,13,669,0,60,0,0,0,0,0,0,0,0,1,0,0,0,1,0,0,0,0,3972,0,233,0,0,0,0,0,0,0,0,0,8,1998,194,0,0,0,241,4,0,0,0,0,0,0,0,0,0,0,22,0,0,0,0,0,0,0,1509,0,0,0,0,0,0,0,0,0,0,14,0,0,0,0,0,0,67,0,0,0,0,63,0,0,0,0,0,0,0,0,1275,0,0,0,112,0,0,132,5,1,0,0,0,0,0,0,0,0,0,0,0,0,1136,0,0,0,0,122,0,0,0,0,0,176,0,0,0,0,0,0,0,124,0,0,0,0,0,906,0,0,0,0,109,0,0,0,0,0,0,0,0,0,0,0,3710,0,0,0,2,2,0,129,0,0,0,4,0,0,0,3,0,0,0,0,0,0,0,583,0,0,0,0,0,0,0,0,0,0,0,0,0,0,0,3,0,0,0,0,0,0,0,0,0,0,0,0,0,0,0,0,0,0,0,0,0,0,0,0,0,0,0,0,0,0,0,0,0,0,0,0,0,0,0,0,0,0,0,0,0,0,0,0,0,0,0,0,0,0,0,0,0,0,0,0,0,0,0,0,0,0,0,0,0,0,0,0,0,0,0,0,0,0,0,0,0,477,0,6,0,0,0,0,0,0,0,0,0,0,0,0,0,0,0,0,0,0,0,96,0,0,0,0,0,0,0,0,0,0,0,0,0,0,0,0,0,0,0,0,13,0,0,0,0,0,0,0,0,0,0,0,2004,0,0,0,0,0,0,0,0,0,0,0,0,0,0,0,0,0,0,0,0,0,0,0,0,0,0,0,0,0,0,0,0,0,0,0
"gene_498",0,0,0,0,0,0,233,14,27,0,1,1715,0,0,0,0,0,0,5,0,0,0,0,0,0,0,0,0,0,7,0,0,0,1,0,3,0,0,0,1811,0,0,4,0,0,0,0,0,0,0,0,3,0,95,0,0,0,0,0,0,0,0,0,0,0,0,9,0,0,0,0,0,0,68,0,0,0,0,14,0,0,0,0,16,0,0,0,0,0,0,0,0,0,0,0,0,0,0,0,0,0,0,23,0,0,0,0,1,0,0,0,0,3,0,0,0,0,0,0,0,0,0,0,0,0,0,0,0,0,0,0,4,0,0,0,0,0,0,0,0,0,0,0,0,0,0,0,2,0,0,0,0,0,0,0,0,0,0,0,0,1,0,0,0,0,0,0,0,0,0,0,0,0,0,0,0,0,0,0,0,0,0,0,0,0,63,0,4,0,32,0,0,0,0,0,0,0,0,0,0,0,0,0,0,0,0,0,0,0,0,0,0,0,0,0,453,0,0,5,0,0,0,36,0,108,0,0,0,0,0,0,0,0,0,0,0,0,0,0,7,0,229,7,0,0,0,0,3,0,10,0,0,0,0,0,0,0,0,0,0,0,0,0,0,0,47,0,0,0,0,0,0,0,3,730,0,0,0,0,0,0,0,0,0,0,0,1790,0,0,0,0,0,0,0,0,601,0,1,0,0,0,0,0,0,0,0,0,117,0,0,0,0,0,0,0,0,0,0,0,0,0,0,0,274,0,0,0,0,0,0,0,0,0,0,0,0,0,0,0,0,0,0,0,0,0,41,0,0,0,0,0,338,335,0,0,0,0,0,0,0,0,0,0,0,23,0,0,332,0,1,0,0,0,2940,0,0,1,7,0,0,464,0,551,0,0,0,0,0,0,0,0,0,0,0,0,0,0,0,0,13,1,897,0,0,0,0,0,0,0,0,0,0,0,0,190,4,0,0,0,0,0,0,34,0,0,0,106,0,0,0,0,0,0,2,624,1,0,0,0,0,0,0,1,0,0,0,44,4,0,0,0,0,0,0,0,0,0,0,0,0,0,0,0,30,0,0,3,0,0,0,0,0,0,253,0,0,0,138,0,0,0,0,0,0,0,0,0,25,0,0,1,0,0,0,0,0,0,34,0,112,8,61,17,1,0,0,0,0,54,0,362,0,1116,0,46,0,0,0,0,30,0,130,0,103,64,0,39,0,0,29,0,0,0,0,0,0,0,0,4637,0,0,1,18,0,0,4,0,7,0,0,1,0,0,0,0,0,0,0,0,5,6,0,2,1,0,0,0,0,0,0,0,0,0,0,9503,0,0,0,35,2843,201,0,0,0,0,0,0,4315,0,0,0,0,0,0,0,0,0,8,0,0,0,8,0,0,172,0,0,0,0,0,0,0,0,0,0,0,0,740,2,1,0,23,0,0,0,0,0,0,0,0,0,0,0,0,0,0,2,0,0,0,0,28,0,0,0,0,0,0,0,686,0,0,0,0,0,0,0,0,0,0,0,0,0,0,0,0,0,3855,0,0,0,0,0,0,0,492,0,0,0,0,0,0,0,0,0,0,0,0,0,0,0,0,0,0,0,0,0,0,0,0,0,896,0,0,0,0,0,0,0,0,0,0,0,84,0,0,0,0,0,0,0,0,425,0,0,0,0,279,0,16457,0,0,0,0,0,0,0,0,0,0,0,0,8,0,0,0,1,0,0,0,0,0,0,1,0,0,0,0
"gene_499",0,0,0,0,1411,0,0,0,39,245,94,0,0,0,2,76,31,6,0,58,0,150,0,0,0,0,0,70,0,0,0,294,0,0,214,3,46,50,0,0,412,0,13,5,0,257,0,3,0,0,0,46,0,7,0,929,0,100,0,0,0,0,4,0,0,0,0,0,0,50,0,2,0,0,0,0,171,70,0,6,0,317,0,0,0,0,0,5,33,0,0,29,0,0,0,0,0,0,0,0,0,329,0,0,0,0,0,0,0,0,0,0,0,0,0,0,0,0,0,0,0,1215,0,0,0,0,0,0,4694,0,0,0,0,0,0,0,0,0,0,0,0,0,0,77,0,810,0,0,0,0,253,0,0,0,0,0,0,0,0,0,0,0,0,0,0,0,0,6,0,0,0,0,0,0,0,0,0,0,0,0,0,0,0,0,0,0,0,0,0,0,0,0,1,0,0,0,0,0,0,0,0,0,0,0,0,3,0,0,0,104,136,0,0,0,0,0,4317,0,0,0,0,1511,0,0,0,1051,0,0,280,0,0,0,0,0,0,0,101,0,0,0,813,8,0,0,0,0,0,0,0,3397,0,0,0,0,0,0,6,2871,0,0,0,0,0,0,0,0,199,0,0,39,0,187,0,2,0,0,0,115,37,0,0,0,0,0,1752,0,0,82,0,19,0,0,0,0,0,0,39,692,301,0,0,0,0,0,0,0,117,0,0,119,0,0,0,0,0,0,66,0,0,2105,0,0,0,0,13,0,330,0,2,0,0,0,0,0,0,0,0,0,0,0,3,0,0,0,0,0,0,0,0,1,26,21,0,0,0,0,0,0,31,25,0,0,3,0,0,16,116,0,0,437,0,0,0,0,0,0,1,79,21,0,0,29,318,0,187,7,0,0,0,46,0,0,0,269,0,0,41,0,1,0,22,0,0,0,0,12,0,0,0,0,29,0,2,0,696,0,0,818,0,0,0,11,446,0,103,14,0,6,0,617,0,0,0,0,0,0,0,0,0,0,0,0,0,0,0,0,0,0,0,0,0,0,0,0,0,0,0,0,0,0,0,0,0,0,0,0,0,0,0,8,0,31,0,0,0,0,0,0,0,0,0,0,0,1,0,0,0,0,0,0,0,0,88,0,0,0,0,0,0,0,0,0,0,0,0,0,0,0,0,0,0,0,0,0,0,0,0,0,0,0,0,0,0,30,0,0,1,0,0,0,0,8,0,0,0,0,0,0,0,0,0,0,0,0,1,0,0,0,1,0,0,0,15,2,0,0,4,0,0,0,0,0,0,0,0,0,2,0,0,0,0,0,39,0,0,0,0,0,0,0,53,0,0,0,0,0,2,0,0,0,0,0,0,0,0,333,2,0,0,0,0,0,0,0,0,41,0,0,0,0,1701,0,463,0,0,0,0,0,0,0,0,0,0,0,0,85,0,0,0,0,11,0,2,0,0,0,0,0,0,0,0,0,0,0,0,21,0,0,0,0,0,0,0,0,0,0,0,0,0,0,0,0,0,1877,0,0,0,0,0,0,0,0,0,0,0,0,0,138,0,0,0,0,0,2,0,0,0,0,0,0,0,0,0,0,0,0,1,0,0,0,0,0,0,0,0,0,0,56,0,0,0,0,0,0,0,0,0,0,0,471,0,0,0,0,0,0,0,0,0,0,0,0,0,0,0,0,0,0,0,0,0,763,0,0,0,0,0,0,0,0,141,0,11,0,0,0,0,0
"gene_500",695,768,250,0,28,1,60,0,68,0,12,0,0,0,0,82,12,0,0,114,0,2,5,17,4,37,176,16,77,0,114,0,0,0,1950,824,20,6,0,6,1,49,0,0,0,49,0,0,0,0,254,0,0,16,0,0,0,561,176,745,1,0,0,14,14,0,200,27,292,745,8,31,44,0,661,0,0,0,0,36,94,5,52,2,98,105,0,5,7,0,0,0,0,845,0,1,0,73,0,0,0,0,0,18,4890,0,0,0,1605,0,0,0,0,0,0,283,0,6,305,0,0,229,0,0,7,0,2,141,0,0,0,353,0,0,0,13,0,6,0,0,0,0,0,0,0,161,23,0,1792,2,0,0,0,0,0,3,0,18,0,5,367,311,0,0,3,0,0,0,0,13,0,0,12887,5,49,114,15,0,493,0,0,0,140,0,0,1,0,0,0,0,0,0,0,0,0,23,0,0,0,0,4,0,4,0,0,0,0,0,0,0,0,1,13,0,0,0,0,0,184,0,0,0,0,2,0,0,0,0,117,11,0,0,116,0,4,1,0,0,0,0,0,1192,187,27,5,1614,1,1,0,0,58,803,0,18,0,0,0,0,0,0,554,433,4,0,771,0,17,241,0,0,2,0,168,18,7,22,0,106,0,32,0,0,1,61,9,48,0,4,0,169,245,35,38,0,32,0,5,0,0,74,11,5,22,11,0,0,1077,23,1,26,7,28,199,0,0,9,0,25,0,15,0,0,30,0,0,39,16,0,2,1271,0,6,268,0,6,0,13,2,8,9,0,17,0,0,43,9,0,0,193,1,2,575,0,0,0,0,3,55,158,0,0,0,0,0,35,0,7,0,0,0,5,0,1,2,5,288,0,708,0,0,0,0,640,0,2283,0,404,1181,0,13,0,99,17,73,0,6,182,569,0,0,46,4,191,0,0,53,180,14,231,42,63,310,107,0,626,0,2,0,214,972,0,212,0,1,0,0,6,0,148,23,0,0,461,1785,25,1,0,1,4,7,1,104,9,0,0,0,81,89,0,399,0,0,1004,3,21,0,324,0,13,0,1,0,0,0,75,0,6,1,44,565,1,408,0,0,33,0,41,0,259,1406,0,244,0,95,0,18,736,24,6,0,0,1321,0,6,402,32,0,60,46,7,0,11,7,0,1548,0,22,28,0,104,87,68,2,0,65,0,3,0,0,2,77,46,4,78,10,0,0,0,0,0,0,23,19,0,58,11,34,0,589,0,1436,0,1638,36,41,225,40,13,1065,0,0,1,360,3,0,0,338,1,394,806,0,0,0,0,131,903,0,7,1,0,0,0,0,0,11,337,0,9,0,1,0,0,0,0,101,3088,0,0,0,0,3,153,339,26,0,2387,0,686,0,0,0,0,0,0,6,0,0,27,0,1581,63,19,58,0,0,446,0,478,0,15,63,0,5,0,0,11,3,0,0,0,0,1286,1233,91,0,5,0,0,0,19,53,0,0,0,2,0,0,0,0,0,8,0,80,0,0,0,0,0,0,9,0,610,28,0,0,0,1250,0,0,3,153,243,0,584,0,0,7,16,0,1,0,0,0,0,0,0,0,0,0,0,0,0,3,126,236,0,0,512,3,11,4211,0,12,0,4,0,0,0,27,0,0,0,0,2,1114,1,1,0,0,1,34,0,0,0,22,0,0,157,0,0,0,139,0,0,18,10,0,0,0,2611,1673,4,2,0,0,62,1,1,0,701,0,3,26,31,0,1,3,0
"gene_501",0,0,0,0,0,53,1985,1728,0,66,840,0,2,0,0,531,204,0,0,0,1,0,0,497,0,58,0,0,0,0,0,0,89,0,0,0,275,0,327,0,11,0,0,0,0,0,0,149,0,2,0,0,0,0,0,416,0,0,0,0,0,0,42,0,141,0,3,1,0,0,0,17795,0,0,0,694,0,0,0,1,549,0,8,0,0,1,1,1,0,21,0,0,0,0,184,0,4352,0,0,0,0,0,0,0,0,0,0,0,0,0,22688,0,0,0,5136,0,0,0,0,0,0,0,0,0,1,0,0,0,1,2,0,0,4,0,0,0,0,0,0,776,0,4741,92,0,0,0,0,0,680,0,0,14276,0,0,139,2,0,0,943,0,0,0,0,0,0,844,0,139,0,0,0,0,2032,0,0,0,0,0,0,0,588,1,0,0,0,0,0,0,0,0,0,0,0,0,90,0,0,3,0,0,0,0,0,0,0,317,0,0,0,3,0,0,0,0,0,0,0,0,0,0,0,0,835,1,0,0,0,1446,0,0,0,0,0,0,1,0,0,0,0,0,6,0,895,0,0,2629,0,0,0,0,0,0,0,0,0,0,0,0,0,0,0,0,0,0,0,0,0,0,0,0,0,0,0,0,0,0,0,0,0,0,0,0,0,0,0,0,0,0,0,19,28,0,0,185,0,0,0,0,0,0,0,321,0,0,0,0,0,0,6,0,0,0,0,0,0,0,0,0,0,0,0,0,0,0,33,0,0,0,0,1,0,0,0,0,527,0,0,0,0,82,0,1,0,0,0,0,776,0,0,0,22,0,0,0,0,0,0,0,0,0,1,0,0,0,0,0,0,0,0,0,0,0,140,0,0,0,0,0,0,0,14,622,16,0,0,0,0,0,0,0,8,0,0,0,0,0,0,0,8,0,0,0,0,7,0,0,81,0,0,0,0,0,0,0,0,0,0,0,0,0,7,0,0,0,0,1,0,0,0,0,32,0,0,0,0,41,0,756,0,0,0,8,0,0,0,0,0,0,3871,0,0,0,0,0,0,779,0,0,5,317,0,347,0,0,1,0,2,0,0,0,0,0,0,0,0,0,0,0,0,0,0,89,5,270,0,0,0,113,0,0,1,0,0,0,353,0,0,0,0,0,1,1,791,27,0,9,0,0,127,0,534,0,0,0,295,532,0,0,0,0,9,0,30,0,0,0,0,47,18,8,4303,7,0,0,0,0,0,50,0,0,0,0,1,0,31,315,0,296,3,24,0,0,0,0,0,563,0,200,0,2223,295,0,1,100,0,0,0,0,2,0,0,0,0,0,0,0,0,0,0,0,0,0,0,0,0,0,1410,0,0,2,0,0,0,0,7,0,0,2,2,0,0,0,0,0,0,33,0,0,0,0,0,0,286,0,0,0,0,0,0,0,0,0,0,0,617,0,0,0,0,0,1,0,0,0,0,0,0,0,0,0,0,0,0,591,0,0,0,142,0,0,77,0,0,0,0,0,0,0,0,0,0,0,0,0,0,0,0,0,0,0,0,0,0,0,0,0,0,0,0,0,549,0,0,0,2,0,0,0,0,0,0,0,0,0,0,0,0,0,0,0,0,0,3597,0,0,0,0,0,0,0,0,0,0,0,0,0,0,0,0,0,5,0,0,0,0,0,0,17,0,0,0,0,0,0,0,0,0,0,0,0,0,0,0,0,0,0,498,0,0,0,0,107,0,1421,0,0,0,0
"gene_502",117,38,0,0,241,0,21,0,29,66,384,1910,1208,0,2032,2,27,0,18,0,0,807,0,0,10,1664,311,12,3,0,0,178,0,0,0,0,0,0,5,1,0,2,7,0,36,0,504,67,571,0,2613,0,314,3,0,12,0,1,4678,0,200,3,0,0,1896,0,0,0,291,12855,14,204,0,21,60,0,1875,109,18,0,1400,1,0,2042,0,0,276,2,1,47,0,1125,3308,364,1,334,22,151,6,185,3971,451,677,0,0,231,0,2,3177,0,508,3874,24,182,261,12878,1,572,0,0,0,1,2423,0,4061,0,0,978,18,2,26,0,0,559,0,1223,0,0,2661,0,22,0,7,1,40,216,0,49011,6092,1,2543,1444,1,4876,1,1735,1310,7422,3,76,0,5,2,0,0,0,117,157,0,0,76,0,571,733,291,0,0,0,12,51,13653,1102,7915,1336,8369,40,131,0,148,5952,753,2,0,0,76,496,0,0,15925,6,0,7973,0,2,568,49,0,33,471,0,679,17,0,0,0,864,68,3933,0,3,106,132,2892,554,1,0,94,0,0,0,0,6,1,7452,0,297,912,1,77,0,1659,41,1,0,744,776,211,63,0,368,0,1,0,1,3,0,45,16,363,3638,180,11,0,1,11,0,3,413,215,14,1357,686,0,525,426,0,2428,35,30,1807,0,0,0,0,63,13770,630,181,0,1487,1,3,0,48,10,0,0,0,515,135,3,1,49,396,6,83,527,0,860,638,122,0,723,5,16,278,26,1606,20,1390,6,13,0,66,81,92,0,0,4,0,0,0,20,244,0,0,0,167,5,0,0,0,3981,0,1,0,22,4,997,0,6,101,18,75,0,49,2,0,13,3,148,463,0,0,15,1570,0,1908,0,2044,0,0,0,0,50,98,1296,0,4370,306,0,0,2,6,32,101,0,1,785,0,0,1,0,154,1,1947,160,19,1353,1883,1,0,1,6,3,2267,36,0,1372,381,49,620,0,191,70,1856,0,2,2940,22,0,8,8,281,0,9866,7,0,37,0,0,0,92,1304,3,749,0,2237,4367,10,3,8,171,316,37,410,1196,229,121,2,4,60,0,2,1440,118,1,0,1420,727,789,0,0,29,0,1548,0,365,0,35,164,922,22,12,224,0,48,1,28,27,199,566,923,40,157,0,57,1,0,111,53,29,7,7,269,0,623,24,29,1166,3,1983,21,1582,3238,1,70,11,1371,0,1,15,1,928,85,56,64,1389,17,41,10,0,567,90,0,3319,235,0,329,4,1,825,58,3128,218,2,0,38,883,809,109,2395,279,387,25,0,410,0,0,0,0,6,0,407,198,4,0,637,0,559,0,876,190,1100,48,3941,1,479,410,1,2,0,0,0,6353,0,0,921,0,1164,0,0,0,19,0,0,0,195,0,0,114,0,0,0,0,0,0,1,0,0,0,0,61,209,19,823,0,510,0,0,3544,0,520,0,0,0,2,307,1,0,1,0,1135,0,38,0,0,0,0,1070,0,0,130,0,646,40,0,0,1369,0,15,1,0,0,0,0,1,0,610,11,410,5,0,0,0,0,1609,0,0,26,0,2424,0,0,0,0,0,1,0,897,0,0,0,0,0,0,0,0,0,0,1,0,808,45,0,0,0,3898,0,0,30,0,0,0,0,18,9,0,0,3,0,17,237,0,0,7,3,0,1155,0,0,0,0,0,0,0,201,0,0,1,1,2,2270,0,9792,1,0,0,0,0,0,0,0,6,0,0,0,0,0,0,45,263,6250,176,0,0,0,0,0,0,0,55,0,2706,2573,23,0,2343
"gene_503",0,0,0,0,0,0,0,0,0,0,0,0,0,0,0,0,0,0,0,0,0,0,0,0,0,0,0,0,0,0,0,0,0,0,0,0,0,0,0,0,0,0,0,0,0,0,0,0,0,0,0,0,0,0,0,0,0,0,0,0,0,0,0,0,0,0,0,0,0,0,0,0,0,0,0,0,0,0,0,0,0,0,0,0,0,0,0,0,0,0,0,0,0,0,0,0,0,0,0,0,0,0,0,0,0,0,0,0,0,0,0,0,0,0,0,0,0,0,0,0,0,0,0,0,0,0,0,0,0,0,0,0,0,0,0,0,0,0,0,0,0,0,0,0,0,0,0,0,0,0,0,0,0,0,0,0,0,0,0,0,0,0,0,0,0,0,0,0,0,0,0,0,0,0,0,0,0,0,0,0,0,0,0,0,0,0,0,0,0,0,0,0,0,0,0,0,0,0,0,0,0,0,0,0,0,0,0,0,0,0,0,0,0,0,0,0,0,0,0,0,0,0,0,0,0,0,0,0,0,0,0,0,0,0,0,0,0,0,0,0,0,0,0,0,0,0,0,0,0,0,0,0,0,0,0,0,0,0,0,0,0,0,0,0,0,0,0,0,0,0,0,0,0,0,0,0,0,0,0,0,0,0,6,0,0,0,0,0,0,0,0,0,0,0,0,0,0,0,0,0,0,0,0,0,0,0,0,0,0,0,0,0,1,0,0,0,0,0,0,0,0,0,0,0,0,0,0,0,11,0,0,0,0,0,0,0,0,0,0,0,0,0,0,0,0,0,0,0,0,0,0,0,0,0,0,0,0,0,0,0,0,0,0,0,0,0,0,0,0,0,0,0,0,0,0,0,0,0,0,0,0,0,0,0,0,0,0,0,0,0,0,0,0,0,0,0,0,0,0,0,0,0,0,0,0,0,0,0,0,0,0,0,0,0,0,60,0,0,0,0,0,0,0,0,0,0,0,0,0,0,0,0,0,0,0,0,0,0,0,0,0,0,0,17,0,0,0,129,0,0,0,0,0,0,0,0,0,0,0,0,0,0,0,0,0,0,0,0,0,186,0,0,0,1,0,0,36,0,0,0,0,0,0,0,0,0,0,0,0,0,5,0,0,0,6,0,0,0,0,0,0,0,0,1,0,0,0,37,0,0,0,0,0,0,0,0,0,4,0,16,0,0,0,0,0,0,0,0,0,0,0,0,0,0,0,0,0,0,0,0,0,0,0,0,0,0,0,0,0,0,0,0,0,0,0,0,0,0,0,0,0,0,0,0,0,0,0,0,0,0,0,0,0,0,0,825,0,0,0,0,0,0,0,0,0,0,0,1,0,2,0,67,0,1709,0,0,0,10,0,532,0,0,0,0,0,0,0,0,0,0,0,0,0,0,0,0,0,0,0,152,0,0,0,0,0,0,2612,0,0,0,0,0,0,0,0,0,0,0,0,0,0,0,0,0,0,0,287,0,0,0,0,0,0,109,151,0,0,0,0,0,0,0,0,0,0,0,0,0,0,0,0,0,0,0,0,0,20432,0,0,0,0,0,0,0,0,0,0,0,0,0,12,0,0,2,0,0,0,0,0,0,0,0,0,0,0,0,0,0,0,0,0,0,0,0,0,0,0,0,167,0,0,0,0,0,0,0,0,0,0,0,0,0,0,0,0,0,0,0,13,0,0,0,0,0,0,0,0,0,0,0,0,0,0,0,766,0,0,0
"gene_504",24441,15746,11310,12427,22181,25251,29105,22321,10575,29180,14103,17496,17766,20113,9457,9615,9603,18741,5305,8809,6921,12621,10231,14288,15599,19201,11649,15882,9385,16088,14916,9080,6921,35673,10944,24575,14511,19539,7948,17882,21181,10700,7290,14285,21278,17636,4731,8977,13889,27356,12513,10466,11234,6393,2215,17187,4701,25621,33041,6868,10481,9525,28575,19923,11982,12956,9924,14999,19962,14481,8109,19357,644,15225,16123,32741,7846,13976,18084,21971,7186,3292,6853,12271,13288,7794,2424,25798,21671,4803,14924,16228,1112,19378,972,182,3700,3471,1249,4695,75,1136,1450,504,14,1823,38885,220,564,147,14,1102,1907,179,6471,1316,257,1246,73,8356,1,435,725,93,11859,1257,30,5166,305,2881,592,1499,2033,9109,169,3328,8,52,5947,810,10913,668,9,1771,23459,10708,3863,2887,10772,4638,3,2392,1416,1,14146,8731,922,25836,5198,8,0,80,2595,32094,6527,2815,9257,948,1742,8396,656,39307,1048,501,7,2901,915,3531,8064,69727,9076,337,56329,698,13203,2279,8049,632,158,15467,187,2785,9459,6,7861,0,5263,0,2208,1,13729,379,141,0,0,1,0,0,0,74,49,101,0,32,3006,0,0,0,11,1336,0,306,2507,1357,284,0,1356,506,44893,0,23,12,1344,8,225,0,2424,0,1306,120,0,0,623,15,0,330,18,0,2345,216,31197,810,0,199,0,360,2399,0,118,0,35,0,1,0,0,0,13,2718,0,0,1,0,367,1,18,300,0,0,0,54,0,30,0,0,0,0,19,0,422,33,0,0,0,0,309,0,141,0,0,0,0,0,91,172,2164,3298,874,807,41,0,0,851,0,0,0,0,2360,4489,46,39,840,568,0,0,78,80,6,0,665,0,17,0,0,45,0,0,245,0,0,224,0,48,0,1675,15,0,0,0,0,0,0,2,0,0,2,0,0,209,24,0,420,24,0,572,0,0,34,0,0,4,0,26,1178,0,1506,0,6,1,5792,0,89,0,0,0,0,64,0,1247,0,0,0,5,59,0,148,2130,3,57,3398,709,0,0,6754,60,0,0,81,1,0,41,0,0,0,0,51,187,0,0,18,70,11,33,0,0,0,9,7,0,0,4,1,2125,6,3,0,0,3,3,1,0,1661,3,0,0,546,3342,390,1249,63,56,0,0,1285,404,571,0,56,81,645,1,3,2,4486,7,0,3429,0,247,2840,0,72,22,165,9,114,0,56,51,0,39,0,0,90,0,486,46,0,0,534,0,222,1,0,0,109,438,20,0,0,39,0,586,3,0,0,1559,87,0,289,9,0,32,42,25,234,128,1,0,15,25,0,2,0,1,52,100,1349,0,0,0,4,1,6,1149,287,1,3474,2364,533,1021,0,0,0,0,4,0,556,51,2,0,19,0,2,0,0,5,738,0,2,0,441,0,0,1718,0,0,0,316,1,65,0,0,0,0,0,477,0,0,0,2215,0,0,0,3,0,0,0,0,0,0,0,0,495,0,149,0,0,0,0,0,6595,0,0,0,0,0,0,0,0,0,0,0,0,0,0,0,0,122,0,4,4,38,0,0,569,0,1,0,0,0,0,0,0,0,128,0,0,1,0,0,1,0,0,0,0,0,0,0,0,0,0,336,0,0,93,0,23,0,0,0,0,0,0,0,8,0,0,0,71,0,0,0,0,0,0,0,3,0,0,0,0,0,0,0,0,0,0,0,0,0,0,0,0,65,0,0,0,0,4581,0,0,0,0,0,0,0,0,0,0,155,0,0,0,0,0,0,1580,0,2,1260,0,88,0,0,0,159,11,0,2617,0,0,0,0,0,0,0,1,0,17,0,0,0,0,5736,0,0,0,6,775,0,0,0,0,0,0,0,0,28
"gene_505",0,0,0,0,0,0,0,493,0,0,0,0,149,728,1,0,2869,0,6,0,2,903,0,0,0,0,0,0,0,101,599,382,3,90,1,185,0,0,9,51,0,319,0,7972,11,0,0,26,1,1,4318,0,0,0,0,51,0,15,0,105,0,0,37,0,12,0,0,0,0,0,0,32,0,0,0,1184,4913,0,0,0,0,0,0,3,0,0,0,0,0,0,0,0,0,0,0,0,0,0,0,0,0,168,0,0,0,0,1184,0,2,0,4,0,0,0,0,0,95,2,0,0,417,0,0,0,2,0,0,0,0,0,0,0,83,0,0,0,0,0,0,0,0,0,0,0,0,0,0,0,0,0,0,0,0,0,0,0,0,0,0,0,0,792,0,0,0,0,0,0,0,0,0,0,0,0,0,0,0,0,0,0,326,320,0,0,0,0,0,1992,380,0,0,0,0,0,0,0,1767,0,8,0,5,1698,0,0,0,0,0,0,0,0,0,0,522,16,4,315,0,0,0,0,0,0,1,0,106,0,1096,0,0,263,0,0,23,0,0,0,0,0,0,0,0,1,0,0,712,1,15,2,0,0,0,3,166,0,0,0,0,0,6,0,3430,39,0,5,0,3,0,0,1296,0,0,0,4,1152,0,0,0,883,0,0,1,923,0,60,0,2,0,0,16,0,0,1667,0,0,32,2632,1857,0,0,622,0,0,0,0,0,0,5,0,287,0,0,24,0,0,0,0,0,0,229,0,0,0,11,0,0,215,0,0,0,12,0,117,1,0,0,0,40,0,4,1,2,0,22,16,4578,373,2,0,0,299,0,0,146,0,44,110,0,6,0,7,4,0,1,0,24,608,1049,0,0,0,0,451,0,0,0,0,5679,2210,0,9,0,782,0,11375,0,0,0,358,154,0,5668,0,0,12,1,0,0,3409,0,0,0,2021,1,0,0,3125,244,0,234,1030,42,0,1,0,3792,0,0,0,0,378,4,0,0,0,137,10,0,0,3,61,0,0,18,847,4,104,0,0,21,0,0,26,0,0,2043,4,0,99,1092,971,982,4,0,634,0,1010,1093,147,102,117,0,0,0,4,0,0,5,0,0,104,0,0,0,15862,1122,25,41,0,0,0,1,1,0,3,0,0,0,0,0,0,37,0,0,19,0,0,1,624,14,5,0,9,0,0,4102,64,0,29,0,0,4,1,0,0,0,0,1,0,0,14,1,5226,37,0,1364,6,1,0,573,176,0,30,0,0,2593,118,26,0,0,0,4434,303,0,20,2723,0,0,0,14,2259,0,0,273,0,478,0,4,0,2939,0,0,0,0,1,0,7530,708,1206,0,43,0,0,2492,0,18,0,5,2,0,259,0,0,644,3,17,866,4172,24,0,0,0,0,176,0,0,0,0,0,101,0,25,475,59,0,0,0,0,0,0,0,0,1,650,317,0,7,83,0,0,34,0,5,0,0,0,2196,5,0,0,0,0,379,0,21,2,0,280,299,2,0,0,3457,0,0,76,0,91,2,4,146,2479,0,0,406,0,0,0,1,7,0,0,601,0,0,0,439,3,0,0,0,0,739,0,0,112,7,0,0,62,0,117,0,1,0,0,0,32,0,12,682,0,0,0,3,0,0,0,0,0,0,0,0,350,0,125,0,0,185,0,0,7434,0,153,2989,10,49,1065,0,7,5335,0,0,626,25,0,0,1424,218,224,0,7,0,2014,0,0,7,6,0,3,3,0,5,0,0,381,0,0,146,207,7,911,0,0,104,2029,0,0,0
"gene_506",0,6,71,0,0,648,0,0,0,0,0,1,0,0,0,0,0,0,0,0,7,0,345,0,0,0,1,0,0,0,0,0,0,0,4,55,0,0,1,53,0,0,0,1,1,0,0,0,2,0,0,0,0,0,19,0,0,815,0,13,0,0,0,1045,0,0,0,0,1010,0,0,207,0,1713,0,1178,0,0,0,0,0,0,332,0,1355,3,0,320,0,0,0,0,0,0,0,0,0,0,0,0,0,0,0,0,0,0,0,0,0,0,0,0,1,0,0,0,0,0,0,0,0,0,0,0,0,0,0,0,0,0,0,0,0,0,0,0,0,0,0,0,0,0,0,0,0,0,0,0,0,0,0,0,0,0,0,0,0,0,0,0,0,0,0,0,0,0,0,0,0,0,0,0,33,0,0,0,0,0,0,0,0,0,0,0,0,0,0,0,0,0,0,442,0,0,0,0,0,0,0,0,0,0,0,0,0,0,0,0,0,0,0,0,6,0,0,0,1,0,0,927,0,0,0,0,0,0,1,0,0,0,0,0,0,0,0,0,0,0,0,0,0,0,0,0,0,0,1,0,0,0,0,0,0,0,0,29,0,0,0,0,0,0,0,0,0,0,0,0,0,0,0,0,0,0,0,0,0,0,0,0,0,0,0,0,0,9,0,0,128,0,0,3,0,24,0,0,0,0,0,0,0,0,0,0,0,0,26,0,0,0,0,0,0,0,0,0,0,0,0,0,0,0,0,0,0,13,0,0,0,0,0,0,0,0,0,0,0,0,0,0,0,0,0,0,0,0,0,0,0,0,0,0,0,0,0,0,0,0,0,0,0,0,0,0,359,0,0,0,0,0,0,0,0,0,0,0,0,0,0,0,92,0,0,0,0,0,0,0,0,0,0,0,0,0,0,0,0,0,0,0,0,0,0,0,0,0,0,0,0,0,0,0,0,0,0,0,0,0,0,0,0,0,0,0,0,0,446,0,0,0,0,0,0,0,0,95,0,1,0,0,0,0,0,0,47,3,0,0,0,0,0,0,0,44,0,0,0,0,0,0,0,0,0,0,0,0,0,0,0,0,0,0,0,0,0,0,0,0,5,0,0,0,0,0,0,945,3,15,0,0,0,3,0,0,0,0,0,0,0,0,0,0,0,0,0,0,0,0,0,0,0,0,0,0,0,0,63,0,0,1029,0,0,0,0,0,0,0,0,0,0,0,847,0,0,0,0,1,0,0,1025,74,0,0,0,72,0,0,0,0,0,0,0,0,0,0,0,0,8,0,2,0,0,0,0,0,0,0,1,0,0,0,0,0,0,0,0,0,0,0,0,0,0,0,0,0,0,1701,0,0,0,0,0,0,0,0,0,0,179,16,10442,0,0,0,0,3,0,0,0,0,0,0,200,0,0,0,0,0,0,0,0,0,0,0,108,0,0,0,0,0,0,0,0,3180,48,0,0,1,0,0,0,0,0,0,0,0,0,0,22534,0,85,0,0,0,0,0,210,0,0,0,0,0,3,0,0,0,0,0,61,0,0,0,0,0,0,0,0,0,0,0,0,0,0,0,0,0,0,0,0,0,0,0,0,0,0,0,0,0,0,174,0,0,0,0,0,0,0,74,0,0,0,0,0,0,0,1,0,0,566,0,0,0,0,0,0,0,0,0,0,0,0,0,0,247,0,0,0,2,0,0,0,0,0,0,0,0,0,0,0,0,0,0,0,0,158,0,0,0,0
"gene_507",5908,25,8877,4,669,35,2538,1579,4741,7,2684,1608,280,1,4029,3,8,5370,82,54,21,0,2354,0,5234,3,5663,2025,579,0,287,0,0,1,75,0,81,1069,0,2604,0,0,45,486,0,9,2583,0,8,3541,16,115,5,14,0,0,20,4248,0,196,1163,0,73,569,636,98,62,928,136,27,8084,6,5,1835,0,0,192,0,271,1,0,0,374,756,7238,0,55,2250,431,192,0,1807,62,876,24,228,22,0,0,70,0,1,1838,0,0,53,9,211,690,0,2511,0,0,1,0,0,0,0,15,1,0,0,354,0,0,0,0,1092,97,0,0,8,80,0,0,1,0,214,105,330,3,2,0,586,3161,2168,92,0,98,0,6,0,4,0,195,0,125,18,2,0,6,0,1,5404,0,2230,1,0,0,12,0,768,0,1193,0,1,0,86,3497,27,0,6303,0,0,6,0,0,0,1,22,1384,579,2,0,17,0,2,0,32,0,1645,56,91,4,34803,0,63,75,0,49,6837,0,82,0,4515,9,6313,0,89,0,0,613,0,0,3654,1436,2472,127,0,0,0,0,4905,5294,0,0,1750,0,0,0,0,5627,0,0,4,0,0,13,0,0,552,269,46,0,1644,0,0,13,1,10,0,160,0,84,0,0,0,0,0,0,0,0,0,0,0,0,0,2,0,0,0,0,0,0,2,0,2,52,0,0,0,0,0,0,202,1,42,0,0,0,0,0,0,1,10,0,0,2,27,0,0,3,0,0,0,0,2,4,0,0,0,0,0,0,237,0,0,322,1,0,0,66,1091,214,0,1212,0,41,0,2884,32,0,47,0,2,0,40,74,1,0,0,2,0,0,139,0,0,0,0,0,363,0,0,0,0,0,0,0,246,1164,318,0,0,3,83,0,110,0,0,0,0,0,51,3,0,1,0,0,1814,17,0,0,0,0,0,0,0,0,0,0,0,0,0,0,0,0,0,0,0,0,0,0,0,137,43,13756,0,0,552,0,788,0,0,12,25,0,0,0,0,0,1,0,0,2,33,0,230,176,0,0,0,0,65,4517,38,0,0,183,0,0,396,347,0,0,0,0,0,0,0,0,0,0,1409,150,887,0,0,0,0,191,0,0,0,1,0,0,0,0,0,0,0,0,0,0,33,0,0,0,0,0,0,0,0,679,0,0,0,125,0,10,0,0,0,161,348,0,36,0,1143,0,1,0,0,193,0,0,0,0,0,0,0,22,27,0,0,0,0,0,0,30,0,0,0,0,0,72,0,0,0,0,0,0,151,6,0,0,0,3,0,0,0,63,16,470,0,156,0,0,0,9,448,0,1,0,0,0,0,103,0,0,0,0,0,0,0,0,0,0,0,0,913,0,0,0,0,0,0,0,0,0,2,7,0,0,0,0,0,0,0,0,0,0,0,0,0,0,0,15,0,0,0,0,0,99,13268,0,0,2815,0,0,0,0,0,0,0,3,0,0,0,0,0,0,0,0,0,0,1,0,0,0,0,0,0,0,0,0,0,0,0,0,0,0,0,0,0,0,0,0,0,0,0,0,0,0,0,0,0,0,0,396,0,0,0,0,0,0,39,0,0,0,0,0,0,0,0,0,0,0,0,0,0,0,0,60,0,1580,12,4,4593,0,0,0,0,0,0,0,0,0,0,0,0,0,0,1,0,0,0,0,0,0,0,0,0,0,34,0,0,0,0,0,0,10,0,0,0,0,0,0,0,0,4,0,427,0,0,0,0,0,0,0,0,2,0,0,0,0,0,0
"gene_508",3242,119,0,0,5935,58,11,119,0,6,52,332,383,380,3104,0,4699,32,1318,3,0,386,0,0,38,1,0,134,442,81,8,61,0,211,5,3,0,277,0,0,11,94,486,27,589,9537,222,1615,41,141,0,45,0,0,0,5,2631,476,11,1,0,0,7,236,0,258,0,92,136,460,65,516,0,6,0,67,42,703,693,0,14,0,37,23,72,83,20,439,1733,686,128,6,12,136,0,41,7,0,20,263,0,0,0,250,439,0,0,0,6,0,88,610,4,0,2449,29,0,0,2,0,4,0,28,0,1,18,0,689,809,26,0,19,0,0,5,148,0,0,0,0,435,1,614,13768,0,168,5923,25,0,1,0,0,0,1,9,343,6257,0,377,0,1690,0,7,341,29,0,6049,0,30,117,0,0,10,0,60,0,2908,0,112,22050,0,1639,6868,30,8413,110,14,0,38062,80,0,436,17,19,5087,4421,0,0,0,0,1,0,504,6,672,297,1,689,329,0,0,0,0,85,846,116,0,1943,1624,20,0,2145,247,22,116,47,1458,0,10,531,1,13,0,88,1346,1,4,30,882,88,0,5,12,10,44,5,22,1048,307,1904,40,0,39,0,0,0,32,2,610,215,2,293,90,20,53,89,166,87,3,1056,0,237,40,1455,16,2843,0,0,394,129,14,3158,0,172,92,2633,1001,742,70,0,4,32,466,483,0,78,0,0,8,8,83,0,265,374,15,24,253,139,3,25,14,847,1,600,45,470,17,1,0,0,366,39,79,0,59,51,13,2421,0,484,27,0,138,1,87,361,49,57,187,708,0,196,0,195,526,14,0,36,383,209,137,231,0,4,1486,81,157,1729,147,6,68,1036,11,0,325,0,233,567,4352,789,897,384,527,69,0,3178,0,0,1,1437,2,0,2946,217,0,0,13,1,108,42,9,212,0,3746,0,151,1372,24,26,0,108,8,137,1062,0,696,397,630,11,11,1162,27,78,40,23,3,256,3109,53,0,753,1551,2,32,51,336,323,1,95,0,2321,1365,7,0,0,988,0,75,0,0,29,0,0,333,125,0,0,2,1,1386,1,144,0,0,96,0,993,219,13,1239,0,0,0,0,5,95,43,0,8,11,463,1,0,0,205,159,0,196,0,0,0,0,93,529,1,697,274,1,189,20,1,0,6,0,498,1308,0,11,2939,565,0,0,40,740,0,10,3,1701,0,228,10,1881,110,13,3006,883,15,0,3,603,0,0,0,1,5,4,0,5,0,186,41,0,0,1580,0,0,32,0,0,80,0,0,2218,13,109,16,181,151,25,546,173,1062,165,325,0,532,0,0,0,300,0,176,0,11,0,369,27,0,0,28,77,90,23,9,10718,99,1,1784,2679,0,0,0,225,670,64,559,0,50,1,0,845,150,2,71,0,280,130,30,0,12,3513,369,1264,1933,0,0,209,1991,13,2363,1160,262,251,134,1,22,1,4,595,0,4279,30,0,0,0,0,467,0,405,9,75,0,3556,0,247,5,8143,137,2,138,8441,4025,2752,0,361,0,787,0,17,1501,3,0,4,202,1,0,1874,0,949,0,0,0,0,1,202,2913,2256,17,122,1021,0,1985,3567,0,494,0,12,26,120,0,628,9,373,222,4,115,30,2,272,0,225,260,63,509,6387,452,378,1710,585,332,14,3631,94,155,15,4,0,4201,167,0,97,1,37,0,1261,2579,14,0,0,6,57,0,227,0,367,0,0,0,73,2,412,406,0,0,0,4,12399,0,9,3,3411,4627,3,3,1,37,1587,195,267,0,0,0,2,174,44,0,3,0
"gene_509",0,0,0,0,1,0,0,0,0,0,0,0,0,0,0,0,0,0,0,0,0,0,0,0,5652,0,0,0,0,0,0,0,0,0,0,0,0,38,0,0,0,4,0,0,0,0,0,0,0,0,0,0,2840,183,0,0,0,0,0,0,0,0,33,0,0,0,0,24,0,0,0,4,0,0,0,0,0,0,190,0,0,6,0,3358,0,0,0,8,0,0,0,0,0,0,0,0,0,0,0,0,0,0,0,0,0,0,0,0,0,0,0,0,0,5,0,0,0,0,0,0,0,0,0,1,0,0,0,0,0,0,406,0,0,0,0,0,0,0,0,0,0,0,0,0,0,1,3,0,801,0,0,0,1,0,0,0,1,0,0,0,1,0,0,0,0,0,24,0,7,0,0,0,0,117,0,0,0,0,0,0,1204,0,0,0,0,107,0,0,0,1,0,693,0,608,0,13,0,582,0,0,30,0,0,0,359,0,37,0,0,0,0,3415,0,0,0,0,1,0,0,0,0,0,0,1,1784,0,2,0,0,0,0,0,0,2532,0,0,0,17,0,3,0,0,478,1477,6,0,0,29,0,0,1992,0,0,580,0,0,56,0,0,0,833,3043,0,553,0,14,5,0,0,0,0,3,0,0,399,0,101,1,0,0,0,44,315,0,0,152,14,1101,0,1719,476,0,272,0,59,0,38,1194,0,0,0,0,0,0,3,0,0,0,0,21,9,0,0,0,0,7056,101,0,0,274,4026,0,0,30,0,0,0,2401,16,1204,731,469,0,4,690,0,8,0,4,4077,17,0,2861,35,14,0,516,0,0,0,4228,0,4148,0,6,0,0,4,1,0,0,0,0,0,0,0,85,0,0,41,0,0,997,578,1,3,0,85,134,0,3,6,3540,0,578,0,1684,0,567,3735,59,0,0,2723,0,5,993,2,577,0,161,0,93,0,0,0,8,0,0,0,149,74,2485,9,625,0,1,0,0,158,0,514,0,0,2514,0,23670,119,0,670,0,0,0,0,723,3105,248,9,7,96,35,0,0,6,824,0,291,13,0,79,0,0,0,308,9,0,0,305,0,0,231,7,2102,0,0,0,0,0,0,24,1,44,0,0,0,4,16,3,0,1566,0,0,0,268,0,85,0,0,0,5,0,0,5,0,0,251,0,0,254,0,682,0,2,0,4137,0,51,24,36,0,104,0,0,261,315,0,0,7,0,0,0,0,0,649,0,3552,0,0,0,8,0,41,0,0,0,0,0,0,498,6,0,0,0,427,587,1542,0,0,16,0,93,8,23,0,0,0,124,1980,0,0,0,0,0,2,0,0,1,0,15,73,0,0,881,119,0,0,0,0,0,189,0,509,0,0,0,0,0,3669,25,0,3282,0,964,0,0,154,17,0,0,0,0,0,1677,0,0,33347,0,0,0,0,0,0,16,0,0,0,4050,0,0,1411,1,0,0,2,33,0,0,0,0,0,1,4579,382,10,0,0,0,274,0,0,0,0,39,1,0,0,0,0,0,0,0,1,0,0,0,0,0,0,0,0,0,0,0,0,0,0,59,0,0,0,19,0,7,0,0,0,0,0,0,0,0,0,0,0,0,0,0,0,2,0,0,1,0,0,0,0,36,0,0,0,1226,3,1,40,0,1349,730,0,0,0,14,0,0,0,0,0,0,0,1,1811,0,107,0,6,0,0,457,29,0,0,0,0,0,0,0,0,0,16319,0,0,0,0,0,0,0,0,0,0,0,3,0,0,1,909,0,3,0,13
"gene_510",8610,36,68,0,167,1,1916,0,128,11,39,0,0,0,40,293,137,1842,22,1421,145,134,121,294,0,2907,0,4,0,234,1809,1,13,11,128,45,357,1,5017,5746,572,49,147,0,1711,0,1055,123,0,23,13,2333,566,154,458,1,165,331,0,16,4,4109,96,0,46,0,235,14,644,491,0,1222,0,0,1588,60,157,2,77,0,0,1,13793,0,33,1117,0,3,2,0,193,3,7,0,1318,371,3,0,5,229,1121,28,3,4832,4948,1,143,325,1645,24,0,36,333,2187,409,172,0,1,0,5,0,693,25,99,1400,0,0,0,0,0,79,1528,35,8,0,8,5,1488,129,0,11,6157,387,0,0,512,102,0,3409,3525,549,0,1,0,11174,24,0,7,10222,0,0,186,2689,15,7155,2,1836,216,130,182,90,1333,133,8,1229,0,12,1189,1179,402,0,21,8353,3255,74,0,2,370,4,39,13351,1011,309,3353,4990,0,288,124,0,8,1,405,50,171,75,1578,7,2247,95,65,857,102,0,0,1076,14,14,477,3,1509,0,0,0,0,1931,0,2,19,2122,54,16,3233,0,32,3,0,627,11,3659,92,0,0,0,0,0,1,0,3001,32,0,211,0,360,21,0,0,4,63,26,2,0,0,0,0,0,0,123,0,0,0,0,0,0,0,0,0,0,0,0,0,0,0,0,1,0,0,0,9,0,2971,0,0,0,41,0,0,0,0,0,769,0,0,0,0,0,0,0,0,0,0,1,0,0,0,0,1,0,0,0,0,0,0,0,0,0,0,0,0,7265,0,3783,0,6,0,0,0,0,0,0,0,0,0,7,0,3060,0,0,0,0,0,0,0,0,29,452,0,0,0,0,0,0,0,0,0,12,0,0,0,0,0,0,0,0,0,0,0,0,0,0,0,0,0,0,0,0,0,0,0,0,0,0,0,0,0,0,0,0,0,0,0,0,0,0,0,0,0,0,0,0,0,0,0,0,0,0,0,0,0,0,0,0,0,0,0,0,0,0,0,0,3,0,0,0,0,0,0,0,0,0,0,0,0,0,0,23,0,0,0,0,136,0,0,0,0,0,0,0,0,0,0,0,0,0,0,0,0,0,0,0,0,0,0,0,1510,0,0,0,0,0,0,77,0,0,0,279,0,0,0,0,412,0,3,0,0,0,0,0,0,0,0,0,0,0,0,0,0,0,0,0,0,0,0,341,0,0,0,0,0,0,0,0,0,0,0,0,0,0,0,0,0,0,0,0,0,0,0,0,0,0,0,0,0,0,0,679,0,0,0,0,0,0,0,0,0,0,0,0,0,0,0,0,0,0,0,0,0,0,0,0,0,0,0,0,0,0,0,0,0,0,0,36,0,0,0,0,0,0,0,0,0,0,0,0,0,0,0,0,0,0,0,0,0,0,0,0,0,0,0,0,0,0,0,0,0,0,0,0,0,0,0,45,0,0,0,0,0,0,0,0,0,0,0,0,0,0,0,0,0,0,0,0,0,0,0,0,0,0,0,322,0,0,0,0,0,0,0,0,0,0,0,0,0,0,0,0,0,0,0,0,0,0,0,0,0,0,0,0,0,0,0,0,0,0,0,0,0,0,0,0,0,0,0,0,0,0,0,0,5,0,1482,0,0,0,0,0,0,0,0,0,0,0,0,0,0,0,0,0,0,0,0,0,0,0,0,0,0,0,0,0,0,0,5,150,0,0,0,0,0,0,0,0,0,0,0,0,0,0,0,0,0,0,0,0,0,0,0,0,0
"gene_511",325,66,0,172,3976,3311,0,0,38,1108,815,49,2795,0,109,3479,28,2433,1002,1930,0,5415,0,3,0,1252,1180,2,3,0,350,2646,865,8,65,2111,724,758,3906,0,1,15,309,4,972,520,1925,28,18,3422,114,0,69,4,1317,59,230,87,0,6579,62,120,1,0,2927,143,0,3306,0,14319,12309,1116,0,35,35,5193,0,480,7,14,36,0,27,0,0,14597,49,1195,0,445,178,40,0,26,0,691,7157,7,19,0,0,0,2717,169,5,0,164,0,50,0,29,0,0,0,3569,0,33,96,66,0,0,0,4,0,0,0,1281,0,10064,10,0,2,245,0,2,0,45,58,40,8,0,659,0,1,0,62,41,0,0,0,5508,345,183,0,417,0,0,3,26,568,8812,0,25,0,6,18,0,2043,20,0,6818,0,1,81,0,0,384,0,131,275,0,4311,1710,0,2,1,41,1,0,218,0,0,1,0,0,0,24,0,0,34,5347,1900,0,9,0,160,471,1,0,69,0,53,26,0,0,0,66,1,2,18,0,0,0,3215,2,90,0,3,4,0,0,21,115,110,368,0,1136,143,0,2,0,1132,0,15,0,44,0,0,694,320,996,0,0,1,168,0,1,22,671,0,682,93,0,177,0,1085,0,0,433,0,59,0,0,2029,732,1334,8,26,0,0,468,3,0,3,0,0,205,1964,58,570,0,47,0,431,0,0,211,2627,893,4,0,137,1952,0,69,364,0,16,537,3,327,13,279,0,1,82,4246,53,25,19,198,0,206,16913,0,119,22,405,41,841,156,18,41,774,65,41,0,0,2,389,17,0,951,71,1024,536,120,39,2018,0,931,0,6,29,673,429,852,0,0,0,3,3068,3,6,370,810,0,29,11,166,12,0,1003,1,653,1,4,3,35,0,69,0,0,281,6,57,3,16,0,48,45,14,6,74,154,484,0,6601,1067,0,0,2155,2584,3,0,0,181,55,751,1,0,126,37,0,2,0,423,0,0,0,366,2256,1,2160,0,68,4,836,4,131,84,2,0,46,0,13,0,0,0,11763,0,0,0,4260,2935,0,1730,1237,9,575,0,8,101,2,0,3597,0,144,0,0,231,1909,0,3496,464,71,0,1220,145,41,1708,64,3629,268,0,2,0,9,40,91,53,0,2,0,0,0,0,0,5,0,0,120,0,15,0,0,220,0,5,533,0,1,64,126,3,3784,2,490,0,0,0,718,0,0,1687,0,0,0,6,0,0,333,0,1345,0,0,204,0,0,0,16,41,5,615,4864,27,439,8020,0,16,13,327,0,0,10066,0,0,11,1064,0,0,404,107,883,1,1,6,0,416,0,22,0,3327,1520,1,0,477,71,0,92,0,0,0,1,23,0,0,2,3050,4,1,4,2856,327,0,54,0,3,0,128,4,0,0,0,0,85,0,0,19,1684,0,23,0,3,0,0,0,0,45,0,0,0,0,1805,0,0,3,0,0,0,0,0,268,0,450,0,69,0,0,0,37,154,0,281,3818,0,0,32,121,4,13,0,0,23,1,6,0,0,15,1743,0,43,0,0,4,0,0,7986,1372,0,0,0,0,0,0,0,0,947,89,19,105,0,191,0,0,0,0,0,82,0,4,155,144,0,0,0,2109,0,5,308,45,183,1,0,91,0,0,0,2101,0,0,0,126,0,25,234,5310,0,2434,0,0,2,0,12,0,0,0,90,0,143,0,0,0,632,645,13981,0,0,1126,43,11,1098,1075,0,70,0,0,237,0,0,0,1897,0,2673,0,12979,332,0,286,0,0,125,56,81,4044,32,7,5
"gene_512",1216,3,0,0,0,21,0,0,0,0,0,0,17,2323,0,3866,0,31,0,119,0,1,0,0,0,0,0,0,0,4,0,2194,36,0,0,0,0,0,0,0,0,0,113,2159,0,0,92,0,0,86,5,0,352,0,0,0,0,0,53,2,0,0,0,5,0,0,1,1563,0,0,0,0,0,0,0,15818,0,1,0,0,0,0,2,2005,0,0,7,0,4,126,89,5,0,0,0,33,0,0,0,3060,0,0,0,0,0,92,0,0,0,0,0,141,0,0,0,0,0,0,0,0,0,0,0,2,0,0,0,0,119,0,0,42,0,3,12,25,0,0,0,0,0,0,49,0,9,0,0,9,0,0,85,0,0,0,0,1301,0,0,0,3,0,0,5,0,0,0,0,1676,29,0,0,0,38,0,0,0,0,0,0,0,0,0,0,0,0,0,0,0,0,0,2245,0,0,0,16,0,0,0,0,0,0,29,0,0,0,1,0,0,0,0,0,0,0,6,6,0,0,0,0,10,0,0,1,0,0,0,0,7,0,0,0,166,0,6,0,1,0,0,0,8,20,0,93,0,15,15,0,0,0,0,0,0,0,0,0,0,0,0,0,0,213,0,9,44,1,0,0,0,0,0,0,0,0,0,0,0,1,0,0,100,0,0,0,288,0,0,34,0,0,0,0,0,0,0,0,11,0,16,0,0,0,91,0,34,0,1744,0,0,0,0,0,0,2,0,0,0,0,0,0,0,0,0,0,0,1,0,0,0,0,0,0,0,0,0,0,307,35,0,91,0,0,0,0,0,481,0,0,12,1,0,6,0,0,0,0,0,0,0,0,0,0,3,0,0,0,0,0,0,0,0,0,0,0,11,0,0,0,0,0,0,95,0,0,0,0,0,0,0,0,40,0,199,0,61,0,229,3,0,0,115,75,0,0,0,0,0,0,0,0,0,772,0,0,0,0,0,0,0,0,0,1506,0,0,0,0,0,0,0,0,0,1,0,646,0,0,0,0,0,0,0,0,0,1,0,0,0,0,0,0,0,0,0,0,0,0,0,0,0,0,0,0,0,0,0,0,54,0,0,0,0,0,0,0,0,0,0,0,6,0,0,0,0,571,0,0,0,0,0,256,0,0,0,0,0,0,0,0,0,0,0,0,0,0,0,0,0,0,0,1,971,0,0,201,0,0,0,0,0,0,880,0,0,0,0,118,0,0,12,0,0,0,0,0,0,0,0,0,0,0,0,1495,0,0,0,0,0,47,0,0,0,0,0,0,747,0,0,0,0,0,719,0,0,0,0,0,0,0,0,0,0,0,0,0,0,0,0,0,0,0,0,24,0,0,0,0,0,0,0,0,1144,115,2323,0,2,0,3,0,0,0,0,961,222,460,0,0,0,0,0,0,0,0,0,28,0,360,0,0,0,0,0,0,7,0,31,1,0,0,0,522,5882,0,0,968,0,1,0,184,92,0,0,0,0,0,0,0,1187,10,0,0,4,44,0,2,0,584,0,0,0,0,0,0,48,0,1,0,12,0,0,0,0,3895,0,0,0,0,0,503,194,0,0,5154,35,0,0,0,0,0,0,19,2,0,603,0,0,0,0,0,6,6396,0,0,0,1,2334,4972,0,617,0,0,5099,0,0,0,0,0,2,239,7,0,0,0,606,1,0,6,5072,0,0,0,0,0,0,22,1,0,68,0,0,0,0,1042,0,6400,485,0,0,0,0,3,154,0,0,0,332,0,0,1,0
"gene_513",0,0,0,0,258,0,0,1650,4320,181,519,169,1470,0,743,0,639,1900,0,54,984,10,0,961,794,142,17,1144,0,2708,64,4581,661,4,0,998,7,0,639,26,92,4345,767,26,3028,0,4,92,0,0,0,4672,154,16,53,67,0,182,0,0,1474,1,466,306,398,364,0,45,0,10248,565,0,10,20,0,43,15,0,3,7404,0,0,0,174,0,1,0,2105,357,27,1961,0,207,1394,5189,0,6579,4,0,39,0,46,0,64,113,53,5134,5765,8213,17,0,834,1232,0,7,866,33,0,0,241,5,3,1122,0,0,0,147,3692,238,0,1,90,5,0,188,876,3,71,1298,480,0,6,8,62,26,0,3230,2,3076,4449,1990,0,448,0,19,0,0,41,5763,23,0,36,3,1,120,8510,330,14024,2,64,6,11189,8974,0,146,0,259,260,1142,0,158,848,250,0,348,9,8433,1462,1605,0,1366,2,101,0,0,3397,0,720,0,0,0,544,553,0,0,1,77,161,0,1015,23,0,0,0,1,0,0,0,0,4,0,0,2876,148,0,7,30,0,727,37,0,0,0,8,10420,0,0,3699,0,0,0,7,8648,0,0,323,100,296,2948,0,0,0,6920,266,0,0,2700,51,28,0,0,0,0,0,0,0,0,0,0,0,0,0,0,0,0,0,0,0,0,0,19,0,0,0,0,0,0,0,0,0,0,0,0,0,0,0,0,0,0,0,0,0,0,0,0,0,0,0,0,0,0,0,0,0,0,0,0,0,0,0,0,0,0,0,0,0,0,0,0,0,1,0,0,0,0,0,0,0,0,0,0,0,0,0,0,0,0,0,0,0,0,0,0,0,0,0,0,0,0,0,0,0,0,0,0,0,0,0,136,17,0,0,17,0,0,0,0,0,0,0,0,0,0,0,47,0,0,0,0,4,0,0,0,0,0,0,0,0,0,0,0,37,0,0,0,0,0,8,0,0,0,0,0,0,0,0,0,0,0,0,0,0,0,0,0,0,0,0,0,0,0,0,0,1,0,0,0,0,0,0,0,0,0,0,0,0,0,0,0,0,0,0,0,0,4,1,0,0,0,0,0,0,0,0,0,0,1,0,0,0,0,0,0,0,0,0,0,0,0,1,0,0,3,0,0,0,0,48,0,12,0,0,0,0,4,0,0,0,0,0,0,0,0,0,0,22,0,0,0,0,4,0,0,0,0,0,0,0,0,0,0,2,0,0,0,0,0,0,0,0,0,0,0,0,0,0,0,0,0,0,0,0,0,0,0,0,0,0,0,0,0,0,0,0,0,0,13,0,0,0,0,0,0,0,0,0,208,0,0,0,0,0,0,0,0,0,0,0,0,0,0,58,0,0,0,0,0,0,0,0,0,0,0,0,0,0,0,0,0,0,0,0,0,0,0,0,0,0,0,0,0,0,0,0,0,0,0,0,0,10,0,0,0,0,0,0,0,0,0,0,0,0,0,0,0,0,0,0,0,0,0,0,0,0,271,0,0,0,0,0,0,0,0,0,0,0,0,0,0,0,0,0,0,0,0,0,0,0,0,0,0,0,0,0,0,0,0,0,0,0,0,0,0,0,0,0,0,0,0,0,12,0,0,0,0,0,0,0,0,0,0,0,0,0,0,0,0,0,0,3,0,0,0,0,0,0,0,0,0,0,0,0,0,0,0,0,0,0,0,0,0,0,0,0,0,0,0,0,0,2,0,0,51,0,0,0,0,0,0,0,0,0,0,0,0,0,0,0
"gene_514",0,0,0,83,37,0,0,0,0,0,0,0,0,0,0,261,0,4,0,0,0,0,0,153,0,0,0,0,0,1,0,0,0,0,0,0,0,0,0,0,0,0,0,164,0,272,0,6,0,0,61,0,0,0,0,4,0,0,0,0,0,0,5,70,0,0,0,0,0,0,0,0,0,0,0,0,0,0,294,0,0,0,0,0,0,0,0,0,0,0,25,0,0,0,0,0,0,0,0,205,0,0,0,0,0,0,0,0,0,0,89,0,0,0,0,0,0,0,0,0,0,1,0,0,0,0,0,0,0,0,0,0,0,11,0,0,0,0,0,0,0,0,0,0,0,0,0,3295,0,0,0,0,0,0,0,0,0,0,0,0,0,0,0,0,0,0,0,169,0,0,0,0,0,0,0,0,0,8,0,0,884,0,0,0,5,0,0,0,0,0,0,0,0,0,0,0,0,0,0,10,0,0,0,0,0,0,0,0,0,0,1465,0,0,1,0,0,1,0,0,0,0,0,0,0,0,0,0,0,0,0,1,0,9,0,0,0,0,0,0,2,0,0,0,0,0,0,0,0,0,0,0,0,0,0,0,0,0,0,0,0,0,0,118,0,0,5,0,0,258,29,0,0,672,40,0,0,0,5,0,0,0,27,0,0,0,0,0,191,0,0,7,266,20,0,329,0,0,0,0,0,0,0,0,1,0,5,0,0,0,0,0,0,52,387,0,0,0,3,0,0,0,0,9,0,0,0,0,0,0,0,0,0,0,0,0,0,0,0,0,0,0,0,0,0,0,0,111,0,0,0,319,495,36,2228,0,0,0,0,17,0,0,175,0,36,0,0,81,0,6,0,0,0,2,0,0,356,0,0,0,0,0,0,0,0,0,1267,0,0,0,0,0,0,0,0,0,0,0,0,29,0,0,0,128,21,85,0,10,0,0,0,0,0,0,0,0,0,0,0,0,0,29,0,0,4,3,0,0,1,0,434,526,0,8,0,0,295,0,0,0,1388,9,66,0,262,0,7602,0,5,0,0,0,171,0,1660,0,415,0,1,0,3663,0,0,0,13,0,0,415,0,0,0,0,6,0,0,0,606,746,0,0,4,0,0,0,0,0,0,0,0,6,0,0,0,7131,0,0,0,0,0,0,0,6,0,0,0,0,0,0,44,26,9,3,0,0,0,38,0,2162,0,0,0,0,0,0,0,619,0,111,691,960,26,0,0,0,0,0,1280,0,0,71,0,1034,2,0,0,0,0,0,0,0,0,0,266,79,0,0,0,0,140,362,0,0,0,7,0,140,0,0,0,0,1,229,0,0,3545,5027,2,0,4,0,31,0,881,0,0,33,0,0,0,5,0,0,0,0,4844,0,0,0,80,273,0,9,0,0,0,0,0,0,0,492,0,0,15,3,575,2457,0,0,0,0,0,9,0,0,664,0,0,0,0,72,380,0,0,43,0,0,0,114,9967,0,0,1,29,900,0,0,875,0,0,660,0,10,0,0,0,0,1,0,171,452,2,0,0,4,2,0,0,63,0,0,0,228,0,7,0,3,66,0,0,1248,0,0,0,25,0,0,0,0,13,48,0,21,374,0,953,0,0,1,0,0,4011,77,0,0,0,0,1673,0,0,0,1,2683,173,0,0,0,0,0,0,81,22,1,3456,0,0,0,0,0,0,513,0,255,1032,0,1089,2,21,11,7,16,0,0,42,0,0,0,0,1,3315,0,321,7,24,0,0,0,0,12,0
"gene_515",78,27,9,3,32,207,84,4,474,173,3,0,384,0,15,170,4,493,0,39,186,0,1984,0,3,0,703,120,194,174,332,1,0,196,0,191,0,0,0,402,0,98,117,14,2,447,0,0,112,0,290,182,27,29,55,2018,48,2,65,671,0,5,63,1420,58,51,0,391,7,4,0,0,157,190,16,585,134,582,5,0,64,2,0,77,0,6,72,0,0,77,120,30,0,8,40,0,0,0,0,7,0,0,243,0,446,0,0,0,0,4,5,0,562,0,0,11,0,0,1536,0,3,0,12,357,0,0,0,0,7,0,3,1,153,0,0,17,291,0,0,0,0,0,0,0,0,659,14,0,0,56,0,0,1159,127,0,0,25,0,0,0,193,0,1,17142,0,6845,0,4,0,0,0,0,0,0,0,0,6344,0,0,0,0,251,189,0,0,835,0,12,0,0,0,0,0,0,123,0,0,1,0,64,65,3924,8,140,2148,9248,0,27,0,375,0,2753,0,58,448,48,0,909,0,0,0,0,478,33,0,370,1,0,0,580,0,823,11,0,0,117,38,272,0,0,0,20,1505,56,0,0,7,0,270,0,10175,10,13,318,0,6,67,145,0,5,25,1757,27,4,0,104,1,0,0,61,485,295,0,494,4063,3,1775,778,544,5,28,4176,697,422,0,171,479,15,1253,0,32,250,0,483,0,0,2,18,21,49,189,1,329,79,984,232,39,0,1602,90,6,642,195,499,224,427,35,4929,369,18,32,43,3,82,152,381,285,87,106,183,7,77,32,519,260,0,0,20,1,25,162,1160,193,2880,0,186,0,45,2516,216,309,612,0,103,0,1,114,174,836,4,286,535,562,2,0,0,0,16,35,11,22,8105,2537,1257,146,39,139,142,688,250,1321,297,2,1,250,538,98,3,0,17,0,0,53,5,1392,120,547,21,16,0,0,1217,1096,2,1066,0,14,0,4341,1279,1185,44,1913,0,72,2279,981,116,0,0,1433,513,467,6709,185,0,0,137,1136,74,24,1,0,1,0,1030,0,0,0,0,31,224,31,2,476,0,0,0,30,421,4663,113,0,0,30,134,0,520,2132,1020,0,3,0,1720,13,0,2152,289,33,1,0,0,0,3,2195,0,188,2,0,6,15,517,0,0,264,0,278,0,8,534,298,0,7,0,0,0,17,0,5,5,3,11,777,1508,1,150,128,0,3,0,0,0,0,0,0,0,485,1279,444,0,0,0,86,1,142,0,0,11,11,849,106,2049,626,1,30,0,261,2148,1670,4,0,8,270,4,1352,535,0,3848,2,224,2,0,1621,0,663,0,0,38,0,49,2,17,0,0,0,0,3989,1915,14,0,0,2,752,154,0,4,0,77,0,0,1,0,0,0,0,0,7,6,0,0,3,0,468,0,0,1,0,0,0,0,0,0,35,0,0,19,0,0,0,27,0,0,0,685,0,0,0,553,6821,0,4,18,0,0,0,40,0,0,92,0,1323,0,53,0,0,0,625,0,4,0,443,0,0,0,435,1320,0,15,0,0,0,0,0,0,1613,0,0,0,124,1506,22,2107,0,248,24,15,8,0,0,0,46,0,197,0,370,50,142,0,0,0,4,0,94,842,21,0,1,0,0,0,0,5,2,0,2991,0,2,1,1315,4,1483,38,0,0,0,0,1448,0,0,0,0,0,0,0,0,0,225,0,0,0,488,7,0,31,0,0,17,8,13,2344,0,0,5,0,0,1,5,35,2487,0,2,0,0,1922,0,0,0,19,12,1,0,0,0,5,109,2,204,0
"gene_516",0,9,4239,0,0,0,0,802,183,86,0,388,0,0,0,0,2099,1,1,423,0,0,0,6,1,1406,0,0,575,0,0,16,1,0,0,17,22,0,0,0,7,14,0,2528,0,0,1056,0,0,0,6,0,0,151,0,683,1230,0,0,0,0,3558,4711,74,2,141,0,0,1,3870,0,27,0,50,0,0,3241,425,0,0,2175,0,0,4,141,0,1,4,7,0,0,0,0,12,0,0,1875,0,117,0,0,0,0,0,0,1,0,0,0,225,0,0,0,0,164,14,0,365,0,0,0,0,0,0,0,0,0,0,0,0,5,0,0,0,0,0,0,0,79,369,0,0,7,0,782,16,19571,1338,20,0,0,19,0,0,0,0,0,0,0,44,13,0,0,291,0,0,23,0,0,0,0,0,0,0,0,0,0,294,0,16,0,0,0,0,0,0,122,0,35,0,941,0,5,104,0,0,0,0,0,2776,0,0,0,2,795,0,0,0,0,9,16,0,3,26,0,0,0,0,146,0,0,346,0,0,0,0,0,0,0,0,0,0,19,0,0,0,52,14,0,0,6,0,0,0,0,0,0,158,0,149,0,142,0,196,0,0,11,180,0,0,77,0,0,0,0,119,0,0,8,0,0,0,0,30,224,0,26,2,0,0,0,2,0,0,0,0,2173,0,62,0,0,0,165,0,0,94,0,0,0,0,4,0,0,3,0,0,0,0,0,0,0,0,8,0,0,0,907,0,0,0,0,11,0,0,0,0,0,0,17,0,0,0,0,0,37,0,1,0,31,0,0,32,1,0,0,0,0,0,0,4,0,0,2,0,0,0,0,1,0,41,0,0,0,4,0,0,0,425,0,0,3,1,9,1,0,0,0,0,0,0,7,1,140,0,0,0,0,0,380,0,0,0,11,0,0,0,0,20,0,5,364,0,6,24,0,0,0,0,0,0,0,0,0,2,0,0,0,0,0,274,0,0,0,0,0,0,0,0,0,0,110,0,0,0,0,196,0,0,0,0,3,464,0,0,595,0,0,5,460,1,0,0,110,1,43,0,0,0,0,293,2,0,0,0,1,376,0,0,132,417,267,0,61,841,0,46,0,0,14,0,0,0,0,0,1,0,0,0,0,273,0,0,11,1,2,47,0,0,0,0,0,0,0,0,284,0,0,3,0,886,0,0,0,21,0,0,0,0,28,0,0,0,429,410,0,0,0,2,75,5,0,0,0,0,2,0,0,902,147,0,0,0,5,29,0,91,0,0,0,0,0,1082,0,0,154,0,76,28,321,0,168,0,0,39,4,223,0,1,92,50,0,1,0,0,0,0,0,0,0,0,19,0,0,166,13,0,0,0,0,0,1,0,2,0,0,0,84,0,0,0,0,0,0,0,2445,0,2,0,5,0,62,0,0,0,0,0,0,0,0,0,0,0,23,1188,3,0,0,0,0,0,440,0,27,262,0,661,1,0,0,0,0,0,0,0,0,0,408,0,229,1,0,1,1,9,0,0,404,0,182,20,39,0,0,0,0,0,0,0,0,0,21,3732,0,21,0,109,0,0,1,219,556,1464,0,1254,0,0,0,0,0,0,0,1,0,0,0,0,0,0,31,575,0,0,0,0,0,0,0,0,0,0,0,0,0,88,77,0,0,0,0,0,0,0,20,122,0,165,0,0,0,0,0,0,0,433,0,0,0,335,0,0,0,0,0,0,0,53,0,9,0,101,0,0,0,0,0,0,0,1059
"gene_517",42,2,0,0,44,29,0,44,12,0,0,28,73,0,0,455,0,0,1,24,0,0,144,30,44,21,1162,29,0,217,59,219,0,2,486,2358,0,32,260,34,316,28,4,90,3,358,2,40,0,435,7,25,0,0,42,211,57,974,258,24,0,0,9,1682,4,5,126,33,461,41,474,99,0,90,3,786,15,85,5,5,8,0,50,0,271,0,75,524,346,264,15,55,0,0,7,0,0,0,0,0,8,0,27,53836,0,0,154,53,5710,0,0,0,0,0,25,0,0,1,209,0,0,1,0,0,0,53,0,0,0,0,3,1,0,0,0,0,5,0,0,0,0,0,0,0,0,0,0,0,0,0,5650,1211,0,0,0,0,0,9438,0,0,8073,0,0,0,1359,0,0,0,0,6,15929,25,20995,0,0,0,0,0,13,0,0,0,0,0,0,0,0,0,0,1,962,335,1,0,0,0,387,2,0,213,0,0,0,0,0,660,0,0,942,0,0,0,0,0,0,3737,0,35,0,114,0,912,0,0,0,0,0,1,0,0,0,0,0,0,433,125,0,0,0,0,4,3531,0,0,952,0,1164,0,0,0,0,31,0,0,0,714,1,0,0,2,0,24,3,0,261,7,0,0,1,0,4,0,0,0,0,0,0,0,0,23,10,0,0,0,0,0,93,0,129,0,0,0,0,0,0,26,0,0,0,1,0,0,5,0,0,5,0,0,0,23,0,1,0,0,17,5,0,62,267,1898,0,1,0,10,0,1,0,83,0,0,0,3,0,0,43,498,2,0,115,8,0,0,0,0,0,0,0,0,0,3,0,0,0,0,0,7,0,0,0,0,0,0,0,61,0,0,321,343,1091,0,0,16,37,0,0,17,0,0,1,0,0,0,0,4,6,0,0,0,0,140,0,0,84,0,0,0,0,0,0,0,0,79,0,0,356,0,3,237,0,0,0,0,0,0,177,0,0,0,77,125,0,0,0,0,65,0,376,29,0,727,0,2,0,0,0,19,0,0,0,0,0,0,0,0,0,0,0,0,0,6,0,0,0,0,0,4,0,0,1,0,107,0,0,0,0,0,0,0,0,3,0,0,16,0,0,0,0,0,0,0,0,0,0,0,0,16,0,55,0,0,0,0,0,49,0,0,0,0,0,0,0,83,0,0,0,0,0,0,0,0,0,0,0,0,0,0,11,0,1,1,0,0,0,0,0,0,0,0,0,0,0,0,0,0,0,0,0,0,0,38,0,310,5,0,7,9,7,0,0,0,0,0,0,9,0,0,0,0,0,0,468,0,0,0,0,0,0,0,0,0,92,0,0,44,402,0,0,0,0,0,353,98,0,0,0,0,0,0,0,1,0,0,0,0,0,0,0,1,0,0,0,0,0,0,0,1,388,47,23,0,0,13,4,279,0,0,0,0,33,0,0,0,4,0,0,0,0,0,0,0,9,0,0,9,0,0,0,0,3,0,0,0,0,2667,0,0,0,0,1,122,0,0,0,0,0,0,0,2,1,1,0,0,18,0,0,0,0,3,0,24,0,0,0,0,0,0,0,0,2,0,0,0,0,0,0,0,0,0,0,0,0,0,1,0,0,0,0,0,197,0,0,1,0,0,0,0,138,0,0,0,0,0,0,0,112,0,0,0,600,0,30,0,0,0,0,0,0,0,0,0,0,0,0,0,0,3,0,0,8,0,0,1,35,0,0,0,0,0,0,0,0,0,0,1,797,0,12,0
"gene_518",0,424,984,2229,1,5339,456,0,30,3037,0,3,389,0,0,0,1692,43,1,0,389,75,7,1,71,73,124,407,4330,0,35,7,29,4635,0,219,5,13134,264,80,3,335,7023,2243,27,240,0,0,1341,137,22,61,3689,0,10,538,3033,0,39,2109,703,0,0,8,126,0,540,0,0,13,0,0,0,608,74,1074,296,4,0,1512,754,2480,0,1061,3321,0,14,122,3102,240,0,3,3031,32,889,572,92,209,0,15,163,566,10512,168,8676,0,14,0,0,0,283,0,1906,0,0,281,21,9492,0,0,0,23,397,0,2597,399,0,0,0,176,0,0,6,86,0,93,3785,20,155,377,0,37,4,0,0,13780,15005,0,0,1587,0,101,2,6021,0,5012,2633,173,28191,0,0,298,3818,2345,0,387,4,5167,958,48,599,11194,43266,0,0,20,123,2743,0,0,393,13,8,294,0,23,2,0,2089,535,141,3,0,9446,584,0,0,499,23,5729,1606,55,11,0,31,0,13,1,84,0,0,99,1,738,83,16,214,1,0,26,16399,35,5,104,215,2664,660,0,426,1,16,1346,0,0,1228,1673,3,15,108,0,0,5765,21,21,0,0,277,0,3842,391,14109,811,0,190,0,0,93,7,959,629,8527,932,235,0,1250,876,2164,327,359,26,46,75,579,86,435,3648,656,1684,279,3036,44,20565,16,0,57,329,143,79,9742,4429,1109,132,745,235,299,248,509,1969,33,4,23,11,444,291,5972,42,1323,78,1,0,1978,302,796,3020,4906,78,1096,15,3494,1971,6310,187,12,1455,6527,13,63,1654,779,79,6650,226,1532,101,32,2487,1683,219,0,5761,531,37,0,137,2833,0,605,466,486,2063,115,4613,15,3864,255,31,1680,1606,237,529,0,5755,22,1024,1290,63,415,2840,6,6534,567,14,3758,1702,24,2,1990,377,11,1500,214,79,7977,2881,2157,1339,2644,383,174,66,2489,2094,3689,1335,1433,57,1327,1,37,1284,5,0,4206,262,5437,9052,205,3243,0,1224,211,686,8,253,4095,17,152,1314,1165,1844,2183,802,0,458,465,1926,10,280,6520,211,258,12201,0,38,15,0,60,9,21,368,9,0,58,0,1,4,0,1,26,1457,7,1030,14,12,17,815,83,0,0,0,204,0,11,4,0,0,214,0,0,0,0,2076,0,664,0,0,151,9,1,0,517,0,1673,93,0,49,0,121,0,1,0,71,242,0,519,1781,101,7,8,1,0,0,15,43,0,15,0,2,1064,0,0,6,255,0,2,0,0,0,1404,552,39,196,2,170,334,4913,9,0,191,15,0,0,0,40,0,151,90,5,0,0,510,0,4,804,47,1,0,0,35,8,0,83,0,4259,0,2,63,2949,0,0,77,2651,76,0,0,0,56,0,46,0,0,0,0,0,1198,0,0,0,0,0,239,4,0,0,1,0,0,0,0,39,0,0,0,290,0,0,0,375,88,0,0,0,0,4,0,0,0,0,0,0,0,0,0,0,0,0,0,0,0,0,0,0,0,0,0,0,0,0,0,3,0,0,0,0,0,0,0,0,0,0,0,0,0,0,0,0,0,0,0,0,0,0,0,0,0,0,1,0,6,0,0,0,17,49,0,0,0,0,0,0,0,0,0,0,0,0,0,0,0,451,0,0,0,0,14,0,0,1,3,0,0,288,0,0,0,0,0,0,1,0,0,0,0,0,0,0,0,16,0,0,0,0,0,0,25,0,0,0,0,0,0,0,0,0,0,0,138,0,0,0,0,2,0,1,0,0,0,0,0,234,0,0,0,0,0,0,0,0,0,0,0,0,0,0,0,0,0,0
"gene_519",0,0,0,0,0,2,583,0,0,6,4590,52,0,0,54,0,0,0,0,0,0,0,114,2,0,1099,0,35,173,0,107,517,0,0,2,0,0,0,139,1275,1662,1,0,0,0,0,0,1,0,0,0,0,21,86,0,111,0,5,0,6,178,0,762,0,0,72,0,2081,0,0,0,77,0,2392,0,0,1,0,117,0,0,0,2,4,0,0,0,2614,0,0,0,0,0,45,1,13,0,0,2,1241,0,0,0,0,0,884,106,0,3,0,594,0,51,0,0,43,0,0,0,0,0,0,0,0,0,0,894,0,0,111,0,0,7,0,0,0,0,0,560,383,0,0,0,0,0,0,0,0,0,0,0,270,0,0,0,0,98,61,1732,0,19,0,0,0,2,644,0,0,0,0,0,0,10,0,251,0,514,0,16,370,0,0,0,6,0,150,3303,0,1,0,0,0,533,0,0,0,0,0,0,0,0,0,0,0,301,0,0,0,0,0,0,0,0,0,0,0,0,0,0,0,0,0,0,0,0,0,0,0,0,0,0,92,0,0,0,0,280,0,0,0,0,0,0,0,0,0,0,0,0,0,0,0,0,0,0,0,0,0,0,1553,0,0,0,0,0,0,0,0,0,0,0,0,1031,0,0,0,0,0,0,0,0,0,0,0,0,0,0,0,0,0,0,0,0,0,0,7,0,0,0,0,0,0,0,0,0,0,0,0,0,0,0,0,0,0,0,0,0,0,0,0,0,0,0,0,0,0,0,0,0,0,0,0,0,0,0,0,0,0,0,0,0,0,0,0,0,0,0,0,0,0,0,0,0,0,0,0,0,0,0,0,0,3,0,0,0,0,0,0,0,0,0,0,0,0,0,0,0,0,0,0,0,0,0,0,0,0,0,0,0,0,0,0,0,0,0,0,0,0,0,0,0,0,0,0,0,0,0,0,0,0,0,23,0,0,108,0,0,0,0,698,0,0,0,0,0,0,0,0,0,0,13,0,0,0,0,0,0,0,0,0,0,0,0,0,0,0,0,0,0,0,0,0,0,0,0,0,0,0,0,0,0,0,0,0,0,0,0,0,0,0,0,0,0,0,0,7,0,2,1,0,0,0,0,0,0,0,0,0,0,0,43,0,0,0,0,0,0,0,0,0,0,0,0,0,0,0,0,0,0,1,1,0,0,0,0,0,1077,0,0,0,0,0,0,0,190,0,0,0,0,0,0,0,0,54,0,0,0,0,0,0,0,0,0,0,0,0,0,0,0,0,0,0,0,0,0,0,0,0,0,0,0,0,0,0,0,0,478,0,0,0,0,0,0,0,0,0,2,0,0,0,0,0,0,0,0,0,0,0,0,0,0,0,0,0,0,0,0,0,0,0,0,0,0,0,0,4537,0,33,0,0,0,0,0,0,0,0,0,0,0,0,0,0,0,0,0,0,0,0,0,0,0,0,0,0,0,0,204,0,0,0,0,0,0,497,0,0,0,0,0,0,2454,0,0,0,0,0,0,80,2,0,0,0,0,0,0,0,0,0,0,3,0,0,0,0,0,0,0,0,0,0,0,0,0,0,0,0,0,0,0,0,0,0,0,0,0,0,0,0,0,543,0,0,0,0,0,0,0,0,0,5441,14,0,0,0,0,651,0,0,0,0,0,5671,0,0,0,0,0,0,0,0,0,0,0,0,0,0,0,4136,0,0,0,0,0,0,0,0,0,0,0,0,0,0,0,0,0,0,0,0
"gene_520",0,0,0,5554,430,0,2331,57,0,0,5745,0,17,3,21,524,0,60,0,0,0,0,0,0,0,279,0,27,4,0,0,143,0,0,0,0,573,0,3,0,0,98,5,0,0,0,0,0,38,0,0,5062,0,0,0,0,0,0,0,138,0,0,35,0,0,851,0,0,0,0,0,153,0,0,1,0,0,0,0,1,1,0,3717,1,497,64,2,0,0,0,0,1,31,2842,99,0,0,0,1,0,1,0,0,0,3536,0,0,0,0,45,0,1,0,0,0,0,0,0,0,179,0,19,0,0,0,1009,0,0,0,0,5,0,0,192,64,5015,0,0,13,0,1319,5440,0,0,405,95,77,0,19,1,652,0,0,0,6,49,0,0,28,53,0,0,168,0,0,1,0,9,0,8,0,26,0,0,0,27,551,0,1390,0,4,8,0,0,0,264,4078,0,0,0,88,0,1,0,0,0,318,0,0,0,0,0,0,0,0,0,0,0,0,0,0,0,887,0,0,0,0,0,0,0,15,0,0,0,0,0,0,0,0,1,0,0,0,0,0,15,272,0,98,0,0,0,0,0,0,0,0,0,0,0,0,0,0,0,0,67,0,809,0,0,0,0,1,0,783,0,0,0,5,0,0,0,12,0,70,0,1315,0,0,1,0,0,0,62,0,0,0,61,0,0,0,46,0,0,0,0,0,0,0,12,0,0,1,0,0,29,21,0,0,43,0,0,18,0,0,6270,0,0,0,0,0,0,0,0,0,0,0,0,0,866,0,0,4929,57,0,0,0,0,0,0,0,0,0,0,40,0,0,2,0,0,0,0,0,63,0,0,0,0,0,0,0,0,0,0,1,0,0,0,0,0,0,0,0,0,0,179,0,0,0,0,0,0,0,4,0,0,0,0,1155,0,0,0,0,0,0,0,0,0,3187,0,46,0,0,0,0,0,0,362,0,57,0,0,0,0,0,0,625,0,0,8,0,0,17,0,0,0,0,0,0,1,0,6,0,0,0,0,0,0,0,0,0,0,0,0,0,0,0,0,0,0,0,0,0,0,0,0,0,0,0,0,0,0,0,0,0,0,0,0,0,0,0,0,1301,0,0,0,0,0,0,0,0,0,0,0,0,0,0,0,0,0,0,0,0,0,0,0,0,0,0,0,0,0,0,0,0,0,0,0,5,0,0,0,0,0,0,0,0,0,0,0,0,2,0,0,0,0,0,0,0,0,0,32,0,0,0,0,0,0,0,0,0,0,0,0,0,0,0,0,0,0,0,0,0,0,0,0,0,0,0,0,0,0,0,0,0,0,0,0,0,0,0,0,2,0,0,0,0,0,0,0,0,0,0,0,0,0,0,0,0,0,0,0,0,0,0,1,0,0,0,0,0,0,0,0,0,0,0,0,0,0,0,0,0,0,0,0,0,0,0,0,0,0,0,0,0,0,0,0,0,0,0,0,0,0,0,0,0,0,0,0,0,0,0,0,0,0,0,0,0,0,0,0,0,0,0,0,0,0,0,0,0,0,0,0,0,0,0,0,0,0,0,0,0,0,0,0,0,0,0,0,0,0,0,0,0,0,0,0,0,0,0,0,0,0,0,28,0,0,0,0,0,0,0,0,0,0,0,0,0,0,0,0,0,0,0,0,0,0,0,0,1,0,0,0,0,0,0,0,0,0,0,0,0,0,0,0,0,0,0,0,0,0,0,0,1,0,0,0,0,0,0,0,0,0,0,0,0,0
"gene_521",0,0,0,0,0,0,0,0,0,0,0,0,0,0,0,0,0,0,0,0,0,0,0,430,0,0,0,0,0,0,0,0,0,0,0,0,0,0,0,0,0,0,0,0,0,0,0,0,0,0,0,0,0,0,0,0,0,0,0,0,0,0,0,0,0,535,0,0,0,0,0,0,0,0,0,0,0,0,0,0,0,0,0,0,0,1719,0,0,0,0,0,0,0,2,0,0,0,0,0,0,0,9,0,0,10,0,0,0,0,0,0,0,0,0,0,0,0,0,2196,0,0,0,0,0,6174,0,0,0,0,0,0,0,0,0,42154,0,0,0,0,0,0,0,0,0,0,0,67962,0,0,0,1,0,0,0,0,0,0,0,0,0,0,0,0,0,0,0,0,0,408,0,0,0,0,75,0,0,0,0,0,0,0,0,0,0,0,0,0,0,0,0,0,0,23,0,0,0,0,0,0,0,0,0,0,0,0,0,16,0,0,0,0,0,0,0,0,0,0,0,0,0,0,0,0,0,0,0,0,10,0,0,0,0,0,0,0,0,0,0,0,0,0,0,0,0,0,0,0,0,0,0,0,248,0,13,0,0,0,0,0,0,0,0,0,0,0,0,0,0,0,0,0,0,0,0,0,0,0,0,0,0,0,0,0,0,0,0,0,0,0,0,0,0,0,0,0,0,0,0,0,0,0,0,0,0,0,0,0,0,0,0,0,0,0,0,0,0,0,0,0,0,0,0,0,0,0,0,0,0,0,0,0,0,0,0,0,0,0,0,0,0,0,0,0,0,0,0,0,0,0,0,0,0,0,0,0,0,0,0,0,0,0,0,0,0,0,0,0,0,0,0,0,0,0,0,0,0,0,0,0,0,0,0,0,0,0,0,0,0,0,0,0,0,0,0,0,0,0,0,0,0,0,0,0,0,0,0,0,0,0,0,0,0,0,0,0,0,0,0,0,0,0,0,0,0,0,0,0,0,0,0,0,0,0,0,0,0,0,0,0,0,0,0,0,0,0,0,0,0,0,0,0,0,0,0,0,0,0,0,0,0,0,0,0,0,0,0,0,0,0,0,0,0,0,0,0,0,0,0,0,0,0,0,0,0,0,0,0,0,0,0,0,0,0,0,0,0,0,0,0,0,0,0,0,0,0,0,0,0,0,0,0,0,0,0,0,0,0,0,0,0,0,0,0,0,0,0,0,0,0,0,0,0,0,0,0,0,0,0,0,0,0,0,0,0,0,0,0,0,0,0,0,0,0,0,0,0,0,0,0,0,0,0,0,0,0,0,0,0,0,0,0,0,0,0,0,0,0,0,0,0,0,0,0,0,0,0,0,0,0,0,0,0,0,0,3,0,0,0,0,0,0,0,0,0,0,0,0,0,0,0,0,0,0,0,0,0,0,0,0,0,0,0,0,0,0,0,0,0,0,0,0,0,229,0,0,0,0,0,0,0,0,14,0,0,0,0,0,0,0,0,0,0,0,0,0,0,0,0,0,0,0,0,0,0,0,0,0,0,0,0,0,0,0,0,0,0,0,0,0,0,0,0,0,0,0,0,0,0,0,0,0,0,0,0,0,0,0,0,0,0,0,0,0,0,0,0,0,0,0,0,0,0,0,0,0,0,0,0,0,0,0,0,0,0,0,0,0,0,0,0,0,0,0,0,0,0,0,0,0,0,0,0,0,0,0,0,0,0,0,0,0,0,0,0,0,0,0,0
"gene_522",0,0,0,0,0,0,18,0,0,80,0,0,21,0,6,793,0,0,0,0,0,0,1,1043,0,0,0,0,0,289,30,8,0,0,0,26,1,0,0,436,0,0,0,23,0,0,0,0,1,0,0,0,10,0,2,1529,0,0,0,0,0,3,0,0,1,88,0,0,0,0,0,3,0,595,1,0,0,0,0,44,0,41,2,1912,0,0,0,7,451,0,744,4,0,0,37,0,0,0,0,0,0,0,5,0,0,0,480,0,81,0,143,0,0,0,0,10,0,0,1,5,0,0,0,4,0,0,0,0,41,0,0,0,0,103,0,0,0,37,0,7,0,0,0,0,0,0,1,0,0,0,0,0,2,0,0,0,0,0,11,0,10,0,0,0,0,0,0,0,0,0,0,0,1267,0,6,0,0,0,0,0,0,69,0,0,1253,0,0,0,0,0,0,440,0,0,37,0,0,0,0,3912,1573,0,0,0,0,0,0,0,0,0,32,281,0,0,0,0,0,0,0,0,0,0,0,0,0,0,7943,0,4,0,0,0,253,0,0,609,0,0,0,6,0,0,0,0,0,0,0,0,0,0,0,0,1,0,0,0,0,0,0,0,0,0,0,17,0,0,0,5,0,0,0,0,0,205,0,0,0,0,0,0,0,0,0,23,0,0,0,0,0,2944,0,0,2,0,0,0,73,0,0,40,0,0,0,0,3,1,0,12,0,0,0,0,0,149,0,0,3207,140,1,0,211,1,0,0,0,0,1,20,0,219,4,0,135,25,9,7,0,0,0,0,0,0,0,51,0,0,107,0,0,0,0,0,0,0,0,0,1,0,0,0,0,37,0,595,0,2,179,0,0,0,82,622,2,0,255,0,1,0,2,12,0,18,0,0,1921,1,11,0,0,0,0,0,4,60,0,8,104,0,314,0,4,0,288,1,0,488,1577,2,0,3,51,0,1,0,6,0,0,0,78,11,10,0,0,0,1,0,44,0,0,237,0,263,0,125,0,0,123,0,0,0,0,0,9,0,0,0,0,14,631,0,0,0,0,0,0,0,0,0,0,0,0,107,22,0,0,0,205,0,0,0,1,4,42,0,0,0,0,2,17,22,0,42,0,13,0,0,0,0,10,0,19,2,829,0,0,0,27,0,0,0,0,0,0,0,732,0,0,0,0,0,9,0,186,0,9,0,0,0,0,0,0,0,0,0,0,0,0,737,0,0,0,0,0,0,0,0,4,6,0,66,491,0,0,0,0,0,598,188,0,0,0,0,1,6,0,0,0,0,0,0,0,182,0,0,1,0,1,0,1,0,0,0,348,52,8195,0,0,0,768,0,0,0,0,0,0,0,26,0,0,0,0,479,0,0,0,0,0,0,0,0,0,0,0,0,0,0,0,0,0,0,0,0,0,0,0,0,0,0,0,0,1,0,0,0,0,0,0,2,0,0,0,0,0,0,0,0,0,0,0,7,0,0,0,0,0,0,0,0,0,0,0,0,0,0,158,150,0,0,0,66,0,6,1353,0,0,0,0,0,49,0,0,0,0,3,0,0,0,0,0,0,1,0,0,0,0,3,12,0,0,1,0,0,5,0,0,0,0,0,0,0,0,0,0,5,0,291,0,0,0,0,316,739,0,0,0,0,0,0,0,0,0,0,0,0,0,0,0,0,0,0,0,0,0,0,0,0,0,0,0,0,0,0,0,0,176,0,0,0,0,0,2,0,0,0,0,0,0,0
"gene_523",27,23,108,20,2,0,259,0,2,7,559,194,2,309,4,72,408,118,0,9,148,105,15,10,29,7,0,30,29,24,1,37,6,41,105,96,20,14,225,0,34,22,7,3,28,324,14,70,99,15,1083,1,18,0,1,29,289,50,12,3,189,48,0,50,0,1,117,0,41,33,3,0,77,0,8,3,68,2,253,20,170,0,4,83,5,464,0,119,0,14,6,442,9,5345,28,325,0,22,0,0,1467,0,0,53,0,2672,0,720,5,0,43,0,105,0,0,1736,0,0,0,0,0,0,0,0,0,5,0,131,1,29,4,0,1,164,529,3,0,1,0,0,0,2,42,0,89,3,0,0,3,172,0,284,0,0,1,255,0,0,0,0,918,0,0,60,544,89,333,0,0,0,172,141,0,0,0,0,0,21,67,1,997,0,1238,3,812,9,0,58,26,0,0,0,2377,1,1,548,0,88,3,11,2819,0,1,520,6,0,108,130,449,1,1865,3423,0,20,54,1559,0,12,19,2153,0,0,625,245,2491,1116,0,27,130,0,3,0,91,0,837,1597,46,970,18,6,87,146,0,8,0,40,893,89,1415,82,829,98,6769,117,2471,187,269,379,6,74,5885,6099,278,2491,252,614,166,2487,2830,1032,6609,3532,5675,654,250,10241,1126,4232,3001,269,132,14831,1283,7583,49,4430,7462,2887,2367,2568,1961,528,4210,1444,985,3264,1124,621,221,7248,10343,3497,224,10665,13948,309,1337,1319,2246,3663,3836,1995,1368,3708,490,4458,908,171,2307,5682,1630,9172,3054,641,4,1942,852,42,20552,207,1625,1437,862,4977,9396,4068,1775,1530,5333,9990,1,556,629,2627,3356,0,7114,1307,1281,640,9296,17863,9791,3978,5072,6445,1660,3880,8706,3335,7522,3797,9792,14322,3716,3828,386,2852,2308,587,5469,1340,0,13569,60,301,5381,380,431,8763,9405,4848,3667,3724,6166,1311,3300,447,4119,61,1985,70,3833,4880,1177,7630,75,14901,3449,42656,15629,3562,2294,492,15011,314,9021,9793,8157,9147,623,6588,349,17,4743,5541,841,13286,8570,163,2760,472,7647,1512,244,10864,631,98,7175,1441,1102,8925,507,357,307,27,1,18,753,0,1,123,19,1,0,20,77,129,226,139,948,37,0,0,29,0,1,7,4,0,1510,1,87,0,313,10,331,110,955,81,0,5,1921,19,4,0,265,26,18,0,3655,14,0,409,211,701,175,0,20,63,0,664,154,0,322,581,681,120,150,643,2,13,19,0,87,2185,165,112,1143,174,1,0,0,0,0,0,360,1,0,30,0,2,395,98,0,307,0,2582,43,0,3472,1831,1,336,172,0,0,0,2128,15,851,275,55,509,0,391,597,1771,0,102,23,12,1,4,49,48,2,260,267,66,0,413,774,187,159,438,0,354,182,0,152,0,312,52,22793,0,2231,7463,197,81,223,2,58,1,1274,78,1458,344,630,0,3,1006,0,0,2,4,6,1583,0,43,26603,3,229,0,160,1445,0,0,158,18,2112,2378,1949,37,5656,5,1135,0,262,11413,4,4,364,10,22,0,9,21,0,28082,44,1009,135,4262,0,5,18855,8,0,0,2,0,0,645,317,41,9317,4226,7,9678,1706,8,0,128,4417,9,321,6,40,83,2371,1,12089,4088,6667,249,757,830,7,180,237,197,3,8,525,1,2,4,1,0,2855,1,0,0,433,16,2,972,11059,0,201,248,0,0,0,11753,0,0,85,232,30570,0,7,76,281,62,731,182,197,1260,0,27,96,22,30,14,7,3556,0,1725,20,496,252,1826,24626,69,1,4579,1,110,1,9509,39,17,81,134,4,125,5,1953,2921,22,996,592,0,277,1,68,16670,302,15284,9,0,61,13,815,0,5
"gene_524",0,0,0,0,0,0,0,0,0,0,0,947,0,0,1567,23,0,0,0,0,0,0,0,8,0,153,0,0,0,0,0,0,0,0,0,0,0,0,0,0,0,0,0,0,22,0,0,0,1,1,0,0,0,0,0,0,0,0,0,0,0,0,0,0,0,0,0,0,8,641,699,0,0,101,0,2,0,0,0,0,0,0,0,0,0,0,0,0,0,0,0,2817,0,0,0,0,0,0,0,9060,0,0,0,0,0,0,0,1028,0,0,0,0,0,983,1,0,0,0,0,0,0,1,0,0,0,0,0,0,0,0,0,0,0,0,0,0,11,0,4057,0,0,0,0,0,0,0,0,0,0,0,0,0,0,0,1825,0,0,0,21,0,0,0,0,0,0,0,0,0,0,0,0,0,0,0,0,0,0,0,0,0,0,0,0,0,0,0,0,0,0,0,0,0,0,0,3558,0,83,0,0,5659,0,0,0,0,2900,0,0,0,0,0,0,514,0,0,0,0,0,0,0,0,0,0,0,0,0,0,0,0,0,345,1,1,40,0,0,0,3046,0,0,0,0,0,0,0,1,0,0,31,3,0,0,0,0,31,0,1,0,0,0,0,0,0,0,0,0,32,0,0,0,1,0,0,0,0,138,0,3,0,0,0,0,135,0,0,0,0,0,0,337,0,0,0,0,0,0,0,0,0,0,0,0,0,0,0,0,0,0,0,384,0,0,60,0,0,0,0,53,0,0,0,0,327,0,0,0,0,0,1117,0,0,0,0,0,0,0,0,0,0,0,0,0,0,269,1123,11,0,0,0,0,0,0,0,0,0,0,0,0,0,0,0,106,0,0,0,2,0,0,0,0,1615,0,0,0,0,0,0,0,0,0,0,0,0,0,0,0,0,0,0,56,0,0,0,0,174,0,0,1,0,0,0,4,0,0,0,0,0,0,0,0,0,0,0,15,0,0,0,1123,0,7,0,104,0,0,0,0,1,0,0,0,0,39,0,0,0,0,0,0,0,0,0,0,0,0,0,0,0,0,0,0,0,0,0,0,0,0,0,0,418,0,0,0,0,0,0,0,0,0,0,0,226,0,0,0,0,0,0,0,0,0,0,0,0,1,0,0,0,0,0,0,4,0,0,0,0,0,0,0,0,0,114,407,0,0,0,0,0,0,0,0,0,0,3,0,0,0,0,0,0,0,0,0,0,0,0,0,0,0,0,0,0,1109,34,0,0,0,0,0,0,0,0,0,0,0,0,0,0,1,0,0,3,0,0,0,0,0,0,0,0,0,0,0,0,2,0,0,0,0,0,0,0,0,0,0,0,0,0,0,0,0,0,0,0,0,0,0,0,0,0,0,0,0,0,0,0,0,0,0,0,0,0,0,0,0,0,0,0,0,0,0,0,0,0,0,0,0,0,0,0,0,0,0,0,0,0,0,0,0,0,0,0,0,0,0,0,0,0,0,0,0,0,0,0,0,0,0,0,0,0,0,0,0,0,0,0,0,0,0,0,0,0,2400,0,0,0,0,0,0,0,0,0,0,27,0,0,0,0,0,0,0,0,0,0,0,0,0,0,0,273,760,0,0,0,0,0,0,0,0,0,0,0,0,0,0,0,0,0,0,0,0,0,0,0,0,0,0,0,0,0,0,0,0,0,0,852,0,0,0,0,0,0,0,0,34,0,0,0,0,0,0,0,0,0,0,0,0,0,0,0,0,0,0,0,0,0,0,0,0,1
"gene_525",0,0,0,0,0,0,0,0,0,0,0,0,0,0,0,0,0,0,0,0,0,0,0,0,0,0,0,0,0,0,0,0,0,0,0,0,0,0,0,0,0,0,0,0,0,0,0,0,0,0,0,0,0,0,0,0,0,0,0,0,0,0,0,0,0,3,0,0,0,0,0,0,0,0,0,0,0,0,0,0,8,0,0,0,0,0,0,0,0,0,0,0,0,0,0,0,0,0,0,0,0,0,0,0,0,0,0,0,0,0,0,0,0,0,0,0,0,0,0,0,0,0,0,0,0,0,0,0,0,0,0,0,0,0,0,0,0,0,0,0,0,0,0,0,0,0,0,0,0,0,0,0,0,0,0,0,0,0,0,0,0,0,0,0,0,0,0,0,0,0,0,0,0,0,0,0,0,0,0,0,0,0,0,0,0,0,0,0,0,0,0,0,0,0,0,0,0,0,0,0,0,0,0,0,0,1,0,0,2920,0,0,0,0,0,0,0,0,0,0,0,0,0,260,0,0,0,0,0,37960,40,0,0,0,0,805,0,0,0,0,0,0,11,0,0,0,0,0,0,1,0,0,0,0,0,0,0,0,0,0,0,0,0,0,0,0,0,0,0,0,0,0,0,0,0,0,0,0,0,0,0,0,0,137,0,0,0,0,0,0,18,0,35,0,0,0,0,0,0,10,0,0,0,0,0,0,0,0,0,0,0,0,0,0,0,0,0,0,0,14,0,0,0,0,0,0,0,0,0,0,0,0,0,0,0,0,0,0,0,0,0,0,0,0,0,0,0,0,0,0,0,0,0,0,0,0,0,0,0,0,0,0,0,0,0,0,0,0,0,0,0,0,0,0,0,0,0,0,25,0,0,0,0,0,0,0,0,0,0,0,0,0,0,0,0,0,0,0,0,5,0,0,0,0,0,0,49,0,0,1,0,0,0,0,0,0,0,0,0,0,0,0,0,0,0,0,0,0,0,0,0,0,0,14,0,0,0,0,0,0,3830,0,0,0,0,120,0,0,0,0,4937,1207,0,0,587,0,0,0,23,0,0,0,0,0,3,0,0,0,0,0,0,0,0,0,15,402,6,0,14,368,0,0,0,0,0,0,144,0,0,0,0,0,557,0,0,0,0,0,0,0,4113,0,0,0,0,5,0,54,1016,0,0,317,0,0,0,0,0,0,0,0,0,10,0,0,0,0,0,0,0,0,0,0,0,0,0,0,0,0,0,0,47,0,0,0,0,0,0,0,0,0,0,640,0,75,0,0,0,0,0,0,5,0,0,0,0,0,0,0,0,0,0,0,0,0,0,0,0,754,0,0,0,2,0,0,0,0,0,0,0,0,0,0,0,0,0,0,0,0,0,0,0,0,0,0,38,0,0,0,0,0,0,0,0,0,0,0,0,0,0,0,1,0,0,0,0,0,0,0,0,0,0,0,0,329,0,29,0,0,2823,0,0,0,0,1,0,0,0,7,0,0,0,0,0,0,0,0,0,0,0,0,0,0,0,0,0,0,0,0,0,891,0,26,0,0,0,0,0,0,0,0,0,0,0,0,0,0,0,0,0,0,63,0,53,447,0,0,42,0,0,0,0,0,0,0,1011,0,0,0,0,0,0,115,0,0,0,0,0,0,0,0,0,0,0,0,0,0,0,0,0,0,0,0,0,0,0,0,0,18614,0,0,0,1,0,0,0,0,0,13,0,0,24,1404,0,0,0,0,0,0,0
"gene_526",269,0,0,0,2,0,0,0,0,0,0,0,0,0,0,0,4,0,722,0,0,0,0,1,5,0,0,0,0,0,0,0,1,175,0,0,0,3,0,0,0,0,0,0,0,0,2,0,0,8055,0,0,0,0,0,0,1,0,77,0,0,0,0,0,3062,470,0,2,0,996,1055,0,0,2,0,214,0,0,0,0,1,0,0,0,0,2,0,0,0,0,0,0,0,0,0,2,6896,0,0,0,0,0,0,0,0,0,0,24,0,0,0,0,0,0,0,0,0,0,0,0,0,0,0,0,0,0,0,0,0,0,0,0,0,0,0,7147,0,0,6316,0,0,0,67,0,0,0,0,0,0,0,0,37,0,0,0,0,0,0,0,0,0,0,0,0,0,0,0,0,0,0,0,0,0,0,0,0,0,0,0,0,0,0,0,0,0,0,0,0,0,0,0,0,0,5809,0,0,0,0,0,0,0,0,0,0,0,0,0,0,0,0,0,0,0,0,0,0,0,0,0,0,0,0,0,0,0,0,0,0,0,0,0,0,0,0,0,0,0,0,0,0,0,0,0,0,0,0,0,0,0,0,0,0,0,0,0,0,0,0,0,0,0,0,0,0,0,0,0,0,0,0,0,0,0,0,0,0,0,0,0,0,0,0,0,0,0,0,0,0,0,0,0,0,0,0,0,0,0,0,0,0,0,0,0,0,0,1,0,0,0,0,0,0,0,0,0,0,0,0,0,0,0,0,0,0,0,0,0,0,0,0,0,0,0,0,0,9,0,0,0,0,0,0,0,0,0,0,0,0,0,0,0,0,0,0,0,0,0,0,0,0,8,0,0,0,0,0,0,0,0,0,0,0,0,0,0,0,0,0,0,0,34,0,0,0,0,0,0,0,0,0,0,0,0,0,0,2,0,0,0,0,0,0,0,0,0,0,0,0,0,0,0,0,0,0,0,0,0,0,0,0,0,0,0,0,0,0,0,0,0,0,0,0,0,0,0,0,0,0,0,0,0,0,0,0,0,0,0,0,0,0,0,0,0,0,0,0,0,0,0,0,0,0,0,0,0,0,0,0,0,0,0,0,0,0,0,0,0,0,0,0,0,0,0,0,0,0,0,0,0,0,0,0,0,0,0,0,0,0,0,0,0,0,0,0,0,0,0,0,0,0,0,0,0,0,0,0,0,0,0,0,0,0,0,0,0,0,0,0,0,0,0,0,0,0,0,0,0,0,0,0,0,0,0,0,0,0,0,0,0,0,0,0,0,0,0,0,0,0,0,0,0,0,0,0,0,0,0,0,0,0,0,0,0,260,0,0,0,0,0,0,0,0,0,0,0,0,0,0,0,0,0,138,0,0,0,2,0,0,0,0,0,0,0,0,0,0,0,0,0,0,0,0,0,0,0,0,0,0,0,0,0,0,0,0,0,0,0,0,0,0,0,0,0,0,0,0,0,0,0,0,0,0,0,0,0,0,0,0,0,0,1124,0,0,0,0,0,11,0,0,0,0,0,0,0,0,0,0,0,0,0,0,0,0,0,0,0,0,0,0,0,0,0,0,0,2154,0,0,0,0,0,0,0,0,0,0,0,0,0,0,0,0,0,0,0,0,0,0,1,0,0,0,0,0,0,0,0,0,0,0,0,0,0,0,0,0,0,0,0,0,0,0,0,0,0,0,0,0,0,0,0,0,0,0,0,0,0,0,0,0,0,0,0,0,0,0,0,0,0
"gene_527",0,0,0,0,0,0,18,0,0,2653,0,0,0,0,207,0,0,0,0,240,0,0,0,0,43,182,0,1,0,0,0,0,0,0,0,0,70,0,0,0,0,0,0,0,133,0,0,24,0,0,0,2,54,0,0,0,0,0,0,0,0,0,0,0,0,0,0,0,0,0,1,2039,0,0,0,0,0,0,0,0,0,0,0,0,6,0,1,1479,0,0,8,0,0,0,0,0,0,0,1,0,0,0,0,0,0,0,50,0,0,31,0,0,0,0,0,0,0,0,0,0,0,0,0,0,0,0,0,0,0,0,0,0,0,0,0,0,0,0,0,0,0,0,0,0,0,0,0,0,2589,0,0,0,1968,0,0,0,0,0,0,0,0,0,0,4,0,0,0,0,0,0,0,0,0,0,0,0,0,0,0,0,0,0,0,0,0,0,2716,0,0,0,0,0,0,0,0,0,0,0,0,0,0,0,0,0,0,0,0,0,1297,1,0,0,0,0,0,0,0,0,0,0,0,0,0,0,0,3,0,15,705,0,0,0,0,0,0,0,93,0,0,0,0,0,0,0,0,0,0,0,0,0,291,0,0,0,0,0,0,241,0,0,0,0,1,10,0,0,26,1,3,0,0,0,613,25,0,0,0,3,0,10,0,6,4,0,0,0,0,0,5,0,10,38,0,0,343,0,0,0,0,0,5,112,0,0,2,0,0,12,0,0,0,0,0,0,0,1,0,0,46,0,9,0,0,0,0,0,0,0,0,23,31,0,0,0,98,0,0,5,0,0,0,66,284,0,47,0,827,1,8,0,0,168,0,1,0,0,0,0,0,0,0,0,39,0,0,0,0,0,0,0,0,8,0,0,0,0,0,0,0,0,0,92,0,0,0,0,0,2,46,0,15,43,0,544,0,0,1,162,0,0,0,5,0,13,0,0,0,179,0,0,0,284,0,4,0,0,1,357,41,0,1,2636,0,0,0,0,332,0,0,0,5,0,0,0,0,0,0,103,0,0,0,0,7,0,0,0,0,0,0,0,0,0,0,0,0,0,0,0,220,0,0,0,0,0,0,0,240,3,0,1,0,0,0,0,0,0,0,0,0,36,0,2,0,0,0,0,0,0,0,5,0,0,0,0,0,0,0,12,0,0,0,209,0,0,0,0,0,0,0,148,0,0,10,1162,0,0,0,9,0,0,0,94,0,0,0,0,0,0,4,0,0,0,0,748,22,0,0,0,0,1,0,0,0,0,1,7,0,0,0,0,0,42,0,0,91,0,0,0,0,0,0,0,0,0,0,0,0,0,0,0,5,0,2,0,0,0,0,0,0,0,0,0,306,0,0,1,0,10,0,0,0,0,0,0,0,0,0,0,0,0,0,0,38,0,1,0,0,0,0,0,0,0,0,0,17,0,0,0,0,0,0,0,2095,0,4,0,0,0,2,76,0,0,0,0,0,0,0,0,0,0,0,0,0,0,0,0,0,0,0,815,0,0,0,0,0,334,0,0,0,0,0,35,0,0,0,5,0,0,0,0,0,0,120,0,0,0,0,0,0,0,0,8,0,6,0,0,0,0,0,0,0,0,0,0,0,13,0,0,0,0,0,12,0,0,0,0,26,0,0,1196,166,0,0,0,64,0,0,0,0,257,975,0,0,0,0,0,0,0,0,0,0,0,0,145,0,0,0,1,0,0,0,0,0,804,0,0,3296,0,0,0,0,0,42,0,0,0,0,0
"gene_528",1241,1066,3008,0,6,58,204,1,0,0,903,38,1654,1669,16,5,0,0,1490,618,11,0,0,0,0,1328,0,0,67,333,2,1,0,0,0,150,0,0,0,0,1,1560,340,0,0,38,1589,0,12,116,527,0,49,0,401,0,355,0,0,2415,0,1351,0,0,0,751,8,122,657,0,11,3332,64,0,0,0,106,19,0,2014,390,15,0,2095,3938,1,0,0,0,0,0,0,0,0,0,0,0,0,0,0,0,0,63,0,0,0,0,0,0,0,0,0,26,0,0,0,0,0,0,0,0,0,0,0,0,0,3,0,0,66,0,0,0,0,0,0,16,9,0,0,840,1,0,0,0,0,0,3,0,0,2,32,62,1056,0,2519,0,0,0,0,0,0,0,0,0,0,551,224,0,0,0,7563,0,0,1,0,0,0,0,0,0,0,0,0,0,0,0,1841,0,0,0,0,2,11216,0,0,0,53,3,0,10,0,2360,0,73,0,0,203,0,0,467,0,180,0,0,514,0,0,0,0,3,86,56,0,810,696,0,0,0,99,8,6858,0,502,2,0,0,0,44,0,0,0,56,0,86,623,36,11570,327,936,0,14,1271,0,366,4044,0,1,4774,0,1650,181,237,365,3017,6,313,159,1005,0,62,1068,10,941,232,765,383,118,34,4,56,3153,320,1501,492,216,2,70,118,635,213,832,3,90,4415,23,240,280,22,971,15,3684,830,51,512,1868,171,11,71,1179,1397,2,13,23,21,575,166,2927,884,0,1729,46,2205,105,90,139,914,392,5930,1353,60,167,29,22,173,1178,125,172,441,264,530,130,1932,181,6375,5,1647,64,6874,1015,1452,0,1152,36,1046,47,315,1774,1,6700,262,1955,47,2,2717,252,48,35,8,2140,844,304,32,66,3202,6285,4173,466,315,641,858,51,0,8611,0,2889,1285,418,1314,129,366,1380,2756,348,771,551,82,494,15,898,1573,370,196,65,289,0,16,4,405,4158,5395,84,1,1228,3513,1218,0,1688,9,1099,141,5,1074,92,17,397,0,172,226,1625,294,371,19,15,1821,957,915,916,355,0,4094,7388,58,42,87,130,415,17,5071,274,113,221,11361,128,1838,0,9657,11,187,919,281,18,497,71,591,352,349,269,236,1654,404,165,134,43,1295,1096,66,199,837,3376,498,288,1549,2135,61,6104,58,449,560,4,541,32,502,13,880,705,24,8858,877,1050,10,183,186,553,9868,4956,19,1913,86,516,7,123,279,3083,24,0,754,2496,233,651,165,300,55,869,0,93,390,389,872,1131,314,1471,977,432,1269,5,1019,939,300,12031,103,951,509,43,194,1,13,928,398,18,11,466,653,106,37,2117,100,14057,117,5646,399,2051,278,456,1275,1610,117,634,304,4,8,2773,28,148,2837,0,0,159,3707,15604,70,26,36,6,8005,61,0,14620,525,22,448,4685,319,6834,12,9786,125,0,3740,1510,1,506,24,196,741,4,3834,2,4333,1858,203,623,0,7557,94,6569,31,5,1627,0,8,213,1303,1,4288,3194,183,1821,2393,106,982,5474,611,5,6787,237,29,4300,43,1419,242,0,8158,5852,16,281,23910,0,0,381,8975,12167,22284,2044,16,2866,1734,1858,377,185,5847,2731,26,124,688,325,58,72,3525,815,16,269,1524,2793,83,727,2,2,262,118,1604,89,3,5,167,38,0,20141,108,20,46,34,208,2113,0,1203,94,217,3322,782,4113,47,9825,18,877,2176,4,617,5566,485,5642,578,53,23,1052,105,2,3,325,14439,214,268,10354,871,9598,6,0,0,1971,2381,192,1,11,127,18652,0,44,49,2,4416,57,23,3100,3255,4627,1683,204,656,3736,2022,24693,316,2402,0,46,817,8303,6907
"gene_529",450,2314,10420,2607,4046,50,2083,60,10481,18118,24087,74,39155,3693,9710,13867,484,5374,765,5646,64,1130,10195,77,998,2678,922,253,920,594,3533,133,1206,2639,4875,11883,3,1643,733,1301,14327,1083,174,103,7207,25,907,2672,205,354,920,1059,1604,1296,4,439,1892,15800,291,111,314,137,1457,1049,3965,19779,5843,795,5763,1951,4243,13078,13,23,2880,12155,6894,2593,176,10648,1051,147,1471,4322,9045,1778,4654,566,21,2525,18923,89,0,0,2769,0,0,0,0,1003,0,0,4427,0,0,0,0,0,0,9,0,1,0,0,0,0,70,0,0,1,1,11,0,1906,0,1,37,0,3,0,118,0,0,0,0,3,0,0,12,0,0,370,0,0,161,0,0,2,0,4,0,0,0,59,4335,0,0,0,0,0,0,0,0,0,0,3111,0,0,2,0,153,4735,12035,2773,4285,0,1,84,0,0,0,0,0,0,6,1,0,0,0,0,316,0,787,0,57,1,26,247,2,0,11,0,0,0,0,0,0,1,0,94,24,1891,0,0,3,387,385,19,1538,4,0,0,4,0,0,1,0,0,199,0,0,0,11,0,2702,0,0,0,0,9,0,0,1697,82,15,0,0,120,0,0,0,0,0,24,0,0,0,0,115,45,0,0,0,293,0,395,0,3,0,1229,4,0,0,1,0,608,0,0,17,0,73,0,22,0,12,0,3496,5,0,499,0,0,485,2,115,0,0,0,0,1,0,0,0,0,0,7,26,0,0,9,0,11,43,0,5,0,0,279,0,0,40,0,246,0,0,36,0,356,0,587,3,0,0,0,0,490,0,0,44,0,0,0,81,0,474,18,1,0,2,0,0,0,4,50,2,24,353,0,0,0,1366,267,0,0,2,8,502,0,1,31,0,0,0,11,0,8,0,0,0,34,0,36,1,0,0,3,0,0,0,17,6,0,91,0,992,0,0,0,9,0,0,0,0,0,0,1,1366,0,638,0,0,334,0,1157,19,0,1734,267,0,12,2,0,60,0,0,0,0,0,20,0,0,0,0,0,0,41,0,24,0,0,40,0,178,0,44,89,269,0,0,0,0,0,0,11,0,2,1487,0,0,385,434,0,4,498,0,0,383,0,0,0,212,0,0,0,1023,14,245,0,1793,3,0,27,0,246,0,0,0,0,0,0,0,0,0,4,0,37,0,0,0,42,42,0,2,312,0,19,0,112,0,0,1,0,75,11,0,0,0,0,2,224,0,1,39,10,2,662,97,21,25,0,32,135,703,3,0,0,192,26,6186,51,0,0,0,0,0,889,0,183,1,0,3187,0,9,0,0,0,0,0,1,0,0,0,0,150,0,2088,13,0,0,16,0,1,0,0,986,0,0,0,0,0,0,10,0,0,0,0,0,1387,0,0,0,0,181,0,0,0,0,0,3630,0,0,0,1,0,0,0,0,0,0,0,0,0,0,1,0,0,7,0,0,2,1,0,46,273,0,2287,0,0,0,0,1332,0,9,23,2,63,0,0,128,0,0,0,144,0,0,0,505,1080,0,0,0,0,0,0,25,50,0,0,0,0,0,74,23,0,0,0,43,0,0,975,0,151,0,0,0,0,0,5346,1763,36,0,0,1294,0,0,0,4,367,10,3,0,0,33,0,0,0,0,2,0,0,0,4,1284,1,1166,0,0,61,0,172,0,0,0,0,0,0,0,0,0,0,0,0,578,0,0,34,0,129,576,4,0,0,0,0,0,1555,0,2,0,0,0,0,0,522,0,0,0,0,2,0,1073,0,29,0,1,0,0,64
"gene_530",0,0,0,0,0,0,0,0,0,0,0,0,0,0,0,0,0,0,0,0,0,0,0,0,0,0,0,0,0,0,0,0,0,0,0,0,0,0,0,0,0,0,0,0,0,0,0,0,0,0,0,0,0,0,0,0,0,0,0,0,0,0,0,0,0,0,0,0,0,0,0,0,0,0,0,0,0,0,0,0,0,0,0,0,0,0,0,0,0,0,0,0,0,0,0,0,0,0,0,0,0,0,0,0,0,0,0,0,0,0,0,0,0,0,0,0,0,0,0,0,0,0,0,0,0,0,0,0,0,0,0,0,0,0,0,0,0,0,0,0,0,0,0,0,0,0,0,0,0,0,0,0,0,0,0,0,0,0,0,0,0,0,0,0,0,0,0,0,0,0,0,0,0,0,0,0,0,0,0,0,0,0,0,0,0,0,0,0,0,0,0,0,0,0,0,0,0,0,0,0,0,0,0,0,0,0,0,0,0,0,0,0,0,0,0,0,0,0,0,0,0,0,0,0,0,0,0,0,0,0,0,0,0,0,0,0,0,0,0,0,0,0,0,0,0,0,0,0,0,0,0,0,0,0,0,0,0,0,0,0,0,0,0,0,0,0,0,0,0,0,0,0,0,0,0,0,0,0,24,0,0,0,0,0,0,0,0,0,1,0,0,0,0,0,3,0,0,0,0,0,0,0,0,0,0,0,0,0,0,0,0,0,0,0,0,0,12,0,0,0,0,0,0,0,0,0,0,0,0,0,0,0,0,7,0,1,0,0,0,0,0,0,0,0,0,0,0,0,0,0,0,0,0,0,0,0,0,0,0,0,0,0,0,0,0,0,0,0,0,0,0,0,0,0,0,0,0,0,0,0,0,0,0,0,0,0,0,0,0,0,0,0,0,0,0,0,0,0,0,0,0,0,0,19,0,0,0,0,0,0,0,0,0,0,0,0,0,0,0,0,0,0,0,0,0,0,0,0,0,0,0,0,0,0,0,0,0,2,183,0,2,0,0,0,0,0,815,0,0,0,0,0,54,0,0,0,0,0,0,254,0,1,0,0,0,0,746,5,0,0,56,0,0,0,0,0,0,0,0,0,0,0,0,12,0,0,0,0,0,0,0,3,0,93,0,0,0,903,300,0,0,51,404,0,0,0,0,0,291,0,0,0,0,2,0,229,0,40,0,0,0,0,0,0,0,0,0,0,0,0,0,0,0,1,0,0,2,0,0,0,25,0,14,0,0,0,0,0,0,125,0,0,0,0,9,0,0,0,0,0,0,0,0,13,0,0,0,0,0,0,0,0,0,0,0,0,11,0,0,0,0,162,0,0,0,0,0,5,0,1904,0,0,93,0,0,0,0,0,0,0,1060,0,0,0,0,0,0,0,0,0,0,0,0,0,0,0,0,0,0,0,0,0,0,0,0,0,0,0,1,0,0,0,283,0,0,0,0,0,0,0,0,0,0,0,919,0,0,0,1,0,0,0,0,0,0,0,0,0,0,0,0,0,0,0,0,0,0,0,0,809,0,1,0,0,0,0,0,0,0,0,0,0,9,0,294,0,11,0,0,0,0,1142,0,0,0,0,12,0,0,0,0,0,0,0,0,0,0,0,0,0,118,0,0,0,34,0,7,0,0,76,180,0,0,0,0,0,0,873,2,46,0,0,0,3,0,0,0,0,1429,0,0,0,0,417,0,2678,837,0,0,4,0,0,0,0,78,0,0,0
"gene_531",0,105,1,23,232,3292,2354,0,246,7296,109,16082,60,378,45,16028,28,0,760,7021,44,1897,195,0,0,0,182,0,4,0,142,0,0,467,2,6358,0,151,13,40,41,142,269,481,1,0,26,1363,44,1,0,0,6873,33,0,0,0,10,5334,0,7915,0,256,0,75,1,184,0,5,1735,0,0,3,442,3091,1,9040,0,0,171,14,0,1501,0,168,0,0,8,0,745,4353,7,0,0,0,19,6,842,121,151,424,2243,0,0,48,3811,2,0,0,0,848,252,0,0,0,286,1324,314,0,0,1,146,0,0,0,2988,220,381,0,0,0,15,0,6350,0,1,5,1,0,0,0,0,20,7,0,15,0,0,5277,3,0,0,0,18,14,53,11313,22,559,1,0,36,4867,0,348,25,168,1053,13,0,319,0,0,653,0,174,0,5192,0,0,1,0,6,4557,6,2167,3061,8012,5,0,65,437,0,0,50,1,410,13,946,0,884,0,21,59,6,2,2321,1,0,185,14581,491,530,0,0,38,322,0,4160,357,754,45,22,143,41,1322,4871,42,72,0,1,0,17,0,98,118,1,2177,6,1,0,3677,0,5619,0,0,1660,0,3,2044,1257,9,0,20,5287,164,0,11,0,0,2,1453,0,100,2,0,38,1,255,1616,0,690,1552,113,940,0,0,7002,1,135,0,27,1,2112,3784,0,28,0,5,678,71,0,9,0,23,0,38,2647,373,2,0,505,479,1312,0,15,729,0,28,209,8,0,0,866,0,0,1339,0,31,0,0,7,0,7,0,0,63,90,645,426,0,15,125,171,1,2,0,5505,1012,5227,277,411,3488,2722,0,26,1,0,54,93,58,0,4,3625,14687,0,212,240,0,13860,0,2,0,0,0,17,68,9990,1685,37,105,0,3412,0,812,2012,1999,0,1,11314,204,1641,471,0,351,515,0,368,2,21883,0,50,1461,0,1633,0,32,1532,1,6,66,0,254,332,0,3,296,0,0,0,270,0,1,1249,1,22193,14475,33,0,565,0,40,0,1,0,0,20432,1040,13,587,11,0,0,0,0,883,0,45,1,63,0,6,0,1,0,0,0,107,0,0,0,0,0,61,0,0,0,0,0,0,0,21,0,6,1,106,0,0,0,9,0,0,0,0,0,0,4,0,0,4,0,0,0,0,0,0,31,177,17,0,2,0,0,20,0,0,0,26,181,0,0,0,0,0,0,0,0,0,0,0,0,0,0,0,0,11,0,12,0,0,0,475,0,0,0,937,304,0,0,0,1,0,1,0,0,12,0,0,13,0,0,4,0,0,0,0,0,3,0,0,0,0,0,0,1,0,0,0,0,0,0,0,0,0,0,0,0,0,2,0,0,0,5282,0,0,0,0,0,0,0,0,0,0,0,1,0,348,0,0,0,0,0,1308,0,0,0,0,0,0,0,0,0,0,0,5,0,0,0,0,0,0,0,0,0,0,0,0,0,0,0,0,0,0,0,932,0,0,0,224,0,2,0,0,0,0,706,0,0,0,0,0,0,0,0,0,0,8,0,0,0,0,0,0,0,0,5,0,0,0,0,0,0,0,0,0,0,0,0,0,0,0,0,0,0,0,11,0,0,0,0,0,0,0,0,0,0,0,0,0,0,0,0,0,0,0,0,0,532,0,0,0,0,0,0,0,0,0,0,0,0,0,0,0,6,9,0,0,0,0,0,127,0,0,0,0,0,0,0,5,0,0,0,1,0,5472,0,0,14,0,0,0,0,0,0,0,0,0,0,0,0,0,0,0,0,0,0,0,0
"gene_532",9815,9672,38786,23206,28166,40996,23008,4843,4649,6437,9015,43460,16267,24725,12448,11956,50583,33275,2315,12754,9533,16422,57875,66352,10768,26534,19575,4597,12385,32875,6491,23842,6949,18171,7581,15890,10577,9611,10160,17943,21235,14977,15946,6316,8336,21768,8257,2180,10788,20543,27095,9800,16849,6718,7496,29191,11562,35865,18418,18514,19291,5410,11784,14090,13779,5140,20256,6816,23892,38860,67624,19919,1297,12624,37530,25671,3285,9768,12743,7274,23400,8134,10537,13409,38584,34418,5529,17830,12918,9314,38902,3836,6017,4615,286,704,9662,231,3182,793,7324,25080,77,15025,4089,8170,4471,1327,543,2708,2251,511,1793,363,234,6325,1017,480,3903,1544,5889,7977,121,2574,2582,4866,57,465,5159,215,1731,833,2497,796,25,144,328,3210,5356,22386,1448,31,9782,7295,747,2115,1107,875,16706,2420,16657,1488,8646,2645,2924,1344,12622,416,598,1004,7626,9767,42530,1518,3867,3373,17850,14136,839,6156,1648,4357,4872,738,9168,10057,1676,3268,110,437,8127,4910,3960,4466,2610,25460,7913,19333,2835,5393,4032,5436,1559,6705,3061,381,2608,360,1847,14834,25916,752,6162,1716,2028,2203,10543,1333,9748,1703,2876,2000,6442,2154,35218,1324,5198,2780,3504,11659,12709,1677,3192,15902,3375,18681,3160,14754,45179,1380,261,4955,7742,6286,8203,6397,8905,3537,4261,93,4172,4937,13429,1074,2353,5170,19300,12182,8418,737,5146,30318,6210,477,11176,11055,23610,1630,8136,9266,13446,9490,11332,6268,24682,26531,31313,3849,10688,46150,40488,42091,22866,48184,21556,16218,8545,6348,16227,5496,9197,19003,11730,41997,13294,19808,10951,9354,38282,11230,20384,2937,7440,20055,5868,39179,7060,13120,5979,26048,10788,12190,18487,66574,48400,22915,7527,25150,18961,7398,12956,2354,14306,4135,11772,15648,7105,33376,63713,31551,5843,4765,17895,44690,7577,7318,13431,27676,32378,3796,5068,1313,11415,19722,43883,16972,14033,1541,9791,73084,4559,61195,7989,94534,43890,2729,14792,28176,13574,9547,21135,35577,19729,9190,36784,10894,15426,21411,7796,13779,22554,28555,14661,15336,46286,24388,23732,25791,16101,4300,30388,37137,31929,17818,19306,8944,20593,9714,34755,17122,14353,17489,36577,9881,17059,18790,7867,18614,66474,24180,32006,30093,11224,41414,9020,5009,17817,6505,42496,16122,17189,19560,74857,30160,6254,4572,33199,16089,17447,27371,44863,30977,28280,34533,36923,27124,63163,40994,21903,9250,10257,23613,10207,12034,2724,119258,80718,7123,42506,11625,28514,8970,85338,108331,25246,37874,41092,83697,76121,62315,32202,22707,33370,55801,76737,40160,34934,22819,62742,74165,29716,59575,20793,10546,28840,112482,130117,9923,100116,62451,17633,31800,55045,90905,27107,55753,101226,52324,25391,99313,71191,57141,35677,27017,48919,19321,10953,57506,13428,65842,27956,21571,54061,113870,48547,59822,44685,42950,53044,15356,73336,73655,105048,80526,104427,94198,15583,46060,85211,26143,64798,43455,80225,59428,43245,40956,44573,108250,59456,36348,10786,111706,60887,101780,5786,65578,14623,57903,58357,81638,18772,16075,88556,11976,21953,173466,76615,39402,35445,67538,51858,144430,85693,34841,36704,82579,92733,108871,65986,107336,63875,96616,65339,104782,55412,69443,27766,19789,38594,46087,13309,29742,43947,53321,55207,93675,75398,58691,62157,46907,77174,135690,97362,30456,30768,14237,173098,15183,33188,46485,36902,6139,91612,16592,57634,43242,180201,154013,58411,160625,50585,53699,9004,258843,13610,8806,37878,133040,9927,7510,9806,5371,110736,167311,26554,58494,71048,1747,48887,97963,75120,59636,45370,114010,46254,125309,181638,89700,4154,25880,118032,128325,72476,41942,155205,46295,120220,135396,57266,6643,70711,82787,22503,200057,63429,85237,20083,134479,197798,20824,131988,31781,22897,49753,16293,13337,2620,21392,72665,117451,28446,12848,275509,20351,67048,50767,73243,60566,44007,30124,62770,39931,12523,56899,806,53306,17317,11223,2476,79636,3977,42693,54293,43977,147651,24299,4872,57290,6417,65829,37000,5764,87564,11414,20023,13879,56782,93876,53021,125187,19156,34409,72064,68463,22576,14700,8260,41878,35740,12964,229634,37010,11435,12265,24494,104034,26423,19349,112604,133614,63740,15310,94254,107807,12253,11394,73086,32454,68587,51552,27617,12165,19246,69936,47137,38249,20618,80913,121358,24408,93852,36517,41468,28767,46668,15323,10289,175438,1861,17943,169200,163007,3839,79913,25501,110361,108,84102,48721,276393,8924,16392,82769,21862,34668,34380,71289,70921,91092,173055,82160,188768,14253,94525,205232,1474,11652,63962
"gene_533",0,0,0,0,0,0,0,0,0,9,4380,0,139,2391,0,0,0,0,0,0,833,0,0,0,0,0,33,0,0,0,0,0,0,0,0,0,0,0,0,0,0,0,0,437,0,0,0,0,0,0,0,0,0,0,7,0,0,0,0,2,0,0,0,0,6977,0,0,48,0,0,0,0,2,0,36,0,0,0,0,0,0,0,0,0,0,0,1,0,0,0,0,0,0,0,0,0,0,0,0,0,0,0,0,0,0,0,0,0,0,0,0,0,0,0,0,0,0,0,0,0,0,0,0,0,0,0,0,0,0,0,0,0,0,0,0,0,0,136,0,0,0,0,0,0,0,0,0,0,0,0,0,0,2,0,0,0,0,0,0,0,0,0,0,0,0,0,0,0,0,0,0,0,0,0,0,0,0,0,0,0,0,0,0,0,0,0,97,0,0,0,0,0,0,0,0,0,0,0,0,0,0,0,0,160,0,0,0,0,0,0,0,0,0,0,0,0,0,0,0,0,0,0,0,0,0,0,0,0,0,0,0,0,0,0,0,0,0,0,0,0,0,0,0,0,0,0,0,0,0,0,0,0,0,0,0,0,0,0,0,0,0,0,0,0,0,0,0,0,0,0,0,0,0,0,0,0,0,0,0,0,0,0,0,0,0,0,0,0,0,0,0,0,0,0,0,0,0,0,0,0,0,0,0,0,0,51,0,0,53,0,0,0,0,0,0,0,0,0,0,0,0,0,0,0,0,0,0,0,0,1,0,0,0,0,0,0,0,0,0,0,0,0,0,0,0,0,0,0,0,0,0,0,0,0,0,0,0,0,0,0,0,0,0,0,0,0,0,0,0,0,0,0,0,0,0,0,0,0,0,0,0,0,0,0,0,0,0,0,0,0,0,0,0,0,0,0,0,0,0,0,0,0,0,0,0,0,0,0,0,0,0,0,0,0,0,0,0,0,0,0,0,0,0,0,0,0,0,0,0,0,0,0,14,0,0,0,0,0,0,0,0,0,0,0,0,0,0,0,0,0,0,0,0,0,0,0,0,0,0,0,0,0,0,0,0,0,0,0,0,0,0,0,0,0,0,0,0,0,0,0,0,0,0,2,0,0,0,0,0,0,0,0,0,0,0,0,0,0,0,0,0,0,0,0,0,0,0,0,0,0,0,0,0,0,0,2,0,0,0,0,0,0,0,0,0,0,0,0,0,0,0,0,0,40,0,0,0,0,0,0,5,0,0,0,0,0,0,0,0,0,0,0,0,0,0,0,0,0,0,0,0,0,0,0,7,0,0,0,0,0,0,0,0,0,0,0,0,0,0,0,0,0,0,0,0,0,0,0,0,0,0,0,0,0,0,0,0,0,3,0,0,0,0,0,0,0,0,0,0,0,0,0,0,0,0,0,0,0,0,0,0,0,0,0,0,0,0,0,0,0,0,0,0,0,0,0,0,0,0,0,0,0,0,0,0,1,0,0,0,0,0,0,2,0,0,0,0,0,0,0,0,0,0,0,0,0,0,0,0,0,0,0,0,0,0,0,0,0,0,0,0,0,0,0,0,0,0,0,0,0,0,1,0,2,0,0,0,0,0,0,0,0,0,0,0,0,1,0,0,0,0,0,0,0,0,0,0,0,0,0,0,2,0,0,0,0,0,0,0,0,0,0,0,0,0,0,1,0,0,0,0,0,0,0,0,0,0,0,1,0,0,0,0,0,0,0,0,0
"gene_534",0,0,32,0,0,0,0,1,0,295,0,0,107,0,0,0,2,0,0,7,45,2055,45,0,0,0,0,107,0,0,12,0,0,1,0,0,0,0,0,0,0,7,66,166,0,0,0,0,0,9,7,1,13,0,0,763,0,0,0,3,2,6,0,0,0,1,3,0,0,233,919,0,3,0,8,0,0,0,0,0,117,0,0,0,2,90,0,0,86,0,0,169,666,656,0,0,0,0,0,47,11,0,11,0,0,9,0,181,0,0,386,0,0,0,0,0,0,0,7,0,0,0,0,0,0,2,0,0,56,0,0,0,0,0,0,0,0,2225,0,1,0,0,0,0,0,24,0,0,0,0,0,704,0,0,0,0,44,0,0,43,0,48,0,0,0,0,5,0,0,0,0,3346,0,0,88,0,1171,0,1,0,156,0,317,11,0,0,0,0,69,0,0,0,0,0,0,0,0,174,0,110,0,0,0,1372,0,0,0,0,8,0,0,0,0,388,0,0,0,1,0,0,9,0,0,0,0,0,0,0,0,0,0,203,0,0,0,0,5,10083,22,0,0,0,0,0,0,0,0,0,0,730,0,0,0,0,0,10350,0,0,1,0,537,0,1223,7,198,7,0,58,66,0,2422,377,19,0,96,0,0,3059,139,52,933,552,1,0,6,742,44,1215,75,928,61,426,17,1,2081,172,32,620,1093,143,142,63,862,0,2313,0,1422,0,210,141,140,640,0,0,2,0,1162,1890,5,8,21,1649,1,2397,1121,129,0,493,818,6078,51,19,194,5,642,82,12,0,3561,3261,145,4,0,5218,37,166,3434,121,17,0,64,87,1,156,14,29,0,111,70,19,17,24,98,252,7,918,8,0,0,400,852,3000,177,10,0,2795,1,0,18,3,201,85,536,4184,9,0,5,998,101,150,159,1729,175,1308,1,0,36,0,492,338,54,340,5,75,583,301,3,6826,982,11,3915,4,171,2458,3,159,5045,10,306,117,3741,111,0,228,0,12,515,0,2667,0,4707,156,0,54,0,2,0,61,0,20,0,0,213,0,2275,0,171,0,0,0,0,0,4,0,0,0,0,19,753,455,0,0,0,0,0,0,10,0,0,2,0,15,0,0,74,0,0,0,0,62,0,0,8,0,0,2578,20,0,5,23,541,262,77,152,0,0,4,1301,0,0,1,0,0,123,8,0,0,0,0,0,712,0,376,12,8,12,0,0,111,1137,0,0,0,46,0,0,0,0,438,0,0,0,211,0,1,160,0,0,61,30,0,0,0,0,1967,2596,15,47,0,8,0,0,0,63,0,0,0,2,0,0,13,1,0,0,0,2,0,0,0,0,0,249,0,0,0,7963,0,0,1188,0,0,1225,1314,1225,2,25260,1050,0,0,0,1,2,3,0,0,1,0,0,0,1,345,0,0,0,0,0,504,1,1369,26,0,1,121,0,420,355,28,0,0,0,300,0,661,43,0,15819,0,0,0,0,3,0,1,51,17,322,0,0,0,0,0,0,0,136,0,0,0,0,1040,0,4897,0,0,0,0,0,4798,0,0,8,1,0,2531,0,0,0,0,0,34,0,0,2,0,0,0,0,0,0,0,76,139,3612,5355,0,0,0,0,0,0,2,0,0,0,187,0,10,6342,953,1,211,0,0,0,479,0,0,0,0,2,0,3940,0,2865,442,0,0,4,0,0,3270,0,0,0,6542,0,0,0,2529,0,707,0,0,0,0,0,0,0,0,0,0,0,8,0,0,0,0,8,11,0,0,1,4616,0,0,0,1245,1,0
"gene_535",42,0,570,1967,221,0,597,1,0,0,0,1,8,3,7,0,3661,40,239,0,0,3584,21,249,0,0,49,3,1,539,359,0,563,0,5,0,0,1,46,1087,4,0,0,0,446,40,700,740,270,134,2200,1489,1,0,183,7039,6554,5562,4,33,12,151,8,1137,0,2671,753,150,1564,16190,1,0,2,1,108,0,0,12,230,196,0,0,0,0,0,5,343,0,11,0,0,3,422,17,0,43,0,0,28,90,2751,0,2109,0,0,0,1885,0,0,0,0,0,0,0,48,0,0,148,0,0,2481,0,0,0,9762,3157,0,0,0,0,0,50,0,14,254,0,0,6023,0,11,0,0,0,0,133,0,0,0,9,0,0,0,0,0,1234,1677,0,0,0,11,120,2,0,67,352,0,260,0,0,32,23,2,669,0,0,0,3763,0,29,0,14485,0,0,0,0,341,0,0,0,0,308,9,0,3,0,0,2,21890,3849,1094,240,1344,15,0,21,32,183,3561,2,1782,0,0,31,9756,14532,0,0,59,0,1092,0,0,0,0,55,380,0,3,0,0,0,5202,0,2020,0,0,796,0,0,0,0,23,8,0,0,5,22136,0,0,1,1,0,0,0,0,0,1805,0,0,3994,31,1223,133,0,0,15,455,157,550,30,2,2033,0,17422,19,257,2495,115,2,581,0,44,1376,40,532,29,652,0,232,9,31,0,73,33,32,163,56,14251,0,0,262,1546,1426,0,2,0,0,577,200,0,0,380,4,32,1,1,304,0,84,0,192,0,30,1037,14,12,2,2114,3898,0,59,0,0,4824,627,2,59,7,0,199,0,0,1319,5,7338,0,0,0,0,535,0,216,0,2,22,0,3492,592,0,144,0,9,105,1,843,47,140,1082,0,214,4541,52,0,0,361,0,87,1380,5894,13538,0,0,7628,0,1112,666,7354,0,88,0,14202,0,0,0,354,3,5563,0,0,0,49,0,0,0,81,0,3201,2431,0,0,0,19571,0,6172,102,4,13,32,2820,45,2621,39,38,0,0,4932,5,113,0,0,137,9448,0,192,34,0,0,0,0,1813,0,0,4,0,51,0,22,0,0,15,41,0,14,674,0,0,2,3588,133,0,0,14,0,0,0,374,0,0,1,0,0,0,0,0,3,0,125,245,2649,2187,0,208,175,0,0,65,0,0,0,373,3805,0,103,0,0,0,0,0,0,0,34,16,14905,0,0,9,0,0,35,0,2,1,0,1,0,126,157,50,0,0,0,0,0,0,78,0,10,115,0,45,333,22,0,0,0,1407,0,0,0,1359,0,0,2,2,0,5,0,0,2776,0,5,0,0,41,0,0,11,0,0,243,60,430,0,37,0,0,431,20,0,0,0,0,449,0,0,0,1,269,5,0,295,0,122,0,0,0,0,0,0,0,0,0,110,371,0,4,0,0,1,0,2,112,0,6,0,0,0,0,0,0,0,3,0,135,1279,0,0,0,2,0,0,0,0,0,0,14,0,0,0,0,4,0,0,0,1,14,0,18,0,0,277,0,643,0,0,0,0,984,0,0,0,0,0,0,0,0,0,0,0,0,0,0,0,224,0,0,9,0,215,94,2,0,0,0,0,0,477,267,0,502,0,0,0,0,0,0,0,1,1,0,0,0,0,0,5,0,8,0,0,379,157,0,0,0,0,0,0,0,154,4,0,1,0,2554,0,18,0,0,0,0,106,0,0,0,0,0,3959,0,0,0,0,7,0,0,20,0,0,0,0,6472,0,0,0,5,0,160,0,11,0,296,0,5284,103,0,0,0,605,0
"gene_536",10294,77,3528,2221,1210,79,3,504,1659,257,12,1647,2306,1308,4298,290,4535,414,2,2041,0,48,6157,21,0,2,1297,0,0,8,25,21,90,207,40,58,12,0,222,155,281,1069,52,388,5998,0,44,770,3317,0,7760,0,468,129,2757,263,3170,3426,2260,1,4,382,71,346,70,1,5127,28,181,3,5002,10,165,614,5036,0,1,1,2303,2105,1,78,552,1766,18,2433,1570,1,46,19,12,0,0,0,0,0,0,0,0,0,0,0,0,0,0,0,0,0,0,0,1,0,1,0,0,5,0,0,0,1,0,0,0,0,0,0,0,1,0,0,0,0,0,0,5,0,0,0,0,0,0,0,0,3,1,0,0,0,0,7,2,0,0,0,2,0,0,0,0,0,3,0,0,0,0,0,0,0,0,1,0,0,0,0,0,0,0,1,0,0,0,1,2,0,7,1,0,1,2,0,1,0,0,0,0,0,0,0,0,0,0,0,0,0,0,0,0,0,0,0,0,0,0,0,0,0,0,0,0,0,0,0,0,0,0,0,0,0,0,0,0,0,0,0,0,0,0,0,0,0,0,0,0,0,0,0,0,0,0,0,0,0,0,0,0,0,0,0,0,0,0,5,0,0,0,0,0,0,0,0,0,0,2469,0,0,0,0,0,8,8,0,0,8,0,7,0,0,0,0,0,0,0,220,0,611,6,0,24,0,0,0,0,0,0,0,0,0,2,0,0,0,0,0,25,0,0,0,0,16,0,1,0,0,0,0,242,0,325,2,1,0,0,235,6,0,0,0,0,0,5,0,0,0,0,0,0,0,0,4,67,0,0,0,0,0,0,791,0,3,0,0,0,0,0,0,0,0,0,0,0,22,0,0,0,0,0,0,1,348,0,3,0,0,0,0,0,0,0,0,0,0,0,0,0,0,0,358,0,0,0,0,0,0,0,0,0,0,0,0,0,0,870,0,0,0,0,0,0,0,0,0,0,0,0,2,0,8,0,78,0,0,2,0,0,0,0,11,0,0,0,0,0,0,52,16,14,0,5,0,0,0,2,0,0,0,0,0,59,0,0,0,0,0,0,0,0,0,0,0,0,0,0,0,4448,0,0,0,0,0,0,0,4,1295,0,0,0,0,0,0,149,0,24,3,0,0,0,20,254,11,0,0,0,0,0,0,0,0,0,2,0,31,0,0,0,0,11,1617,537,0,0,0,0,0,0,0,0,45,0,0,5,0,0,0,11,0,0,0,0,0,0,0,8,0,0,0,0,0,0,0,840,0,0,0,0,173,0,0,0,0,0,0,1137,0,536,0,515,0,3,0,489,0,0,0,4,6550,0,0,0,0,0,78,0,0,409,0,0,4820,6553,0,0,0,424,334,27,0,0,0,0,0,0,0,0,0,0,0,9,0,0,1494,503,0,0,83,0,0,0,0,0,425,12,0,0,0,474,0,0,2,0,8819,0,3,0,0,0,0,0,0,4450,112,0,0,3226,0,0,0,0,55,0,0,5,150,0,0,179,371,67,72,0,3,0,0,73,15,866,0,0,0,0,0,994,1,0,7,0,0,0,0,213,0,0,0,820,1085,33,0,0,0,0,1,0,504,0,0,0,0,0,9,0,0,34,0,35,842,0,0,0,538,1,56,1,0,61,10,134,0,0,21,0,4,2461,0,0,0,0,1837,0,0,0,0,0,0,0,0,0,692,0,0,0,0,0,0,0,0,0,119,0,0,0,0,0,0,46,0,61,176,0,0,0
"gene_537",0,3,0,0,0,0,0,0,0,0,0,13,0,0,0,0,0,0,0,0,0,0,0,0,1762,0,0,1,0,0,0,0,0,0,0,0,0,0,0,0,0,0,0,0,0,0,0,0,0,0,0,0,0,1,10,0,0,44,0,0,127,0,0,1,0,0,0,0,0,0,0,0,0,0,0,0,0,0,0,0,0,542,120,0,0,0,16,0,0,0,0,0,1,0,1871,1,3534,0,1,24,4202,0,59,551,59,0,7,1,0,3,0,977,176,0,3,445,0,0,0,339,0,1,0,0,0,0,0,10,0,54,0,0,37,3,14,3,0,53,10408,4,713,7954,0,725,0,3,0,1272,0,17,0,0,0,0,10384,0,1701,0,147,98,4437,0,2100,0,0,0,0,0,989,74,702,20,0,0,0,0,1,60,1342,2559,0,0,0,3,0,0,1,0,0,24,0,0,0,0,0,0,0,0,0,0,0,0,49,1,473,0,0,94,0,0,0,28,0,0,0,0,0,56,1,0,0,0,0,0,0,115,0,0,0,0,0,0,0,159,0,7,0,0,0,0,0,0,0,0,0,43,0,0,0,77,0,0,0,0,0,0,0,0,0,0,537,0,210,0,562,0,3,589,141,2,1649,3,3335,13,21,0,95,0,3,0,0,3789,0,487,0,0,0,19,0,120,1,45,554,114,0,165,156,93,0,0,11,0,0,4355,0,5197,14,9,8,8,17,40,2178,135,0,456,0,0,3903,3,8,310,0,37,0,749,147,23,0,0,309,0,5,0,0,0,3,20,416,999,0,170,0,0,2,0,0,0,0,14,2,0,0,1,13,152,37,3,0,0,60,0,1834,128,0,488,2367,7,11,0,0,663,0,0,292,8,533,106,0,0,0,0,32,6289,5,0,0,10,0,0,0,5,0,41,0,0,0,116,23,1247,20,3,121,935,0,631,0,0,9,0,27,54,1002,0,254,99,835,0,91,0,8,0,1,3,56,869,0,0,0,83,0,0,0,1,2556,0,0,14,0,911,0,0,99,5,0,0,0,0,3,0,0,0,0,0,0,0,0,1232,0,0,0,7,0,0,0,0,1,0,0,0,1491,3,1,5439,0,0,0,0,37,1235,2,52,32,162,0,0,0,0,0,80,0,32,54,0,0,0,3,0,664,0,0,16,217,0,10,38,0,0,138,0,614,0,0,0,0,0,1,0,0,0,0,366,0,0,0,4,8,201,0,0,0,1926,0,2,0,0,183,0,0,1096,0,0,4,3,0,155,5,1238,1378,0,112,2477,0,11,3,2,0,7,0,1411,396,0,0,20,0,0,364,0,0,0,0,0,0,0,0,0,0,12,0,0,2401,0,0,659,0,1,0,0,0,0,0,0,0,0,0,0,0,0,0,0,29,5,0,0,0,263,0,0,8,1,22,0,0,0,0,0,0,5,467,0,12,0,0,0,0,0,7069,0,0,0,0,0,0,0,0,0,0,144,0,0,3183,1,0,0,0,2633,239,0,0,0,0,0,0,0,0,0,0,0,0,0,0,3,0,0,0,0,0,0,0,0,0,0,0,0,34,6404,0,0,0,0,0,1135,0,0,0,0,0,0,253,210,0,26,0,0,0,0,0,0,0,0,0,0,0,0,0,651,0,0,0,0,5612,0,1249,0,0,0,274,0,0,0,0,0,0,1200,141,0,249,0,0,458,0,0,0,4,0,1,0,0,0,3021,0,0,0,0,0,0,0,0,0,0,0,0,0,0,0,0,0,1375
"gene_538",1,0,5123,0,502,447,1010,0,5,28,380,249,39,42,92,110,96,358,364,0,0,264,92,217,12,6,0,99,2,303,285,31,14,380,1,4054,0,83,40,388,1,14,43,0,22,201,10,7,29,1049,0,438,738,1,57,65,98,0,15,47,0,990,168,0,163,947,1,1,1068,988,390,0,0,0,0,991,14,3,68,0,2,1,0,0,306,0,0,0,0,291,0,1506,4987,2039,0,45,0,12,3416,0,0,162,2,992,5,40,116,0,0,0,9254,0,0,0,596,478,189,94,32,142,325,363,472,728,13,0,0,0,2578,0,40,0,354,17,127,0,32,1632,0,0,4783,72,208,0,2,0,0,59,0,8995,402,187,732,6877,5227,1,0,3961,14,0,0,427,0,0,18004,0,27,0,67,6,0,323,2224,0,47,660,0,2,0,2785,19124,1,25,3,87,9,0,734,0,0,6301,12653,0,0,0,0,4,13,0,167,0,0,0,0,0,0,0,0,3,0,0,713,228,131,26,0,0,0,0,0,0,0,12,0,173,0,0,0,47,0,0,415,1,0,0,0,0,1655,0,0,214,1401,0,147,225,0,399,0,59,42,32,435,12,2,0,32,306,1094,56,10,5248,60,0,26,0,10,0,0,103,197,5,0,4,40,2,9,11,30,417,0,0,9,8,0,5,0,5,33,0,0,0,146,3,225,0,0,1,25,52,54,1404,26,1005,8,0,0,0,293,1,2,192,62,1,1868,0,0,422,420,632,1079,0,1,15,0,603,0,199,0,0,71,0,11,574,0,250,0,0,0,1486,229,38,5,181,0,0,2,34,0,61,2,1,0,0,0,0,16,0,0,123,91,1,0,157,500,0,0,307,0,6,1,5,29,2,13,0,8940,77,0,0,0,36,0,4,53,199,805,84,0,0,1448,17,2153,0,0,317,6,22,200,0,0,0,0,0,0,2,39,376,0,2,1,439,0,35,13,0,41,0,0,13,4,0,241,449,0,0,3326,37,6,473,0,2,3,145,0,30,202,1,474,8,47,172,4,2,4,59,0,83,0,1002,12,0,1,25,123,320,0,1170,0,0,0,6,133,0,35,15,0,45,3,1,4,20,0,97,29,13,0,3,8,0,0,0,353,0,2,0,0,198,27,8,0,0,13,0,3,2,12,60,596,0,14,1,2,0,0,1571,0,1006,1952,82,3,0,4,0,116,595,4,15,0,0,8,5,3,0,766,1,4,1693,0,70,8,1324,0,31,0,5,15,71,0,113,23,2,0,0,14,0,39,18,0,0,1,0,212,0,0,27,737,91,1,293,0,0,2807,0,122,1123,2192,68,195,30,0,0,0,4,0,0,0,0,470,1339,9,0,0,0,5261,0,0,0,0,0,0,0,0,0,2,4,0,0,0,0,0,0,0,0,0,0,0,0,0,0,0,0,0,19,0,0,0,0,0,0,9,1,0,37,0,8,0,0,168,0,0,0,0,0,0,0,0,0,0,11,0,0,4,0,0,0,0,35,0,0,0,0,0,0,0,48,239,44,0,0,26,0,0,0,282,0,3233,0,0,0,4,0,0,0,124,0,0,0,0,0,0,5,3,0,16,0,729,0,0,9,0,0,0,295,165,0,0,9,0,0,67,0,0,0,1,0,0,0,0,1,0,0,0,0,0,0,6,0,0,0,0,5,0,0,0,0,1251,3,0,33,1,0,3,148,0,3,0,0,2,0,951,3,0,0,0,3,0,0,0,0,37,0,1561,227,0,0,0,0,0
"gene_539",0,0,0,0,0,0,0,0,0,0,0,0,0,0,0,0,0,0,0,0,0,0,0,0,0,0,0,0,0,0,0,0,0,0,0,0,0,0,0,0,0,0,0,0,0,0,0,0,0,0,0,0,0,0,0,0,0,0,0,0,0,0,0,0,0,0,0,0,0,0,0,0,0,0,0,0,0,0,0,0,0,0,0,0,0,0,0,0,0,0,0,0,0,0,0,0,0,0,0,0,0,0,0,0,0,0,0,0,0,0,0,0,0,0,0,0,0,0,0,0,0,0,0,0,0,0,0,0,0,0,0,0,0,0,0,0,0,0,0,0,0,0,0,0,0,0,0,0,0,0,0,0,0,0,0,0,0,0,0,0,0,0,0,0,0,0,0,0,0,0,0,0,0,0,0,0,0,0,0,0,0,0,0,0,0,0,0,0,0,0,0,0,0,0,0,0,0,0,0,0,0,0,0,0,0,0,0,0,0,0,0,0,0,0,0,0,0,0,0,0,0,0,0,0,0,0,0,0,0,0,0,0,0,0,0,0,0,0,0,0,0,0,0,0,0,0,0,0,0,0,0,0,0,0,0,0,0,0,0,0,0,0,0,0,0,0,0,0,0,0,0,0,0,0,0,0,0,0,0,0,0,0,0,0,0,0,0,0,0,0,1,0,0,2,0,0,0,0,0,0,0,0,0,0,0,0,0,0,0,0,0,0,0,0,0,1,0,0,0,1,0,0,0,0,0,0,0,0,0,0,0,0,0,0,0,0,0,0,1,1,0,0,0,1,0,0,0,0,0,0,1,0,0,0,0,0,0,0,0,0,1,0,0,0,0,0,0,2,0,0,1,0,0,0,0,0,0,0,0,1,0,0,0,0,0,1,0,0,0,0,0,1,0,0,0,0,0,0,0,0,0,0,0,0,1,0,0,0,0,0,0,0,0,0,0,0,1,0,0,0,0,0,0,0,0,0,0,0,0,0,0,0,0,0,0,0,0,0,0,0,0,0,0,0,0,0,0,99,0,0,0,0,0,60,0,0,0,0,0,0,0,0,0,1,0,0,3,11,20,0,0,1,0,0,0,0,0,0,522,0,0,0,0,0,0,0,0,0,0,0,0,0,0,0,0,0,0,1,0,0,0,0,0,0,0,2,0,0,0,0,0,0,200,0,3,0,0,0,0,0,0,0,0,0,0,0,0,0,0,0,0,0,0,0,0,0,0,0,0,0,0,0,0,0,0,0,0,0,0,0,0,0,0,0,0,0,0,0,0,0,0,0,0,2,0,0,0,0,0,0,0,0,0,0,0,0,0,0,0,0,0,0,0,0,0,0,0,0,0,0,17,0,0,0,0,0,0,0,0,0,0,0,7,0,0,0,0,0,0,0,0,0,0,0,1843,0,0,0,0,0,0,0,0,0,0,209,0,0,0,0,0,0,0,0,0,0,0,0,0,0,0,0,0,0,0,0,0,0,0,0,0,0,37,0,0,0,0,534,0,0,0,0,0,0,0,0,1,0,0,0,0,0,28,0,0,0,0,54,0,0,0,0,0,0,0,0,0,8506,0,0,0,0,0,0,0,1405,0,0,0,0,0,0,0,0,0,0,0,0,0,0,0,0,7,0,0,0,0,0,0,0,0,0,0,0,0,0,0,0,0,0,0,0,1,8,0,0,0,0,0,0,0,0,1,318,0,2,0,0,0,0,0,0,0,0,0,0,0,0
"gene_540",730,1,382,1902,38,1508,4,390,162,2768,382,0,51,1394,4617,488,272,679,0,2,1629,0,8,99,15,920,559,404,1021,33,139,15,2,627,0,2334,268,0,446,0,1572,3612,0,17,29,2244,4,41,0,50,4635,131,69,114,2312,13680,790,33,2578,135,2837,2272,239,179,857,2134,1,2391,261,22,5085,2651,253,249,5697,0,0,1089,54,19894,495,92,610,92,962,161,14,204,666,60,2767,18,14,4,7,0,1439,796,0,387,11,263,0,28,0,0,1,4159,0,5392,0,165,401,5153,34,3001,0,7,9575,0,0,14,0,0,1572,51322,391,107,0,895,0,34,0,0,0,39,2195,4321,6250,1,0,651,1763,4297,4,2581,0,13,127,0,3013,1239,15,0,0,0,215,7,740,0,0,2683,985,0,0,0,0,36,4754,0,19,0,1,430,17,12758,3840,911,19147,1177,102,0,29448,18,0,9668,10826,2099,447,862,0,11464,143,0,0,0,149,280,49,0,2801,0,0,0,2,0,0,1122,960,4534,0,0,0,0,0,1000,12,495,2570,0,0,20,2,14,0,200,1,1071,0,56,26,3656,393,591,0,7,0,10383,0,57,7852,1529,4,83,27,104,3,187,3,85,1223,59,0,0,0,0,0,0,57,76,709,3,338,18,349,2504,998,511,2,5,625,23,0,11,292,2,25,193,1,0,1,0,2,0,0,0,297,0,16,70,274,0,1,1,2141,4280,0,145,541,5375,11,670,20,647,788,99,9,676,109,1,42,60,0,1,46,0,0,79,3341,440,0,0,18,4,125,50,2,0,77,563,0,0,5,24,0,3,0,157,1924,0,0,2256,35,1,0,0,1398,631,384,1,0,352,8,0,13,143,0,0,5114,24,56,156,291,61,1374,3186,5479,343,403,20,2167,0,1,50,0,2245,130,371,2,0,3975,536,1178,6184,0,86,8,133,78,0,102,2,49,1,337,1,112,0,0,237,0,0,450,409,1870,6,327,0,86,0,1,3967,0,2203,14,181,2,67,13,0,0,8691,556,1,10,0,392,2,1116,327,3267,412,0,323,6,2,2,0,1088,75,159,160,239,790,0,7,588,27,581,987,0,65,62,22,0,3770,950,4,1997,400,0,26,108,185,0,2068,2,1665,65,84,0,0,37,2,44,12,0,147,235,14,329,9,1599,2,181,2936,2,71,267,44,63,221,0,0,0,136,0,164,3,0,20,249,1,2,2,0,45,1,530,0,409,2,156,98,418,28,1415,8,146,6,4,124,196,0,578,860,62,297,11,2242,880,444,1465,1140,340,11,1667,2,364,0,1,0,281,983,0,35,317,44,276,0,152,70,0,119,412,20,0,30,11,124,752,1056,265,54,31,4334,2525,16,18,0,0,0,0,44,19,0,4299,319,152,4098,3105,125,0,0,4892,1,332,10,61,320,240,0,0,244,10188,0,294,1642,0,0,22,1348,6,0,2,2,1,0,0,0,0,0,940,1810,289,0,1,400,11181,3713,245,1,0,389,236,597,317,987,513,1,223,4051,112,0,0,14959,1885,1149,706,4,0,0,129,0,9,11,3,0,0,0,7501,39,1832,0,574,2,2,0,0,103,2,0,367,0,0,114,8,1342,644,0,742,6747,8,2,11,0,1306,8,5117,0,0,5713,0,241,0,0,1,0,44,799,105,1220,7432,6167,492,264,4,4807,1,772,0,1973,327,1468,70,1625,793,2,0,0,2,8,127,203,0,86,0,4312,1327,0,58,1,1504,11,237,0,259,0,688,86,108,207,0,34,35,72,1990,2925,6544,0,5281,9715,0,482,69,154,1780,888,1782,807,2127,10,1427,1658,3,0,375,1
"gene_541",2,144,574,249,0,544,550,7,565,117,1241,1869,200,1022,500,553,72,3171,1,475,69,799,60,3994,5,6,273,591,1,64,26,212,11,769,2958,0,1,1132,265,475,81,596,542,4,440,5131,508,87,24,80,1097,20,217,1017,648,149,34,2387,471,1305,2723,903,265,2011,1668,939,459,1499,353,415,27,1360,17,2103,69,2,34,445,17,1356,103,24,82,484,1,5560,10,4,2729,86,0,2926,23,366,13521,16,41,1266,359,599,276,4881,11131,8618,363,9610,3901,721,1,100,814,700,157,10614,81,31787,599,5801,8587,244,1282,96,42,189,8482,12204,1497,181,2,1883,14,4078,10451,0,6578,5779,490,193,9142,1252,2801,736,0,419,2417,10,13296,3758,15638,10315,4577,497,187,8826,17569,513,131,69,3,0,975,4,7974,6853,1288,951,8932,1948,564,68,321,403,7498,40,3182,3217,38,53,2723,3380,2672,112,969,44,4297,812,17597,5352,20455,2,17225,27,8915,185,10718,8722,0,1140,2099,0,257,648,745,199,6638,0,1,757,1877,30,35911,3277,30747,176,11282,0,8150,1417,0,179,62,116,0,10751,13157,6669,2746,333,2468,626,222,240,5,9918,68,103,149,1982,1854,2,3609,0,2449,26,868,37,387,420,6215,245,242,182,484,446,3,10,1689,726,884,0,289,167,44,677,56,57,193,2619,200,216,2401,2718,59,2,723,0,714,106,195,219,1,857,0,3062,63,0,200,69,104,0,174,6,10,282,565,0,2,172,599,331,135,9,815,41,870,2582,1567,14,14,29,18,46,1272,575,512,184,749,21,45,95,556,58,135,0,257,8,1426,593,1070,83,9587,28,52,8,223,504,9,4,387,355,67,773,564,6,1990,3,8,28,174,609,48,0,0,8,0,86,4,1419,1614,1536,53,0,4270,1,4,777,617,2,179,146,44,37,38,35,98,192,2,690,6,2,406,20,1136,1,82,16,136,661,559,814,628,3017,0,4371,59,342,192,3268,2124,221,1,585,1,62,97,1,464,785,1332,4,134,0,122,509,106,566,402,67,192,469,999,9,11,3162,93,16,36,0,1059,167,7,19,176,59,13,6,52,71,935,0,30,22,887,8,2478,267,59,45,3,5,85,17,163,19,273,158,855,1,0,67,50,2,195,0,52,0,4,26,185,2,49,768,640,130,61,47,5,0,465,20,223,2,0,440,7,160,129,2,225,0,58,1384,129,11,62,12,24,29,300,20,0,57,145,287,120,94,68,19,167,0,84,132,813,313,82,80,243,622,495,76,46,377,148,128,350,712,35,0,98,119,87,76,4,52,422,6,49,1,6,1,146,112,0,601,225,5,326,241,34,224,59,389,2,220,274,0,594,2,2,4,3,110,30,0,17,129,23,875,0,243,0,117,34,1,6,2,1547,0,0,0,0,0,0,0,24,0,351,0,0,222,2,0,0,4,286,2,443,0,18,22,0,21,2,0,15,0,105,620,121,0,34,55,20,70,0,0,1,34,3,2,0,0,0,248,0,26,38,0,0,0,0,10,299,741,580,0,0,0,1,1,67,14,10,41,8,5,0,1427,0,62,0,0,0,0,137,17,5,0,0,289,0,1589,90,156,9,362,20,5,33,8,0,115,0,0,0,15,57,24,477,7,129,0,12,11,0,781,92,3,683,215,0,14,0,68,0,21,87,363,78,751,38,4,0,598,0,0,23,12,29,0,0,0,0,0,18,322,0,0,0,213,67,0,19,1047,0,0,0,0,49,0,8,0,0,0,1,35,118,744,2,0,2,0,0,55,6,0,0,0,27,674,2,1,3,407,71,0,0,0
"gene_542",0,0,0,0,0,0,0,0,0,0,0,0,0,0,0,0,0,0,0,0,0,0,0,0,0,0,0,0,0,0,0,0,0,0,0,0,0,0,0,0,0,0,0,0,0,0,0,0,0,0,0,0,0,0,0,0,0,0,0,0,0,0,0,0,0,0,0,0,0,0,0,0,0,0,0,0,0,0,0,0,0,0,0,0,0,0,0,0,0,0,0,0,0,1,2,0,0,0,0,0,0,1,0,0,0,0,1,1,0,0,0,0,2,0,0,0,0,0,0,0,1,0,0,0,0,11,0,0,0,1,0,4,0,1,1,1,1,0,0,0,0,4,6,4,0,0,0,8,0,0,0,3,2,0,1,0,30,0,0,0,2,1,5,0,3,0,0,8,0,0,0,0,1,0,0,0,3,4,4,0,0,2,0,3,1,0,1,1,10,14,1,0,1,1,1,5,0,0,8,0,9,0,0,0,0,10,18,2,0,0,0,0,3,4,0,2,0,0,0,1,0,1,0,2,12,0,0,1,4,0,0,0,1,3,2,1,0,16,6,0,0,0,4,0,7,1,0,16,0,1,0,0,2,0,0,0,12,7,0,2,0,0,0,0,0,0,0,0,0,0,0,0,0,0,0,0,0,0,0,0,0,0,0,0,0,0,0,0,0,0,0,0,0,0,0,0,0,0,0,0,0,0,0,0,0,0,0,0,0,0,0,0,0,0,0,0,0,0,0,0,0,0,0,0,0,0,0,0,0,0,0,0,0,0,0,0,0,0,0,0,0,0,0,0,0,0,0,0,0,0,0,0,0,0,0,0,0,0,0,0,0,0,0,0,0,0,0,0,0,0,0,0,0,0,0,0,0,0,0,0,0,0,0,0,0,0,0,0,0,0,0,0,0,0,0,0,0,0,0,0,0,0,0,0,0,0,0,0,0,0,0,0,0,0,0,0,0,0,0,0,0,0,0,0,0,0,0,0,0,0,0,0,0,0,0,0,0,0,0,0,0,0,0,0,0,0,0,0,0,0,0,0,0,0,9693,0,0,0,0,0,0,0,0,0,0,0,0,0,0,0,0,0,0,0,0,0,0,0,0,0,0,0,0,0,0,0,0,0,0,4,0,0,0,0,0,0,0,0,0,0,0,0,0,0,0,0,0,0,0,0,0,0,0,0,0,0,0,0,0,0,0,0,0,0,0,0,0,0,46,0,0,0,0,0,0,0,0,0,0,0,0,0,0,0,0,0,0,0,0,0,0,0,0,0,0,4365,0,0,0,0,0,0,0,0,0,0,0,0,0,0,0,0,0,0,0,0,0,0,0,286,2,0,0,0,0,39,0,0,0,0,196,0,0,0,0,0,0,0,0,0,0,0,0,0,0,0,0,0,0,1,0,0,0,0,0,0,0,0,0,0,0,0,0,0,0,0,0,119,0,0,0,0,0,0,0,0,0,0,0,0,11,0,0,0,0,0,0,0,0,0,0,0,0,0,0,0,0,0,0,0,0,0,0,21,0,0,0,0,0,0,0,0,0,0,0,0,0,0,0,0,0,0,0,0,0,309,0,226,1,0,0,0,0,0,0,0,0,0,0,0,0,2,0,0,0,0,0,0,0,0,0,0,0,0,0,0,0,0,0,0,0,0,0,3075,0,0,0,0,4,0,0,0,0,0,0,0,0,0,0,0,0,0,0,0,0,0,0,0,0,0,0,0,0,0,0,0,0,0
"gene_543",1,3,1,3,2,0,26,0,3,1,0,1,44,3,10,3,4,0,0,1,0,0,2,61,2,7,0,2,0,1,0,0,1,1,9,0,0,5,11,2,3,3,16,0,0,1,7,0,1,1,6,1,1,7,0,14,0,0,1,9,103,0,0,3,7,2,0,0,0,233,3,4,2,30,0,9,35,21,1,0,140,23,0,2,24,0,1,2,15,0,0,0,1,0,0,0,1,0,0,2,0,0,2,0,19,0,0,0,0,0,0,0,0,2,16,0,0,0,0,1,0,0,1,0,12,0,2,1,3,0,0,0,0,0,28,3,0,0,0,0,0,20,0,10,0,2,5,0,0,1,0,14,0,8,0,3,0,4,0,0,0,4,0,0,0,0,33,0,0,0,0,0,0,0,0,0,11,3,26,70,1,0,59,6,0,0,0,0,0,7,0,0,1,37,0,4,0,0,0,1,0,3,299,4,62,0,0,0,0,0,0,0,3,0,2,8,0,0,0,8,0,0,0,0,0,7,0,0,0,1,0,0,11,0,0,0,3,43,0,0,0,57,16,80,0,3,204,26,56,0,0,0,64,0,0,13,0,0,0,0,34,81,127,0,146,71,79,401,0,11,93,262,5,27,92,301,176,333,306,2,2,12,35,0,2,44,2557,312,304,10,1552,488,414,0,993,199,225,377,378,348,0,4,0,0,0,268,0,1,23,1,40,9,199,45,145,27,0,182,688,437,60,0,135,2,4,40,22,0,7,74,1759,50,2,447,11,63,0,189,802,0,64,0,34,0,0,70,0,15,38,0,0,1374,581,19,275,0,206,54,0,76,86,252,0,150,7,9,526,191,153,760,11,45,332,10,325,57,57,5,631,3,107,1109,1,0,39,41,21,13,14,1466,1167,1,93,42,7,119,2,437,3536,18,228,1,63,622,0,5,0,2,506,345,0,0,1,229,0,0,12,17,101,1,3,253,1,11,7,3646,0,3,64,2,1,6,5,9,0,13,0,0,0,402,117,74,33,1,33,0,0,1,324,25,374,10,0,0,471,48,834,0,0,188,55,0,78,4,3,382,303,2,1768,0,0,10,200,1490,0,26,0,622,0,187,547,0,0,32,447,0,95,197,365,139,0,3,589,4,226,324,0,65,3,184,1,0,4,221,56,1,122,115,0,0,82,0,3,1254,1,10,0,159,583,0,54,5,202,0,661,35,0,26,6,0,58,0,9,1,22,2,390,0,40,49,277,24,0,106,516,83,73,0,22,0,15,158,0,68,456,132,791,1174,421,0,41,330,282,858,0,1443,925,0,0,3,1031,3951,470,6,1327,413,581,1756,0,759,116,245,883,1723,192,1433,1,2130,3546,11,2625,214,114,218,227,0,0,5245,1514,758,295,0,3706,54,14546,3554,4,1,9,305,85,824,25,0,898,20,2,258,4500,0,0,91,1,40,115,4,2744,997,297,919,10,3552,98,18,0,402,5235,2466,502,91,0,0,84,41,10,0,13425,0,0,18,3512,557,2784,0,878,2752,4076,330,53,7760,5,1539,75,750,44,2,2,447,189,1159,0,399,5025,0,1521,314,8,15,7,380,1,4,739,0,4452,6648,32,0,726,4907,23,0,2,0,1515,1632,1668,0,4451,246,1028,4598,179,1256,193,0,0,0,0,1,1634,3124,96,112,329,273,6,0,43,0,303,82,0,2769,19,1,4153,2315,109,5242,511,8495,596,22,383,1604,4,0,7,4975,15,11872,58,0,89,339,796,1787,0,4444,250,87,73,2839,2511,0,0,74
"gene_544",0,4,2,0,0,231,0,0,0,0,0,339,91,0,0,0,594,1,38,0,0,0,0,0,0,1,0,0,0,0,0,0,0,0,3,1551,0,97,0,65,0,0,0,12,0,0,2,0,0,177,33,0,29,63,0,0,0,0,0,8,695,0,0,0,0,0,2,0,0,0,0,0,0,0,0,0,0,0,0,0,0,0,16,0,33,0,0,7,123,0,0,9,523,0,0,0,0,0,0,0,0,0,3960,101,0,0,0,73,0,0,36,0,0,0,0,0,845,0,183,0,0,0,0,0,0,0,0,0,0,0,0,674,0,0,0,0,2305,0,0,0,0,0,0,0,0,0,0,0,0,0,1,0,0,4106,0,484,0,0,0,0,0,0,0,0,0,22,0,0,0,0,0,0,0,964,0,0,0,3929,0,0,0,0,1177,0,0,0,0,0,863,0,0,0,0,0,0,0,0,0,109,0,0,0,0,0,152,0,8,0,33,0,0,0,0,1,0,0,0,0,0,0,0,21,0,0,0,0,9,0,0,0,0,761,0,0,3,0,503,0,0,0,0,0,0,0,0,0,438,0,0,0,0,0,0,0,0,0,0,0,0,22,0,0,0,0,124,0,0,0,0,0,0,0,0,0,0,0,0,0,33,0,0,0,0,0,0,0,0,0,0,0,0,3,0,7,0,0,0,0,1,0,0,0,0,0,22,0,0,0,0,0,0,0,0,0,0,0,0,0,0,0,0,0,0,0,0,0,0,22,0,0,0,0,0,0,0,0,0,0,0,0,0,0,0,0,0,0,0,0,0,0,0,0,0,0,0,0,0,0,0,0,10,0,2,0,0,0,65,2,93,0,0,0,0,0,0,0,0,2,0,0,0,0,0,0,0,21,0,0,0,0,7,0,0,0,0,0,0,0,0,0,0,0,0,0,0,8,0,0,0,0,0,0,0,0,0,0,0,1,0,0,0,194,0,0,62,0,0,0,0,0,0,0,0,1,15,0,0,8,5,693,0,0,0,21,0,7,12,194,0,1,1214,23,0,1,0,55,13,57,4,10,0,0,4,15,3,3,1,1,114,0,0,0,0,0,0,0,0,52,23,0,99,0,0,0,0,91,3,0,213,0,0,253,0,377,0,36,0,9,0,2,0,0,1,11,0,0,1,0,0,0,0,0,0,0,142,0,0,0,0,1728,0,0,0,2,6,0,0,0,1,0,0,0,0,2,0,73,1,0,0,21,7,0,847,0,0,0,0,0,0,0,0,4,0,915,0,23,2,75,0,61,0,0,5,65,0,1,108,235,0,0,3946,0,4162,0,0,0,0,0,334,656,0,0,287,0,4,188,0,0,0,2233,20,0,0,0,57,0,1,517,0,1,0,0,0,0,0,4,0,1,0,4,23,0,2,0,65,36,0,4,405,0,0,0,0,0,0,0,0,0,0,6,0,0,0,0,0,0,0,0,0,0,132,7,364,21,0,0,0,0,0,0,0,76,0,0,0,0,0,8,13,0,4,0,0,0,18,7,0,0,0,0,0,0,0,0,0,0,0,0,0,2,0,0,6,4,0,0,0,0,0,14,20,0,0,0,2,45,0,0,711,0,676,747,0,0,52,0,54,0,0,0,0,0,0,0,0,0,19,5,0,0,0,525,413,0,1983,0,0,0,0,0,0,0,0,0,26,0,0,0,409,0,0,0,0,0,7,0,28,67,0,334,0,0,1,0,383,0,0,410
"gene_545",0,0,22,4,0,0,0,4,6,0,525,0,3062,0,1,0,0,0,0,71,244,810,0,0,0,0,567,0,0,0,0,536,0,326,352,0,0,0,0,113,45,0,171,8,0,56,25,3,0,0,3,0,0,164,0,0,0,0,69,34,0,0,0,0,0,0,0,3,173,236,381,0,118,262,147,15,33,0,0,0,0,0,0,18,0,0,0,46,24,0,4,0,0,0,0,1,0,0,0,7388,472,5,0,1624,0,0,0,0,0,0,0,0,45,0,100,0,0,0,68,0,7,1,0,0,0,0,0,0,0,0,0,0,6,0,0,0,138,0,0,0,0,0,0,61,0,0,0,0,0,0,0,2093,0,0,0,2,0,0,0,0,0,487,3891,3,0,141,0,0,0,0,0,0,0,0,10437,0,0,0,0,7,0,13,0,0,621,0,179,0,1,0,0,124,0,0,2,0,0,85,1255,0,0,10,12,0,0,0,201,0,0,789,2770,0,2235,0,1,94,0,0,0,0,40,0,0,0,0,0,0,0,2615,0,1,0,0,0,0,0,0,0,0,0,258,0,0,0,1,31,0,0,5,0,0,0,0,0,73,0,0,0,31,1,0,0,13,226,0,0,0,0,201,0,0,0,0,0,0,0,0,0,7,0,0,0,0,0,1,0,4,0,41,13,0,0,0,0,0,0,0,0,0,0,2,0,0,20,0,0,0,0,0,0,0,0,0,0,0,0,62,0,0,0,0,0,0,0,0,0,1,0,0,0,0,0,0,0,0,0,0,0,0,0,0,0,0,1,0,0,0,0,0,0,0,0,0,0,0,0,0,0,0,0,0,0,0,10,0,0,0,0,0,0,4,0,0,0,0,0,97,0,0,0,0,0,0,0,0,0,0,0,0,2,0,0,0,0,0,0,0,0,0,0,0,0,1,0,0,0,27,0,1,0,0,0,0,0,0,2398,0,0,0,0,0,0,23,0,0,0,0,0,549,0,24,1,1,401,57,71,1,1,0,0,0,78,0,0,70,82,0,0,0,18,0,0,0,0,0,0,0,0,0,0,0,9,0,0,0,118,0,0,0,3,24,438,0,23,0,8,719,1369,10,0,568,1649,0,0,65,0,0,0,0,0,0,0,0,1,0,0,131,0,159,10,0,149,49,336,7,0,2,330,0,0,9,34,0,0,0,0,0,0,1,0,0,0,0,1466,0,1,0,1,1,0,0,129,248,0,163,0,2,0,0,0,84,0,0,0,2,0,0,1,0,1,533,1,0,0,0,223,97,1,1267,690,0,0,170,0,0,0,0,0,0,0,0,0,4,0,0,0,0,115,0,0,0,0,0,1,0,7,0,0,0,0,0,0,0,13,2,0,0,0,7,0,0,0,0,0,70,0,0,0,0,0,0,0,0,0,0,0,0,0,0,0,0,0,0,0,4612,5,0,0,76,0,0,0,14,0,0,0,0,0,0,0,4,0,0,0,0,0,0,0,0,0,0,0,0,0,0,0,1512,0,0,0,0,0,0,0,0,0,0,105,0,0,0,0,0,0,0,0,0,0,0,0,0,2,0,0,0,0,0,0,0,0,0,0,0,0,0,0,0,0,0,0,0,0,0,0,0,0,0,0,0,0,0,0,1123,0,0,9,2154,0,0,0,0,0,0,0,0,0,0,0,0,0,0,0,0,0,0,0,0,270,0,0,0,0,0,0,0,0,0,0,0,0,0,0,0,0,0,0,76,0
"gene_546",4,0,0,0,0,0,0,0,0,0,0,0,0,0,0,0,0,0,0,0,0,12,0,0,0,0,0,0,3,0,0,0,0,0,0,0,0,0,0,0,0,0,0,0,0,0,0,0,0,0,0,0,0,0,0,0,0,0,138,0,0,0,0,0,0,0,0,0,0,0,0,0,0,0,0,0,0,0,0,0,0,0,2,0,0,5,0,0,0,0,0,0,0,0,0,0,0,0,0,0,0,0,0,0,0,0,0,0,0,0,0,0,0,0,0,0,0,0,0,0,0,0,0,0,0,0,0,0,0,0,0,0,0,0,0,0,0,0,0,0,0,0,0,0,0,0,0,0,0,0,0,0,0,0,0,0,0,0,0,0,0,0,0,0,0,0,0,0,0,0,0,0,0,0,0,0,0,0,0,0,0,0,0,0,0,0,0,0,0,0,0,0,0,0,0,0,0,0,0,0,0,0,0,0,0,0,0,0,0,0,0,0,0,0,0,0,0,0,0,0,0,0,0,0,0,0,0,0,0,0,0,0,0,0,0,0,0,0,0,0,0,0,0,0,0,0,0,0,0,0,0,0,0,0,0,0,0,0,0,0,0,0,0,0,0,0,1,0,0,0,0,0,0,0,0,0,0,0,0,0,1,330,0,10,0,0,2451,0,0,0,0,0,0,0,0,0,0,0,0,0,0,0,0,0,102,0,0,0,0,0,0,0,0,112,0,0,0,0,0,0,0,0,0,0,0,0,0,0,78,10,0,0,290,0,0,0,0,0,0,1,0,0,0,0,0,0,21,107,0,0,13,0,0,0,0,0,0,0,0,0,0,0,0,0,0,283,0,0,5,0,0,0,0,22,0,0,0,0,0,0,0,0,0,0,0,0,0,5,0,0,3,0,0,0,0,0,20,0,0,0,0,0,0,0,0,0,0,0,0,0,283,0,0,0,0,7,0,0,0,0,0,0,2,0,0,0,0,0,95,0,0,0,0,0,0,11,0,0,294,0,0,0,0,0,4,13,28,0,0,0,0,10,0,0,0,0,127,0,54,7,0,604,0,0,3,0,394,283,0,0,0,301,0,0,0,5,0,0,3,0,122,42,0,0,1232,0,0,0,0,602,0,3,0,0,0,0,0,0,0,5,0,1,0,0,0,0,0,0,0,22,35,0,1,0,0,0,6,0,0,3,0,0,2,0,0,9,12,0,0,0,0,0,140,0,1,0,0,0,0,0,0,0,0,0,0,0,0,11,0,0,0,0,0,7,0,0,0,2,446,0,354,0,9,0,0,0,190,4,0,5,0,0,0,0,0,0,1,69,0,0,0,0,2,0,0,6,1,270,0,0,64,0,0,0,0,0,0,0,0,189,0,3322,0,0,0,0,0,0,146,823,0,1580,0,7,0,0,0,0,0,0,0,0,0,0,0,0,0,0,83,0,0,0,107,0,0,0,0,0,0,696,0,0,1,0,1,0,0,0,0,0,0,0,0,0,0,7,0,0,0,272,0,0,0,0,0,0,0,0,0,0,365,0,0,0,0,0,0,132,0,0,0,0,48,0,0,0,0,3,0,3,0,0,0,0,0,0,0,0,0,0,0,0,0,0,3,0,0,0,0,0,0,0,0,0,0,0,0,1,0,0,3,0,0,0,0,0,0,7,46,242,0,0,0,0,0,0,0,0,0,0,7,0,0,0,0,0,0,0,0,0,0,0,0,0,0,0,2,0
"gene_547",21353,28738,51267,17207,11511,33152,14045,6614,23063,12521,50279,30409,48295,25877,18219,29961,18167,20403,31196,10942,5735,14173,38752,49050,25457,26528,24727,11252,26412,27284,19148,12327,7970,15485,34741,21364,22357,19266,16358,10117,21240,22713,33161,22041,12525,13404,8994,5342,8685,29551,24114,34477,6392,9453,13136,13506,34488,97615,12450,22660,12873,31723,42806,28862,9063,17341,24442,36979,52148,45940,46794,58174,1316,17100,31300,12342,22108,13498,14584,35058,28878,11717,45566,43219,25078,25664,6429,32459,5689,8955,41043,22555,4,17077,2,0,1623,11,29,10,2446,297,16439,1689,0,262,0,162,0,0,41,49,0,1198,0,22,478,86,5,0,0,0,10,4,146,0,0,0,0,0,0,12149,3389,47,15,0,0,1704,0,432,443,286,2382,187,0,0,4,288,47,6499,39,16,0,1,303,1,8,1,0,0,1,87121,0,169,4,68,0,0,33,0,13577,14,675,8,0,42,0,146,0,0,1,0,1247,0,0,46,0,261,445,301,2419,1,83,0,1,134,668,15,0,21,0,1028,5175,2563,1853,109,0,171,112,0,360,31,1334,8,2290,1346,1244,0,581,4869,1,233,1630,39,0,1395,361,3665,6,160,0,0,646,105,7610,2,44,249,770,754,0,15,1032,164,0,567,2,0,15,391,1861,556,119,0,231,0,36,454,5070,17619,3590,3181,1902,4912,3044,4776,2844,10570,1833,2103,2834,7416,4204,3121,2014,1124,6707,5257,4573,440,27,8552,61,5562,7464,470,3314,2,13636,1239,7365,3664,6358,2759,5524,6217,6811,10202,2810,193,1888,2759,14214,1560,6095,15492,121,1717,1416,804,3605,3811,37593,2319,25,68,972,10585,7126,14877,1378,2072,16676,13805,2188,378,8130,1215,8161,1145,1301,926,1521,10785,17,4599,3143,19867,7816,1494,1787,8377,1496,7522,7161,818,419,36174,1168,1563,10521,15648,6867,8373,5223,8582,5405,5345,16812,23575,6363,1308,1191,519,3813,8503,2018,2804,5057,133,7808,4073,8913,2288,1,3165,124,4549,6589,3623,4872,13927,9476,1036,20765,10734,440,5702,4645,1904,912,21479,727,3407,9892,1800,2576,3591,3890,2,2011,17716,8134,5610,2354,151,6644,3793,20524,231,188,1943,9438,2564,33227,5776,9504,31566,2464,2554,12212,6773,1609,2618,1894,33337,14508,369,9778,13249,6868,868,1570,0,232,749,96,3410,1092,3204,2465,521,1081,94,622,4130,12002,1300,4022,573,368,171,36,17,195,0,6728,144,11,3928,1888,489,8280,5988,932,2854,158,217,10337,1053,2119,594,99,105,3868,2726,13866,921,2421,4744,242,4478,917,923,198,589,3671,4464,152,2631,2577,3642,184,754,1733,1032,259,120,2976,3126,10424,55,25,1956,40,119,5661,567,3435,24,4333,62,293,552,1,56,421,1040,2682,2222,41,115,1522,792,1705,120,626,2581,9795,283,754,189,173,11,10405,981,7626,740,919,6570,33018,385,862,280,62,3110,293,1256,60,483,296,1988,1296,3915,934,470,2697,4478,63,354,1072,2070,4723,913,123,760,9505,12928,318,34199,0,731,0,14839,176,107,14553,284,10332,7021,0,1150,264,63343,9,7200,2022,3553,2,266,9,223,3466,23415,102,515,14219,20079,40,10935,2366,1319,3638,5072,2544,0,44982,1031,156,14216,697,8960,353,8077,5639,4673,9340,51,357,147,33,5444,14790,968,689,18,45,2989,25452,0,47592,236,759,11185,19,102,14199,7588,66,0,123,12331,192,32,673,23329,108,157,24019,3,268,1282,63,6,10241,0,1608,35,11,15189,13716,1,34505,0,7132,1339,22986,8373,183,12335,10,22515,3534,15319,58,293,347,5576,118,3665,12,677,124581,4792,13059,2019,289,22,7221,744,61,1791,0,156,0,590,691,169,601,1063,3703,49102,915,556,594,14,11,342,5761,2377,51,4387,151,126,1667,0,0,1016,49270,128,1869,21180,890,5935,629,17528,23175,592,45,398,43598,2146,2057,10,1201,77,96,8400,0,952,836,161,1893,1809,0,250,1,2664,80,4673,322,216,322,12224,24863,74231,1610,0
"gene_548",8720,8040,5850,1761,17000,16649,5944,5765,6872,16079,6784,17607,11269,8780,4995,21854,9888,4200,2406,3302,2166,9880,8455,23434,13705,18946,8733,15553,5182,17463,15468,1016,2262,7570,13360,2450,2592,22515,2827,12270,4739,2443,460,9950,3361,18765,13339,1500,2545,1815,12026,3373,3060,7516,3386,16879,8149,18202,234,8149,19325,13752,22036,33628,13009,4750,7902,10392,24623,38469,1576,4862,692,15559,17369,5902,3349,2073,8256,22338,16148,4875,12437,26618,1406,1594,1160,15228,2827,395,12296,11568,669,34,1197,1,239,102,908,2,25566,10813,9834,1097,3008,3837,25775,9,1011,76,18432,4719,500,11298,32247,5854,1169,9478,3576,298,4588,888,1218,1824,8755,33757,331,4475,6165,212,22,12774,4822,20383,1287,3,7836,887,7039,2594,56,1289,1470,18901,6301,2974,0,92716,16959,12797,14795,11891,28,486,5596,3783,97945,13499,2058,164,41,444,63212,70163,152,3566,2705,4484,1,946,6060,2185,9202,5711,56693,19731,34885,2097,170667,7286,26126,350,34956,1619,251,66580,18394,21,99,11852,4975,7712,363,7619,83777,181384,47423,35543,153533,27912,6787,2059,84469,135242,61870,29028,175745,34935,4036,15731,114984,22889,109307,24308,131514,7364,87504,60465,24947,34181,65164,30860,17630,56926,90949,34272,53980,83317,112237,38930,12145,35999,23682,57515,21409,108012,14264,13178,35778,6047,99568,77222,77836,11784,11048,65165,21670,21075,3911,100512,190997,15400,211913,9080,94957,11899,61898,52314,59758,206112,1039,4523,1471,5815,7323,29313,1773,19000,10934,2937,1572,90962,42400,1530,20200,2091,1682,26534,1971,5209,4388,6708,31190,47057,6900,12382,55318,215,10470,2656,5214,2467,7917,2557,5870,43388,6812,3114,4795,15039,10925,4758,9701,4664,12128,5769,14117,4073,2643,4255,1201,3408,1167,10567,7016,16500,6751,4478,4741,14580,9624,6302,4225,11021,7731,5729,5327,2436,82874,7665,21642,1799,1782,10217,1821,4793,11992,6957,4614,5259,689,16863,1732,4530,19704,755,8224,12193,5888,3914,3058,8317,4004,2689,9199,1111,29013,25736,5910,3489,6735,1409,645,7879,29303,30899,66324,521,35962,2435,42831,9465,3553,1194,7872,22268,2882,1108,38215,38957,19136,24297,3253,20605,19694,15374,815,8685,13691,10108,53095,9877,3047,602,9374,2454,2570,30599,12898,8379,7835,54608,25990,436,20171,25033,2576,6966,326,3296,51243,20341,3154,18347,447,2577,3858,26100,834,17429,19662,734,3728,737,3311,13391,46328,4948,14426,7612,430,1985,76,713,243,3539,278,12765,1905,5,2092,280,300,1995,5194,4390,6609,532,5281,3020,319,1011,1765,114,3141,6218,6950,1355,5491,13301,2545,4242,607,3830,9045,3516,32035,2018,6056,2250,2264,5383,420,19965,13569,446,7133,3268,597,11,2472,11350,3498,641,65,2948,1247,4142,1665,3034,2345,624,14265,9554,243,552,18616,338,366,2514,60,3011,1126,3586,38370,1206,856,9236,3380,1429,2630,2492,293,507,2394,1399,2033,2588,11962,1167,44,416,1356,3717,253,521,4995,5152,57,194,286,2807,4813,4577,4046,2936,1483,2053,5432,3711,383,3906,77,9070,3680,447,676,3137,1160,2555,3638,3890,4204,3436,2493,3621,1657,2844,8486,585,5018,1206,2694,4025,790,61,439,425,165,2085,2143,2498,790,1419,26448,694,4709,18378,28419,324,4415,999,5985,5877,1369,456,3649,437,2,2737,99,1852,10350,747,2538,1478,902,13672,299,2987,1353,363,81,2874,7758,8419,23713,68,2320,0,2825,19816,153,1665,1539,9518,3226,468,13589,8513,1858,10056,27544,439,117,2819,4193,1248,1720,64,1050,4371,24439,1362,170,6709,3811,3998,7219,17985,119,9140,84,2879,697,14692,6550,447,4452,1314,1338,2116,1592,584,344,2983,16851,15284,561,13667,4580,4319,2665,441,6555,17074,2559,3648,1273,6071,34,9609,148,944,6586,444,2997,71,555,4681,6372,4234,22104,3290,921,213,3935,1290,3673,581,94,946,163,9668,699,27394,1847,1089,685,1794,1003,2172,912,4564,12626,5963,1382,1741,2899,5034,311,2945,4220,14817,1601,2344,349,1753,2987,2,1604,3553,6486,33711,1924,566,6085,1050,1828,6984,2213,41,7385,380,7034,758,2043,6200,21230,5154,271,80,5078,6020,3072,625,8189,2314,9446,6069,19869,1487,2081,386,2017,13799,211,7544
"gene_549",314,1,805,39,2,0,5,56,27,41,947,107,1029,55,237,0,0,13,18,2646,47,21,1271,22,12,1,0,0,0,53,0,0,866,0,400,266,119,13,0,11,0,0,0,228,378,29,503,12,1081,209,0,1,0,36,1559,11,2,281,4,170,2,566,0,43,102,153,2372,6,62,174,156,0,0,0,0,0,4,0,1,0,80,0,0,141,110,6571,230,86,815,0,0,0,0,0,0,0,71,0,0,1468,0,0,6,0,14,0,31846,0,13600,0,164,0,0,0,0,0,0,4,0,0,0,0,1357,0,0,22,0,0,127,0,0,2,0,0,0,410,100,0,0,0,0,1,13,0,0,9507,0,0,20,0,8487,0,0,0,0,0,0,0,0,0,717,76,0,0,0,0,2,0,0,0,0,0,0,85,278,0,46,0,493,773,0,2513,0,0,0,0,55,0,0,0,2,0,0,0,2924,6329,251,205,560,0,0,1198,0,0,0,0,1911,0,0,0,0,0,0,1,151,323,0,0,2,2,407,0,0,18,0,0,0,0,0,79,75,0,0,0,986,0,0,0,5,115,82,32,0,0,166,335,2526,229,0,0,1083,123,0,73,7938,0,0,1188,0,139,3486,1063,4,1043,17,4569,337,6020,24,89,0,15,2868,4,2417,3436,74,0,544,3961,2,5703,1224,2002,1094,565,454,719,1100,210,21,48,2053,0,2,1,1341,209,1691,388,691,269,472,119,0,1453,2407,7937,88,47,32,1,447,69,6,1183,32,5020,1536,207,245,0,3253,11510,211,15,5419,2127,389,2419,95,31,1003,9,2475,195,32,14,0,2,206,2481,1207,203,98,38,79,47,1061,281,3,11,3,1,244,360,2,354,47,100,2949,24,1103,4040,3076,621,945,2870,950,3120,509,58,191,831,4,3508,4,3,26146,5263,874,2691,76,3403,2662,208,6,0,506,5590,5,3402,535,97,6653,231,703,89,3761,0,2850,4472,3846,0,0,308,0,480,35,1720,32,146,1439,211,5772,371,458,26,4678,41,3,32,168,2120,65,155,13,187,13,19,1,2819,9,2,1041,1308,264,588,718,0,1374,100,8394,1027,128,126,284,133,3302,54,4,13,650,24,253,0,1687,16,10,1309,5499,2241,251,56,10,529,138,321,2096,247,2264,0,92,9244,2,620,2422,87,390,1370,1,1990,7,0,176,44,0,0,617,12,685,20,326,636,219,0,123,213,0,47,0,875,0,1775,4809,481,145,1630,250,13,1482,0,277,5550,1848,11,2,0,750,7,0,10540,189,0,4,51,2143,318,18,8077,150,109,4168,14242,50,593,31,3715,4306,1339,0,32,0,7006,1003,612,7,447,148,263,0,2233,75,1,103,2264,557,6589,335,191,2225,0,2339,0,10938,11,0,33,613,2916,33,0,23,0,0,149,52,1591,0,9,0,7490,0,0,114,247,0,0,0,342,8,85,3358,123,849,1269,782,1025,0,14,284,3813,3339,1903,57,0,441,12,127,73,0,0,8,1,4230,603,6,152,15,136,5711,4,83,157,0,630,38,238,5021,15,926,22,767,0,86,6005,31,0,0,6718,0,614,73,347,39,0,5664,0,14,15,18,10,1,0,0,16,3134,262,279,246,867,10,0,366,4,10,0,12,0,0,0,40,0,0,1903,0,500,168,686,0,2352,17,7776,4531,12,1212,27,1,0,71,1895,1898,413,389,0,4190,3,8264,668,3911,0,105,47,1,1075,0,95,470,0,26,0,44,465,0,0,2240,165,13,4,1286,4,13,0,30,1249,50,307,616,0,38,0,77,362,61,35,76,6409,2343,0,3649,0,6030,804,434,147,2938,53,2107,1082,957,302,1298,33,0,9,1791,0,1915
"gene_550",0,21,0,0,0,0,0,0,0,0,0,0,125,0,0,0,0,0,61,3,0,0,0,0,0,251,0,0,0,0,0,1289,0,0,0,0,0,0,0,0,0,0,0,0,0,0,0,0,0,0,0,0,0,0,0,0,0,0,0,3,0,0,49,0,2108,0,0,0,3,0,0,0,0,0,0,0,76,0,0,0,0,0,0,0,4,0,0,0,0,0,0,0,0,0,1,0,0,0,0,0,0,0,0,0,0,0,0,0,0,0,2110,0,0,0,0,0,1,25,0,0,0,0,0,0,0,0,0,0,0,0,0,0,0,0,0,0,0,0,0,0,0,0,0,0,0,0,0,0,0,0,334,0,16,0,0,0,0,0,0,0,0,0,0,0,1,0,0,0,0,0,219,7,0,0,0,0,0,0,0,0,0,0,0,0,0,365,0,0,0,0,0,1,0,0,0,12,10,0,10,0,134,0,4,0,7,4,1,27,1,0,1,3,36,61,3,2,0,14,0,45,88,2,0,2,1,1,0,2,0,0,0,0,3,0,0,31,25,0,0,9,61,1,24,8,0,0,0,11,7,45,2,2,0,0,1,0,1,20,0,99,0,0,0,0,0,0,0,128,0,0,0,1,0,0,0,0,0,174,0,0,0,0,15,3,0,0,0,0,0,0,0,0,0,0,0,0,0,0,361,0,0,0,0,0,0,0,0,0,0,0,1,0,12,0,0,0,0,3,0,0,0,0,0,0,0,0,0,0,0,18,0,0,0,11,283,0,0,71,0,0,0,0,0,0,0,0,0,0,0,0,0,0,0,0,0,0,0,0,0,31,0,0,0,0,0,0,0,0,1,0,0,0,0,0,0,0,0,0,0,422,48,200,0,0,0,0,0,0,0,0,0,0,0,0,0,1,0,0,0,0,0,0,11,0,0,0,0,0,0,0,0,20,0,0,0,0,0,0,0,0,0,0,0,0,0,0,0,0,0,1,0,0,0,3,0,0,0,0,0,0,0,0,0,0,0,587,0,0,3,0,0,0,0,0,0,0,1,0,12,0,7,0,0,0,0,0,0,0,0,0,0,0,0,0,0,0,0,4,0,0,0,0,0,0,0,0,0,0,0,0,0,0,0,0,0,0,8,194,0,0,0,0,0,1,0,0,0,358,0,0,0,0,0,0,0,0,0,0,0,0,0,0,0,0,0,214,1,0,0,0,0,0,0,0,0,0,0,0,529,0,0,0,0,0,0,0,0,0,0,0,0,0,0,281,0,0,0,0,212,0,1,0,0,0,368,0,0,0,0,0,0,4,0,0,0,0,0,0,0,0,0,0,0,0,0,0,0,0,0,0,0,0,0,0,0,0,0,0,0,0,0,11,0,0,0,0,0,0,0,0,0,0,0,0,0,0,0,0,0,0,0,0,0,2164,0,0,0,0,0,0,0,0,0,0,269,0,1,0,0,0,0,4,0,3,0,0,0,0,5,0,0,0,0,1,5926,0,270,21,0,1179,0,0,17,0,0,0,0,0,0,0,0,0,0,0,0,0,0,0,31,0,0,0,0,0,0,21,0,0,0,0,0,0,0,0,0,0,0,0,0,206,0,0,0,0,0,0,2010,0,0,0,0,0,0,0,0,0,0,0,0,0,0,0,0,0,0,0,0,0,0,0,0,0,0,0,0,0,0,0,0,0,0,0,0,0,0,0,107,0,0,0,0,0,0,0,0,0,0,0
"gene_551",1220,143,514,763,599,678,2444,2862,0,114,2773,800,1229,7424,22,0,356,848,1506,3570,700,18,579,1708,180,0,0,2282,10522,1,324,2429,1433,2686,5947,242,58,17,32,648,918,946,948,1165,918,4920,0,1,0,223,1497,1108,2632,21,158,3820,8,121,13,4159,0,1759,0,231,1437,4,279,4182,106,182,2131,3848,67,2669,0,270,152,438,0,4483,1141,1,0,1,387,109,1169,3,146,7,149,0,3659,11318,93,174,0,46,94,1,0,2817,5813,34,6663,652,303,4086,4907,166,27288,4,2,28176,0,0,1634,9,1278,20673,783,652,174,290,0,3070,90,384,753,3776,4,2433,1816,4841,8,13491,8888,53,630,416,4898,2253,12,146,41798,45,349,1244,557,2210,6691,939,263,189,1603,5006,5,19498,1845,397,18666,323,1,29,2,16575,38014,1807,497,14483,144,1859,65,148,3639,1,0,3,0,2491,3807,102,19127,1,21309,0,13,20,8053,15,2947,13,10,26277,1620,423,0,20,119,0,12,1944,0,2016,968,1115,436,26487,3463,7805,4467,4671,529,238,8543,5581,0,8,0,0,124,4359,0,1137,5072,11663,3,0,483,424,732,168,8,834,233,16325,107,989,11,349,1087,0,5913,33,33,2193,132,120,319,1183,53,19,1543,112,24,672,4,45,212,1535,750,385,4864,0,324,158,2,21,1312,22970,578,9351,0,6905,39,15,293,0,113,0,0,0,17326,0,66,0,1624,156,1007,3,0,5055,545,0,13,1252,36,1528,463,1986,74,6934,7372,19403,8183,534,13183,0,0,3074,21410,170,11,15,4702,401,0,51,1,899,1500,1464,0,4713,226,179,396,28,19150,41,68,881,382,63,75,1,1022,1053,0,1325,120,1490,1738,11850,59,0,1009,15,1802,1625,4515,1647,13,475,0,768,295,7669,353,15,23,0,0,1077,206,3,4737,4090,4622,4890,348,7,1,67,126,94,8462,6794,210,186,58,22,1548,85,3850,3,45,145,3643,26,1,4337,6098,486,15111,2189,933,12806,2,8534,57,115,174,822,14,195,33,8758,0,5,1616,119,844,87,7,12,975,8381,188,160,0,88,0,244,0,1954,3278,0,3732,2310,2,0,0,0,405,368,74,126,4,149,128,0,89,146,1456,353,46,508,316,1081,1333,251,0,100,1463,67,12,36,190,849,0,6940,33,0,7309,10,1,812,20,960,652,0,52,0,2,1921,81,0,25,36,0,52,2,10,21,1,0,84,5953,90,2355,2951,2,320,189,83,201,0,1564,0,0,18,140,17,849,1056,2928,84,7,81,25,87,3707,320,1262,7,583,6240,16,340,0,10,1172,66,286,1277,106,415,0,0,2249,453,65,5097,0,10,32,4299,18,1095,0,9,2,1852,0,286,3442,4077,0,97,1758,1608,157,3,73,1317,142,3366,1110,72,9,526,28,1360,1279,259,3522,2288,492,3436,213,0,9110,10778,276,446,0,6,119,170,10,236,0,0,1583,57,827,7000,1342,0,5691,76,17,0,1805,0,39,0,29,1,4744,1,3,2767,1176,10160,13524,0,149,0,614,8789,937,1603,5468,0,0,1667,2,8,54,1263,2438,12,0,50,1,0,892,341,6406,139,8284,0,51,25247,0,13,452,2840,0,4969,51,2382,79,2,0,0,0,0,2,0,120,66,0,66,1,74,371,0,1044,9094,0,593,354,0,0,8,659,0,0,54,1220,0,0,187,0,13687,0,0,12130,0,0,3279,504,0,0,0,306,0,3723,0,9,0,842,10,0,62,9239,0,730,2872,7,5459,0,233,3096,2,0,64,11,93,1,1466,18,0,1,427,183,431,26,1,0,65,64,52,0,0,38,1023,323,0,95,0,1,0,0,9690,4604,3,3,225,2291,10514,194,3369,196,536,0,45,1,426,0,6,8,0,11,1
"gene_552",336,226,2301,1332,78,2,1448,476,1129,0,35,1,675,390,424,698,273,504,17,1,141,1044,629,854,525,700,4042,61,532,439,322,21,145,536,92,6,1080,406,0,363,1278,52,52,291,162,185,798,1,66,677,0,21,1206,0,2,0,150,604,287,343,541,297,16,48,490,16,7,2527,16,394,193,0,12,1668,613,0,0,980,0,225,5718,3,44,238,321,310,0,27,70,3,61,259,272,438,0,571,192,0,1141,478,0,273,41,0,413,12212,2632,80,894,1654,7130,0,122,1221,0,41,0,28,961,0,0,8,15,297,125,1397,1667,0,1,1,71,18713,29,590,71,0,98,10,9,253,5,162,109,6637,8247,0,4428,364,15517,2572,2621,3,15862,2,0,30393,7176,0,0,5,1078,1,80,0,35256,25,744,706,188,0,810,22088,14,4,0,24340,52,2339,4996,0,38,2633,5666,799,7236,6,4836,7566,669,2,0,2,0,0,3410,0,219,2,154,177,66,9,3377,28,7,176,0,914,0,38,0,345,0,0,162,1,221,6,0,0,0,3,3,1,626,1,52,81,658,746,92,450,730,120,3867,31,1319,6,6028,7,50,2999,44,0,3,30,3635,799,9,398,150,618,3033,262,376,454,1046,0,0,14,5,632,4,0,0,0,0,0,0,4,1,2,0,71,0,0,0,492,0,1,0,0,0,22,0,0,0,28,4,0,0,0,0,13,0,0,0,3,0,0,0,484,0,0,1004,36,22,0,113,0,852,0,118,165,0,0,0,0,0,0,4,0,1,0,0,0,0,0,51,0,0,0,0,0,0,0,0,49,0,0,9,0,157,48,0,37,144,384,13,0,5754,2623,2,0,0,0,0,0,0,0,45,0,0,0,0,7,1,3,0,0,0,1,4,0,0,544,134,4,2970,2630,82,0,2,0,0,1987,1,0,0,0,0,0,0,12,0,0,36,0,8,0,0,0,420,0,94,0,0,22,0,7373,2,0,0,2286,1,0,0,0,0,1,377,0,0,0,0,0,3,90,29,0,0,7,0,269,16,1544,1009,0,718,2831,6,254,0,0,22,269,0,91,27,32,230,52,25,393,0,0,1,996,53,2853,80,0,1104,0,0,59,0,87,341,161,0,0,1569,1,0,0,8,0,22,49,3,195,62,198,918,1833,12,626,0,29,0,255,1730,444,1722,613,91,1284,21,0,110,0,139,239,3407,0,110,713,73,230,1098,84,129,4,637,3,629,5,863,13,116,577,1653,1,225,2,339,1276,1091,132,0,0,71,0,812,1,53,29,2,110,0,0,187,0,1295,0,464,0,4,26,1491,0,123,0,28,4605,0,0,941,0,468,17,863,10,41,5,1,7,21,16,354,7,4296,56,0,382,0,261,864,156,2,1,0,0,185,3,89,4,1,0,119,0,0,259,0,0,2056,2,0,3531,0,1,651,0,0,1,8,120,3,0,0,0,1,0,20,1363,0,0,0,166,0,25,121,1216,0,32,0,0,0,0,9,1,0,9,0,0,4876,28,0,0,0,101,0,2658,0,4514,270,3,26,0,1230,0,1,177,0,0,3,726,0,0,0,0,0,475,0,4,28,22,25,334,0,756,0,3,0,17,968,10,10,1104,0,0,2360,137,0,0,0,1470,634,22,0,15,0,30,0,136,0,296,8,0,13,0,125,23,91,4,40,635,0,0,11,0,15,2,2,1201,272,826,45,141,1585,1,0,8540,211,2160,1,53,1,0,1200,4087,80,87,493,1857,0,0,0,0,10925,398,1521,0,1,0,0,0,435,418,69,0,549,8,0,0,605,4277
"gene_553",583,5664,597,291,3797,37,1354,527,0,309,22,86,3885,1995,50,97,369,0,701,1839,20,71,1854,1351,31,557,92,194,1,702,549,119,427,470,1320,2163,154,3391,3402,34,79,405,1393,335,131,248,311,413,30,1048,668,508,1930,3,130,439,1905,2059,1466,233,1224,961,99,3161,1816,810,0,7540,231,126,5139,513,29,2942,176,527,241,36,1798,1445,113,11,19,13,5027,5688,251,7,684,549,214,64,12,375,0,1,0,0,379,0,10,0,0,4,0,0,0,1,27,0,123,0,0,1327,0,0,0,11,0,2,0,0,7,0,0,0,0,0,79,1,0,0,1,5,0,0,0,1069,15,0,0,0,94,16,0,48,3,0,3,36,10,0,0,0,1,0,0,230,0,23,0,0,40,0,0,0,404,35,2,26,81,0,60,345,0,0,0,248,23,0,46,0,17,0,0,0,1,0,0,0,11,0,101,1,81,37,1,1,0,0,188,0,0,0,39,0,156,0,11,0,4,0,0,16,0,0,396,0,0,0,0,0,0,1,0,17,0,92,0,0,82,0,0,5,0,0,29,82,0,0,0,1,181,234,2,54,0,0,0,0,0,0,1,0,0,5,0,0,0,3,0,0,0,0,0,0,0,0,10,15,0,0,0,0,0,0,0,0,0,0,6,7,0,0,0,0,0,0,0,0,0,4,0,0,0,2,38,0,0,0,0,2,0,0,0,48,34,0,0,0,0,0,0,0,0,0,0,0,0,0,0,0,0,0,0,0,0,0,0,1,0,0,0,0,0,0,2,0,0,0,0,0,0,0,0,0,192,0,0,0,0,0,0,0,0,0,0,0,0,0,19,0,0,0,0,0,0,0,0,0,22,0,0,0,0,192,0,0,0,0,0,0,0,0,0,0,0,0,37,0,0,0,40,17,0,0,0,0,0,2,0,0,0,0,0,0,0,0,30,0,0,0,3,0,0,0,26,0,0,0,0,0,1,0,0,1,0,0,0,0,0,0,2,0,22,34,0,0,33,16,0,0,0,86,0,0,0,1,0,23,9,1,121,0,6,0,0,0,65,2,0,0,0,0,4,0,27,0,1,22,0,0,0,0,2,103,0,14,14,0,0,15,0,6,0,16,10,0,0,0,0,15,0,0,0,0,0,0,0,0,0,7,0,0,1,0,51,0,19,0,4,0,0,0,0,0,0,0,12,1,0,0,0,0,0,1,0,2,1,4,12,0,0,0,0,76,0,1,0,0,0,0,0,0,0,0,0,28,2,0,0,1,0,0,0,0,0,0,0,3,0,0,1,0,13,0,9,1,0,0,0,0,86,9,0,54,0,0,23,0,0,0,0,2,0,0,37,0,0,0,1,0,0,0,0,0,0,0,0,1,0,0,1,0,0,0,0,0,0,1,0,0,0,0,8,0,1,25,0,0,0,0,0,0,0,4,0,0,0,0,5,0,0,0,0,0,0,0,0,0,0,0,0,0,0,0,0,0,0,0,8,1,16,1,0,0,0,0,0,0,0,0,0,0,0,0,47,0,0,2,0,0,0,0,0,0,0,0,0,0,0,42,0,55,0,0,0,0,0,0,0,0,0,0,0,0,0,0,0,0,0,59,0,0,0,0,15,0,0,0,0,0,0,0,0,0,0,16,0,0,0,0,0,0,0,0,0,0,0,1,0,0,0,0,0,0,0,0,1,0,0,0,0,0,0,0,0,0,0,0,0,0,3,12,0,0,0,0
"gene_554",0,0,0,0,0,0,0,0,0,0,0,0,0,0,0,0,0,0,0,0,0,0,0,0,0,0,0,4,0,0,0,0,0,0,0,0,0,0,0,0,0,0,0,0,0,0,0,0,0,0,0,0,0,0,0,0,0,0,0,0,0,0,0,0,0,0,0,0,0,0,0,0,0,0,0,0,0,0,0,0,0,0,0,0,0,0,0,0,0,0,0,0,0,0,0,0,0,0,0,0,0,0,0,0,0,0,0,0,0,0,0,0,0,0,0,0,0,0,0,0,0,0,0,0,0,0,0,0,0,0,0,0,0,0,0,0,0,0,0,0,0,0,0,0,0,0,0,0,0,0,0,0,0,0,0,0,0,0,0,0,0,0,0,0,0,0,0,0,0,0,0,0,0,0,0,0,0,0,0,0,0,0,0,0,0,0,0,0,0,0,0,0,0,0,0,0,0,0,0,0,0,0,0,0,0,0,0,0,0,0,0,0,0,0,0,0,0,0,0,0,0,0,0,0,0,0,0,0,0,0,0,0,0,0,0,0,0,0,0,0,0,0,0,0,0,0,0,0,0,0,0,0,0,0,0,0,0,0,0,0,0,0,0,0,0,88,0,0,0,0,0,0,79,0,0,0,0,0,0,0,0,0,0,0,0,0,0,0,0,0,0,0,0,0,0,0,0,0,0,0,0,0,0,0,0,0,0,3974,0,0,0,0,0,0,0,1,0,0,0,0,0,0,0,0,0,0,0,0,0,0,2,0,0,9,0,0,0,0,0,0,0,0,0,0,0,0,0,0,0,0,0,0,0,0,0,0,0,0,0,0,0,0,0,0,0,0,0,0,0,13,0,0,0,0,0,0,0,0,0,0,0,0,0,0,0,0,138,0,0,0,0,0,8,0,0,0,0,0,0,0,0,0,0,0,0,0,0,0,0,0,0,0,0,0,0,0,4607,0,0,0,0,0,0,0,0,0,0,0,0,0,0,0,0,0,0,75,0,62,0,0,0,0,0,130,106,0,0,0,0,0,0,0,0,1,0,0,41,0,0,0,0,0,0,588,0,0,0,78,9,0,0,0,0,0,0,0,1,0,0,0,3,0,0,0,0,0,128,0,0,101,0,0,0,0,0,0,0,0,0,0,0,0,0,0,0,0,0,0,0,0,0,0,0,5,136,0,0,35,0,0,0,0,0,0,14,0,0,0,0,0,0,0,1,0,2,1,0,0,4,0,0,0,0,0,0,0,63,0,0,2,0,0,0,14,472,0,0,28,0,0,1,0,0,0,0,0,0,0,0,0,0,0,0,1,142,1,0,0,106,0,0,0,0,3,4,0,0,0,382,0,0,0,0,0,0,0,277,0,0,0,0,0,0,0,0,0,7,0,0,0,0,0,0,0,0,0,0,184,0,0,0,0,0,0,4312,72,18,0,1,0,1,0,0,0,0,0,0,2817,27,0,0,0,0,0,0,0,3,0,78,0,0,0,20,0,0,0,0,0,0,1189,0,0,0,0,0,0,0,0,0,0,0,0,0,0,0,0,0,0,0,0,0,0,0,0,0,0,0,0,0,0,207,0,0,0,8,0,0,0,0,0,0,0,0,0,0,0,0,0,2098,0,0,0,28,384,0,0,0,0,0,0,0,0,0,0,2,0,0,0,0,0,0,0,0,0,0,0,0,0,286,0,0,0,0,0,0,0,0,7,329,0,0,0,0,0,0,0,0,108
"gene_555",0,0,0,0,0,0,0,10,0,0,2,46,0,0,0,0,0,0,0,0,0,25,0,0,0,0,0,0,0,0,0,0,0,0,0,11,0,248,0,0,0,0,0,0,122,91,0,0,6,3,0,7,0,0,0,0,0,0,0,0,0,3,13,0,7,2,0,1,57,0,0,0,7,4,0,0,0,0,0,0,0,0,0,0,0,0,0,0,0,0,9,0,0,0,0,0,0,0,0,4731,0,0,0,0,0,0,12,703,0,0,0,0,0,0,0,0,0,0,0,0,0,0,0,0,0,0,0,0,0,0,0,0,0,28,0,5,569,0,0,6,0,0,0,0,0,0,0,0,0,0,0,0,0,0,0,0,0,0,0,6,0,0,0,0,0,0,0,0,0,0,0,0,10300,0,0,0,2146,0,0,0,0,46,0,0,0,0,47,0,1,0,0,0,0,0,6,0,0,0,0,0,0,0,0,0,0,0,0,0,0,0,0,0,0,0,39,0,0,62,0,0,3,0,0,0,0,0,0,0,2,0,0,0,0,0,0,0,0,0,0,0,0,0,1,0,0,0,0,0,0,1,0,0,0,0,0,0,0,98,0,0,0,0,0,0,0,0,0,0,0,0,0,0,0,0,0,0,0,0,0,665,0,0,0,0,0,389,0,0,0,0,0,0,0,0,0,0,0,0,12,3,0,0,0,0,0,0,0,0,0,0,17,0,0,126,0,0,0,0,1,2,0,0,0,0,0,0,0,0,0,0,0,0,0,0,0,0,0,96,0,0,0,0,0,0,0,0,0,0,0,0,0,0,0,0,2,0,0,0,0,0,0,0,0,0,0,0,0,2,0,0,0,0,0,0,0,724,0,0,0,0,0,0,0,4,0,0,0,0,2,0,0,0,0,0,0,0,0,0,0,0,0,0,0,0,0,0,0,0,0,147,0,0,0,0,0,0,0,0,14,0,0,0,0,0,0,150,0,0,0,171,0,0,3,0,0,0,0,0,0,0,0,0,0,45,0,0,0,0,224,0,11,0,7,0,0,0,0,0,0,0,0,0,0,0,0,0,0,0,6,0,0,1588,0,0,0,195,0,0,0,4,0,0,0,1,0,0,0,0,0,96,0,0,30,0,2093,0,0,0,0,0,0,0,0,393,0,0,0,0,0,0,6,0,554,0,0,0,0,4,17,0,0,0,2,0,0,0,0,0,125,0,0,0,0,0,165,110,0,0,0,0,0,0,0,0,0,0,0,0,0,0,0,0,0,0,0,0,0,0,0,0,87,1020,0,0,8,419,3386,0,0,0,0,0,0,0,0,0,0,0,0,0,0,0,0,0,918,0,0,0,0,0,0,0,0,0,0,0,0,0,0,0,0,0,0,0,0,0,0,0,0,0,0,0,0,0,0,0,792,0,0,120,0,0,0,0,0,0,0,0,326,0,0,0,0,0,0,0,0,0,0,126,0,0,0,102,0,0,0,0,0,0,2,0,0,0,0,0,0,0,0,0,0,0,0,0,0,0,0,0,0,1,0,0,0,0,0,0,0,0,0,0,0,20,0,0,0,0,0,0,0,0,0,0,0,0,0,0,0,3,0,0,0,0,0,0,0,0,0,0,14,74,0,0,0,0,0,0,0,398,0,0,0,0,0,0,0,0,0,0,0,0,0,0,0,0,0,0,0,0,0,0,0,0,0,0,289,0,0,0,0,0,0,0,0,0,0,0,0,0
"gene_556",0,0,0,0,0,0,0,0,0,0,0,0,0,0,0,0,0,0,0,0,0,0,0,0,0,0,0,0,0,0,0,0,0,0,0,0,0,0,0,0,0,0,0,0,0,0,0,0,0,0,0,0,0,0,0,0,0,0,0,0,0,0,0,0,0,0,0,0,0,0,0,0,0,0,0,0,0,0,0,0,0,0,0,0,0,0,0,0,0,0,0,0,0,0,0,0,0,0,0,0,0,0,0,0,0,1,0,0,0,0,0,0,0,0,0,0,0,0,0,0,0,0,0,0,0,0,0,0,0,0,0,0,0,0,0,0,0,0,0,0,1826,0,0,0,0,0,0,0,0,0,0,0,0,0,0,0,0,0,0,1,0,1,0,0,0,0,0,0,0,0,0,0,18453,0,0,0,0,0,0,0,0,0,0,0,0,0,0,0,0,0,0,0,0,0,0,0,0,0,0,0,0,0,0,0,0,0,0,0,0,0,0,0,0,0,0,0,0,0,0,0,0,0,0,0,0,0,0,0,0,0,0,0,0,0,0,0,0,0,0,0,0,0,0,0,0,0,0,0,0,0,0,0,0,0,0,0,0,0,0,0,0,0,0,0,0,0,0,0,0,0,0,0,0,0,0,0,0,0,0,0,0,0,0,0,0,0,0,0,0,0,0,0,0,0,0,0,0,0,0,0,0,0,0,0,0,0,0,0,0,0,0,0,0,0,0,0,0,0,0,0,0,0,0,0,0,0,0,0,0,0,0,0,0,0,0,0,0,0,0,0,0,0,0,0,0,0,0,0,0,0,0,0,0,0,0,0,0,0,0,0,0,0,0,0,0,0,0,0,0,0,0,0,0,0,0,0,0,0,0,0,0,0,0,0,0,0,0,0,0,0,0,0,0,0,0,0,0,0,0,0,0,0,0,0,0,0,0,0,0,0,0,0,0,0,0,0,0,0,0,0,0,0,0,0,0,0,0,0,0,0,0,0,0,0,0,0,0,0,0,0,0,0,0,0,0,0,0,0,0,0,0,0,0,0,0,0,4,0,0,0,0,0,0,0,0,0,0,0,0,0,0,0,0,0,0,0,0,0,0,0,0,0,0,0,0,0,0,0,0,0,0,0,0,0,0,0,0,0,0,0,0,0,0,0,0,0,0,0,0,0,0,0,0,0,0,0,0,0,0,0,0,0,0,0,0,0,0,0,0,0,0,0,24,0,0,0,0,0,0,0,0,0,0,0,0,0,0,0,0,0,0,0,0,0,0,1,0,0,3,0,0,0,0,0,0,0,0,0,0,0,0,0,0,0,0,0,0,0,0,0,0,0,0,0,5,0,0,0,0,0,0,0,1,0,0,0,0,0,0,0,0,0,0,0,0,31,0,0,0,0,0,0,0,0,0,0,0,0,0,0,0,0,146,12,0,0,0,0,0,0,0,0,0,0,0,0,0,0,0,0,0,0,0,0,0,0,0,0,0,58,0,0,0,0,0,0,0,0,0,0,0,0,0,0,0,0,0,0,0,712,0,0,0,0,0,0,0,0,0,0,0,0,0,259,0,0,0,0,0,0,0,0,0,0,0,0,0,0,0,0,0,0,0,0,0,2,0,0,0,0,0,0,0,0,0,0,0,0,0,717,0,0,0,0,0,0,310,0,0,0,0,0,0,0,0,0,0,0,0,0,0,0,0,0,0,0,0,0,0,0,0,0,0,2,0,0,0,0
"gene_557",75,0,4211,0,0,0,0,0,0,1,0,1002,5,0,0,0,134,0,0,0,1,0,0,15,0,0,3,0,0,0,0,0,0,0,0,416,1,1,327,79,1,218,0,0,0,0,0,61,0,5427,0,0,0,20,0,0,0,0,0,0,3,0,33,0,0,0,0,0,0,853,0,958,3,0,3,13,0,0,0,0,13,2,0,1383,1504,0,138,3,0,0,0,0,0,46,1,0,1,0,4653,0,7,0,8,0,0,0,25,1,0,0,40,0,0,0,1605,6,42,0,0,0,5,3,0,0,0,62,0,22,2,0,5,183,0,0,0,0,10,0,42,177,52,0,192,1,9,0,0,0,1090,0,374,0,0,28,72,0,0,164,143,0,136,0,0,0,2749,253,251,0,0,419,0,1,0,0,2,4036,8484,25,0,758,0,0,0,21,135,0,0,367,0,0,7,12,0,39,73,1,0,0,6,93,0,1,2491,0,0,0,9026,0,0,0,0,0,4,0,0,10,0,2,0,173,264,44,0,0,15,3,0,0,0,0,0,0,71,0,3,105,544,17,371,6,0,2246,0,0,0,7499,0,619,1,0,573,192,0,179,1444,5,0,0,0,1,0,0,0,0,0,0,0,0,0,0,0,0,0,150,0,0,0,0,0,0,0,0,0,0,0,0,0,0,0,0,0,0,5,38,0,0,0,4,0,0,0,0,0,0,0,0,17,0,0,0,0,0,0,0,0,0,0,0,0,0,0,5,0,0,0,0,0,0,0,0,0,4,0,0,0,0,0,0,47,0,0,0,0,0,0,0,947,0,111,0,0,14,0,0,0,0,0,0,0,0,0,0,0,0,156,0,0,0,0,0,362,0,0,0,0,0,0,0,0,0,1,0,0,1,0,0,0,6,0,0,0,556,0,0,0,0,0,0,35,0,0,3,0,40,0,0,0,106,0,0,0,0,0,0,0,0,0,0,0,2,0,17,0,1,0,0,82,0,0,0,0,9,333,1,221,1,118,0,0,3213,0,300,0,420,8,1127,1022,3,0,0,651,36,233,38,414,17,0,10,5094,4129,4233,2,16,429,300,0,0,14,17,0,0,0,87,27,1,13,0,2,1,0,11,0,28,194,0,61,0,6,0,16,0,0,0,36,0,58,0,2,3,2110,92,1523,36,469,213,1431,1,1859,20,96,1555,109,355,5,0,380,0,0,398,0,14,2327,52,5,0,13,64,23,85,0,0,16,0,0,385,0,3,766,6729,0,1657,2259,14,0,0,0,7,1474,4,0,0,615,0,0,8,2,246,0,313,0,1344,348,0,2028,4,0,0,1,0,67,1,9,30,291,0,0,12905,153,1793,0,0,0,2232,0,0,0,0,0,3,0,78,0,77,0,20,0,354,8,0,1,0,1844,66,2992,0,8071,8363,0,8,28,0,0,0,56,0,0,0,0,0,0,2545,0,575,6,0,2,0,3,0,0,0,0,0,0,0,0,16,853,0,732,0,0,1156,42,127,551,0,1,0,3395,3862,6635,2,0,1058,0,0,0,0,20,7,1691,0,382,0,0,0,0,0,1107,1992,0,0,0,3,12,0,0,0,0,2,27155,0,278,0,0,0,0,0,7658,3,0,0,15552,3943,19,139,0,0,0,0,0,759,0,4315,0,404,0,0,0,0,396,15,0,0,0,0,0,0,0,0,1587,0,0,102,0,0,45,0,0,19,0,0,14,893,0,1205,860,0,0,3264,0,6745,0,2,2,0,0,0,0,4,196,0,605,4,0,0,1599
"gene_558",0,39,0,0,0,0,156,0,0,0,389,0,0,0,22,1,0,4181,0,0,0,0,0,0,0,7,0,19,0,0,0,0,0,0,0,0,4,0,34,53,0,0,0,0,0,0,59,0,0,0,0,0,0,0,3304,8,0,0,0,0,0,0,0,0,0,0,0,0,0,2,0,0,0,0,0,0,0,0,0,0,1,0,10,0,0,0,0,0,0,0,0,0,0,0,0,0,0,0,0,0,0,0,0,0,0,0,0,0,0,0,0,0,0,0,0,0,0,0,0,0,0,0,0,0,0,0,0,0,0,0,0,0,0,0,0,0,0,0,0,0,0,0,0,0,0,0,0,0,0,0,0,0,0,0,0,0,0,0,0,0,0,0,0,0,0,0,0,0,0,0,0,0,0,0,0,0,0,0,0,0,0,0,0,0,0,0,0,0,0,0,0,0,0,0,0,0,0,0,0,0,45,0,0,0,0,0,0,0,0,0,0,0,0,0,0,0,0,0,0,0,0,0,0,0,0,0,0,0,0,20,0,0,0,0,0,0,0,0,0,0,0,0,0,0,0,0,0,0,55,0,0,0,0,0,0,0,0,0,0,0,0,0,0,312,0,0,0,0,0,3,0,0,0,0,1919,0,0,0,0,0,0,0,0,67,0,0,0,0,190,2,0,0,0,0,0,0,0,0,0,0,0,0,0,0,0,0,0,1,0,0,0,0,0,0,0,0,0,0,0,0,0,0,0,0,0,0,0,0,0,0,0,0,0,0,0,0,0,0,0,0,0,0,0,0,0,0,0,0,278,0,0,0,0,0,0,0,0,0,0,0,0,0,0,0,0,0,0,0,0,0,1200,879,0,0,0,0,0,0,0,0,0,0,0,0,0,0,2,0,0,0,0,0,0,0,1,919,222,387,0,0,0,0,0,30,0,0,0,0,0,0,0,0,0,0,0,0,0,0,0,18,0,0,0,0,0,0,0,1,0,0,508,279,0,922,1407,21,0,218,1268,7651,223,232,8,2119,0,0,1505,3,0,0,0,0,0,0,0,2,12,0,0,0,0,0,0,0,338,0,6163,2,0,0,0,0,0,0,1399,0,0,0,144,343,0,0,5,0,0,0,0,0,0,22,0,0,0,1,0,82,0,11,1,0,0,0,139,0,0,46,0,0,0,0,998,174,239,739,0,3,3,27,0,0,0,0,0,0,0,368,0,0,0,0,0,0,7,256,8,0,0,0,179,0,0,0,0,30,52,0,175,0,0,102,0,0,0,0,1,400,317,89,1,0,504,0,796,0,1,1,261,9,0,254,0,329,0,0,0,0,162,0,0,288,42,24,0,0,995,0,1,0,0,0,0,0,0,0,0,0,0,0,0,726,48,0,0,0,0,0,1,0,0,0,0,0,0,0,0,0,0,0,0,0,0,0,0,0,4,0,12,316,4093,0,0,0,0,0,4,0,0,0,0,0,0,0,0,0,0,843,0,1522,92,0,0,1485,6,0,0,7,0,0,0,0,0,0,0,0,2,0,0,0,0,0,0,0,0,1,0,0,0,0,0,0,0,0,5,0,5,0,0,0,0,30,0,0,994,0,0,0,0,0,0,0,0,0,0,0,0,449,3,34,0,0,0,0,0,0,0,2601,0,0,0,0,0,73,0,0,0,0,0,0,0,0,0,0,0,0,20,0,0,0,0,0,0,0,0,1,0,0,0,0,54,0,0,19,0,0,28,0,1,0
"gene_559",1,828,42,97,24,955,12,1695,13,1,2,0,242,0,1,138,0,114,23,34,1,4,2314,3586,0,1,2437,2,0,12,1509,0,0,1678,1,975,3,0,165,0,4157,20,61,308,0,51,10,292,0,2640,0,7238,13,0,0,6,261,65,3962,1,389,6,1911,195,18,3,85,3,32,1,0,582,0,23,237,0,0,0,18,33,1571,506,15,1222,10,239,605,1295,0,252,1838,3111,20,0,73,0,4302,599,1,122,265,873,941,17,27,0,80,402,2327,854,4480,10,112,538,2657,44,13,0,0,828,307,59,68,1,184,218,110,76,1139,2272,35,4,1416,70,2580,0,56,5337,1037,187,221,39,382,1187,0,402,1576,28165,26,0,2115,0,15060,1781,2241,929,1034,7,80,0,13590,0,306,32,44,36,939,92,31,1612,0,2710,253,1,1348,11807,9652,0,329,3445,3423,5,11406,0,217,230,937,2,2915,243,3,761,0,9,755,2428,14411,0,7645,979,0,159,7,1491,2,20,0,2740,31,36,8,1,2795,214,0,2779,23,0,0,1,27,2,109,25933,2654,1,735,44,148,352,290,0,84,35,63,427,48,205,1301,175,11,23298,2132,5578,3,0,16797,2410,176,34,17048,1275,6730,1929,230,0,12373,0,88,0,0,12,46,410,0,0,1948,341,25,6,0,40,490,522,355,5,649,554,0,4,210,1938,1,16,104,27,13,4937,404,6141,58,9,5,119,20,2,34,0,1340,47,199,5790,0,1370,1,689,1079,600,3,0,5299,848,2273,249,3487,710,1969,0,55,540,813,38,2,226,11,16,1398,5711,1755,7,4946,0,47,947,28,0,4,1,114,22,0,45,717,2,97,28,7710,24,2186,31,4,705,1040,1155,3741,1311,0,1205,1398,877,264,1,2495,1,626,43,143,119,1089,266,42,136,687,1563,0,774,319,2,5041,69,0,2799,26,118,546,90,12422,3,227,127,0,104,1777,143,69,662,0,194,3585,5271,8,0,78,3262,7,9422,151,0,2994,0,30,3752,30,163,150,4804,16,75,0,163,991,6753,1635,1190,5,14,40,0,582,211,0,1322,4,0,1289,0,7,0,10,208,0,0,0,133,31,8,0,56,0,7,402,0,5,8,1,135,1,2,1632,1,0,981,250,714,5,214,0,0,546,0,158,0,142,240,1,2,0,1848,0,2,12,1336,3,70,1,0,0,39,65,412,0,33,0,8,18,89,14,834,41,1,0,28,0,0,2111,2403,0,0,162,0,4521,1,0,10,11,104,0,0,5354,0,14,0,1100,0,223,717,0,3114,4482,26,99,0,277,4,12,1139,764,632,3,1101,0,13,0,0,1808,166,0,14,2,0,0,0,47,947,0,39,81,108,0,262,9,0,2,0,0,592,0,22,0,562,0,2815,0,0,44,160,5205,376,0,1,0,186,0,62,1379,146,96,1,10,933,1,0,143,0,11,0,0,2,23,1,3,1522,0,418,746,4393,0,0,4,97,0,332,0,11,169,0,0,1,2596,4,0,0,0,239,136,2,0,15934,0,244,227,0,2,371,2044,292,2,103,0,3,2,923,7807,0,3,101,590,0,0,0,123,25,864,0,222,2,133,231,0,17,5,3483,0,0,2011,148,345,98,1373,4881,0,0,815,166,0,54,0,0,0,35,346,15,49,0,238,16,290,0,0,0,0,0,2007,1,0,4,9,211,0,14,50,0,0,28,4,0,416,0,0,0,0,798,1,6,0,0,0,4631,0,1,0,182,239,240,0,994,0,186,5,952,0,16,0,10,0,1,278,175,36,10,3337,74,5,608,0,0,0,50,639,4827,2,2944,81,9483,0,5992,0,1021
"gene_560",0,0,0,0,0,0,0,0,0,0,0,0,0,0,0,0,0,0,0,0,0,0,0,0,0,0,0,0,0,0,0,0,0,0,0,0,0,0,0,0,0,0,0,0,0,0,0,0,0,0,0,0,0,0,0,0,0,0,0,0,0,0,0,0,0,0,0,0,0,0,0,0,0,0,0,0,0,0,0,0,0,0,0,0,0,0,0,0,0,0,0,0,0,0,0,0,0,0,0,0,0,0,0,0,0,0,0,0,0,0,0,0,0,0,0,0,0,0,0,0,0,0,0,0,0,0,0,0,0,0,0,0,0,0,0,0,0,0,0,0,0,0,0,0,0,0,0,0,0,0,0,0,0,0,0,0,0,0,0,0,0,0,0,0,0,0,0,0,0,0,0,0,0,0,0,0,0,0,0,0,0,0,0,0,0,0,0,0,0,0,0,0,0,0,0,0,0,0,0,0,0,0,0,0,0,0,0,0,0,0,0,0,0,0,0,0,0,0,0,0,0,0,0,0,0,0,0,0,0,0,0,0,0,0,0,0,0,0,0,0,0,0,0,0,0,0,0,0,0,0,0,0,0,0,0,0,0,0,0,0,0,0,0,0,0,0,0,0,0,0,0,0,0,0,0,326,0,0,0,0,64,1,0,0,0,0,0,0,0,0,0,0,0,0,0,1143,776,0,0,0,0,0,0,0,0,0,0,0,2,0,0,0,0,0,0,0,0,0,0,0,0,0,0,0,0,0,0,0,0,0,0,0,0,0,0,0,0,1472,0,0,0,0,0,33,0,0,0,0,0,0,0,0,1,0,0,0,0,0,0,0,0,0,0,0,0,0,0,24,0,0,0,0,0,0,0,0,0,0,0,0,0,0,0,0,0,0,0,0,0,0,0,0,0,0,3,0,0,0,0,5,0,0,0,597,0,0,0,0,0,0,0,0,0,7,0,0,0,0,0,0,0,3,0,0,0,0,0,0,0,0,0,0,0,0,0,2,0,37,0,0,0,0,0,0,0,0,0,0,0,0,0,0,0,0,0,0,0,0,0,0,0,0,0,0,0,0,0,0,0,0,0,0,0,0,0,0,0,0,0,0,0,0,0,0,0,159,0,0,0,0,0,0,0,0,0,0,0,0,0,0,0,0,0,0,0,0,0,0,0,0,0,0,0,0,0,0,0,0,0,0,0,0,0,0,0,0,0,0,0,0,0,0,0,0,0,0,0,0,0,0,0,0,0,0,0,0,0,0,0,0,0,0,0,0,0,0,0,12,0,2,0,0,0,0,0,0,1,0,0,0,0,951,0,0,0,0,0,0,1,0,0,0,0,0,0,0,0,0,355,0,0,0,0,0,0,0,0,0,14,0,0,0,0,0,0,0,0,0,0,0,0,0,0,0,0,0,0,0,0,0,0,0,0,0,0,0,0,0,0,0,0,0,0,0,0,0,439,0,0,401,0,0,0,0,0,0,0,0,0,0,0,0,0,0,0,0,0,536,0,0,2,0,0,0,1,261,0,0,0,0,0,0,0,0,0,0,0,8,979,0,0,0,0,0,0,0,0,0,0,10,31,0,0,0,0,0,0,0,0,0,0,0,0,1433,0,0,0,0,0,621,5,0,0,50,124,0,14,0,0,116,0,0,260,0,0,0,0,0,0,0,0,0,0,0,0,1,0,0,0,0,0,0,0,229,0,0,0,0,0,0,0,0,0,1392,0,0,968,0
"gene_561",0,0,0,11,0,2568,3525,1912,1,71,0,0,232,539,631,1,26,0,0,0,0,0,0,0,0,12,519,618,0,0,0,0,0,16,265,6,81,0,4,1128,165,0,0,0,279,19,24,12,19,0,26,0,0,1194,1926,2,890,0,2,0,11,141,0,0,39,2,284,125,0,1166,1969,0,53,106,1405,0,43,6,0,6,809,276,31,2851,0,4334,0,97,214,231,16,0,424,0,216,480,0,226,6827,0,0,4505,0,0,250,0,3822,10,0,0,22248,324,0,3,1309,22,777,0,65,0,0,1296,13,0,0,0,0,0,0,3228,0,0,130,2441,53,0,0,19,170,54,31,0,0,0,5,5624,9073,42,8770,870,5,0,5072,0,0,134,0,6784,2,0,2816,2136,1,0,0,20,38,7172,0,0,8,268,9825,193,0,4,0,0,672,2,0,946,1725,173,142,3,0,25964,2,0,0,2828,3,909,353,0,0,0,790,179,840,80,8,0,0,375,0,0,94,0,1682,1509,2845,867,8244,1388,49,3372,22,45,0,54,0,8221,2228,166,0,1014,0,19,0,1968,0,0,1535,9,577,0,1740,0,0,0,0,175,14,0,0,32,1027,0,1,198,863,6,264,12,3264,0,235,132,0,0,9,671,0,10,0,880,1213,2097,0,887,1445,7,9885,8,76,0,1188,1,507,9,24,1003,470,523,6723,1110,0,167,429,226,0,292,44,160,4,1964,2206,0,4,22,17,1828,0,0,17,44,495,0,0,349,0,140,0,0,28,1926,12,4260,11,58,1990,14,1,624,759,7771,0,1,154,1,236,4,11,297,0,0,191,15,245,0,129,3,0,0,3940,1,0,1895,696,0,173,2,598,682,1145,18,0,7,170,1105,1389,78,719,0,0,0,4,69,0,1,4617,6,7,9849,3088,97,0,1375,605,0,3,0,3124,458,1117,438,310,209,779,2370,237,1034,202,10,181,51,3345,373,1722,6,0,196,482,0,9998,171,20,0,3406,43,52,33,0,3,0,7,0,148,113,0,0,6694,1,0,100,83,3411,516,0,0,340,0,0,17,539,23,0,17,9,0,0,185,53,61,250,0,1,18,118,137,0,1,503,28,0,143,23,0,0,0,0,508,470,0,7,219,1084,0,7,1,0,10,467,1,491,100,709,0,5,30,204,44,0,187,30,93,0,0,0,2,0,4,0,0,0,0,325,25,323,3,0,33,0,0,171,2742,1541,989,0,937,624,0,1,0,0,25,184,11,43,0,0,0,1,0,6,140,200,0,133,0,0,30,1350,80,30,0,25,90,134,246,1684,2,113,287,7,0,0,357,4,0,0,0,0,1492,9,3476,2,12,0,39,6,1,0,13,3429,31,5,235,17,895,0,930,0,0,0,0,0,18,14,73,0,0,0,322,0,209,458,0,0,0,0,57,59,1,25,0,0,2038,38,95,0,2,218,0,0,22,277,29,65,145,40,0,0,0,9,0,0,0,7791,3903,0,928,0,0,114,0,0,6,0,1174,82,0,0,0,1,0,59,0,0,0,534,0,12,1050,0,225,0,0,29,4,425,238,0,0,0,0,0,9,53,0,433,0,17025,0,0,9,380,0,0,0,0,15,0,39,0,0,0,884,16,50,0,3322,13,0,211,5,0,9,0,2,0,0,0,0,0,36,8,0,1258,4,0,0,0,0,0,0,106,0,0,1,14,2,0,2448,314,5,0,9,0,0,0,3189,0,0,1016,152,3751,0,0,17,0,0,7,0,6,0,0,0,0,0,0,735,2,0,0,1,12,0,0,0,0,181,0,0,1,5
"gene_562",0,0,0,0,0,2,1,1,0,0,1,1,0,0,0,0,1,0,0,0,0,0,0,1,2,0,1,0,0,1,1,0,0,0,0,0,0,1,0,0,0,0,0,7,0,0,0,0,0,0,0,1,0,0,0,0,0,1,0,0,0,0,0,0,0,2,0,0,0,0,0,3,0,0,0,0,0,0,0,0,0,0,0,0,0,0,1,3,4,0,1,1,0,0,0,0,0,0,0,0,0,27,0,0,0,0,0,0,0,0,0,0,0,98,0,0,0,8,0,0,0,0,0,0,0,0,158,0,0,0,0,0,0,0,0,0,518,0,0,0,0,0,0,970,0,307,0,0,0,386,3463,145,0,0,0,0,0,0,0,0,0,0,0,0,0,1668,0,0,0,0,0,0,0,0,0,2496,0,0,0,0,0,0,715,0,0,0,0,0,3,0,0,0,0,0,0,13,0,0,0,0,0,0,0,0,0,0,0,0,4,0,0,0,0,0,0,411,0,0,11,0,0,0,0,0,0,0,0,0,356,0,0,224,0,0,0,0,0,0,0,0,0,0,0,0,0,0,47,0,0,0,0,0,0,0,0,0,0,0,0,0,1169,0,44,0,2,165,0,6,0,0,0,2,47,0,6,2109,15,42,0,68,0,15,212,0,0,242,23,100,2878,0,0,0,1,29,2627,154,0,1,117,0,23,2,1,17,0,242,0,0,8,302,489,1139,13,158,144,675,0,0,88,591,0,0,0,0,31,0,3,0,20,4,0,120,467,68,2,1,18,5,2,1,66,702,30,8,0,0,4145,0,1610,16,39,80,0,0,33,1,0,278,0,0,33,28,15,18,1,1497,76,1818,0,0,364,0,77,409,27,0,9,0,880,5,3862,1781,459,782,49,581,81,423,74,1,7,0,3409,0,1,2,310,124,407,93,3,949,1,1043,0,6,161,386,10,366,163,11,1999,0,1948,12,1,421,182,8,0,3,0,702,0,2731,0,270,7082,0,252,1234,53,0,616,0,91,706,1577,1163,0,26,2629,377,3206,1520,1089,376,489,4393,579,3047,725,2,2292,355,57,274,417,71,214,261,0,807,114,0,1821,6208,1003,708,162,3,2,163,182,7,124,78,907,2,1975,1452,26,6,3,83,583,0,5723,0,56,607,14,1237,3108,19,16,4,1532,4,1867,293,318,425,0,0,1006,2142,4,60,316,0,295,145,224,0,0,365,0,3168,0,2717,5668,553,105,446,0,2511,1257,7,1646,508,1872,29,3621,47,22,2911,12,458,2013,3166,80,3426,718,99,374,225,0,1986,209,921,3070,1394,13,2289,0,0,124,132,518,0,12,32,639,36,0,0,47,79,1162,1668,0,0,1612,15,0,3,29,43,444,0,0,0,0,33,40,9,5288,1989,32,0,598,250,33,439,0,0,81,165,0,122,0,0,602,34,0,4,4134,3,17,1173,40,2713,472,142,7,37,0,0,28,1095,319,639,166,0,0,975,0,7,808,140,32,0,1469,72,0,547,0,0,296,8405,1081,1448,18,12,0,181,12,0,3,0,312,0,14,0,53,1095,0,0,1785,1,0,0,28,0,24,0,79,355,249,0,40,10,0,1,2648,504,3961,1940,0,46,44,4,0,948,0,0,2,0,0,2038,2510,762,6,0,751,127,0,0,3158,140,53,338,1,1,71,0,6,49,0,4,0,0,1,5,10,0,5664,59,238,781,1,3,2046,4028,9995,2516,18,83,0,3027,0,102,0,20675,399,4270,0,4,508,67,258,1060,0,52,0,3555,0,42,2366,1529,141,0,57,0,239,1
"gene_563",130,869,3318,394,704,2,208,1024,346,1,0,0,22,0,0,1979,259,268,15,96,23,65,844,250,1,1,216,241,675,645,704,3,16,32,35,0,20,156,52,16,2,30,6,785,0,19,15,1004,30,5,0,32,0,0,394,91,498,85,492,0,14,124,728,269,1,105,32,166,55,0,0,0,0,0,12,5,1081,340,0,967,74,586,92,9,7,2378,3,125,3,2,15,0,5318,2,163,71,73,255,89,0,2029,1291,616,934,0,9,3,0,0,183,0,0,0,0,6665,855,0,0,185,0,0,126,1,52,10773,0,0,79,0,311,210,5432,12,0,3232,23,490,73,0,190,2074,1700,2716,1862,1,1362,316,0,6,4,165,21,42,8,40,133,6,251,147,7,4408,0,0,240,1,492,262,41,104,0,158,38,0,386,34,19,4,0,9052,1,25,0,0,13218,0,22574,0,0,0,6,72,921,1216,18,74,185,0,0,0,1,0,51,0,0,383,0,0,0,649,242,0,1192,2,109,2,403,265,661,75,0,0,0,0,34,176,2228,593,0,0,6,0,3146,0,0,4,0,0,0,192,48,1,0,32,623,1361,1918,268,35,73,0,0,543,0,335,27,599,1751,0,0,1854,0,0,0,0,0,0,0,0,0,0,0,0,0,0,0,0,0,0,0,0,0,0,0,13,0,127,0,1677,0,0,0,0,0,0,0,0,0,3,0,0,0,0,0,0,0,0,0,0,0,0,0,0,0,10,0,0,0,0,0,0,0,0,0,0,0,0,0,0,2,0,0,0,0,0,0,0,0,0,0,0,0,0,0,0,0,10,0,0,0,0,0,0,0,0,0,0,0,0,1,0,0,2,131,0,0,0,0,0,0,0,0,0,4,0,4,0,0,0,0,0,0,4898,0,0,0,0,0,0,1,0,0,0,0,0,0,0,266,0,0,0,227,0,0,0,0,28,587,0,0,0,0,8,0,0,0,0,0,0,2707,0,0,0,0,0,0,0,0,45,0,3,0,0,0,24,0,0,0,0,0,106,0,0,0,0,54,0,0,0,0,0,0,0,0,0,0,0,0,0,0,0,0,0,0,0,0,130,5,0,3613,0,0,0,0,0,67,72,1,0,0,0,0,0,0,0,0,0,0,0,0,0,145,102,0,0,0,2,0,9,3024,0,0,0,0,12381,1032,0,0,0,0,0,0,0,0,0,0,19,0,0,0,0,0,0,1055,0,0,0,0,0,0,0,0,0,0,0,99,0,4,222,0,0,0,0,0,0,0,0,0,0,0,0,4,0,0,0,0,3752,2,0,0,0,0,310,18,0,0,0,0,0,0,0,0,0,0,0,0,0,0,0,0,0,0,1,0,0,2,0,0,0,2,12,0,0,0,0,0,0,0,0,0,0,0,0,0,15,1,0,0,0,0,4297,0,0,158,20,470,43,0,0,0,0,0,0,0,0,0,0,0,0,0,0,0,0,0,6254,0,0,0,0,0,16,0,0,0,2,916,0,0,0,86,0,0,0,0,2,0,0,0,0,0,0,0,0,0,0,0,0,0,0,0,0,0,0,0,0,0,0,0,0,0,0,0,0,0,0,0,0,0,0,2,0,0,21,0,0,0,0,1490,0,46,0,0,0,0,0,0,14904,0,16,0,0,0,0,0,0,0,0,0,0,0,0,57,0,0,0,0,0,0,0,0,0,71,0,0,0,0,0,0,0,0,0,0,0,0,0,0,8,0,7,0,0,0,0,0,0,0,0,2,0
"gene_564",0,0,0,0,0,0,0,0,0,0,0,0,0,0,0,36,0,0,0,0,0,0,0,0,0,8,0,0,0,0,0,0,0,0,0,0,0,0,0,0,0,0,0,0,0,0,0,0,0,0,0,0,0,0,0,0,0,0,0,0,0,0,0,0,0,0,0,0,0,0,0,0,0,0,0,0,0,0,0,0,0,0,0,0,0,0,0,0,1,0,0,0,0,0,0,0,0,0,0,0,0,0,0,0,0,0,0,0,0,0,0,0,0,0,0,0,0,0,0,0,0,0,0,0,0,0,0,0,0,0,0,0,0,0,0,0,0,0,0,0,0,0,0,0,0,0,0,0,0,0,0,0,0,0,0,0,0,0,0,0,0,0,0,0,0,0,0,0,0,0,0,0,0,0,0,0,0,0,0,0,0,0,0,0,0,0,0,0,0,0,0,0,0,0,0,0,0,1,0,0,0,0,0,0,0,0,0,0,0,0,0,0,0,28,0,0,0,0,0,0,0,0,0,0,0,0,0,0,0,0,0,0,0,0,0,0,0,0,0,0,0,0,0,0,0,0,0,0,0,0,0,0,0,0,0,0,2,0,0,0,0,0,0,0,1,0,1,0,0,0,1,0,0,0,0,0,0,0,0,0,0,0,0,0,0,0,0,0,0,0,0,0,0,0,0,0,0,0,0,0,0,0,0,0,0,0,1,0,0,0,0,0,0,0,0,0,0,0,0,0,1,0,0,0,0,0,0,0,0,0,0,0,0,0,0,0,0,0,0,0,1,0,0,0,0,0,0,0,0,0,0,0,0,0,0,1,0,0,0,0,1,0,0,0,0,0,0,0,0,0,0,0,0,0,0,0,0,0,0,0,0,0,2,0,0,0,0,0,1,1,0,0,0,0,0,0,0,0,0,0,0,0,0,0,0,0,1,1,0,0,0,0,0,0,1,0,0,1,0,0,0,0,0,0,0,0,2,0,0,0,0,0,0,0,0,0,0,0,0,16,0,0,0,0,0,0,34,0,0,0,0,0,0,0,0,0,0,0,0,1,2263,0,0,0,0,0,0,0,0,0,0,0,0,0,0,0,0,0,22,0,0,0,0,0,0,0,0,0,345,0,0,0,0,0,0,0,0,0,0,0,0,14,0,0,0,0,0,0,0,0,0,0,0,0,0,0,0,0,0,0,0,0,4677,0,0,0,0,0,243,0,0,0,0,131,0,0,2,0,0,0,0,0,0,0,1,0,0,0,0,0,0,0,2,0,0,0,0,0,0,0,64,0,0,0,0,0,0,0,0,0,0,0,0,0,0,0,0,0,0,0,0,0,0,0,0,0,0,0,0,0,44,0,0,0,0,0,0,0,0,0,0,0,0,0,0,0,0,0,0,0,0,0,0,0,0,0,0,0,0,0,0,0,0,0,0,0,0,0,0,0,0,0,0,0,0,0,0,297,0,0,0,0,0,0,0,0,0,0,0,0,0,0,0,0,0,0,0,0,198,0,0,0,0,0,0,0,2,0,0,1,0,0,0,0,0,0,0,0,0,0,0,0,0,0,0,0,0,0,0,0,0,0,0,0,0,0,0,0,0,0,0,0,0,0,0,0,0,0,0,5,0,0,0,0,0,0,0,0,0,0,0,0,0,0,0,0,0,0,131,0,0,0,0,0,0,0,0,0,0,0,0,0,0,0,0,0,0,0,0,0,0,0,0,0,0,0,0,0
"gene_565",0,0,0,0,0,0,0,0,0,0,0,0,0,0,0,0,0,0,0,0,0,0,0,0,0,0,0,0,0,0,0,0,0,0,0,0,0,0,0,0,0,0,0,0,0,0,0,0,0,0,0,0,0,0,0,0,0,0,0,0,0,0,0,0,0,0,0,0,0,0,0,0,0,0,0,0,0,0,0,0,0,0,0,0,0,0,0,0,0,0,0,0,0,0,0,0,0,0,0,0,0,0,0,0,0,0,0,0,0,0,0,0,0,0,0,0,0,0,0,0,0,0,0,0,0,0,0,0,0,0,0,0,0,0,0,0,0,0,0,0,0,0,0,0,0,0,0,0,0,0,0,0,0,0,0,0,0,0,0,0,0,0,0,0,0,0,0,0,0,0,0,0,0,0,0,0,0,0,0,0,0,0,0,0,0,0,0,0,0,0,0,0,0,0,0,0,0,0,0,0,0,0,0,0,0,0,0,0,0,0,0,0,0,0,0,0,0,0,0,0,0,0,0,0,0,0,0,0,0,0,0,0,0,0,0,0,0,0,0,0,0,0,0,0,0,0,0,0,0,0,0,0,0,0,0,0,0,0,0,0,0,2,0,0,0,3,0,0,0,0,1,1,1,0,1,0,0,3,0,0,2,0,0,5,1,0,0,0,0,1,0,0,2,8,0,0,1,0,0,0,0,3,0,0,0,0,0,1,0,0,0,0,0,0,0,0,0,0,0,0,0,0,1,0,1,0,0,1,0,2,0,0,1,0,0,0,0,0,0,0,0,0,1,2,0,0,0,1,1,0,0,1,0,0,1,0,0,0,0,0,0,4,0,0,0,0,0,0,0,0,0,4,0,0,0,0,0,0,1,0,0,0,0,0,0,1,0,0,0,0,0,0,0,0,0,0,1,0,0,0,2,3,0,0,0,0,0,3,0,0,2,1,0,3,0,0,0,1,0,0,0,0,1,1,0,0,6,0,0,0,0,1,0,0,6,0,1,0,1,0,0,0,0,0,0,0,0,0,0,0,0,0,0,4,0,0,0,0,0,0,0,0,0,0,0,488,0,0,0,0,4,0,3,93,0,0,0,50,0,470,271,0,0,0,0,0,0,0,0,0,0,0,0,0,0,0,0,0,0,0,0,0,0,0,0,0,54,0,0,0,0,0,0,0,0,0,0,0,0,0,0,0,0,0,0,0,0,423,0,0,6133,0,0,0,0,0,0,0,0,0,0,0,0,0,0,0,0,0,0,0,0,0,3,24,0,4,0,0,0,0,0,0,287,0,0,0,0,0,0,0,0,0,0,0,518,0,0,0,0,0,0,0,0,0,0,0,0,0,6269,0,0,0,0,0,0,0,0,0,0,0,0,0,0,0,0,0,0,0,0,0,0,0,0,0,0,0,0,0,0,1,0,0,0,0,0,0,0,44,2,0,0,5,0,0,53,0,0,9,0,0,0,32541,0,0,0,283,0,0,0,0,0,0,0,1,0,0,3584,0,0,0,0,0,0,0,0,0,0,0,0,0,0,0,0,0,0,0,0,0,0,0,0,1,0,0,0,0,0,0,0,0,0,0,104,0,0,0,0,0,0,0,745,0,0,0,5,0,939,0,0,0,0,0,0,0,0,0,0,0,0,0,0,0,0,260,8,0,0,0,0,0,0,0,0,0,2,0,0,0,1544,0,0,0,0,0,0,371,0,0,3,0,0,12,0,0,0,0,0,40
"gene_566",3197,11261,4528,892,654,2358,3711,356,6804,1247,13390,38,1171,9665,2998,880,1332,475,7346,275,4304,684,206,4205,366,34,2282,112,4109,19304,1104,38,900,6473,11760,2972,4439,626,365,32,4121,7513,343,4203,52,7206,205,4679,1115,1370,322,573,11495,2697,12438,8177,1,215,3247,561,16116,5077,981,7040,1383,138,165,12003,4611,3380,183,7064,462,1458,2315,7348,921,2003,5705,5721,689,2187,7166,11991,26797,2067,1532,1940,259,145,11,273,7,0,1,0,140,720,0,554,672,2,460,1714,5,0,5,30593,200,0,0,235,81,0,2,101,0,381,88,0,0,0,3,0,103,97,0,0,0,0,37,1271,8,1821,594,454,0,0,0,0,0,1,418,0,566,3999,0,0,0,259,8655,441,6016,0,0,0,0,18126,611,34,0,0,0,0,0,85,440,10,791,4383,0,615,0,5,0,0,0,1,0,9096,3,281,0,0,4669,0,0,33,223,0,0,1884,18,4,2,0,1,27,0,0,15,0,373,11188,2,0,6,0,6,0,24,0,0,0,0,37,493,0,0,0,7689,582,17933,0,153,1018,0,0,0,0,0,0,168,2,0,0,0,2244,33,3,0,1,0,982,0,12,0,2023,0,2,0,0,2376,0,3714,389,0,0,44,0,14,0,16,0,0,0,0,0,27,0,0,0,110,404,0,37,5,0,19,0,1,1000,0,0,1,0,0,0,0,113,0,17,8,2129,4,0,0,0,67,78,0,0,99,0,0,54,0,0,0,2913,3320,28,0,0,17,0,17,0,49,1,1709,1582,15,2,0,59,0,0,170,184,0,3,23,0,0,0,0,366,0,0,0,1011,0,0,0,0,8,0,0,0,0,901,216,0,0,1,0,13,0,0,0,0,0,0,202,0,3,3870,33,0,6,1256,1,0,55,5,0,36,1,0,0,0,0,2,173,0,0,4,0,0,0,39,0,0,0,6,108,36,1209,34,670,0,0,0,39,0,0,0,0,0,0,0,0,55,60,24,343,262,0,124,0,2,1175,0,0,716,1294,0,0,0,0,3,0,19,0,3,0,0,7,0,0,0,0,420,7,0,0,0,45,1,0,0,0,0,0,0,902,0,0,0,1,0,0,0,0,0,1,0,0,0,0,0,0,0,1,7,0,0,0,64,0,0,17,0,0,0,0,0,16,4,0,0,0,7,0,86,0,0,133,117,0,0,0,14,0,0,0,0,31,0,0,0,0,2,0,0,6,0,0,1718,0,0,12,174,0,11,0,0,0,2,6,0,1,0,76,0,0,0,0,1,0,0,0,91,7,0,0,0,33,0,5,0,0,52,820,26,0,1,0,17,0,27,0,9,1,0,3,0,20,0,0,0,91,0,0,258,0,0,274,0,0,0,82,0,0,0,0,0,0,0,0,0,149,0,0,473,0,0,0,0,80,0,0,2617,0,0,2,0,0,1,0,0,0,3,7,64,0,0,0,71,406,0,0,0,0,0,0,0,0,0,0,0,16,16,0,0,0,0,24,0,0,0,0,0,0,0,0,0,0,0,0,0,0,0,0,0,0,2,0,0,0,0,0,385,0,0,0,0,0,0,0,0,8,0,0,0,171,0,0,0,0,0,0,0,0,0,0,0,0,0,0,0,0,0,0,0,0,0,0,0,0,0,0,0,9,0,0,0,0,0,0,0,0,0,0,0,0,0,1039,0,0,0,3301,0,0,0,0,0,0,0,0,0,0,4,0,0,0,96,0,0,0,0,0,0,0,0,0,0,53,1,0,0,0,0,0,0,0,0
"gene_567",0,0,0,324,0,0,0,0,0,0,5,1984,0,7,0,96,0,0,0,0,0,0,0,0,0,0,0,0,24,0,0,0,0,0,0,0,0,0,0,0,0,3,0,0,0,0,0,0,0,36,0,0,0,0,0,0,0,0,0,0,8,0,1,0,0,0,0,0,0,0,0,0,0,0,0,0,0,95,0,16,0,3,0,0,5,419,0,0,0,0,0,0,0,0,0,0,2,0,0,0,0,1,1,0,0,0,0,0,0,0,0,0,0,0,0,0,0,0,0,0,0,0,0,0,0,0,0,0,0,0,0,0,0,0,66,0,0,0,0,0,0,0,0,0,0,0,0,3,3,0,0,0,0,0,0,0,0,0,0,0,0,0,0,0,0,0,0,0,0,0,0,0,0,0,0,0,0,0,0,0,0,0,0,0,0,0,0,0,0,0,0,1,0,0,0,0,3,0,0,31,121,0,0,0,0,0,0,0,62,2,5,0,0,1,0,0,0,0,32,0,0,1,25,0,0,12,15,69,0,0,0,0,46,0,802,0,0,0,0,0,26,836,0,0,0,0,0,0,0,0,0,0,0,4,0,0,0,0,0,0,0,0,0,17,352,0,12,0,0,0,1306,38,0,3,2,0,7842,0,14,0,0,0,9,0,235,3442,17,381,0,0,0,0,0,6,844,0,6,159,11,10,0,0,0,0,1,445,0,0,0,0,373,6,0,0,31,303,139,0,0,0,1,226,0,0,133,76,0,0,7386,1036,709,167,0,1,0,0,0,0,0,1811,0,2848,2,1,68,124,0,0,0,616,159,41,0,335,0,0,0,3266,0,237,0,0,120,323,0,99,0,769,0,0,92,10,0,0,0,2903,483,5824,0,38,1590,4,1,105,0,0,0,163,0,0,0,0,4,0,158,0,0,2065,0,470,39,3636,0,296,4,0,308,0,0,2,1688,1964,1,0,0,998,0,427,59,2248,0,1,0,0,1,24,14,0,8,47,1146,0,0,0,49,284,0,0,0,612,0,134,0,0,26,1,121,1872,0,0,1475,0,15,0,0,0,0,1069,514,0,0,7174,0,0,0,2,0,0,0,0,1,0,0,29,0,0,0,0,103,0,3446,0,0,0,0,0,0,2,0,0,5,0,0,0,0,0,1,0,0,0,0,0,2,0,0,0,0,1,0,0,0,0,0,0,0,361,0,3,0,59,0,4,0,7,0,0,2430,267,5531,0,14,0,0,0,59,0,0,0,395,0,0,0,1,0,19,16,141,1,0,0,0,0,11,0,0,0,0,0,0,1650,0,0,0,0,0,0,0,0,0,0,0,0,0,0,120,0,0,0,0,0,0,0,0,116,88,0,0,0,0,7,0,1,0,149,1,2250,0,3,0,0,0,0,0,3,2312,0,0,410,0,0,5,0,0,0,0,0,0,0,0,0,0,142,0,1999,1,0,0,0,10,0,0,0,0,0,0,1372,5,4,0,0,0,0,0,0,0,0,0,0,0,0,0,0,0,198,1,0,10,0,0,0,0,0,0,0,0,8,0,0,0,0,0,2,24,0,0,0,13392,23,0,0,4095,1,0,0,0,0,29,0,0,0,0,0,60,0,10,0,0,0,0,0,0,7,0,0,2954,0,7,0,0,263,0,1250,3,0,0,0,0,0,0,0,0,0,127,0,0,0,0,0,0,30,0,0,0,0,0,0,0,0,0,58,0,0,0,0,0,0,0,0,0,0,0,0,0,0,0,0,0,0
"gene_568",0,0,0,0,0,0,0,0,0,0,0,0,10,0,0,30,3,0,0,0,0,14,0,0,0,0,0,41,0,0,0,0,0,0,1665,5,0,0,0,0,7,0,0,0,0,0,0,0,3,0,23,0,0,8,0,0,0,0,0,0,0,0,0,0,948,0,0,0,0,0,0,0,5,0,0,0,0,0,0,0,0,0,2,0,0,0,0,0,224,0,0,0,0,0,0,0,0,0,0,0,0,0,0,0,0,0,0,0,0,634,27,188,1,0,0,1146,0,0,0,0,0,0,0,0,0,0,4,0,0,0,0,0,0,0,0,27,0,0,0,0,0,0,0,0,0,0,0,0,0,5,0,0,0,0,0,0,0,0,0,0,1093,0,16,0,0,0,0,0,0,0,0,0,0,0,0,0,0,0,0,0,0,0,0,0,0,0,0,0,0,0,0,0,0,0,0,0,0,0,0,0,0,0,0,0,0,0,0,0,0,0,0,0,0,0,0,0,0,0,0,0,0,0,0,0,0,0,0,1,0,0,0,0,0,0,0,0,0,0,1,0,0,0,0,0,0,0,0,0,0,0,0,0,0,0,0,0,0,0,0,0,0,0,0,0,0,0,0,0,0,0,0,0,0,0,0,0,0,0,0,0,0,0,0,0,0,0,0,0,0,0,0,0,0,0,0,0,0,0,0,0,0,0,0,0,0,0,0,0,0,0,0,0,0,0,0,0,0,0,0,0,0,0,0,0,0,0,0,0,0,0,0,0,0,0,0,0,0,0,0,0,0,0,0,0,0,0,0,0,0,0,0,0,0,0,0,0,0,0,0,0,0,0,0,0,0,0,0,0,0,0,0,0,0,0,0,0,0,0,0,0,0,0,0,0,0,0,0,0,0,0,0,0,0,0,0,0,0,0,0,0,0,0,0,0,0,0,0,0,0,0,0,0,0,0,0,0,0,0,0,0,0,0,0,0,0,0,0,0,0,0,0,0,0,0,0,0,0,0,0,0,0,0,0,0,0,0,0,0,0,0,0,0,0,0,0,0,0,0,0,0,0,0,0,0,0,0,0,0,0,0,0,0,0,0,0,0,0,0,0,1,0,0,0,0,0,0,0,0,0,0,0,0,0,0,0,0,0,0,0,9,0,0,0,0,0,0,0,0,0,0,0,0,0,0,0,0,0,0,0,0,0,0,26,0,0,0,0,0,0,0,0,0,0,0,0,0,0,0,0,0,0,0,0,0,0,0,0,0,0,0,0,0,0,0,0,0,0,0,0,0,0,0,0,1841,0,0,0,0,0,0,0,0,0,0,0,0,0,0,0,0,0,0,0,0,0,0,0,0,0,0,0,0,0,0,0,0,0,0,0,0,0,3,0,0,0,0,0,0,0,0,0,0,0,0,0,0,0,0,0,0,0,0,0,0,0,0,0,0,0,0,0,0,0,0,0,0,0,0,0,0,0,0,0,0,0,0,0,0,0,0,0,0,0,0,0,0,0,0,0,0,59,0,0,0,0,0,0,0,0,0,0,0,0,0,0,0,0,0,0,0,0,0,0,0,0,0,0,0,0,0,0,0,0,0,0,0,0,0,0,0,0,0,0,0,0,0,0,0,0,0,0,0,0,0,0,0,0,0,0,0,0,0,0,0,0,0,0,0,0,0,0,0,0,0,0,0,0,0,0,0,0,0,0,0,0,0,0,0,0,0,0,0,0,0,0,0,0,0
"gene_569",189,0,0,0,0,107,137,32,7,3,0,0,36,336,63,7,182,0,0,0,1,205,18,421,14,0,413,0,268,245,61,19,0,188,10,0,31,0,0,2836,0,0,1,0,2,4,8,0,107,125,79,19,25,1820,378,4,66,7,0,118,0,2,0,0,524,178,8,0,1491,22,0,0,0,5,0,28,0,110,0,1509,0,88,0,48,0,106,0,158,0,0,215,0,0,18,0,0,2,0,0,0,0,0,0,0,0,0,15,5078,2740,0,40,0,0,144,0,0,0,0,0,0,0,0,0,0,0,0,0,787,0,0,0,197,0,0,0,0,0,0,124,228,0,83,0,0,0,0,0,0,191,0,6,0,684,0,0,101,0,0,5,1298,223,29,0,0,0,1743,0,10,912,66,0,3490,3,1089,0,0,0,472,1,16,0,0,0,0,0,0,0,77,0,0,0,5,0,4820,576,251,1,0,36,11,228,0,0,0,26,61,229,15,3,143,11,423,0,31,165,452,0,2,11,39,194,0,0,5,10,229,208,1,58,8,0,6,0,146,0,308,66,554,1,4,6,0,1624,10,7,2,0,193,32,48,0,0,524,174,3,14,0,2,20,119,911,2,2,35,0,8424,6766,91,7,1,660,7505,2,1192,571,61,1,569,0,393,52,42,1,78,0,0,0,53,5352,6,7214,0,723,2352,0,143,2127,1,489,679,3031,523,2795,6,7,4,12,3860,180,0,83,94,2008,439,2,2621,6,587,43,0,156,147,124,10694,0,312,1207,1,26,54,5,0,102,0,644,2043,1,19,0,1,0,85,18,1234,1405,0,1729,283,2758,2034,0,8,681,1411,292,1135,1,13,0,445,34,6843,0,79,6969,403,187,15,0,15,1290,0,745,1,680,16,440,0,806,33,34,7,19,21,856,87,11,52,0,0,0,2319,2494,473,134,3999,936,3709,941,8,0,139,306,0,8,0,1736,457,194,0,342,0,23,1,844,0,1,1,0,316,0,2,13,6,9,6016,14982,6,7180,1,0,221,939,0,29,369,219,296,1226,717,392,58,259,2,3745,0,118,322,0,185,32,131,0,680,1,0,47,3,2695,89,4322,303,513,414,0,34,13124,842,90,52,1,842,2,26,266,8,8,138,818,52,186,216,48,0,3313,0,2,116,409,73,49,2288,7699,3608,13,161,182,181,992,71,2,816,0,59,955,445,4,2350,695,5,122,248,209,0,14,0,4,66,1138,65,42,961,318,210,4827,18,7,912,71,0,13,208,0,415,7,31,1878,8,631,1668,5,1,92,8,1638,103,2181,492,65,272,1,30,44,793,176,0,185,235,129,58,0,2,79,418,630,1340,0,9,898,867,47,382,7151,596,1163,101,1,1,256,14,416,63,0,56,0,7,3209,19,0,797,2424,0,3,0,0,0,3,272,0,0,40,0,0,0,34,6237,67,1242,95,329,344,0,21,3510,340,114,4,361,0,0,2,5,0,511,18,53,20,0,803,99,313,2374,85,0,7,0,0,0,0,80,0,21,102,4674,0,10445,0,4896,9,0,0,0,127,6,2,10,0,0,0,0,431,2070,3,0,61,73,0,0,201,20,0,0,242,970,1,0,193,5906,1438,1,6,336,587,35,0,3590,197,117,0,106,93,77,746,11,0,7,106,6,105,6,0,0,0,64,0,24,1,0,673,902,125,91,313,0,1189,0,1,74,0,14,0,318,817,39,21,1055,20,146,0,258,1,8,263,0,0,37,141,13,30,1,1281,0,333,0,82,33,1,0,752,3156,0,18,0,578,183,0,164,0
"gene_570",1123,0,0,0,257,0,1581,29,2,0,2,1206,366,0,0,80,197,0,0,0,234,108,0,4,2,0,0,87,24,0,0,0,1,8,0,0,12,0,675,0,0,0,0,0,9,7,0,182,1071,0,0,0,6,33,1,0,684,0,0,0,0,0,0,6,12,0,0,6,0,57,0,790,0,23,0,0,0,0,7,36,0,0,5,0,0,0,0,0,8,0,0,1,2749,0,0,0,0,0,2,0,0,4932,0,111,0,0,0,0,20,0,0,0,27,0,0,0,0,5450,0,12644,1,84,0,0,0,0,0,6,0,0,0,0,0,0,4389,83,1,0,262,0,0,21934,289,0,2923,1,15234,147,0,0,0,0,0,1179,14,0,0,44,0,0,11,0,29,0,51,0,9,0,0,0,34,592,2187,0,0,2,0,0,1076,221,0,0,15351,0,0,8751,0,1280,0,28203,53,714,0,0,18,0,0,0,0,0,0,0,248,0,0,0,0,111,761,0,0,5,0,0,5,0,0,0,181,0,133,13,0,4,0,1,86,0,0,0,12,36,11,24,0,0,0,0,392,0,154,78,0,0,0,0,5,0,0,0,0,0,0,0,0,998,0,22,0,0,0,0,0,0,0,0,0,8,0,0,0,0,0,0,0,0,0,1,0,0,0,0,0,0,0,0,0,11,0,0,0,0,0,0,0,16,0,0,3,0,0,0,0,0,0,0,0,0,0,1,0,1043,0,0,0,0,0,0,4,0,0,0,37,0,0,0,0,0,0,0,0,0,0,0,0,0,0,0,0,71,0,0,0,0,0,0,0,0,0,0,0,0,0,0,71,0,0,0,0,0,49,0,0,0,0,0,0,0,0,0,0,0,0,163,0,470,0,0,0,0,0,0,0,5,0,0,0,0,0,0,0,0,0,0,0,0,0,0,0,0,0,0,0,1,0,17,0,70,0,0,0,27,0,0,0,0,0,0,0,0,0,0,0,0,0,0,0,0,10,0,2,490,0,0,13,0,0,1,0,0,0,0,0,0,0,0,0,48,0,0,0,343,0,1372,0,0,0,224,0,0,282,0,0,0,0,210,0,0,0,15,19,0,0,0,0,0,0,0,0,0,0,0,119,0,0,13,0,0,0,0,0,0,0,0,0,0,6,0,0,0,0,850,0,0,0,0,0,0,0,0,721,28,246,0,2,39,0,504,0,0,0,351,0,0,0,191,5,0,0,0,2,0,0,0,0,0,0,0,0,0,0,38,0,0,0,0,29,363,0,0,8,0,5,0,0,0,0,0,0,0,0,0,0,0,0,0,0,0,295,0,210,0,0,0,0,0,3182,0,0,0,0,20709,0,0,0,0,0,415,7740,36,0,0,7,0,3,0,2065,2488,0,0,0,0,0,0,0,0,0,0,0,0,240,56,0,0,0,0,0,0,8,66,0,0,0,241,0,0,0,0,0,0,0,0,377,0,0,0,0,0,0,0,0,0,0,0,0,0,0,33,0,0,0,0,0,0,1,0,0,0,0,0,0,3436,0,845,0,0,0,0,1,0,0,0,0,0,0,0,0,0,0,0,0,812,0,0,0,0,0,0,0,0,0,0,0,0,0,111,0,5,0,0,0,0,0,0,0,0,0,0,256,0,0,0,0,2928,0,0,0,0,307,13,0,0,0,0,0,0,0,0,0,0,0,0,485,0,0,0,0,0,0,0,0,2183,58,0,0,0,11,0,0,0,0,0,0,0,0,0,0,625
"gene_571",108,1015,2017,0,748,508,30,209,3301,1847,0,1927,2338,527,86,143,541,845,21,4,0,2231,0,0,0,0,186,22,0,236,0,0,615,0,120,4817,53,20,252,28,38,0,169,0,271,23,22,574,88,0,511,0,298,0,552,0,376,0,0,245,97,77,2272,1015,0,116,294,717,29,0,407,6,58,187,1219,13,0,193,13,4,16,45,0,141,1059,1,494,36,1,5,140,0,62,223,5,2,1,30,1,0,0,0,0,4,289,725,65,3,0,0,2951,106,37,244,24,0,12,0,0,0,55,5,24,0,471,0,158,7,575,7,8,2530,24,0,0,3,7,0,20,152,0,0,1492,1059,0,389,42,768,0,298,1433,824,2,25,1,30,0,2048,305,43,1760,0,57,95,0,86,8,351,0,0,11,2542,101,1547,170,0,0,0,0,98,0,36,3,189,448,6,2542,1313,0,0,6,0,0,162,6292,255,10,2944,0,0,150,111,2104,36,367,251,556,1574,2,85,1,621,214,1,1360,0,52,256,465,0,14,81,15,34,1,2,0,6158,2282,3322,0,141,0,299,171,1096,0,1632,2,0,49,2065,2220,57,110,3715,126,0,109,0,9,1341,2695,0,258,785,308,0,437,2,1413,780,9,107,712,3151,2,111,14,1280,34,714,73,203,1188,1125,259,848,471,316,59,84,656,240,2,426,106,165,159,4,486,292,326,1,610,74,4,147,56,647,0,1,612,116,933,655,113,3,94,272,11,734,429,244,1203,12,113,533,196,613,10,412,45,990,65,71,267,30,3028,209,141,80,96,883,35,581,16,21,149,34,154,1690,2421,10,533,1,2442,83,1643,44,1576,24,224,207,356,392,586,1360,2,26,2383,134,25,143,745,127,648,543,552,124,943,8,1003,734,6,820,29,10,145,2,945,328,1812,54,1116,16,568,472,41,2290,360,4,26,70,410,2101,4,569,795,993,267,194,241,200,93,753,0,12,1466,362,25,1851,11,769,387,544,62,119,901,2596,4,49,150,587,432,1773,297,51,0,326,308,254,493,1704,143,103,55,266,119,72,422,145,144,1413,27,59,449,62,1199,199,130,549,62,61,498,3699,38,120,54,796,2075,257,1162,1,8,0,195,2577,77,47,27,69,5,180,912,637,13,740,70,163,980,149,40,923,3993,178,113,282,1034,192,466,467,461,595,381,2144,809,14,1502,74,202,511,958,869,540,68,70,2604,32,37,501,407,6,4,62,98,632,14,2970,916,8,457,2403,729,101,903,110,953,720,1021,111,743,32,30,408,1022,589,1279,1327,729,1,323,277,0,2054,509,194,25,78,79,31,707,594,233,256,781,0,817,2370,711,520,4396,334,1626,304,306,99,459,480,1242,140,2919,665,28,467,15027,5569,555,1270,1130,4574,22,92,3203,5686,2,37,9637,1054,1048,239,15,1842,0,10300,122,9,0,879,1060,2816,889,1514,548,133,5542,2320,1487,632,3951,311,138,70,5383,28643,276,531,1312,202,12,1589,2083,68,62,490,99,1188,3254,146,501,4809,3,8239,5912,2104,3294,14838,11938,1669,146,5697,9041,2921,434,2657,2739,232,3,1389,3876,1,408,520,360,6,557,14396,283,1058,3,130,0,621,1719,1621,3603,305,395,0,4,3987,61,958,36,346,349,125,83,8090,47,82,9611,5626,4,675,1222,259,6316,20348,5132,1469,514,7082,31735,1770,1,225,770,1197,2419,2,2032,4133,2722,4926,401,19,1604,388,124,313,1810,1402,1048,7683,738,379,3816,1573,148,9110,8488,309,198,3855,5329,2270,2007,1597,1189,699,139,3207,37,4,1806,2,892,1366,80,8616,2128,368,439,75,4034,271,3786,7334,28,2455,19041,1276,1122,98,3251,55,40035
"gene_572",2,6,4,0,0,0,6239,1,595,0,1939,407,222,0,0,74,0,0,3,5,1,155,478,1,0,458,1466,4,86,1278,0,9,290,138,2,1,193,14,551,152,0,46,0,0,0,0,2,0,33,3,0,33,8,82,0,18,32,145,0,2,0,0,1606,992,46,833,29,0,2,0,40,0,0,1494,4,13,0,0,111,1694,39,0,76,263,0,0,129,844,0,1124,0,1,5,23,0,0,0,0,45,0,0,0,0,6,0,1461,0,0,0,0,0,0,0,0,0,3,80,0,0,0,0,0,0,0,10,0,422,234,71,0,0,0,0,18,1,0,0,0,0,4755,0,1515,0,0,0,0,0,0,0,0,220,0,2,0,0,0,0,0,73,87,0,121,0,4976,0,0,76,0,108,12732,21,295,0,0,6162,0,2936,0,0,8,0,0,0,0,40,0,4889,0,196,2958,0,57,0,0,0,0,53,0,0,49,0,49,0,0,25,19,0,0,0,20,0,4,17,1,0,0,39,0,0,0,138,1,0,0,0,46,0,4,0,53,12,0,38,32,3,1,12,4,289,2,53,53,3,0,26,0,1,5,0,0,0,5,0,2,28,1,0,0,0,0,0,58,35,7,6,0,0,0,4,114,0,0,5,2,0,0,0,0,15,0,0,2,0,0,0,26,18,16,4,688,43,0,0,0,0,0,125,11,714,18,0,46,103,49,12,0,7,66,0,478,169,0,0,38,182,517,0,285,0,246,13,15,131,8,0,13,21,11,0,1,31,0,202,0,92,6,33,171,16,7,22,0,4,7,1,62,59,44,14,0,0,14,31,0,65,0,10,0,0,0,0,6,0,0,27,0,63,178,9,100,93,194,0,106,0,0,6,0,10,14,0,1,0,0,8,0,17,439,0,33,199,252,5,0,0,0,2,95,25,181,20,11,0,4,0,56,0,13,76,40,17,0,0,0,2,15,0,82,10,373,333,63,0,0,0,1,158,0,0,0,39,1,0,639,0,265,10,1,894,712,0,536,2,0,1023,605,940,207,0,186,6,11,22,7,347,590,0,17,63,0,163,176,1064,95,338,0,341,92,112,4,762,10,59,888,0,551,0,581,143,1395,0,338,3919,4,2231,1,270,1988,28,22,403,963,1410,19,1,316,0,153,31,71,1,26,744,0,212,0,149,12,207,97,0,108,1085,361,198,0,228,13,32,49,338,3194,9,2,6,0,4,117,0,252,68,93,9,193,1,40,0,1597,178,90,39,12,0,41,3,1503,1402,9,43,9,0,886,2,112,0,61,77,4,0,8,471,576,5191,1,2317,12,30,0,0,398,0,0,1,0,0,0,1307,0,0,2,1,42,668,129,0,0,119,235,0,0,12,111,4,0,58,0,9,0,36,88,70,0,0,155,6,0,0,41,305,4,0,0,2,92,0,0,0,0,0,21,21,0,275,0,1106,12,0,55,0,0,0,0,2,0,0,0,1292,6,0,2,34,130,785,0,0,0,94,2,0,0,2,34,439,2,66,0,366,80,1,0,17,0,4,0,0,34,0,0,37,2,26,83,6,26,86,27,0,0,0,1,437,3,0,3,5,0,0,0,210,51,0,0,93,302,0,0,0,0,54,1,442,27,1,0,32,4,24,50,0,8,0,36,0,32,1,0,0,0,0,0,0,56,19,0,1,19,39,2,14,16,0,27,17,81,0,60,0,255,198,82,1,192,1,321,0,0,0,3,120,0,0,0,0,2,111,0,235,10
"gene_573",0,70,1,0,0,0,0,0,0,0,0,0,0,580,0,0,0,0,0,0,0,0,0,0,0,0,0,0,0,0,0,0,19,0,0,1,211,0,0,0,0,3921,0,0,0,0,0,0,0,0,0,0,0,0,0,0,0,0,0,0,0,0,0,20,0,0,0,0,156,0,0,0,0,0,0,0,0,0,0,0,0,0,0,0,0,0,0,0,0,1,0,0,0,0,0,0,54,0,0,0,0,0,0,0,0,0,0,0,0,0,0,0,0,0,59,0,0,0,0,0,33,0,0,0,0,0,1,0,0,0,0,0,0,0,0,0,0,0,0,0,0,0,34,0,0,0,0,0,0,0,0,0,0,0,0,0,0,0,0,0,0,0,0,0,0,0,0,63,0,0,0,0,236,0,0,0,0,0,0,0,0,0,0,0,0,0,0,7,0,0,0,3,0,2,6305,0,0,0,0,0,0,0,0,0,0,14425,0,0,0,0,0,0,0,0,0,0,0,0,0,0,0,96,0,0,0,0,0,0,0,333,0,0,0,0,0,0,0,0,6,0,0,30,0,0,0,0,0,1,585,0,0,0,10240,0,0,592,0,0,0,0,0,0,0,0,0,0,0,72,0,0,0,0,0,0,1630,0,0,0,1060,0,0,0,42,0,0,0,0,0,0,0,0,0,0,317,0,0,0,0,0,0,0,0,0,0,0,0,0,0,0,0,0,0,0,0,0,0,0,0,0,0,0,0,0,0,0,0,0,0,0,25,0,0,0,493,0,0,0,0,0,0,0,0,0,0,0,0,0,0,0,0,0,0,0,0,0,0,0,0,0,0,0,0,0,0,0,0,0,0,0,0,2,0,1,0,0,0,1,0,0,0,0,0,0,0,0,0,0,0,0,0,1,0,0,0,0,0,0,0,3,0,0,0,0,0,0,0,0,0,0,0,0,0,0,0,0,0,0,28,0,0,0,0,0,0,0,0,0,109,0,0,0,0,1,0,0,0,0,0,0,0,0,71,0,96,0,450,1,0,0,0,0,0,0,0,19,0,0,16,0,556,516,0,0,17,0,2,0,2,0,0,0,0,0,0,0,0,932,0,0,0,0,0,52,0,77,1,0,0,0,0,0,1,0,0,0,1279,0,0,0,2,1055,0,0,0,128,0,0,56,88,0,0,0,0,2515,60,0,1,1,0,23,0,0,19,0,0,0,0,9,0,0,0,3,2,2,0,102,499,0,0,0,0,0,0,0,0,50,0,0,0,0,24,3,0,0,0,0,0,0,0,0,3,0,767,0,0,0,0,0,0,0,0,0,0,0,0,0,1,61,0,0,75,2576,107,0,4403,0,0,0,0,0,0,0,0,0,0,2,608,0,79,0,517,0,0,0,0,0,483,396,76,0,0,1063,1132,0,0,0,0,128,0,0,0,10,0,3,0,0,1,0,0,0,0,0,13,24,0,0,0,0,0,5420,0,1820,0,0,1700,0,0,0,0,0,0,0,0,0,0,2702,0,0,0,307,0,209,0,219,0,32,805,0,0,61,0,0,0,0,3,132,3,519,0,6,0,0,0,0,0,0,0,253,62,0,0,0,0,0,0,0,3,0,1,0,0,0,0,0,0,222,0,0,0,0,0,0,0,0,0,1,0,256,0,0,0,3153,578,54,0,3422,0,0,0,0,2806,0,0,59,0,0,0,0,3,0,162,0,2624,0,0,14523,0,0,0,1310,0,0,0,0,0,0,21,0
"gene_574",0,0,0,0,0,0,0,0,0,0,0,0,0,0,0,0,0,0,0,0,0,0,0,0,0,0,0,0,0,0,0,0,0,0,0,0,0,0,0,0,0,0,0,0,0,0,0,0,0,0,0,0,0,0,0,0,0,0,0,0,0,0,0,0,0,0,0,0,0,0,0,0,0,0,0,0,0,0,0,0,0,0,0,0,0,0,0,0,0,0,0,0,0,0,0,0,0,0,0,0,0,0,0,0,0,0,0,0,0,0,0,0,0,0,0,0,0,0,0,0,0,0,0,0,0,0,0,0,0,0,0,0,0,0,0,0,0,0,0,0,0,0,0,0,0,0,0,0,0,0,0,0,0,0,0,0,0,0,0,0,0,0,0,0,0,0,0,0,0,0,0,0,0,0,0,0,0,0,0,0,0,0,0,0,0,0,0,0,0,0,0,0,0,0,0,0,0,0,0,0,0,0,0,0,0,0,0,0,0,0,0,0,0,0,0,0,0,0,0,0,0,0,0,0,0,0,0,0,0,0,0,0,0,0,0,0,0,0,0,0,0,0,0,0,0,0,0,0,0,0,0,0,0,0,0,0,0,0,0,0,4121,6,0,0,121,0,554,13,3,397,645,13,0,3,0,0,694,3,0,10825,0,9,104,444,32,0,63,55,1522,0,175,344,469,0,17502,34,0,0,289,188,3542,0,145,1,0,0,467,5217,509,159,18,0,2148,9,32,18,2411,0,8453,556,6545,18,682,13711,11,0,374,0,0,0,2425,0,31,7103,1658,528,954,3,152,28,43,152,2325,23685,5468,12,0,978,8367,6859,890,4,1087,550,1453,0,5,6751,154,0,2225,4266,39,13,21,15,721,2162,2571,0,1511,0,2,0,4162,0,0,1208,8844,0,5,4725,47,5403,0,5798,123,13165,24,1577,10577,944,9,2230,0,3,1,36,2463,1626,12687,469,1323,1207,0,86,420,7851,2,1441,6,0,2,469,0,61,140,35,0,355,51,470,2439,5756,17,0,7199,2509,5,0,4,1,0,0,0,0,422,0,0,30,0,0,0,0,0,0,0,0,0,765,0,0,0,0,0,0,0,0,0,0,0,0,0,0,0,0,0,0,0,557,0,0,0,0,0,0,0,9,0,0,10,0,1,0,0,0,0,343,0,0,0,0,0,0,0,0,0,1100,0,0,9,987,0,0,0,0,0,0,0,0,5,0,0,0,0,0,796,0,4,0,71,0,0,1,0,56,0,14,0,0,0,0,0,0,0,0,0,0,0,0,0,0,0,0,0,0,226,0,0,0,0,0,0,0,0,0,30,0,419,0,0,0,0,0,0,0,0,0,0,0,0,0,0,0,0,0,0,48,0,0,0,0,0,0,0,0,0,0,0,0,0,0,0,0,0,0,0,0,0,0,0,0,0,0,10937,1,0,0,0,0,0,0,0,0,0,0,0,0,0,0,0,0,0,0,0,0,0,0,0,0,0,0,0,0,0,0,0,0,0,0,0,0,0,0,0,0,0,0,0,0,0,0,0,0,0,0,0,0,0,0,0,0,0,0,0,0,0,0,0,0,0,0,0,0,0,1204,0,0,0,0,0,0,0,0,0,0,0,0,0,0,0,0,0,0,0,0,0,15,0,0,0,0,0,0,0,0,0,0,0,0,0,0,0,0,0,0,0,0,0,0,0,0,0,0,0,0,0,41,0,0,0,0,0,0,0,0,0,0,0,0,0,0,0,0,0,0,0,0,16,0,0,0,0,0,0,0,0,0
"gene_575",50,715,637,4941,126,230,0,5451,2199,233,3175,647,3,2691,677,130,783,179,1055,647,284,81,4716,78,3853,6661,1410,1040,5113,570,298,1431,4124,1120,651,2815,20,393,1509,922,555,1118,1487,47,616,5969,173,2089,120,5393,4709,20,3304,2372,6,648,3427,4235,1224,201,246,414,19,882,908,485,134,1208,63,3295,3538,3918,496,505,121,3914,2310,156,423,33,576,692,2984,531,3663,1211,152,13559,154,837,198,1852,0,7279,71,3606,29451,131,6,1792,6174,0,7920,57,2182,0,51,5346,1336,1,195,0,0,4360,29,8,1691,735,5034,158,8682,1,14,44,14419,368,133,2072,16,15,1294,1739,378,67,24,0,2261,4077,1135,11026,320,1,5300,2119,0,11690,4525,101,2416,10,2595,24048,3278,84,14,0,0,0,456,882,16,10050,2841,0,545,3321,5691,17,3,1583,10278,534,19665,3267,166,2459,44595,233,4126,0,1,21,91,54972,365,23509,86,3,0,15358,101,57872,32,4,273,10,297,1342,8322,305,0,421,3180,228,6317,0,0,40,324,8321,438,1912,79,4022,2862,675,4,0,5993,755,1620,7662,494,1742,2679,668,12,1496,13,1939,78,940,2647,11160,1858,7408,658,4992,33,417,2839,778,806,2398,4238,328,9,648,214,471,867,114,1875,915,168,120,2232,125,644,352,3310,150,1797,481,84,4491,393,2101,616,508,11152,1725,3371,2413,1026,1657,2510,274,377,635,177,13544,296,1352,667,1198,1581,7271,1849,3591,41,62,45,12565,1619,4150,368,3040,3881,1497,3427,1826,579,768,6310,3343,4547,10544,2132,766,4050,2238,1259,368,20,330,1397,1164,167,590,1990,22,2849,1681,2016,1938,1990,3554,17292,58,804,773,557,3806,8387,1707,578,70,4311,7578,373,250,326,2377,9051,237,21386,1703,1577,1550,1091,1689,445,661,3998,3671,2801,2577,1449,1177,1480,10469,209,3600,10499,7291,5626,9544,930,6526,15,715,486,7296,300,14904,1361,3938,12179,6353,4246,1358,3928,297,5579,279,976,9023,494,858,400,683,3,8967,9608,5762,1721,8782,1298,5308,707,1829,7965,3272,1674,305,1252,15,4793,6182,2793,2139,1094,137,2633,1331,5763,1370,3950,341,10548,2136,35,11977,59,1953,760,750,2588,256,3916,849,360,2429,397,5,3307,182,302,2372,672,419,239,514,229,1709,1790,838,233,5,14,148,495,44,12,918,4141,3494,337,370,0,150,544,228,2,417,1831,1244,243,448,0,651,249,58,75,233,1893,5710,9481,1181,188,2,648,92,82,78,14,13657,1692,3,6,3028,9,3119,1687,380,373,164,312,673,1274,295,1932,117,269,90,7,175,7,573,1849,206,920,0,85,219,20,1007,1296,1259,60,90,3,691,2731,499,15413,13,6859,2087,0,368,16,1633,8232,598,1296,263,17,67,1682,392,2878,1835,979,0,21,40,8,18,6,4339,1083,253,158,3446,202,597,2336,30,246,16138,365,30,1298,976,3966,504,65,10,1729,4529,1022,0,969,230,0,43,178,1,365,24,30,943,1,3273,1200,61,887,4880,21,458,300,2163,393,2459,639,39,4,563,1,10,885,4,56,766,197,179,6,0,485,142,377,508,1,542,8481,24,881,5328,9007,1090,601,2,775,211,787,0,472,1319,1793,2367,4750,294,68,13,599,327,63,34,2878,2032,7,965,2647,7320,1829,956,2984,2540,296,5079,286,184,666,1394,5,44,45,15,75,1408,11,3621,503,205,8,1,3244,479,3,12,22,501,154,172,281,19,11,6,30,26,144,88,66,623,20,6,349,97,630,2101,102,788,113,9,414,4,31,497,121,1311,2334,1131,347,3338,30,2506,52,192,4,0,824,5453,1965,7,166,5,324,449,0,905,52,562,893,308,3838,399,1667,1778,0,119,1578,63,1,487,407,2883,395,4620,287,345,59,614,17,440,257,415,3613,3184,842,4,42,790,833,1746,10,3
"gene_576",0,0,110,4,0,740,38,4490,10,10,0,37,96,0,542,0,5166,0,0,8,1017,0,0,0,918,0,0,0,0,6,2,0,0,0,0,2,17,3669,0,26,0,0,0,0,0,0,0,22,3122,0,0,166,0,12,1202,0,0,0,1,138,15,0,0,0,8,0,0,4491,1949,0,0,0,0,0,0,0,0,0,0,147,5883,33,40,0,0,0,0,0,2088,0,0,0,0,0,0,72,803,34,14,84,228,0,0,0,0,0,0,0,0,492,10,1,0,0,0,1,0,0,0,0,0,51,0,0,0,3,0,0,0,0,0,0,1,0,5,2,0,2,0,2,0,0,0,1,0,0,0,108,239,0,32,0,4,0,2116,32,0,146,3,0,0,2,0,1,0,0,3076,0,0,191,0,1675,15,360,0,0,0,54,4078,0,1,0,0,27,0,761,0,0,2,0,0,0,0,0,854,2,0,0,902,70,43,0,0,0,0,0,359,5,0,0,5,13,0,0,0,5,22,0,0,0,0,0,0,10,0,47,0,0,0,0,0,98,76,0,10,0,0,0,0,0,0,59,165,0,168,11,71,41,0,34,0,3,0,48,0,0,0,0,2,20,1,178,2,0,308,0,1,0,1,0,27,0,187,0,335,0,0,32,0,0,160,160,0,0,723,917,0,240,609,0,0,0,0,20,0,0,147,440,0,0,0,1,519,18,123,0,44,906,0,59,614,7,0,0,1,0,0,820,30,772,0,0,0,0,10,0,1187,0,0,0,0,0,0,11,0,0,0,262,36,3,0,0,0,0,0,1,331,0,310,18,0,0,0,0,1,0,8,40,240,0,0,0,40,0,0,4,54,0,0,3,0,0,2,0,0,0,0,4,0,442,0,0,0,0,25,0,250,1,0,0,11,0,0,0,2178,0,0,16,0,0,0,0,778,0,1,9,1,92,15,0,6,0,14,0,0,269,2,0,0,0,376,0,0,21,2,2,1397,0,0,30,0,0,0,191,683,0,332,0,2905,2,0,6,155,595,243,318,257,17,2,16,568,0,0,4,1064,140,298,465,0,14,252,105,2,0,5,1480,21,0,3984,3,1327,0,72,60,0,2,6,65,0,215,13,1,331,0,11,11,0,18,157,770,26,54,79,0,15,0,22,1,990,124,59,109,385,75,771,78,552,2,122,32,0,0,405,89,0,103,21,49,289,170,0,5114,67,665,202,20,209,39,9,844,0,391,12,46,110,893,117,3694,196,1,1452,119,2533,442,564,170,349,9,18,232,467,29,225,0,0,306,4,181,88,0,0,3010,2556,12,43,0,0,8,762,14,0,0,323,0,33,12,0,365,180,108,0,84,0,22,11,0,2,0,0,0,4,204,154,63,521,668,5,73,0,0,0,0,0,0,0,0,0,0,194,0,1039,0,0,0,0,1,0,0,0,974,2,816,10,8,0,18,0,162,1,1496,0,0,0,964,14,0,78,1,0,530,0,1652,160,0,1,99,0,0,0,1,0,87,2,0,4,287,0,0,0,0,0,0,0,0,39,0,0,0,373,0,0,680,0,0,0,450,140,0,0,6169,0,0,0,1,0,502,0,0,0,0,669,1,0,0,11996,0,0,0,1,4,8971,26,0,0,3,59,433,35,0,0,0,0,0,4,0,1002,0,10,10,5674,0,0,2,510,0,6859,14,2628,0,682,1,0,0,0,642,0,0,2,0,0,0,0,0,3321,2,24847,576,106,0,0,0,0,2,578,0,2,108,0
"gene_577",0,0,63,0,0,0,368,0,0,0,8,1944,0,0,0,0,0,0,0,0,0,0,0,0,0,0,0,0,0,0,0,0,0,0,1,0,0,0,0,0,0,0,0,0,0,0,0,0,0,0,0,0,0,0,0,0,0,0,0,0,0,0,0,0,0,0,0,0,0,0,0,0,0,0,0,0,0,0,0,0,0,0,0,0,0,0,0,0,0,0,0,0,0,0,307,1,4432,144,169,0,278,0,0,0,201,0,0,0,1757,0,422,0,75,0,0,0,79,0,0,0,1727,0,0,0,0,0,0,0,0,0,0,0,0,0,0,0,1,0,0,14,0,0,256,9850,2,2,2181,60,0,0,6401,0,0,6,0,0,2,0,0,0,1029,0,0,77,0,0,0,4709,0,0,0,0,0,68,0,271,0,0,0,0,9489,0,11950,0,0,0,6,0,0,13,37,0,3227,0,0,0,0,11,21,0,0,0,109,0,96,0,0,165,0,0,72,7,0,0,0,0,17,0,0,0,0,0,0,0,0,0,0,0,0,0,57,0,0,30,0,0,0,0,0,0,1,0,0,0,0,0,0,0,1367,0,0,0,2,0,161,0,0,0,0,161,0,0,0,0,0,0,0,0,0,15,0,0,0,0,0,0,0,0,0,0,0,0,0,0,0,0,0,0,0,0,15,0,0,0,0,0,486,0,55,0,0,0,0,0,0,0,0,0,0,0,0,0,0,0,81,0,0,0,0,0,0,0,1,0,0,0,0,0,0,1,0,0,0,0,0,0,0,0,0,0,0,0,0,0,0,0,0,0,0,0,31,0,0,0,0,0,0,0,0,0,0,0,0,0,0,0,0,0,0,0,1823,2,10,0,0,0,0,274,0,0,0,0,0,9,0,0,0,0,0,0,0,0,0,0,0,0,0,0,0,0,3,0,0,423,0,0,0,8,0,0,0,0,0,0,0,0,0,0,0,0,0,0,0,0,0,0,0,0,0,0,298,4,0,0,0,0,1,0,0,0,0,0,0,0,0,0,0,0,0,0,0,0,0,0,0,0,44,0,0,0,0,0,0,0,0,0,0,0,0,0,0,0,0,0,12,0,0,0,0,0,0,0,0,0,0,0,0,0,0,0,0,0,0,0,0,0,0,0,0,0,0,0,0,0,0,0,0,751,0,0,107,0,0,0,4,59,0,0,0,0,0,0,0,463,0,0,0,0,0,0,0,0,14,80,1,0,0,0,0,0,0,62,0,0,2,0,0,0,0,0,0,0,110,0,0,0,0,1,0,0,0,0,0,0,0,0,0,0,0,1,0,0,0,0,0,0,0,0,0,0,0,0,0,0,0,0,0,0,0,0,0,0,0,0,0,0,0,0,0,0,0,0,0,0,0,0,0,0,0,0,0,0,0,0,0,0,0,0,0,0,0,0,0,0,0,0,0,0,0,0,0,0,0,0,0,0,0,0,0,0,0,0,0,0,0,0,0,0,0,0,0,0,0,0,0,0,0,0,0,0,0,0,0,0,0,0,0,0,0,0,0,0,0,0,0,0,0,0,0,0,0,0,0,0,0,0,0,0,0,0,0,0,0,0,0,0,0,0,0,0,0,0,0,0,0,0,0,0,0,0,0,0,0,0,0,0,0,0,0,0,0,0,0,0,0,0,0,0,0,0,0,0,0,0,0,0,0,0,0,0,0,0,0,0,0,0,0,0,0,0,0,0,0,0,0,0,0,0
"gene_578",0,42,0,0,19,51,169,9,0,0,2,1668,0,7,2,96,5,7173,0,0,0,30,260,1298,1550,965,29,0,0,40,4,728,3,4,2442,0,1,84,643,0,2,2003,134,8,9,6,0,0,0,0,1240,0,2,30,3,2,0,0,0,58,0,5004,1,2,0,66,0,5579,7,444,0,1,0,0,0,0,251,17,228,455,17,279,0,1,62,0,0,0,17,11,168,2,65,41,1170,0,1354,0,0,856,492,1898,0,13,1,0,0,241,0,747,1775,0,0,0,0,0,41,6,121,0,22,0,1054,130,0,22,6,0,0,0,31,75,0,24,0,559,0,0,6,146,9501,0,0,0,5451,0,11,0,2755,3505,0,291,2159,113,179,0,0,0,3,805,19291,0,286,0,0,30,0,0,8,0,4029,7,0,557,14603,1782,0,0,0,19,0,778,0,0,863,0,0,7736,0,0,2325,1258,5537,0,12,0,0,38,63,0,5844,0,125,0,28,0,0,1,99,0,140,0,758,5,0,9,1,55,1658,2,0,0,0,0,117,12,0,0,9,11983,0,0,0,1,0,0,14,0,1,45,60,4,11,0,0,142,2,0,0,0,0,1245,0,0,341,104,0,62,0,2507,0,0,0,109,9,0,3,735,55,0,10260,0,805,6,706,21,23,41,0,0,0,0,0,0,5921,0,96,341,2366,0,12,0,2,0,685,609,0,221,830,0,2004,1,0,0,0,7,0,1795,3,3,0,0,0,0,74,7,1815,2,0,7,0,0,0,0,0,1967,323,155,3523,0,58,0,127,0,0,0,0,0,0,0,0,1,0,2,0,652,3,1,1421,1,2302,733,2,0,660,0,1458,0,72,55,70,14,708,0,0,0,17,0,0,720,397,3,886,0,1,6,0,508,35,4,1,487,0,0,0,0,14,6441,58,985,263,11,0,0,1461,0,0,0,1,0,0,0,1004,0,0,21,83,0,59,0,927,29,925,0,1,1880,0,185,0,1,4,0,135,39,15,0,0,1,2,0,102,0,0,300,73,3,0,591,1,0,0,0,0,505,18,39,1938,1,0,0,0,27,0,599,0,0,0,17,1084,0,9,0,5,99,183,0,66,450,509,0,1771,1007,3,0,3248,820,0,0,0,0,0,72,18,0,0,1,0,4,1701,0,149,156,30,1,0,14,1,3513,503,0,0,0,0,27,1589,0,0,3536,2,777,1,2,1967,323,24,1,319,2,3,2515,0,3579,2979,23,47,158,2,227,2885,25,0,0,769,863,0,142,81,136,2692,993,97,2,2742,868,0,0,0,148,0,4,593,630,2,0,0,85,28,9,0,2,27,55,376,55,0,2206,0,147,551,11,0,71,0,177,0,0,0,187,0,0,37,0,7178,52,0,1700,0,0,0,104,16,1957,22,0,0,1,4,1,0,0,0,3,0,0,0,19,0,0,810,7,6,29,0,0,0,10,0,5,0,0,0,0,0,0,99,0,230,10,0,0,0,0,17,0,3158,0,1,0,1,13,0,0,0,0,5809,0,0,0,0,1128,0,0,0,199,0,0,0,2673,45,808,1229,143,1,71,0,1,0,0,0,0,2,0,1666,0,0,0,5536,0,0,0,0,12,0,0,699,3,0,177,0,0,48,0,4,6,9,0,47,4,120,0,0,0,0,0,0,15,0,0,0,41,0,128,0,1135,0,0,0,0,1,0,0,0,533,717,19,0,0,0,0,12,0,0,0,0,28,0,0,2552,220,130,0,0,0,0,0,413,0,0,0,0,0,9,0,1,126,0,0,8211
"gene_579",2385,969,161,686,1423,61,242,196,6,13750,2039,3271,8083,299,2398,223,162,69,5113,4313,1525,133,334,133,846,122,71,1029,426,1046,21,5094,2,57,12,13268,25,68,434,44,0,1242,557,54,680,1,540,2,3795,1919,13,197,642,136,96,136,34,10031,69,0,1002,970,280,1895,361,14,406,17,342,340,3605,3897,4,11458,1379,225,103,2,3486,101,13057,683,1670,3730,6103,117,9,4129,1843,7,220,2019,2898,10,0,0,12,0,2401,1819,1701,841,1925,7112,14761,1389,3117,7,9388,2328,2281,8934,685,2611,1969,1290,155,312,9262,2413,23,359,3,834,0,3382,136,537,2134,3,973,76,5049,8645,6761,2,1417,3687,14,1331,1265,8084,1977,6584,3638,2293,2,228,5948,38182,23405,350,3406,8088,311,6860,1076,159,82,424,533,17,3647,3647,1146,1803,41,9,482,7462,8479,21195,2984,362,33275,83,77,34,6969,5948,21550,0,7545,2247,1,10,310,1102,1960,29,5473,9373,4058,4,0,6,16,1208,0,1346,2702,284,0,9,9240,180,7866,7398,44,14,712,365,12,386,5260,0,40,0,2214,0,687,8,1372,100,2,0,0,11440,32105,4571,706,166,30,17,26469,3347,0,119,355,153,968,2468,0,475,20949,1286,5135,857,178,471,7,181,10294,3596,10,36,3383,1781,363,1,270,0,2902,96,12,0,337,3,2,144,1463,4,1201,440,0,245,11,2,9,448,14,11378,2,3,0,2,3076,1,57,2039,0,438,309,2120,1218,8,5,13,1785,317,8,786,107,1,56,187,1,3,216,78,0,0,118,163,121,2220,442,116,1029,23,0,290,337,723,0,1,111,2049,801,103,412,0,0,1,1052,574,227,0,52,7,27,0,239,1475,36,24,99,447,0,0,48,0,0,1,30,1,2,5,1887,1701,407,0,1,12,5,4,6,1271,1275,24,386,43,75,9,7188,15,939,416,203,129,5101,19,658,284,1641,367,7,8637,318,212,2,6203,6,0,205,8,591,305,11,15,0,423,1922,0,131,1,59,1002,60,181,4,4,149,3,289,24,1820,3190,3878,571,2978,88,31,1140,6,2,486,17,498,2620,4012,0,1560,0,0,104,2,301,391,0,0,1720,13,5,0,807,14,23,0,53,3682,11,5,51,2,198,28,3559,150,0,2211,2,0,1,2099,2562,266,5,8,0,119,0,349,47,60,1767,3,55,506,307,1058,0,20,18,1941,41,35,16,3,9,700,0,13,2352,0,0,2,0,2,274,124,0,0,0,18,198,641,1917,1,1790,0,0,248,1394,3189,0,2322,0,45,2796,148,0,0,0,101,1218,14,90,2,114,13,31,0,23,99,4,38,32,394,8,1187,833,0,0,340,0,0,817,18,0,613,170,5,0,0,1031,6,92,2459,0,215,4876,1469,41,71,3,0,22,31,2135,1019,0,0,129,0,43,3,19,2,0,4,0,0,0,0,0,381,0,5568,7,0,0,0,0,0,0,0,0,0,16,22,19,3,0,118,76,0,0,0,0,0,1,10,290,0,404,0,0,255,1,462,0,0,0,0,0,2157,12,2663,5225,0,631,0,194,16,0,0,17,1,0,0,0,744,8,49,21,0,8,0,267,13691,0,0,2,488,0,58,11036,32,0,0,1,819,989,0,95,154,0,1624,178,185,658,41,49,44,109,0,0,0,0,0,9,1,8,534,0,0,0,60,594,61,1,299,12,16,0,0,130,1,0,0,0,0,0,0,0,0,4,0,0,0,0,9,57,218,0,0,0,0,3523,106,10,394,1168,535,0,95,0,2,1783,105,680,0,8,0,1,0,0,526,6034,0,1,0,0,1,0,2678,35,19,0,6,39,0,0,0,5,172,0
"gene_580",6,47,0,661,2,416,4,0,75,4,1,0,4416,0,2754,17,21,19,3252,320,0,218,1,3686,5048,7,128,644,5,1347,1,0,3548,297,35,210,2,3122,0,192,42,239,2443,1561,0,10057,120,46,1,19,50,1462,1432,2,0,0,7111,0,0,0,28,0,102,20,31,3,0,218,1759,55,2123,430,24,0,0,482,5353,259,0,6322,1,1626,1137,3580,0,1525,8,113,462,479,292,417,0,3959,35,5,31,6,12237,0,1,521,710,9118,0,1298,0,6712,38,118,50,2,3,0,2436,2619,114,239,0,7,0,22,256,14,5703,5,914,724,7,4846,0,975,5937,0,279,7,539,0,0,0,11751,0,586,1421,9559,0,387,1334,38,6,0,371,23,497,5120,0,637,1606,4,0,325,2,53,2492,39,8,15,68,0,0,5,1434,6971,9,4320,2,2,20,2698,15,2,1113,1089,0,2184,24,19,0,1138,0,0,45,3875,3581,166,5,33,71,7,0,1,14,101,1,1161,387,0,52,2382,0,31,1,0,39,1000,1,1089,2523,0,0,87,3,0,12,0,0,0,9111,0,49,345,65,5796,167,0,6,214,1536,169,0,93,0,5482,5537,0,970,0,39,115,118,0,0,0,0,2075,55,724,66,1,234,262,1342,8,4164,1,11,0,0,194,212,103,3285,48,5051,4866,649,0,3,178,433,204,1068,1088,12,13,976,810,34,66,3746,3,152,170,12,161,289,110,0,1804,18,198,3520,1922,1900,0,84,2161,6,326,8,0,5036,384,667,44,0,557,271,4241,1895,49,114,45,455,415,2,826,3368,8,776,4221,536,53,0,0,574,3795,0,3,0,574,6201,2475,205,44,9,1,131,3,0,0,3,4,1091,346,953,44,0,844,133,0,313,1,890,81,716,486,777,1401,111,2702,0,707,0,19,3309,0,13,398,7,60,2818,6161,989,79,411,2466,281,630,9365,11,0,7,515,479,55,386,171,0,505,59,519,1290,129,85,267,541,1611,66,0,940,106,28,482,5,56,180,38,523,94,2,1250,785,322,0,11982,20427,143,281,7,460,195,16,19,192,226,2,119,2753,9,73,0,1074,769,29,5,209,4,0,2251,2391,42,0,0,51,0,391,0,10,0,94,0,6,0,28,7,2,4629,478,311,3,1194,2920,1,0,66,12,129,29,2,99,15,43,77,6,52,0,0,370,164,146,982,16,1450,3589,458,3700,4,4163,350,63,0,1179,1,3,26,13,0,70,0,10,28,0,0,5,0,6,0,1621,613,329,1850,1593,244,5,928,228,0,772,0,9,13,0,903,688,27,5638,2920,696,11700,0,2302,932,4142,161,53,944,12,29,125,1505,0,503,0,6,61,3,6172,14,17,38,42,68,126,75,5811,41,11,36,0,13,3,1304,0,4254,984,2998,0,276,0,829,77,158,1,610,101,438,5429,120,6,2075,14,851,14,60,36,4,604,7504,1463,193,86,413,42,58,0,16,249,2296,7,268,130,676,1215,557,83,0,13,566,4402,35,482,172,682,21,140,64,0,1,0,23,0,5334,0,0,4,1,668,1059,1157,82,6,0,3,4,221,1258,0,5161,0,2512,4433,37,615,8,0,0,1,261,4,899,1232,2,699,15,1672,270,1800,0,109,0,243,101,67,8,5243,1,984,566,2,757,1,603,1803,3327,337,0,0,38,214,0,0,10,5713,0,20,0,97,2,861,335,568,2422,5749,874,0,548,5,0,326,4,1,672,0,0,0,0,1778,0,37,371,2,0,0,25,1289,23,7593,0,18,21,1,37,0,153,342,11930,4213,0,2,36,0,435,12,3,3229,158,1,5,1,461,0,2,2,5172,246,4,203
"gene_581",149,0,98,0,0,0,0,0,0,1,14,0,114,0,6,18,1,0,109,0,0,752,8,5,2,0,0,6,0,0,22,0,5,8,0,0,0,0,0,1,33,12,4,18,61,1051,26,217,0,0,0,2,0,0,0,0,0,0,276,143,0,72,0,0,0,76,50,61,2101,477,2,286,1,0,0,0,3,544,0,166,1,87,110,6,130,0,17,48,0,187,1,0,0,131,997,119,199,0,0,790,0,1,154,0,0,0,0,4,0,7,0,15,0,0,0,0,0,0,0,0,54,0,0,0,274,116,0,14,2,5,2,0,1,0,0,0,0,179,0,0,0,0,0,0,0,260,33,0,0,0,862,0,1,87,0,0,53,0,0,14,1,5,0,0,0,0,1,0,0,12,1,0,0,0,20,2,0,0,307,0,0,2057,0,419,1,1752,0,0,35,17,2,0,0,17,3,0,0,0,3,0,0,2142,0,1,0,0,2,0,0,0,1163,0,0,0,0,0,0,0,0,0,0,0,0,0,451,0,4,0,0,0,4,0,0,0,1,6,0,4,506,4,0,0,0,0,1,116,0,0,787,6,0,0,0,0,0,1175,0,15,0,8,0,0,4,0,0,1,0,0,0,0,0,19,0,0,1326,0,0,0,0,0,0,0,42,0,0,0,0,0,0,0,0,0,0,0,0,0,0,0,3396,0,0,0,0,0,0,0,0,0,0,0,0,0,0,0,0,0,0,0,239,0,0,0,0,0,0,0,0,0,0,17,0,0,0,1,0,0,0,0,0,0,1,0,5,0,0,0,0,3216,0,0,0,0,0,0,27,0,0,0,0,0,0,0,1388,3,0,0,0,0,0,0,0,0,0,0,0,0,151,0,0,0,11,0,0,0,0,199,0,0,0,0,0,0,0,0,0,0,0,0,0,0,0,0,1294,0,0,0,0,0,0,0,0,0,0,1346,0,0,152,0,0,0,0,0,0,0,0,0,0,0,0,0,12,0,0,36,0,0,0,0,0,3,0,0,0,0,0,0,0,0,0,12,0,103,0,0,0,244,0,0,0,27,0,19,0,0,0,0,2,0,0,0,33,0,0,0,0,0,0,0,0,0,0,0,0,0,0,0,8,0,0,1,0,55,0,0,0,0,0,0,70,0,0,0,0,0,1188,0,0,0,6,2,0,0,0,79,0,0,0,0,0,2,0,502,0,1,0,0,0,11,1,42,5,469,0,0,0,0,0,0,0,0,0,0,32,0,0,0,0,0,0,0,0,0,0,15,0,0,0,0,0,0,0,1402,0,0,25,0,0,0,0,147,0,0,0,1,16,0,0,0,5,0,0,0,0,0,0,0,0,0,0,0,0,0,0,0,0,275,0,0,145,11,0,1,0,0,0,0,0,0,0,0,0,0,0,2,0,192,0,0,0,0,0,0,0,0,816,0,0,0,0,6,0,0,16,0,0,0,0,0,0,0,0,0,0,0,0,0,0,0,0,0,0,0,0,0,0,0,2,0,0,75,2,4,1206,4,0,0,0,0,1,0,0,0,3,0,0,93,0,0,0,0,0,0,0,0,0,0,0,60,0,0,0,0,0,0,0,0,0,0,0,0,6,0,0,0,0,0,0,0,0,0,0,0,0,0,0,0,0,0,0,0,0,0,0,0,0,0,0,0,0,0,103,0,0,0,0,0,0,0,0,0,0,0,0,0,0,0,0,0,0,0,0,0,0,0,0,14,0,0
"gene_582",0,0,0,0,0,10,0,994,0,0,0,0,0,0,0,0,0,0,0,0,0,0,0,0,0,0,7,0,0,0,0,0,0,0,0,0,0,0,0,0,20,0,0,0,0,0,0,0,0,0,0,0,0,7,0,0,0,0,0,0,0,0,0,0,0,0,0,0,0,0,0,0,0,0,0,0,0,0,83,0,0,0,0,0,0,0,0,0,0,0,69,0,0,2,0,0,0,0,0,0,0,0,1,0,0,1,0,0,0,1,0,0,0,0,0,0,0,0,0,0,1,1,0,0,0,0,0,0,0,0,0,0,0,3,2,0,0,1,0,0,0,0,0,0,0,0,0,2,0,0,0,2,1,0,0,0,0,0,0,0,2,0,0,0,0,0,0,0,0,0,2,1,0,0,0,5,0,1,5,0,0,0,0,0,0,0,0,4,0,0,1,2,0,0,0,0,4,1,0,1,0,0,1,0,0,5,0,5,0,0,0,0,0,0,4,0,0,1,0,0,0,1,3,6,11,0,1,0,0,4,0,8,0,0,1,22,0,0,0,0,3,1,1,0,6,0,0,0,0,0,0,3,0,0,0,0,0,0,7,4,0,2,85,0,0,0,0,0,0,0,0,0,0,0,0,0,0,43,0,0,0,3,0,0,0,0,0,0,0,0,0,0,0,1,52,0,0,0,0,0,0,729,0,0,28,0,0,0,0,0,0,0,0,0,3,0,0,0,0,0,0,0,1,0,112,0,0,0,0,0,0,0,0,0,0,2,0,0,0,0,0,0,0,0,0,15,0,0,0,0,92,0,0,8,0,0,0,0,0,0,0,389,0,96,0,0,0,0,4,0,0,0,0,0,234,2,0,0,543,0,0,0,0,23,0,0,0,0,16,0,0,0,0,0,0,0,55,0,0,0,0,0,0,0,60,0,2054,0,3,0,402,0,0,1,0,0,0,0,0,0,0,0,0,224,0,563,0,0,0,0,0,0,0,13,0,0,0,0,0,106,0,1,0,81,0,0,0,0,0,0,0,0,0,0,0,0,1100,0,1,0,0,0,0,0,0,85,0,0,0,0,0,0,0,223,0,81,0,0,0,0,0,0,0,0,0,8,0,935,0,0,0,18,0,18,50,0,168,0,0,0,0,0,332,0,0,0,0,5874,0,0,11,0,749,0,0,0,0,0,0,0,0,0,58,0,0,3,0,6,20,0,0,0,0,307,0,0,783,2,0,745,97,235,0,0,0,0,0,0,50,536,0,0,390,0,2,48,11,0,0,13,0,0,0,0,4,0,115,0,0,547,844,0,105,0,0,0,0,0,0,0,0,0,0,358,0,0,0,3212,0,0,17,2,1885,3,5,0,0,0,0,0,0,682,0,0,0,0,35,0,0,0,0,0,0,0,0,0,0,9,62,0,0,1266,0,0,0,142,39,0,0,0,5,25,0,0,0,0,0,387,1462,8,0,20,9,0,0,0,2535,0,35,0,29,0,0,0,0,0,0,0,0,0,0,0,13,0,235,0,0,0,0,0,0,0,22,0,0,0,19,0,0,0,0,14,0,6,0,0,0,0,0,0,0,0,453,0,3,6,0,463,271,0,0,1749,0,0,0,0,0,0,0,6535,0,2,20,0,0,0,0,75,0,0,0,0,0,0,0,0,0,30,65,8,0,0,0,62,0,0,0,18,3,1,0,0,33,0,0,0,0,0,0,0,0,0,0,0,0,0,0,0
"gene_583",104,529,1439,1,0,0,1730,1069,0,0,0,1,187,1,308,631,16,5,8,37,3,133,11,14,150,46,0,132,0,157,0,0,13,30,0,0,1043,1,140,2,126,0,734,12,70,0,0,44,97,9,10,0,1,4,2,7615,0,75,16,0,0,32,0,0,9,464,0,47,0,6445,2,3,5,41,384,13,8,0,3,1558,0,11,43,80,0,31,117,29,678,0,0,0,12,0,2501,0,0,0,129,1662,4,0,0,1,0,0,9,6,0,552,0,0,10,0,0,6,0,0,0,0,3,2,0,0,0,0,0,0,25,37,0,0,0,11,0,0,0,0,22,0,199,1786,1,0,0,0,1503,124,56,2037,0,0,0,2,0,0,6483,0,0,55,0,0,0,11,0,7,126,0,0,0,15,0,7,390,0,0,7,0,0,0,76,2931,0,380,0,0,0,0,150,4100,66021,979,0,1753,0,0,0,1,149,1,9,0,0,0,461,2982,23,0,0,110,0,3056,0,221,1,0,0,0,0,11,37,1,305,0,0,12,0,51,0,0,1,1,48,0,0,0,244,377,0,16,2,82,34,443,43,0,1336,481,0,0,1,2,26,0,915,232,0,0,744,5,1584,4492,3,600,3401,146,0,1586,8,9211,6,0,198,1047,0,641,4409,333,0,1362,1237,164,58,1346,5,174,268,17,10160,0,978,4644,0,12744,1273,2,1,1105,23,880,4,1,2,2651,4439,25,565,0,25,105,107,882,2,44,620,1,0,4422,3,3845,1,953,5,156,3492,2,292,118,283,4799,87,0,33,0,7,8,5,0,7402,1,3,0,2,295,13,0,0,1611,1,98,35,0,1,4,0,85,641,8,0,0,16,15,211,257,27,1448,72,24,0,277,783,65,0,745,1,443,4139,42,103,1997,333,0,35,5,2,73,11,1292,14,1201,77,114,878,1250,18,2333,235,736,1063,528,0,93,291,361,50,468,20,1,0,356,145,1164,2913,27,0,278,776,0,7,1620,0,857,144,1009,8,5,1,20,6789,37,0,840,0,0,0,0,0,0,0,0,0,4,0,228,32,8211,0,0,0,1968,0,70,0,0,0,797,7,508,2112,216,0,0,1,0,0,0,0,0,0,0,0,0,0,0,0,0,0,0,0,0,460,0,0,0,149,145,0,0,0,3,0,0,0,0,0,0,0,0,0,0,1,0,0,146,0,0,0,0,0,1,2,5,0,0,2,2,0,22,0,0,2,0,0,0,0,27,11,0,618,0,0,323,0,0,23,0,0,0,432,0,0,652,67,0,0,0,0,0,0,1224,0,461,0,122,0,0,0,0,0,6543,0,0,0,0,0,11,0,0,0,0,34,0,0,39,0,0,367,286,0,0,48,0,0,18,0,0,1,9,0,0,0,0,0,10,0,0,1065,0,0,0,1,1696,0,0,0,0,0,0,0,0,0,0,0,47,0,0,3248,0,0,0,0,0,0,0,0,1391,35,0,0,0,0,0,0,421,0,5129,0,7,2,0,0,0,0,0,104,36,0,586,0,0,0,0,0,0,0,0,8,826,0,0,6,0,0,0,0,0,5,213,0,634,0,5,825,0,24,0,0,4,0,0,0,0,1995,9,0,0,0,0,0,0,0,0,0,2,0,0,0,0,0,0,0,0,0,0,655,3,0,0,0,0,0,0,0,8,0,0,0,0,0,0,2,0,0,0,0,0,11,0,1958,0,0,14,1716,0,0,0,0,0,0,0,79,5748,0,30,0,193,0,0,0,79,0,0,0,2,93,0,425,0
"gene_584",0,0,0,0,0,0,0,0,0,0,0,0,9,0,0,0,0,0,0,0,0,0,0,0,0,956,0,0,0,0,0,0,0,0,0,0,0,0,0,0,0,0,0,117,0,0,0,0,0,0,0,0,0,0,0,0,42,0,0,0,0,0,8,0,0,0,0,0,0,0,0,0,0,0,0,1,0,6,0,304,0,0,0,0,0,4454,0,0,0,0,0,0,0,0,0,0,0,0,0,0,0,0,0,0,0,0,0,0,0,0,0,0,0,0,0,0,0,0,0,0,0,0,0,0,0,0,0,0,0,0,0,0,0,0,0,0,0,0,0,0,0,0,0,0,0,0,0,0,0,0,0,0,0,0,0,0,0,0,0,0,0,0,0,0,0,0,0,0,0,0,0,0,0,0,0,0,0,0,0,0,0,0,0,0,0,0,0,0,0,0,0,0,0,0,1,0,0,0,0,0,10,2,2,0,0,2,4,0,0,0,0,0,2,0,0,0,0,0,0,0,0,3,3,1,0,0,0,0,0,6,0,0,0,2,0,0,0,0,0,0,0,0,1,0,3,0,0,5,0,0,2,0,0,0,0,1,0,0,3,0,0,0,0,0,0,0,0,0,0,0,0,0,0,0,0,0,0,0,0,0,0,0,0,0,0,0,0,0,0,0,0,0,0,0,0,0,0,0,0,0,0,0,0,0,0,0,0,0,0,0,0,0,0,0,0,0,0,0,0,0,0,0,0,0,0,0,0,0,0,0,0,0,0,0,0,0,0,0,0,0,0,0,0,0,0,0,0,0,0,0,0,0,0,0,0,0,0,0,0,0,0,0,0,0,0,0,0,0,0,0,0,0,0,0,0,0,0,0,0,0,0,0,0,0,0,0,0,0,0,0,0,0,0,0,0,0,0,0,0,0,0,0,0,0,0,0,0,0,0,0,0,0,0,0,0,0,0,0,0,0,0,0,0,0,0,0,0,0,0,0,0,0,0,0,0,0,0,0,0,0,0,0,0,0,0,0,0,0,0,0,2,0,0,0,0,0,0,0,0,0,0,0,0,0,0,0,0,0,0,0,0,0,0,0,0,0,0,0,0,0,0,0,0,0,0,0,0,0,0,0,0,0,0,0,0,0,0,0,0,0,0,0,0,0,0,8,0,0,0,0,0,0,0,0,0,0,10,0,0,0,0,0,0,0,0,0,0,0,0,0,0,0,0,0,0,0,0,0,0,0,0,0,0,0,0,0,0,0,0,0,0,0,0,0,0,0,0,0,0,0,0,0,0,0,0,0,0,0,0,0,0,0,12,0,0,0,0,0,0,45,0,0,0,0,0,0,0,0,2,0,0,9,0,16,0,0,67,915,0,0,0,0,0,0,0,0,21,0,272,0,0,92,0,0,0,0,0,0,0,1439,0,0,0,0,0,29,0,1364,0,368,31,0,0,3,0,0,0,5,0,0,0,0,0,0,0,0,0,0,0,0,0,0,0,2,0,0,0,0,0,30,0,9,0,285,0,0,0,0,0,0,0,0,0,0,0,0,0,32,0,0,0,0,596,0,0,0,0,0,0,0,0,0,1647,0,0,0,0,139,0,0,155,0,0,0,2,2,0,0,42,0,0,0,0,0,0,0,50,0,0,225,0,6,0,0,0,0,0,0,110,0,0,0,0,0,0,212,0,0,0,1,4,0,0,0,0,0,0,0,0,1930,0,0,0,0,1974,0,0,0
"gene_585",0,0,0,0,0,0,0,0,0,0,2,0,0,0,179,0,0,0,0,0,0,0,0,5,0,0,0,0,0,0,0,0,0,0,0,0,1496,0,0,0,0,0,0,0,0,0,0,0,66,0,0,0,0,0,0,0,0,0,0,0,0,0,0,0,0,8,0,0,0,0,0,0,0,0,0,0,0,0,0,0,0,0,0,0,0,0,0,0,0,504,0,0,0,0,0,0,0,0,0,0,0,0,0,0,0,11,0,0,0,0,0,0,0,0,0,0,0,0,0,0,0,0,0,0,0,0,0,0,452,0,0,0,0,0,0,0,0,0,1113,0,0,0,0,0,0,0,0,0,0,0,0,0,0,0,0,0,0,0,0,0,609,1084,0,0,0,0,0,0,0,0,0,0,0,0,0,0,0,0,0,0,0,0,0,0,0,87,0,0,0,0,0,0,0,0,0,0,0,0,0,0,0,0,0,0,0,0,0,4081,0,0,0,0,0,0,0,0,0,0,0,0,0,0,0,0,0,1506,0,0,0,13,0,0,12,0,2,0,4,2694,0,0,0,0,0,0,0,0,517,0,0,0,580,0,0,0,0,1306,1,0,0,0,15,0,0,0,0,0,0,0,0,0,17,0,101,0,0,0,0,32,0,0,0,0,0,10,0,0,0,0,0,0,0,0,0,0,0,394,0,0,0,176,0,0,1,0,0,0,56,0,0,0,0,0,0,0,0,0,0,0,18,0,0,0,0,0,0,0,0,5,0,0,0,0,0,0,0,0,0,0,0,0,0,3,0,0,0,0,0,0,0,0,0,3,0,0,171,0,0,0,0,0,6,0,0,24,0,0,5,0,0,25,0,0,0,0,0,0,0,0,0,0,0,0,0,0,0,0,0,0,0,0,0,0,0,0,0,0,0,0,0,0,2,0,0,0,6,0,0,0,0,0,0,0,4,0,0,0,0,0,0,0,155,0,0,0,0,0,0,0,0,0,0,0,0,0,0,0,0,0,0,0,2,0,0,0,0,0,0,0,0,2,0,0,3,0,24,0,4,0,0,0,0,0,0,0,24,0,26,9,0,0,2,0,0,0,0,0,0,0,0,0,0,0,0,0,0,0,0,0,0,0,0,0,0,0,0,0,0,0,0,0,0,0,0,0,0,1,0,1,0,0,0,0,0,0,0,2,0,0,83,0,0,0,0,0,0,110,0,0,0,0,0,0,0,0,0,0,0,0,0,0,0,0,0,38,0,0,0,0,0,0,0,0,0,0,2,0,1363,0,0,0,0,0,0,0,0,0,0,0,0,0,0,0,0,0,0,0,0,0,0,0,0,0,0,49,0,0,0,0,0,0,0,0,0,0,677,0,0,0,3,0,0,0,0,0,0,0,0,0,0,0,0,0,0,0,0,0,60,0,0,0,0,0,0,0,0,0,0,0,0,0,0,0,0,5,0,0,0,0,0,0,1,1,0,0,0,0,0,0,0,0,0,1,0,0,0,0,0,0,0,0,0,0,73,0,14,0,0,0,0,0,0,0,0,0,0,0,0,0,0,0,0,0,0,0,0,0,0,0,0,0,0,0,0,2,0,0,0,0,0,0,0,0,0,0,0,0,0,0,0,0,0,0,85,0,0,0,0,3588,0,58,0,0,0,0,0,0,0,0,0,41,0,0,0,0,0,0,0,0,0,0,0,0,0,0,0,0,0,0,0,0,0,13,0,0,3,2,0,0
"gene_586",10044,6707,235,750,834,1722,4115,6848,3673,3864,6031,3712,1,51,638,4057,2090,973,3468,439,198,202,2748,412,117,3095,667,6463,2669,325,1678,4738,43,301,1232,2336,44,880,1265,178,54,1209,142,1471,3287,2855,28,1926,202,99,234,2746,237,231,1366,782,31,9418,615,919,527,1809,1199,3098,349,1630,1124,4614,1766,200,6285,1669,160,72,5187,2799,68,348,737,155,6,398,5098,2645,4543,121,510,7422,4571,595,915,5381,10974,762,6725,1564,9964,599,3825,375,7228,8899,1309,14788,998,805,8314,955,9156,10693,4129,2309,3,43,1418,16998,1327,2422,11461,71,9478,211,1,1165,12239,1899,38,2027,1709,1345,468,47,2660,322,3238,6495,2733,0,7113,5594,1888,2039,11736,509,40177,6056,4128,17730,164,1135,1746,3382,12108,8673,46,7355,287,5743,6992,187,4466,7973,2213,4201,11478,2565,10453,14154,890,7224,6238,7892,1317,95,4432,10140,18903,4325,26114,46502,629,300,143,78,14385,2225,3374,1293,2894,3044,75,225,314,3337,0,945,0,268,3876,530,1104,25,209,3049,210,1827,4603,3294,4176,64,8040,3522,182,1,660,1388,5285,1579,2754,1168,1612,1302,6539,9804,6111,343,2511,278,582,542,365,2596,1053,83,181,3790,369,4650,6726,192,7102,6885,1826,651,215,82,5053,22219,4060,11,25,995,5404,2557,127,276,6231,980,4936,22566,364,3,307,11,351,166,2009,1520,270,479,1742,98,161,164,133,1101,353,296,363,13,100,397,361,911,417,22,136,53,1450,21,25,37,911,343,2421,369,1061,0,483,4091,0,319,220,167,8,803,406,0,224,451,633,144,189,0,515,484,40,203,10,158,11,823,725,89,1957,1,695,1792,130,1,23,0,36,3,137,1331,47,30,0,636,35,148,4,849,601,111,1096,640,472,25,353,29,24,238,152,1,225,2794,117,655,230,62,1,1090,0,14,24,11,1,1759,525,751,643,0,792,0,784,194,485,366,967,95,756,223,846,201,745,150,3669,1609,8,281,254,136,1745,0,103,454,192,100,2,105,20,315,973,145,108,1740,3115,54,79,0,2364,17,1157,404,51,10,16,7,2766,1049,6,73,129,1260,1833,15,387,766,0,126,178,34,303,47,90,3,2173,132,101,231,14,6,242,34,0,82,73,98,207,6,77,0,160,1,197,0,22,351,0,84,50,227,0,0,0,51,178,582,128,10,2,87,17,352,299,25,188,12,136,2,14,77,37,224,0,22,557,64,21,9,0,0,1,0,371,110,193,26,422,0,0,1334,41,0,39,67,250,0,1,192,128,14,133,2,145,41,186,23,6,85,263,15,3,418,7,80,34,0,32,0,388,0,44,2,4,112,14,0,12,257,41,234,0,0,11,21,0,0,0,1,181,13,24,186,180,112,31,79,173,10,435,11,522,1026,120,540,0,0,79,32,92,1,2,2,2,1,2,30,41,56,1,1,1,860,59,0,19,1,0,12,151,27,10,0,4,448,55,0,1,80,4,1468,0,13,0,3,36,6,516,0,56,30,0,310,0,3,0,153,3,317,0,315,0,96,70,104,0,75,8,258,0,141,21,0,103,5,16,0,20,0,367,3,9,72,337,183,436,1,251,39,2,0,246,38,6,0,7,62,0,11,0,0,7,14,22,37,3,0,242,55,0,20,0,10,6,13,5,1,41,11,12,12,1,7,137,448,78,12,0,9,42,2103,73,0,0,3,1,297,243,14,28,0,51,3,1,25,7,2,13,64,0,101,2,363,8,0,0,44,111,2,0,70,301,18,0,0,0,499,236,22,0,37,0,2,42,261,311,52,5,295,49,21,28,11,48,2,11,13,0,3,0,2,0,118,19,188
"gene_587",25,4122,0,1414,426,2197,4574,6879,201,7608,1109,261,767,799,2282,528,6,2056,2777,915,11,2764,20968,1608,3,3066,6627,211,3,309,608,4,134,72,200,604,2825,1541,2663,4,835,2226,504,10713,0,39,3,124,230,1615,722,3,2406,2029,2124,1518,48,1905,136,10666,7567,21093,1445,0,1,52,518,1208,110,1076,9,4,18,53,2296,150,177,288,122,250,21,0,74,1943,62,797,12,0,6,33,3555,52,46,180,9947,2152,1182,164,290,14786,0,61,3450,1,1647,14004,1287,1998,26508,25,10125,1115,974,8,39112,20842,3966,0,4496,322,0,686,0,1,3983,1272,1303,20999,9,2162,551,8,20,374,58,430,1996,407,6,17770,0,843,52703,145,8945,8350,31351,7112,11358,2300,30756,467,2721,11017,17907,767,35403,30865,7386,3,272,202,3034,59,30697,25409,44785,229,14975,263,27078,2387,8151,3291,6419,13547,14472,17782,6919,654,3260,20356,183,4531,3545,35325,49,2475,4470,30810,16,648,3676,11922,988,268,44,846,2132,14286,1631,0,4231,11767,392,8680,1551,118,860,9907,9775,34615,4628,979,16489,401,5780,5902,222,1,0,2537,15456,5302,23786,3494,59,1025,4135,1545,273,2646,4,307,9005,1916,3472,3178,3450,2,1608,111,364,10,7,4,3405,0,3933,17,7876,2444,17,100,659,499,1,490,477,3680,389,95,262,8,5,184,2,32,2959,1527,442,40,803,3574,126,0,3630,16,0,1462,0,967,2482,5209,1255,8586,1008,184,2,1434,808,187,491,0,476,5,0,0,272,85,9,2547,128,198,250,70,13,18,60,5401,677,4213,9,3892,1985,4706,3450,0,461,0,628,2701,1000,1514,295,646,5792,2740,98,691,12302,173,204,390,418,0,115,1618,223,154,10,12,0,1305,20815,0,14,493,550,26,250,20,1737,3840,0,1,1472,97,2136,777,2419,11,3331,9,2,7017,166,73,270,7022,7,9,19,651,133,0,0,2207,1080,3623,0,657,235,0,7,926,834,0,233,178,436,1138,1842,188,0,45,989,0,3854,3208,110,1282,2534,22,1018,515,1,2555,4183,3101,1739,0,3778,259,630,3,7948,1863,826,149,0,259,339,1,19,666,55,1,921,3182,5718,158,129,1336,30,0,0,224,0,420,622,194,622,178,9326,41,58,10,0,1233,2484,379,0,2,4929,59,1175,4153,78,0,395,41,2384,0,0,0,0,44,10,628,634,9,430,24,57,0,2,13,20,26,531,0,2,393,269,89,233,0,1599,0,147,2,1,3476,806,648,81,440,0,1,2,122,618,586,46,1,64,0,669,1232,80,27,318,3138,371,15,2755,14,1036,15343,0,704,46,238,261,0,0,0,3,37,22,70,3,928,0,258,18,0,13,316,1990,737,7,0,373,598,53,0,24,428,0,64,70,0,0,0,219,0,1,25,0,40,184,64,17,25,94,0,508,1,197,0,0,161,135,5,0,591,961,63,0,27,1,0,0,12,1315,75,1576,0,6511,195,38,342,1,56,310,0,0,3,1021,0,51,1856,42,0,0,101,4810,4897,7154,17429,208,5767,0,3423,2931,13,14,25,164,201,339,523,112,1067,926,0,109,884,3,2726,383,223,1558,17945,297,2739,3,8864,1165,1,2,111,140,440,0,5657,2758,129,0,0,1043,339,0,53,4255,955,468,776,912,1,0,1,0,1,0,1252,0,0,4,308,65,0,1,0,3144,1,0,1,98,129,3,3,85,96,459,0,935,316,29,0,95,306,11,0,446,1185,7,61,0,768,1542,2,198,28,532,1407,3839,950,51,1959,0,802,1498,53,0,4031,69,0,34,0,812,2628,0,23711,30,0,373,5,325,1228,0,1,135,1,6,14,1360,6,9341,50,2767,8143,0,58,0,0,394,163,261,359,50,62,0,0,13,535
"gene_588",0,384,3,502,8,1365,207,0,2,27,1541,1,0,0,159,7235,452,14,2,35,361,1,1418,188,10,0,9,2271,5,1933,53,2,0,5,190,279,34,1030,340,140,1887,2332,3,1,57,164,265,2,104,22,7,4435,2599,1131,281,1549,2,2150,1,6,0,509,1927,1646,317,53,8357,3203,3208,1106,3,65,18,3165,0,2575,14,388,1,155,145,2,272,0,0,4,89,6040,6,1,376,302,167,0,0,2111,0,0,1174,4,293,332,0,1522,1908,0,229,0,72,0,207,0,0,4,0,0,135,13,133,10,10,181,2044,0,0,0,0,0,111,0,0,0,33,2749,0,0,0,0,1792,0,1,2,7,0,0,2059,0,160,188,0,165,6306,3,2,0,8,1,953,8439,0,297,1524,11879,393,0,1,772,3396,17,0,3598,0,2108,0,0,0,0,0,0,0,3586,0,0,4,0,8032,0,3,0,23,1608,17856,31,0,2254,5,7,1876,12756,81,159,299,0,7410,27,0,82,0,0,151,0,2189,198,39,15552,17,929,1124,0,0,233,0,6552,987,13,123,2301,15972,10010,366,38,824,1443,0,3,5,26,16065,51,15,1907,5631,378,129,48,5,566,6,17250,1690,2,35436,0,1,0,981,3164,0,127,13667,1710,391,287,24,0,1,60,953,0,11,2055,0,64,50,35,37,0,302,2801,12,2,205,52,709,401,0,2,0,29,41,20,1659,28,0,0,299,20,5,612,699,10,904,4,47,3115,1974,339,87,5,16,40,41,8,29,243,79,469,8,0,559,466,3,444,199,146,260,4402,89,560,162,665,0,66,0,21,18,1111,0,98,3,33,0,2,7,182,331,0,201,35,56,36,1,472,32,0,13,1,4,2,24,123,2,25,0,6,456,97,264,0,70,0,194,2,0,0,547,0,2282,294,199,200,53,9,204,101,895,18,15,116,0,0,14,0,689,63,47,0,841,3,611,231,115,0,4,0,0,2153,23,98,8,48,2375,2,799,480,81,2087,23,927,797,152,3340,0,3322,56,50,1230,29,948,1,0,0,5,102,29,195,0,54,609,0,1,323,0,0,14,1,41,0,0,0,1,1,2,0,91,21,2036,292,0,0,33,616,0,0,0,6086,2041,1060,0,0,9,12,20,0,780,0,11,0,19,0,70,0,18,0,133,167,0,0,22,22,57,0,369,11,378,42,8,0,0,3,0,1,2,8886,4,99,230,118,680,263,0,0,0,4189,12,11,384,7626,0,0,0,0,0,9,1813,2894,6,5,0,1184,16,297,0,129,1,16,200,2,1,55,130,2614,2,69,2,15,0,7,6,13,30,0,58,2,614,173,1,63,0,238,0,3,0,2,0,161,0,3901,0,0,96,7,1,2,0,25,610,466,12,0,0,0,0,0,0,1580,347,1,0,208,150,43,31,1228,0,0,1,470,126,1076,0,9671,0,0,0,0,0,0,0,0,0,4609,3647,561,0,0,180,1078,0,0,0,1,0,69,73,0,35,32,0,0,0,0,87,852,21,0,0,0,0,104,0,0,0,178,0,0,0,0,0,0,0,0,278,800,0,0,485,0,0,1,0,0,0,0,0,0,0,0,163,1,0,0,2805,0,2,30,140,0,0,2,8,0,261,0,0,0,9,164,0,0,1,3,22,0,0,0,0,235,2,0,11,10002,0,0,610,0,19,0,0,4,2766,233,0,0,160,0,1,0,1,0,0,0,131,0,95,0,0,0,0,1,8,155,90,71,0,0,1,0,2,1457,0,0,130,3,0,0,3,114,0,8067,3,0,0,0,0,0,69,0
"gene_589",2203,41,295,365,2305,10,1709,4214,1124,1642,671,1507,433,13,94,302,1596,29,404,1711,55,814,271,112,1337,2882,119,1367,2007,1716,227,2533,33,3143,4654,2363,1552,1129,417,808,3137,4258,1157,463,4151,7366,1147,4945,1774,852,342,2208,2097,231,52,2804,2979,4481,3657,1318,141,468,3039,3067,4840,761,2314,1011,567,2118,1882,5003,147,750,895,2729,21,32,10907,6019,1417,195,476,3668,5736,2659,46,3103,420,30,1541,2179,298,1015,496,5,559,223,167,3852,1297,3,4780,0,161,1216,11,8,134,881,2,208,791,2290,1623,290,1283,152,127,16,58,1320,172,1,2928,2884,0,0,1233,16,0,57,803,4726,1,711,10670,0,1219,205,583,266,61,2446,9713,1946,1914,17,48,54,7018,555,145,6587,5562,1140,4558,5145,17344,0,1512,0,10206,223,4923,2522,0,25132,84,8185,5523,13775,3380,2,201,2200,418,158,4266,9558,41,7007,703,284,40,740,83,0,7245,413,144,13034,204,21,0,296,246,87,2,60,19883,1115,4900,2526,33,5046,0,23,4278,4,1,22,15567,1773,7189,0,17,7,1734,68,0,4597,510,2847,268,980,13,8395,2478,56,0,9915,142,0,4,3111,2,19,7469,40,3,4673,557,137,2,2388,14344,1373,1403,18,5826,3859,1,56,3116,0,1772,0,10059,0,13,0,0,0,0,0,0,0,66,0,0,0,47,0,717,0,1,0,108,0,0,0,0,4,0,0,0,0,0,114,3,0,0,1,0,106,0,0,5,0,358,0,0,9,1,5,0,66,0,81,2,42,0,0,0,1,0,72,0,79,0,9,1,0,0,1,21,0,3,0,7,21,0,0,0,0,0,39,0,89,0,0,0,0,0,34,0,0,0,0,847,0,0,0,0,0,1051,264,82,35,2,0,0,0,217,0,412,0,0,1074,0,0,231,0,11,517,0,0,0,698,0,0,0,268,1,84,0,0,0,2,0,171,306,0,0,0,3,0,0,0,0,0,0,8,0,0,0,139,46,2721,0,89,0,0,158,0,0,82,0,0,394,0,115,0,3,76,0,0,0,0,0,0,0,0,0,28,1,0,371,0,14,0,5,0,88,0,0,670,7,993,353,150,0,0,1544,136,341,0,0,9,0,0,0,0,102,0,1619,1558,129,3,7,0,0,0,0,0,14,0,0,391,142,0,0,5,2233,0,0,0,0,0,0,11,0,0,1,0,0,0,0,0,0,0,0,0,59,5,0,0,0,109,630,8,0,0,2,0,175,13,453,0,0,6,1,0,100,270,0,0,0,0,1088,0,0,0,0,159,0,0,0,0,0,312,0,0,0,128,0,29,0,450,0,316,0,9,7,1425,1,8,0,0,0,0,9,373,0,0,766,3,269,0,271,0,0,0,2,0,694,4,303,0,0,0,0,0,1,0,0,0,7,0,0,16,1550,0,28,1,512,0,0,1,0,660,0,0,4,0,0,0,1461,0,499,0,0,6,0,0,0,0,0,3366,604,2,5,0,33,2,4,0,34,0,0,22,0,0,0,0,13,0,0,0,47,0,0,97,0,181,9,47,0,0,0,4,662,40,0,0,0,1100,1,0,0,0,186,0,30075,0,3,0,1,0,2879,6,0,86,0,0,0,0,0,33,0,646,0,22,0,0,0,0,91,131,0,1,0,0,0,76,0,71,3,0,0,495,0,0,10,0,0,0,0,0,0,0,22,0,0,0,0,0,0,153,2,2,0,0,4,114,0,0,0,0,0,0,4,0,0,0,0,0,1,0,0,0,0,0,0,159,564,0,0,1599,176,0,0,1,0,0,0,8
"gene_590",0,0,0,0,0,0,0,0,0,0,0,0,0,0,0,0,0,0,0,0,0,0,0,0,0,20,0,0,0,0,0,0,0,0,0,0,0,0,0,0,0,0,0,0,0,0,0,0,0,0,0,0,0,0,0,0,0,0,0,0,0,0,0,0,0,0,0,0,0,0,0,0,0,0,0,265,0,0,0,0,0,0,0,0,0,0,0,0,0,0,0,0,0,0,0,0,0,0,0,0,0,0,0,0,0,0,0,1,0,0,0,0,0,0,0,0,1,0,0,1,0,0,0,0,1,0,0,1,3,0,0,0,0,0,0,0,0,0,0,1,0,1,1,0,0,0,2,0,0,0,0,0,0,0,0,0,1,0,0,0,0,0,0,0,0,0,1,0,0,1,0,0,0,0,0,0,9,0,0,0,0,0,0,0,0,0,0,0,0,0,0,2,0,0,0,0,0,0,0,0,0,0,0,0,0,0,0,0,0,0,0,0,0,0,0,0,0,0,0,0,0,0,0,0,0,0,0,0,0,0,0,0,0,0,0,0,0,0,0,0,0,0,0,0,0,0,0,0,0,0,0,0,0,0,0,0,0,0,0,0,0,0,0,0,0,0,0,0,0,0,0,0,0,0,0,0,0,0,0,0,0,0,0,0,0,0,0,0,0,0,0,0,0,0,0,0,0,0,0,0,0,0,0,0,0,0,0,0,0,0,0,0,0,0,0,0,0,0,0,0,0,0,0,0,0,0,0,0,0,0,0,0,0,0,0,0,0,0,0,0,0,0,0,0,0,0,0,0,0,0,0,0,0,0,0,0,0,0,0,0,0,0,0,0,0,0,0,0,0,0,0,0,0,0,0,0,0,0,0,0,0,0,0,0,0,0,0,0,0,0,0,0,0,0,0,0,0,0,0,0,0,0,0,0,0,0,0,0,0,0,0,0,0,0,0,0,0,0,0,0,0,0,0,0,0,0,0,0,0,0,0,0,0,0,0,0,0,0,0,0,0,0,0,0,0,0,0,0,0,0,0,8,0,0,0,0,0,35,0,9,0,0,0,0,0,0,0,0,0,0,0,0,0,0,0,0,0,0,0,0,4,0,0,0,0,0,0,0,0,0,0,0,0,0,0,0,0,0,0,0,0,0,0,0,0,0,2440,0,0,0,0,0,0,0,0,0,0,0,0,0,0,0,0,0,0,0,538,0,0,0,0,4,0,0,0,14,0,0,0,0,0,0,0,0,0,0,0,0,0,0,0,0,0,0,0,0,0,0,0,0,0,0,0,0,0,0,0,0,0,0,0,0,0,0,0,0,0,0,0,0,0,0,0,0,0,0,0,0,0,0,0,0,0,0,0,0,5,0,0,0,0,0,0,0,0,0,0,953,0,0,7,0,0,0,0,0,0,0,0,0,0,0,0,0,0,0,0,0,0,0,0,0,46,0,0,35,0,0,0,0,0,0,0,0,0,0,0,0,0,0,0,0,0,0,0,0,0,0,0,9,0,0,0,0,0,0,0,0,0,0,0,0,0,0,11,0,0,0,9302,0,457,0,0,0,0,0,0,0,0,0,0,0,0,0,0,0,0,0,0,0,2,0,0,0,0,0,0,0,0,0,0,39,0,0,0,0,0,0,0,0,0,0,0,0,0,0,0,0,0,0,0,0,0,0,0,0,0,0,0,0,0,0,0,0,0,0,0,0,0,28,0,0,0,0,101,0,0,0
"gene_591",3035,2,2606,1868,1726,140,607,3,1276,3,1381,2,803,34,1063,5,1084,0,5,2400,195,2338,632,18603,77,13,685,314,1267,512,4,0,4,741,2193,20,4658,2270,380,0,235,37,2014,4162,742,78,10,93,0,1693,587,1723,6360,32,5980,3841,15,104,1,737,543,2766,588,212,702,320,764,8,11306,148,0,13,20,2246,1405,131,195,288,615,2605,21,268,730,1520,3,7466,3,2616,5,239,90,41,0,0,0,0,9,0,0,7,0,0,0,0,0,4,249,0,0,0,1,152,0,1610,0,0,0,0,0,37,0,301,0,2964,19640,0,400,0,423,0,0,0,2666,0,209,0,9529,0,16,0,0,0,0,304,0,0,0,12749,0,1,0,0,0,0,4,0,0,49505,2763,648,0,0,0,0,0,0,0,14265,0,0,7284,0,11334,0,0,0,22,0,0,0,25094,0,0,0,0,0,959,0,1,0,43844,0,8,0,0,0,0,0,0,0,0,0,0,0,0,0,0,62,0,0,7693,0,0,0,0,0,0,1,0,0,0,0,0,0,2233,77,0,0,0,0,0,0,0,0,40,124,0,0,0,0,0,0,512,0,0,0,0,0,0,0,0,0,0,0,0,0,1392,0,0,0,20821,236,3725,1138,409,56,0,1169,156,5708,2289,21191,1668,134,356,3681,51,1843,27,368,323,1366,2321,718,138,0,6,6,3990,17,1595,905,2243,30,28,405,453,516,502,240,397,146,4229,193,0,2679,55,176,238,605,3330,119,805,379,61,708,2385,0,697,11391,308,629,2303,399,491,12514,865,2832,7599,6256,25,167,3722,0,0,2714,1224,163,13,0,373,0,33,1327,4422,414,808,538,2012,3,1540,12304,1122,2738,4565,2652,0,411,389,582,1079,375,86,9242,4,15,2260,2002,0,54,22,8,72,2695,1289,9032,0,351,839,11410,31,208,132,1784,282,2733,702,7,1852,856,96,182,362,72,37,0,2,1068,311,6,19,4109,327,405,18,0,0,26,14,2,7656,761,20,4933,694,1349,5877,3544,2200,0,203,2786,40,0,237,127,871,660,3579,2598,2,0,0,4049,47,4,32,347,496,0,266,142,12,4,152,2804,312,5095,4054,4062,631,3,415,3,1033,272,551,2,2,1772,8625,2878,368,0,427,1249,37,0,6715,9026,263,70,485,825,1861,528,7,603,135,11,17,273,51,307,2213,625,2078,3738,100,1226,481,2293,1081,190,590,1902,5,1328,6484,215,2696,1389,1254,311,4371,8,849,6628,800,1,1671,7,2,812,223,372,70,7779,15594,966,68,83,24,2840,1576,90,1797,528,2478,672,7969,2361,158,324,14,730,1411,5083,1139,189,863,110,1140,1812,0,5520,20,109,27,0,142,26,722,71,22,2609,281,4645,11583,54,18746,339,230,2270,1184,2542,2993,1631,140,4006,0,183,0,228,5,4,0,0,2368,1,0,1027,0,1,0,2084,108,126,114,184,7295,0,0,6697,5709,0,14,10093,0,39026,1,7859,0,0,0,0,350,5918,38,11,199,1,22,146,0,665,0,723,3,0,393,1458,2,947,1779,1815,5,0,4,0,512,14452,7,3836,47,599,8,4,7,13,0,275,2720,930,483,0,10603,0,0,9,9024,16,161,0,0,5534,895,1,186,2522,7689,1,51,0,3168,53,0,1894,0,849,0,4,10,0,0,354,8,0,1751,1,1414,1,0,936,0,1793,0,42,2384,2,382,3,0,0,0,0,59,15333,0,91,0,94,58,1437,8,0,22,0,0,73,173,15200,4964,27,819,2,2749,2265,47,14,1,837,1813,0,1445,0,15,4,1,205,5,36,541,9,0,0,5162,298,0,55,4,0,32,3589,1,81,1296,0,111,0,0,10,270,134,0,822,0,3748
"gene_592",0,0,0,8,171,538,3665,342,9,174,881,3830,0,209,3,0,814,0,0,4,909,44,0,5,0,25,0,0,520,0,0,2,0,26,0,3618,95,0,35,0,706,77,0,525,0,0,0,756,0,1,32,2,504,0,841,0,8,44,3,66,0,1170,259,10,4,0,5519,2236,2,0,16,2012,1,48,1168,6,33,1015,601,1693,0,0,30,0,0,195,0,3077,0,8,14,0,0,0,17,235,50,8,0,0,16402,1061,0,158,0,140,0,0,0,0,0,229,5516,20,3990,0,264,0,0,31489,0,107,0,6,0,35,90,4425,0,136,1396,0,5,6,0,8,0,0,0,1,1032,234,67,0,1495,65,0,57,29,0,63,19,0,854,5974,0,0,0,10118,0,0,2,962,125891,14993,16,0,5568,95,4,21404,247,1,1637,0,0,553,0,0,113,23,0,0,1685,17462,25,0,554,0,0,12,4870,2,0,0,0,80,0,1940,3,6,5,0,24,43,2473,339,188,0,17,5072,13884,0,2,0,0,26,0,0,4,0,0,4485,0,0,0,1157,1,1,0,0,1453,2,245,23,0,3,5844,0,0,0,579,6,2,8439,0,14,7219,1,0,491,3260,818,8,7898,948,149,1344,13,0,1886,4232,17,25,0,797,0,0,1361,2604,132,0,21,1027,889,28,2350,0,1,373,2,255,0,853,0,15,3253,0,29,197,0,195,772,0,1243,0,17,265,0,105,650,0,1,42,0,111,2933,11,2287,135,2,0,0,376,256,638,0,1833,0,0,366,39,0,442,75,52,0,1091,0,758,0,162,60,175,5142,0,0,0,982,12,25,0,349,55,104,2,1257,183,1730,0,3,757,174,250,1738,1,1,0,751,30,39,221,376,10,0,6,0,138,0,0,172,251,35,2,2,6,0,847,0,2780,130,8,0,397,4,31,140,161,0,0,0,1795,56,186,3,2450,0,35,69,1370,0,96,208,9,2467,151,53,1167,392,95,12,157,7,89,2,0,4334,2,92,0,7,0,1,500,0,212,2190,2,41,459,0,1648,582,7416,1,174,553,1141,0,6,953,1169,261,553,1831,467,71,0,68,0,1,7,0,1,67,4,22,86,1128,56,87,408,481,937,0,267,0,0,97,406,10,0,338,178,0,0,1,0,0,9,169,115,0,266,924,75,1843,496,4,0,0,15,0,4667,803,1,11,0,203,268,654,898,6,1095,4519,61,0,33,149,0,1137,4,76,0,85,189,7,45,146,320,1238,0,13,425,41,596,0,98,20,950,1153,232,645,0,0,825,4490,15,0,0,0,707,37,0,4952,6,0,35,370,0,101,48,10,3,131,0,76,0,0,6,370,0,3140,176,5,0,0,2,45,0,318,0,0,90,2,1,0,0,9191,345,13,0,0,594,2,0,0,0,1573,615,0,0,0,0,2,1,2507,3,334,0,1250,0,339,0,0,1442,364,0,29,12,1,64,5,1333,2,0,20,1,470,0,5440,4778,0,11,0,23,5,0,0,0,0,16,0,0,0,57,0,0,0,2,324,0,233,111,295,0,0,560,1968,8147,48,0,0,0,87,0,0,1,0,1,1372,4200,66,684,0,0,18,0,0,0,0,0,0,0,782,0,0,0,5470,0,0,0,0,1,62,1399,0,0,23,4202,2127,0,0,7,3,52,0,0,1,0,8,196,117,0,8,0,7,0,3,346,15,44,1,61,1,1404,0,395,9,0,0,5,0,0,179,6743,0,0,0,43,0,0,281,241,0,33,0,197,0,0,26,0,0,4,639,0,0,597,0,0,17,2,55,10,0,162,0,0
"gene_593",235,0,0,0,0,6,1297,2227,11301,8,407,528,1879,511,2,166,409,3607,5,2408,0,54,171,279,0,0,10,55,331,0,324,0,0,2,1724,1017,0,0,762,0,977,440,43,0,1418,0,0,219,0,11,10,0,2581,0,1074,1035,1,83,6,0,1399,0,962,7,0,0,141,183,0,5,0,629,0,177,421,7121,1599,1504,0,1418,3064,11,50,31,130,0,1,1621,70,52,145,353,0,13,13,874,1,32,0,1794,0,44,13,1601,38992,4,1,0,0,0,761,1,17,0,214,0,0,1964,0,11572,0,1133,2,14,0,0,314,31,0,0,0,1598,1959,3159,4551,5,180,5175,0,2602,0,154,1377,369,14534,1,325,398,0,5,0,0,12,0,0,0,0,650,55966,406,211,0,0,1008,89,0,741,0,1517,56,21,41733,1701,0,972,501,5013,1205,3,157,5,9579,941,0,319,650,233,18,0,2,0,445,20,343,0,0,0,1479,1,2,0,1,1,0,547,893,28,810,231,8,8476,0,3,0,1,7,33,0,0,5,1,0,1972,13,708,0,0,252,52,1577,0,2,58,0,0,7,0,6,0,1,87,1423,3,12,1007,31,6,54,174,17,3,2,0,0,1,0,5,146,110,0,1292,1,1,97,387,0,1400,7,182,0,1,244,899,2600,1824,0,403,22,405,164,187,0,2029,634,3849,0,11635,0,479,61,0,1552,0,4250,479,36,409,577,137,63,0,1,20,160,574,174,60,1384,241,178,19,0,4258,227,68,703,5,1497,13,759,508,3,1,0,1,490,673,520,0,149,0,4,21,348,6639,1080,0,52,0,11,5,66,4,9,274,273,1797,6,1,92,775,112,167,0,0,0,1,651,131,261,132,175,25,35,957,189,2052,489,233,0,104,11,112,270,764,287,38,102,4,83,555,874,25,665,320,4367,15,92,30,546,1226,1409,178,4,746,359,19,18,219,47,0,7,0,2186,2197,26,0,2646,18,871,0,3,1851,193,64,0,0,8,0,340,94,196,0,1622,51,3174,2,485,205,14,13,38,60,0,323,1,3,0,0,1,0,822,3469,3703,0,0,0,2161,1515,40,246,1587,0,2,0,784,0,2535,1495,1859,0,0,2,1221,0,0,1,0,0,0,11,1355,2292,0,0,0,0,0,3,0,22,764,24,3,1,13,1048,4,23,518,2,0,23,580,420,496,7,123,1,709,551,1004,14,181,0,806,1,0,2,5,1576,55,2,2151,0,0,0,0,32,29,0,12,0,0,101,0,0,209,0,0,2,119,156,29,1,0,1,0,280,0,0,0,8,105,0,0,0,0,4,0,1312,1,24,0,26,0,0,10,13,8391,0,283,5,293,0,1272,3,0,0,287,0,215,0,330,0,0,0,0,0,329,0,16,13998,0,1551,0,682,352,20,0,0,0,51,3,0,0,0,3633,0,0,483,0,0,197,26,0,0,0,9,314,907,217,0,0,0,5,0,16,1969,73,0,0,2,0,47,370,0,0,24,6683,1133,0,0,0,0,1470,0,0,0,0,0,7,1952,11,26,151,0,0,8,2856,15358,0,6950,0,0,0,4,0,0,796,12,206,4,0,4,2062,136,12,48,7,4,408,0,3,0,0,5600,0,285,35,0,133,24,0,0,2,0,0,0,2,72,0,14,77,394,1320,3,0,0,0,2918,6,0,0,103,9,1,715,0,6247,0,0,0,23,337,0,0,0,12,71,1,97,0,19795,233,0,0,325,0,0,0,0,0,8,0,0,188,0,6419,0,1,0,255,8,0,0,0,0,0,646,3,1,0,3767,0,1,0,0
"gene_594",37,1,1850,0,479,3,3,0,194,2434,9,5133,622,0,1559,21,4506,0,0,0,60,0,1034,3369,2,54,5,2325,0,4322,0,0,0,0,0,0,0,0,0,0,0,3794,1886,4,91,0,6,1,1495,204,42,4410,3447,9,1,0,214,699,0,3352,5476,1,78,2449,0,0,1,0,0,1,452,1166,0,883,3139,0,1,0,94,1524,4,56,0,2373,10,0,1,1,0,31,0,2,97,22,555,39,1,1,1342,9588,2868,53,54,11797,388,1061,0,70,625,0,3581,4,4,145,0,16414,52,268,89,1677,236,18,1,0,1243,52,138,0,1,133,956,2520,139,0,15,0,0,0,609,312,695,3372,3,11073,97,6659,2450,0,21071,0,7653,1423,2066,3692,4091,69,9402,0,64,1,58,48,2456,3452,120,0,9300,6122,10,483,2,8,0,1,442,130,220,255,1623,1868,22566,4820,1818,737,118,16570,9898,18,1922,229,7227,3,3476,8273,0,2121,9,0,138,8097,5786,81,2842,3119,2091,340,1,0,6,708,3225,123,0,3,376,2386,37851,2,225,966,1887,33,1386,4529,41927,790,313,98,6,32,212,1491,255,8619,5445,2,0,1133,5009,28,13460,0,2413,1,0,0,12853,25,954,1625,12256,64,15358,285,13986,2338,168,2385,1266,3084,11,1,1,0,0,20,0,0,8,29,551,3647,6,0,11,0,0,67,10,433,0,593,0,132,1001,390,34,0,105,540,105,1324,2394,5,1,99,0,84,9763,0,612,0,0,4,1931,0,45,0,38,4364,13,24,569,3406,0,15,265,4195,1,301,0,2,6,4,0,54,142,130,2033,1,5899,7,1,0,2910,0,0,2,14,80,0,1,0,0,2,0,5427,5316,1791,0,0,9489,0,0,0,2,371,0,0,151,347,15,37,0,145,0,0,1529,0,2005,5,0,6,49,594,2839,1072,26,4,0,4177,4850,695,12,0,87,32,1779,13,15,5,623,0,0,1236,32,0,0,6,14,21,186,1,0,0,0,0,0,40,4241,0,106,62,99,0,2,300,0,429,0,0,911,0,4,243,20,6,0,149,0,0,53,0,88,4239,4,28129,5531,2883,1,0,26,719,596,1010,1,411,1768,3611,1009,11,1354,5,78,4320,193,331,138,1278,2654,801,3893,108,121,9,439,0,42,2,2445,1155,12,0,70,518,2557,22,11172,0,554,0,2526,2840,159,361,1541,11,980,241,2163,0,223,106,269,1379,4051,581,82,9812,83,121,75,1,41,5538,3,9,1394,2986,3857,52,102,3,382,594,1311,278,104,1704,2479,38,2602,2331,2304,15,463,2531,19733,9,11,6906,385,1142,3442,1107,52,0,1801,1,0,1264,1,7879,1896,5312,111,4680,591,2557,4,40,10,0,344,130,2739,0,8870,7,398,219,28,118,1468,59,59,16,9350,270,787,311,5321,8112,671,7528,3102,80,10505,20,9217,4159,2077,550,0,91,0,1286,115,66,0,11326,106,12,35,1078,899,219,688,2856,9,155,38,843,40,3126,13,2328,7806,24,0,0,17,9600,760,0,0,0,1,0,0,19,372,0,546,228,0,0,7789,0,3392,24127,0,2305,779,2,21388,3682,1,213,3790,17238,3039,95,1320,635,8,0,0,6817,45,2106,0,0,21,7091,0,0,182,2,17822,15,1844,6831,0,0,1,11,28,0,20,5,1262,5,1395,171,942,22882,0,3784,245,0,2634,19,46,8,1306,238,46,240,16666,13078,410,260,3380,0,10,1391,29,321,11384,2772,693,14,6967,0,275,18458,2743,121,1055,0,24,1739,206,7892,2133,0,5,296,3164,0,6848,0,0,944,14125,0,30,10,16,7499,27,9842,5,4,222,182,4429,0,771,0,4370,65,104,1,0,0,23,5,2930,766,19,0,16,366,4,2,11537
"gene_595",0,0,0,0,0,1,34,0,1,89,19,4,0,0,0,0,0,0,0,22,0,0,214,0,9,0,0,0,157,0,0,62,0,0,3,0,0,466,0,2076,0,2,0,0,678,0,158,0,4,0,1,0,12,0,0,8,0,0,0,0,0,5,0,10,0,0,0,0,822,0,48,297,0,95,637,1503,440,0,0,0,140,0,103,3725,0,0,0,0,0,0,0,0,0,1,0,0,1352,1,0,0,83,1377,94,0,994,1,2284,599,0,45,0,76,0,77,18,73,1,0,392,1,0,9,0,6,0,180,19,601,2075,820,0,57,8,171,0,48,0,4,468,0,3286,0,1789,0,9517,10,65,0,149,46,863,0,577,2738,0,0,29,7988,0,140,400,165,5044,58,32,15,0,9,0,0,0,0,0,0,78,1734,1,396,0,0,3,0,2666,0,49,157,0,11422,9,2,0,0,0,395,0,0,0,0,2,0,0,0,0,42,1,0,0,0,0,0,0,0,1,0,0,0,0,0,0,0,0,0,0,0,0,0,0,0,16,0,0,0,144,0,0,0,0,56,0,9,7,0,0,199,0,0,0,0,0,0,0,0,0,0,0,0,0,0,188,0,0,436,40,103,307,0,0,71,1,319,13,0,11,278,1,2633,108,806,0,117,218,4,0,0,18,47,0,298,0,4,83,0,1358,234,0,42,333,486,647,16,0,410,17,452,184,11,0,33,0,0,0,652,0,135,161,25,0,366,1,321,0,62,0,2,91,1,769,1657,0,2362,2,31,2,336,0,93,4,474,1883,0,2,2437,293,0,41,236,199,303,217,41,82,0,87,5,1338,483,1227,0,294,0,1,1,6,2461,1077,728,2,669,33,1728,434,7,501,0,25,331,82,207,241,0,0,249,0,0,179,341,144,467,0,1,43,0,508,0,9,46,3,81,634,196,659,203,10,6,1679,102,544,42,134,1844,0,32,0,22,54,198,4,0,0,238,4686,0,4,3,2,0,0,360,5,0,1,23,7,418,47,47,27,10,0,0,708,6,0,650,1,35,0,0,0,0,7,390,2,2,399,0,0,23,0,0,0,121,5364,0,35,7,3839,27,2,164,0,0,2,20,180,3921,0,19,0,4227,18,1,0,113,25,13,17,393,3,1,0,25,2,9,339,0,0,326,150,0,0,0,0,21,1808,0,0,0,0,0,0,0,0,3155,0,3,16,0,0,13,2,0,377,0,0,0,0,28,0,0,1401,0,1,597,0,82,0,0,1807,56,215,2,0,0,4,0,0,4,218,71,1816,0,0,0,489,0,3,0,36,893,0,0,0,288,0,174,2,0,0,0,1643,177,3,53,0,231,0,188,0,0,1,0,1955,16,0,36,0,0,262,0,71,2,0,0,0,6,1,3880,419,1,616,166,2369,0,27927,16,0,2831,1501,2122,0,1246,0,86,0,0,1,0,2,105,0,119,193,0,1,0,0,0,111,0,285,49,7657,0,0,0,36,0,1,2066,0,0,0,0,237,302,0,0,1,0,2,0,0,0,0,4953,0,26092,0,0,25,0,209,1007,7579,5,0,0,791,204,94,0,0,0,0,0,0,9304,72,37,9,0,952,5,45,0,0,2,2552,0,0,0,0,0,130,0,0,101,0,22,16,0,0,894,0,1565,6,6146,0,0,62,3,0,0,0,0,17,9744,0,0,0,0,768,4,0,0,9085,406,0,0,0,0,0,2,0,0,146,0,0,0,1124,28122,0,0,0,75,244,0,0,45,1,16,1,200,0,402,33,236
"gene_596",614,194,1001,161,0,0,0,0,0,3,0,6,0,0,0,213,0,0,0,0,0,3,328,28,0,0,0,1,32,0,1,0,19,0,0,0,0,1,0,552,1,1,0,4,27,0,7,0,31,0,0,152,641,4,0,0,0,1870,0,12,5,445,0,0,0,496,0,257,0,8175,0,1490,0,0,0,5,0,2752,0,0,0,0,2868,0,312,406,0,10,0,145,1,0,2,3,21,0,0,0,0,0,0,0,0,0,0,0,32,0,0,0,0,0,0,0,0,0,0,0,0,0,0,18,2,0,0,0,0,0,0,0,0,0,0,0,0,0,0,159,0,0,0,0,0,0,0,0,0,4,0,0,0,0,0,0,0,0,0,0,0,68,0,0,0,0,0,0,0,0,0,0,0,0,295,0,0,25,0,14,1,1,0,0,0,0,0,0,0,16,0,0,0,0,0,0,0,0,3748,95,3820,0,5,0,0,139,0,0,39,1146,0,0,0,0,585,0,0,0,0,0,523,205,18,1080,0,0,3,1916,13505,9046,1,0,0,0,0,2787,236,0,0,4105,617,0,0,0,0,0,6,0,0,0,605,0,0,0,0,144,2,0,0,1423,0,5,204,1,0,0,516,446,0,0,45,17,3822,0,0,0,0,0,0,0,2418,0,1304,0,0,433,0,0,731,2,50,122,1,65,0,7,0,373,0,0,0,876,0,2,80,33,7,30,0,0,3239,1,7,0,0,0,0,347,5,0,37,5,6,7,0,0,0,0,11,270,0,1,0,0,0,12,0,0,114,0,0,30,0,1,18,0,2004,0,438,0,0,0,1,0,0,266,91,0,0,2,23,60,0,93,0,0,0,0,0,0,1100,0,0,0,7,1,39,162,0,224,1,0,593,1394,2555,0,0,0,3,0,20,0,0,58,298,9,30,0,0,35,3222,89,111,1040,6,1,0,0,1718,0,0,0,0,0,898,0,1,0,0,265,185,154,615,0,0,7,0,33,922,1297,0,687,0,358,78,3,0,0,26,0,43,40,0,93,0,3,7734,0,98,0,5570,0,9,7,0,0,0,0,0,2,0,0,0,15,1288,20,291,15,298,111,90,0,91,1,19,6,1,0,334,36,66,0,0,37,17,0,0,511,52,0,0,0,173,1181,6795,18,44,42,1352,474,0,377,0,1,1155,459,0,5,23,807,1167,0,250,53,5769,0,1,0,19,493,7,911,0,25,0,763,0,124,86,0,0,0,207,518,0,0,0,75,0,263,4,0,0,754,79,0,4,0,0,10,0,0,0,0,0,7,147,35,0,0,0,26,103,0,2593,8479,1,1155,469,285,8,517,0,0,30,0,0,0,0,2726,10,0,1966,0,18,0,0,0,0,0,0,2,0,0,10726,22,0,1138,0,0,813,0,0,0,0,0,28,0,0,0,0,0,0,0,0,0,0,0,519,0,0,0,122,0,827,0,0,0,0,0,0,1487,0,0,0,0,0,0,0,0,0,0,0,3407,0,0,0,0,2,0,0,0,0,0,0,1,0,0,36,0,0,0,0,168,0,0,6,0,9,0,47,0,0,0,0,2,57,0,0,0,2,7,0,472,0,0,0,0,0,4,0,0,0,0,1,0,0,0,2947,0,0,0,2,0,0,2134,2,0,0,0,0,0,0,0,0,4761,0,0,0,0,0,27,0,0,0,0,0,0,3511,0,0,0,7,0,0,243,1106,0,0,0,0,0,0,0,0,0,148,336,0,0,0,0,0,0,0,0,1,0,0,14
"gene_597",0,28,1395,26,0,4,0,0,362,14,4566,779,62,0,1679,1835,0,0,30,0,0,1069,0,0,1,59,0,0,0,0,0,0,0,54,98,3,0,21,0,2,0,0,0,1,0,0,0,491,2,0,0,566,0,7,1,0,0,1,117,0,0,127,10,1,0,6,177,0,1,7,0,0,6,0,0,0,0,0,8,65,102,38,0,0,0,0,13,0,0,0,2,0,0,0,0,0,914,0,4,2400,0,0,0,0,0,1218,0,0,0,948,18,2,0,0,0,0,0,0,0,345,0,4,0,23,222,0,0,25,124,0,106,0,0,282,5043,0,0,618,0,0,0,5497,30,0,15,0,0,4684,0,0,78,0,0,0,17,0,56,0,0,0,0,965,0,0,0,0,0,0,0,0,0,0,0,1,0,0,17295,469,0,1,0,0,0,0,0,0,0,0,0,0,1,1,0,2,0,0,0,0,0,22,0,0,258,237,1,0,55,0,10,0,0,10,0,0,0,0,0,0,0,0,0,0,8,0,0,31,0,0,0,0,0,0,186,2,0,53,1,17,0,0,0,0,0,0,0,0,0,553,28,5,259,0,0,0,0,0,0,0,201,0,0,16,176,17,0,1,218,0,30,0,0,0,8,0,1,450,0,0,0,1764,0,981,388,64,0,594,1723,0,0,5,0,411,235,124,16,0,0,1120,1013,0,0,0,20,0,125,9,260,564,126,6,47,6190,5,0,0,140,1,57,0,23,226,86,0,1,1,40,0,358,98,1100,0,0,0,580,0,2,60,0,4,78,70,0,7,224,0,224,0,1,0,0,0,19,5,0,31,152,325,168,70,1,16,2,7,18,0,0,421,103,0,81,2,4,2,0,0,27,8,0,260,94,0,1310,577,880,118,0,0,229,547,0,441,0,3,4,4836,0,968,209,91,42,0,0,39,188,4,0,1,3,81,0,448,0,4,190,3028,1001,39,0,8,0,1,0,1,34,15,101,825,1,627,2,276,3956,0,17,0,1178,113,0,1752,0,98,75,0,21,0,0,1,0,219,0,0,0,0,195,87,1,1,0,270,0,8,208,0,0,0,1,3,731,0,539,6,6,46,2,0,0,0,0,0,0,0,843,26,3,0,626,14,4,0,3,0,1,13,22,0,1238,0,2,1,99,0,801,0,0,2,138,3,854,0,3,2066,0,0,610,0,0,90,0,0,81,0,0,0,124,0,665,1,0,0,0,4,57,0,3,0,0,1,0,0,0,3,185,1,154,114,165,307,132,0,567,0,52,103,0,0,1353,635,19,1098,1,0,23,0,25,0,0,5,0,0,26,0,0,222,0,147,15,0,0,0,0,2769,0,0,2,0,0,0,3557,0,0,0,0,529,52,0,11,6,0,0,1,911,0,759,0,221,0,14,0,2,6,0,74,0,0,87,0,0,0,0,0,0,0,42,12,3,26,53,0,0,75,10,0,5,0,6,0,0,10,0,1,0,0,0,203,25,0,0,0,0,0,12,0,0,0,0,0,0,0,0,469,0,1,0,0,11078,0,149,0,0,0,3,343,28,0,0,0,0,0,0,0,0,0,43,86,0,140,0,0,0,0,29,447,0,0,3,0,0,472,0,37,0,1517,1129,0,0,82,0,22,0,220,0,1,0,0,1174,136,0,0,0,4,0,0,0,282,323,71,0,58,0,1,661,0,0,0,0,0,0,43,0,0,122,0,16,1,324,20,16,0,0,0,0,0,0,367,0,0,0,935
"gene_598",387,0,1001,914,0,13,1137,0,31,36,1156,6202,802,3566,1776,76,18,309,35,17,1386,1408,5712,80,432,4184,0,1562,1840,42,1,0,1096,12,128,868,827,99,17,44,582,2806,20,1,8,73,0,14,58,40,2177,996,886,7,2,1374,0,0,4,0,0,618,13,2,4532,1257,104,2604,2,249,29,4008,0,84,547,0,46,15,54,1,44,146,30,151,0,100,87,10,0,86,5,12,19,0,0,0,8523,11,24,23,4,0,0,44,425,383,1961,2960,70,0,469,2795,1478,475,0,3176,0,2,0,422,0,0,0,0,859,0,43,191,486,40,44,45,238,37,490,0,33,8,7,273,6,0,11191,896,468,1234,4,5703,36,0,0,0,8,213,0,898,0,1089,41,0,0,44,23,0,0,0,92,0,118,0,44539,98,288,805,0,745,1970,843,2,0,2174,2,3310,1006,79,257,197,16,789,316,1685,0,21,509,246,89,76,3481,1399,14794,3669,0,13001,0,123,1,0,5,0,4047,0,0,23,4939,15,1711,0,52,716,46,345,11717,9,14,37950,35849,3,28,0,3803,221,0,0,2,59,421,226,107,216,401,174,1593,0,167,0,0,2,378,108,1011,10989,12193,252,0,553,2634,259,125,210,0,15,31,9,204,1,0,68,37,0,4,1104,0,62,4730,12,235,7,1585,1806,1,1,37,230,653,431,366,0,49,25,341,0,0,2116,15,8,0,5825,1,6,684,1,0,0,2354,652,1867,0,423,54,3,1802,2454,117,0,173,27,0,5164,84,19,10,836,700,407,1,7,2681,20,0,0,610,242,0,0,0,4401,2867,16,1103,368,0,0,682,180,968,12,192,0,0,1478,0,0,7,0,151,0,10,0,69,6898,33,0,124,1078,183,4632,347,0,262,141,411,0,1944,0,207,3,5967,22,2219,7,1574,425,1286,1692,9,5,349,0,59,121,0,0,1,131,3706,3109,1454,3841,2602,3,958,6,0,4,848,7,123,2172,2,330,198,274,0,7,15228,54,44,159,2,48,145,1,0,0,0,0,62,306,8,1005,75,14,362,0,1114,2413,39,0,1,19,5,11349,10,0,647,6,0,1112,36,0,1,0,3,1,18,139,118,972,3686,1932,31,4,251,0,23,1,3063,49,0,0,936,4,975,0,0,299,75,807,16,1938,0,2218,6,36,848,89,0,2926,970,0,1,6,1909,147,4,1623,0,96,116,0,5,0,13,132,25,0,0,0,76,4,414,818,0,8,124,0,10654,8232,1394,4,0,1398,47,21,129,581,0,18,0,36,87,110,1,2150,0,13,476,2755,0,1,571,0,0,0,3133,903,4798,315,0,2,137,6,40,0,1136,1,1872,126,2,1,47,2548,0,9,2847,0,3,0,51,0,12,0,1268,3934,124,0,0,2502,5,878,106,0,0,0,0,0,0,0,0,0,48,1,6,0,347,343,0,0,15,0,3,0,1,0,5,0,8,0,1496,842,0,0,182,138,0,0,0,0,6,0,1,0,484,0,1970,153,16096,0,0,115,2795,654,14,0,0,7,0,0,406,74,0,4,0,61,6,0,35,0,0,0,2635,0,1,0,51,24,0,5507,6,0,0,2,0,12,2035,0,0,0,239,96,305,797,0,0,0,0,0,0,140,0,21,0,1331,20,360,159,0,0,0,26,11,0,1,0,0,0,0,762,14,0,0,0,0,0,0,0,0,1,0,50,0,0,84,0,0,804,0,3066,0,6,1010,0,154,6096,3,144,0,3262,0,66,1106,0,0,313,0,0,0,0,4,2226,2,804,0,0,0,0,498,0,1,7942,40,3205,0,4862,24,66,235,11502
"gene_599",0,0,483,0,436,0,0,0,11,0,11,66,0,269,0,0,0,0,0,193,4,0,0,0,0,2,0,0,0,206,0,0,0,0,0,0,0,0,0,0,0,2,0,0,0,2,0,102,0,0,0,0,12,0,0,0,65,0,0,0,0,0,0,0,2,0,0,0,1454,0,0,63,0,0,0,0,2,420,2,0,0,0,0,0,0,0,0,0,0,0,0,0,0,0,7,0,0,0,0,988,0,0,93,0,0,0,1,0,0,0,0,4925,0,0,0,0,0,81,0,0,0,2,0,0,100,5,0,0,0,1,0,0,0,0,0,6277,677,0,0,0,0,0,0,0,0,2,0,1,22,0,0,16,0,1,0,0,24,0,0,1,0,0,64,0,0,0,0,0,0,0,10356,0,0,0,0,0,0,0,0,0,1,0,0,167,0,10,14,0,0,0,0,0,0,0,0,0,0,719,0,0,0,0,0,0,0,0,0,1284,0,0,0,0,931,0,0,0,0,1262,0,0,0,0,341,0,0,84,0,784,0,0,0,1,0,0,0,0,2715,0,0,0,0,0,0,44,52,0,735,8,0,0,0,0,0,0,0,0,333,0,0,0,0,0,746,7,1060,49,8,2,36,0,916,65,106,0,23,3,0,7,291,26,0,229,560,0,0,0,0,0,0,0,680,6,1583,0,36,1150,531,0,2,3,0,6,0,49,0,0,0,176,7,596,1,0,3,0,797,0,2,82,113,0,1,1407,0,798,12,0,0,1,0,392,3,1,2,0,5,16,19,52,4,3,1,0,11,0,405,0,3,1753,0,6,932,0,0,0,27,95,0,41,2154,104,2,26,0,121,0,0,315,0,438,39,0,239,0,122,141,125,0,494,0,0,120,22,24,0,1,0,0,81,0,0,1,118,0,0,0,2,0,52,0,15,0,74,81,0,80,1104,547,36,0,0,12,0,0,0,0,38,498,5527,0,2,0,4,0,40,0,14,0,349,451,0,342,0,0,3,0,2,9,36,148,1364,167,1,0,282,37,0,0,3,9,2,4,22,0,0,5,0,51,0,321,0,0,6,4,0,19,642,0,2,678,31,31,23,31,203,0,15,0,1,287,1241,190,0,0,47,0,0,13,0,0,166,0,0,227,1291,0,4,2298,0,1,67,14,0,4,0,0,0,0,0,0,721,0,996,0,0,172,0,206,16,407,0,57,269,455,1,13,0,0,0,118,0,5,3,272,149,1,14,3,0,3,3,79,198,9,0,0,3,0,0,1,213,0,766,0,0,240,0,0,0,0,20,0,174,0,209,0,130,112,0,0,0,517,94,217,0,0,76,1,0,1998,0,0,0,9,52,3,1179,4,0,9611,0,0,674,232,239,0,11,328,0,0,1,951,62,2239,0,0,0,38,0,3972,26,56,6,92,0,248,0,0,431,5137,699,0,23,99,756,0,0,0,125,92,186,44,0,215,7793,0,62,0,0,13,284,0,0,0,11912,13,598,4,0,0,10,0,275,0,0,0,0,0,66,558,0,0,0,0,0,161,0,0,104,207,0,202,0,770,2,0,1754,157,0,0,5,0,0,663,374,0,0,0,2,0,0,882,3,68,0,12,0,12,16,0,0,1827,0,202,0,0,1,2311,0,494,15,9,0,0,299,17,206,18,0,2675,0,1174,0,0,16870,0,0,0,14,425,0,224,10630,2,226,680,221,0,11,68,0,0,20,0,24,1128,0,0,0,1,94,0,0,0,8,66,244,0,0
"gene_600",552,0,0,3,53,0,7877,7,197,2455,3,0,0,406,0,188,0,9,0,0,517,0,0,6,0,4,20,0,146,2,0,1,911,1,272,0,18,632,153,4,1371,0,0,3754,3,2,696,0,0,62,0,2371,2,456,0,0,0,25,20,0,0,7,9,20,52,561,72,431,0,583,0,0,0,251,9004,0,0,0,0,3,105,327,5,13,26,97,139,9786,0,48,5,281,1182,18,4,2,0,0,0,173,47,829,0,71,1,0,0,0,508,27,0,6285,72,0,86,276,4,0,1514,0,0,0,0,0,0,0,0,244,4,0,0,203,0,0,0,0,99,27,54,1,2904,416,12,523,2445,0,43,0,0,943,0,0,0,2,2,0,1582,28966,0,0,3,0,12,4,0,2,0,0,0,41,0,0,3159,0,0,5,0,134,4,0,0,0,127,439,0,0,0,209,13,184,557,1,9,0,1,0,4,0,0,1,0,133,0,0,0,0,540,2001,118,0,17,0,7,2,51,0,16,0,0,166,0,71,0,0,2124,80,180,391,0,0,991,2822,230,0,6,0,0,0,5138,0,0,5741,0,0,961,0,0,0,13,156,2556,108,0,178,0,0,0,0,40,8494,103,30,48,53,23,0,419,1739,0,0,0,56,32,6,6274,0,1434,13,0,0,0,1,450,440,3772,5,834,17,0,1725,1411,7,0,14,1877,69,0,984,5,1010,143,19,2845,16,965,2271,0,35,2464,4291,8,0,20,68,634,3267,1,1645,0,1440,0,490,462,1125,699,1,870,316,676,7,458,17,0,1507,8,0,84,71,1,65,102,301,0,3,312,0,36,0,1613,91,1302,0,17,61,3099,0,164,1105,73,0,526,0,1138,191,179,24,0,0,2077,2826,10,741,4,1,8,2,441,622,0,327,1,23,82,6634,0,0,0,2,661,361,0,84,95,0,0,18,0,998,3283,0,2,0,1716,51,51,104,117,1267,0,11,3647,300,14,4,64,6545,857,848,53,224,1,19,2,14,94,0,15019,108,0,509,9514,0,15,0,0,0,43,332,1,1600,6,0,1,0,0,0,0,10,0,0,0,0,0,0,1,8,0,0,5,2,0,0,1964,0,2,12,0,0,128,91,0,0,1703,0,985,892,0,139,1,0,0,27,0,55,0,0,0,0,4,0,84,141,0,136,0,0,4192,0,0,0,0,0,836,0,3,12,0,0,0,0,0,0,0,9,0,0,1410,0,148,0,25,3336,64,0,0,0,0,0,0,37,0,163,0,22,0,0,0,0,0,0,0,0,0,1,0,6,0,0,0,2356,0,0,0,0,3988,0,0,0,0,159,7,0,87,0,0,2282,0,0,50,2,2,0,0,2219,124,0,194,0,264,1769,0,0,4708,0,11,0,0,0,0,189,0,0,2,0,0,3,0,0,292,10866,0,234,0,28,106,0,3,0,0,1056,0,0,0,1816,0,0,0,0,0,72,0,44,0,11,0,1,16,25,0,0,2,2,0,540,949,0,0,0,0,0,2,0,0,47,0,0,0,0,4,1,44,0,0,0,0,0,0,0,66,29542,70,0,0,2000,0,383,4902,1845,1,0,0,0,1279,1886,0,54,0,0,3,0,3100,2494,5391,2,0,0,0,0,0,5,0,0,0,0,0,0,143,484,0,0,193,0,0,5,0,1546,0,1,4,0,0,0,0,1705,860,0,1,543,0,29,1,0,0,0,0,0,0,1,0,0,0,313,0,259,226,0,218,0,0,1,12,0,0,18,0,0,0,205,0,23,0,5,0,892,0,0,226,0
"gene_601",1,71,0,4,42,0,0,127,40,52,163,137,6,33,98,135,1006,382,2,15,9,0,0,11,6,2215,91,3,52,344,0,292,1,1626,2,3169,43,13,23,1054,1,0,1,1,0,5926,652,0,8,310,3,0,116,96,1,2924,0,1,1102,0,257,907,2,12,980,495,7,197,234,2588,2,0,16,0,1,2036,6,174,7,734,0,328,501,165,3,1,0,18,9,0,102,29,438,0,80,0,864,5,0,32,260,866,7570,0,14,922,98,433,2434,0,4,15,8,0,1,373,0,6,11314,5,56,489,187,0,190,0,167,1846,0,2,87,0,0,0,0,1,5278,4535,1232,358,5334,0,0,1941,33,242,1,0,56,0,0,3758,0,663,0,0,0,53,0,226,55,0,0,171,655,0,0,233,0,575,553,891,0,2465,0,49,275,0,0,0,0,0,0,0,0,1852,3510,256,1,6965,191,31848,0,0,0,2577,310,584,126,7226,454,885,324,19,0,1982,1792,15,1443,224,49,68,7,26,4,4,671,2827,734,248,3,27,119,1332,19,627,1401,1328,1,1976,6,119,258,787,7,20665,21,4701,381,19,673,654,165,43,62,78,962,41,95,5,151,2214,6434,48,0,34,10,192,2296,2189,89,275,1,2,179,957,273,266,0,1095,24,2,283,7604,318,4102,0,1163,57,4,153,140,1035,32,116,6,347,170,906,973,0,130,28,53,401,147,243,1575,105,14,159,23,440,8,133,84,0,0,1025,695,17,921,0,30,6,980,81,1504,127,422,222,193,96,0,855,3,118,38,0,145,985,245,24,2,0,0,441,219,1587,256,190,1,1473,37,171,0,1609,161,1926,191,524,499,234,29,116,1044,1,456,521,436,560,0,2,258,39,1548,100,93,0,283,203,8,51,452,10,5920,2883,178,366,342,0,116,1,3212,1,0,0,259,4,168,40,2051,127,16,19,360,46,1811,46,97,3644,0,2391,502,976,246,251,415,7,0,139,0,31,381,2,1808,280,3831,424,0,0,1,198,5,29,7,4929,0,1720,107,217,1,0,1473,0,0,3,7,0,0,0,4,1360,633,0,390,83,0,0,1164,327,46,1,0,2,7,1,32,15,64,0,618,1,64,4,118,1524,0,4,2,0,0,22,0,0,9,0,26,78,1425,1,0,0,0,467,29,0,241,8,0,29,3,127,0,21,1,0,142,38,337,0,0,0,2,77,18,41,691,49,12,1663,1669,0,3,0,0,0,0,466,0,0,6,2,217,98,108,12,57,0,18,2,25,0,542,29,940,104,0,95,358,706,26,42,1723,0,76,0,560,18,174,348,9,0,19,43,0,388,52,9,425,11,0,0,164,56,11,0,7,114,4,0,0,1,0,3,0,3,0,2721,1574,23,649,37,157,0,33,588,0,0,0,162,0,39,0,0,1278,0,0,1,0,1,3491,0,1698,3276,0,0,0,248,844,0,2,376,6,0,16,0,0,0,90,0,1446,0,0,0,1967,0,0,0,0,1,0,0,0,0,0,0,114,0,900,1613,0,0,646,0,0,0,0,0,19,0,0,4,510,0,0,20,78,2,0,49,513,200,0,13,0,405,4,67,0,0,315,17,0,0,1113,0,23,0,8,0,2949,18,0,0,27,0,3003,0,0,0,3,0,0,1,0,0,0,0,1,186,1558,2,73,0,0,34,0,0,0,0,37,9,0,0,0,24,0,0,0,0,4,0,0,10311,484,12,5474,4299,0,210,88,0,1,0,1394,5,0,0,0,83,0,0,43,0,26,1358,0,102,119,0,0,0,0,12,1432,0,280
"gene_602",501,1,0,9,0,5326,0,149,0,9,0,0,0,0,780,0,44,0,240,0,0,0,0,0,0,0,0,448,0,0,7,11,12,0,266,0,0,0,0,219,1,0,0,3,0,0,0,110,608,0,25,0,0,58,0,0,222,125,3,5,0,0,687,0,0,88,0,2,20,0,0,0,1,0,0,286,0,0,0,53,0,0,54,2,0,0,0,0,0,1,0,0,0,0,0,0,0,0,0,0,0,0,0,0,0,0,0,0,2035,0,0,0,0,0,0,0,0,0,0,0,0,0,0,0,0,0,0,0,0,0,0,0,0,0,0,1,0,0,0,0,7,0,46,0,7,0,0,0,0,0,0,0,0,0,0,0,0,0,0,64,840,0,0,0,0,0,0,0,0,0,0,0,0,0,0,0,0,0,137,0,0,0,1265,0,0,0,0,0,1036,0,0,0,0,9323,21,3810,151,13,10823,137,0,0,0,845,10,0,0,2,0,8,12561,0,0,0,0,2848,0,0,35945,0,1,0,1,0,0,0,0,0,24,103,2303,0,399,11,0,0,0,0,0,0,1631,0,0,0,127,34,0,36,1,132,0,1316,7,0,36155,0,0,0,0,0,0,0,0,0,0,0,0,0,0,0,0,0,0,0,0,0,0,0,0,0,0,0,0,0,0,0,0,0,8,0,0,0,0,0,0,0,0,0,0,0,174,0,0,0,0,5,0,0,0,0,0,0,0,8,0,0,0,0,0,0,0,2218,0,0,2,0,0,0,0,0,0,0,0,59,0,2,0,0,69,0,0,0,0,0,0,0,0,0,0,0,0,0,8,0,0,0,0,0,0,0,0,0,0,0,0,0,1,0,0,0,0,0,0,0,0,0,0,0,0,0,0,0,0,0,0,0,0,0,0,0,0,3,0,0,0,0,160,0,0,0,428,0,0,0,0,0,0,22,0,382,0,0,0,0,0,0,6,0,0,0,0,0,0,0,0,180,0,0,0,0,0,0,0,0,171,18,0,0,0,0,0,0,363,3,0,0,0,451,0,4,55,0,0,0,0,1782,9,0,2,0,36,0,0,0,0,0,0,0,1,0,181,0,0,0,0,0,0,0,0,0,0,1,0,0,0,0,4,0,1156,0,216,0,0,0,1,0,0,0,0,422,0,745,0,1,0,0,143,52,0,0,0,94,0,0,305,0,0,0,0,4,1,0,0,1,0,362,11,8,0,0,0,0,0,0,0,0,0,27,0,0,0,0,0,0,1,0,0,0,0,0,0,0,0,19,0,170,0,0,0,0,0,0,0,487,0,0,4102,0,20,0,1,0,363,1,0,104,0,0,0,1033,0,6,0,0,0,4,0,0,0,10,0,0,0,10,0,0,0,632,37,0,0,0,0,0,0,118,0,0,0,0,0,0,0,0,0,0,0,0,0,1,0,5,0,0,0,0,0,0,0,0,11,0,0,0,0,0,35,112,0,0,0,0,0,12832,422,1,1,0,0,7091,66,0,30,0,0,0,0,0,0,0,0,107,0,0,0,72,0,0,0,0,0,0,0,0,0,0,43,1,65,0,0,18,0,0,0,12,0,0,0,0,0,0,0,0,0,0,0,0,0,0,0,0,0,0,0,0,0,0,0,0,0,0,157,3,0,117,0,0,0,0,12,0,9994,1,1044,0,0,0,0,0,6058,0,0,0,3,0,6070,0,0,0,1,0,190,10,6,1277,0,0,1,0,0,0,65,0,0,1090,0,0
"gene_603",0,0,0,0,0,0,0,0,0,0,0,0,0,0,0,0,0,0,0,0,0,0,0,0,0,0,0,0,0,0,0,0,0,0,0,0,0,0,0,0,0,0,0,0,0,0,0,0,0,0,0,0,0,0,0,0,0,0,0,0,0,0,0,0,0,0,0,0,0,0,0,0,0,0,0,0,0,0,0,0,0,0,0,0,0,0,0,0,0,0,0,0,0,0,0,0,0,0,0,0,0,0,0,0,0,0,0,0,0,0,0,0,0,0,0,0,0,0,0,0,0,0,0,0,0,0,0,0,0,0,0,0,0,0,0,0,0,0,0,0,0,0,0,0,0,0,0,0,0,0,0,0,0,0,0,0,0,0,0,0,0,0,0,0,0,0,0,0,0,0,0,0,0,0,0,0,0,0,0,0,0,0,0,0,0,0,0,0,0,0,0,0,0,0,0,0,0,0,0,0,0,0,0,0,0,0,0,0,0,0,0,0,0,0,0,0,0,0,0,0,0,0,0,0,0,0,0,0,0,0,0,0,0,0,0,0,0,0,0,0,0,0,0,0,0,0,0,0,0,0,0,0,0,0,0,0,0,0,0,0,0,0,0,2,0,0,0,0,0,2,0,0,0,0,0,0,1,0,1,1,0,0,1,0,0,0,0,0,0,1,6,0,0,0,0,0,0,0,0,0,0,0,0,0,2,2,0,0,0,0,0,0,0,0,0,0,0,0,0,0,0,0,0,1,0,0,0,0,0,0,0,0,0,0,0,0,0,0,0,0,0,0,1,0,0,0,9,0,1,0,0,0,0,1,0,0,0,0,0,0,0,0,0,0,0,3,1,0,0,1,0,0,0,0,0,0,0,0,0,0,3,0,3,0,0,0,0,1,1,0,0,0,0,1,0,1,0,0,0,1,0,0,0,0,0,0,0,1,4,6,0,0,0,0,0,0,0,0,0,0,0,1,0,1,0,0,0,0,1,1,0,1,0,3,0,0,0,0,0,0,0,0,0,0,0,1838,0,0,0,0,2996,0,0,0,0,0,0,0,7,0,0,0,0,0,0,0,6636,0,118,1362,0,0,0,0,0,0,0,0,0,141,158,0,0,0,0,0,171,0,0,0,0,0,0,0,0,0,0,0,0,0,0,0,0,0,0,0,0,0,4,0,1242,77,5,0,0,0,0,0,0,0,0,0,7,0,0,0,0,0,0,0,0,0,80,0,0,26,5,0,0,0,1257,0,46,0,356,0,1684,0,99,22,0,163,20,774,0,4410,0,0,45,0,0,24,0,447,228,0,1239,58,0,0,0,75,0,0,0,0,0,0,0,0,0,0,683,0,0,0,1,0,0,0,0,0,0,0,0,0,0,0,0,0,0,0,0,0,617,0,0,0,0,0,0,0,814,0,0,0,0,0,0,0,0,0,0,0,27,0,0,0,0,0,0,1,0,0,0,0,0,0,0,1053,0,0,0,0,0,0,0,0,5167,0,0,0,0,97,0,2139,0,0,0,0,0,0,0,5346,0,0,0,0,0,0,0,67,0,0,0,0,0,0,0,0,0,0,0,0,0,0,43,0,595,0,0,0,1,0,0,1,0,0,0,0,0,0,0,0,0,0,0,0,0,0,0,0,71,0,0,2,0,0,0,0,0,0,0,0,0,0,0,0,0,0,0,0,0,0,0,0,0,0,0,0,0,0,0,0,0,0,0,0,0,0,0,0,0,0,0,0,0,0
"gene_604",0,0,0,0,0,0,0,0,0,0,0,0,0,0,0,3,0,32,0,0,0,0,0,0,0,4,0,0,0,0,0,0,0,0,392,0,0,0,0,0,0,0,0,0,0,0,28,0,1784,0,0,0,0,0,0,0,0,0,0,0,0,0,440,0,0,95,0,0,0,0,0,0,0,0,0,0,0,0,0,0,0,0,254,0,0,0,0,1,0,0,0,0,0,0,0,0,0,0,0,2265,110,0,0,10,1,0,0,773,31,0,0,20,0,0,0,0,0,8,0,0,0,0,0,0,0,0,325,19,7,0,0,0,0,0,1,0,0,0,0,0,0,0,0,0,0,0,0,0,0,0,0,0,0,0,0,0,0,0,0,0,0,0,0,0,0,0,0,22,0,0,0,143,460,0,0,0,0,43,0,0,0,0,0,0,0,0,0,0,0,0,0,14,0,0,0,4,0,0,0,0,0,0,0,0,0,0,0,194,0,0,0,0,0,0,0,3,0,3482,0,0,0,0,0,0,0,16,0,0,0,0,0,1,0,0,0,0,0,0,0,0,0,0,0,0,0,1,0,0,0,0,15,0,0,0,41,0,0,0,5,43,0,0,3,0,2557,0,4,0,0,199,0,2,20,1,0,0,0,0,0,27,0,0,841,2,1001,3158,82,1,0,0,155,0,0,54,0,1812,6,59,92,0,0,0,95,125,1,0,20,0,23,176,201,0,253,9,2,0,1,0,875,0,0,0,0,0,0,10,0,10,1344,1,494,0,0,0,91,171,48,2,0,42,6,0,0,0,19,50,0,0,0,350,4,0,0,32,87,0,26,2022,0,0,11,0,0,0,4,0,23,0,17,3,0,0,0,0,0,4,0,19,5,0,2384,0,58,0,274,1,0,0,0,1,0,0,41,13,0,0,2,26,0,7,53,0,3,4588,55,0,45,0,350,0,4,0,0,0,0,0,0,0,11,140,10,88,1,32,1,0,0,9,0,25,97,382,55,45,1,3,152,35,1,92,0,14,484,75,923,3944,26,960,66,622,8045,4,0,1,1289,1265,7,55,0,80,17,0,830,0,77,1,807,531,37,832,22,12,59,0,123,5,1513,0,0,22,902,86,0,23,104,36,9,102,485,0,71,37,384,182,541,1,2,510,0,3,50,0,0,70,220,345,647,17,122,14,6,1,247,19,566,0,0,221,183,1,0,0,19,1922,27,59,686,0,0,584,28,22,0,2,62,1705,10745,36,501,183,1525,126,727,1466,158,4706,4,234,201,125,46,15,9,5717,29,0,0,0,250,0,142,0,231,5127,17,293,79,1946,0,1,15630,20,0,0,2,0,361,0,26,7919,23,0,0,0,5,0,0,8353,0,0,319,0,1375,0,0,0,22,0,0,0,0,183,0,481,0,0,14,0,0,0,0,0,0,0,12,0,0,15,0,0,4615,0,0,0,1,0,0,0,0,0,0,0,0,6,0,16,0,0,0,1,0,59,0,0,236,0,0,500,0,0,0,535,0,0,0,0,5,198,0,0,0,0,0,0,0,0,0,0,0,0,0,0,0,0,0,0,0,0,2376,0,0,0,292,0,3,0,0,3521,0,0,0,0,60,0,1,3,3,2102,2,226,57,4946,0,0,0,1794,6373,0,0,0,0,8,1,2014,116,0,726,140,0,0,0,0,0,40,4000,0,0,0,80,178,0,0,0,7,0,0,40,0,0,0,493,0,0,1,38,14,0,0,1226,0,5241,9,0,0,4,31,0,0
"gene_605",0,0,0,0,0,0,0,0,0,0,0,0,0,0,0,0,0,0,0,0,0,0,0,0,0,0,0,0,0,0,0,0,0,0,0,0,0,0,0,0,0,0,0,0,0,0,0,0,0,0,0,0,0,0,0,0,0,0,0,0,0,0,0,0,0,0,0,0,0,0,0,0,0,0,0,0,3,0,0,55,0,0,0,1,0,0,0,0,0,0,0,0,0,0,0,0,0,0,0,0,0,0,0,0,0,0,0,0,0,0,0,0,0,0,0,0,0,0,0,0,0,0,0,0,0,0,0,0,0,0,0,0,0,0,0,0,0,0,0,0,0,0,0,0,0,0,0,0,0,0,0,0,0,0,0,0,0,0,0,0,0,0,0,0,0,0,0,0,0,0,0,0,0,0,0,0,0,0,0,0,0,0,0,0,0,0,0,0,0,0,0,0,0,0,0,0,0,0,0,0,0,0,0,242,0,0,0,0,0,0,0,0,0,0,0,0,0,0,998,0,0,0,0,0,0,0,0,0,0,0,0,0,0,0,0,0,0,0,2,0,0,0,0,0,0,0,0,0,0,0,0,0,0,0,0,0,0,0,0,0,0,0,0,0,0,0,0,0,0,0,0,0,0,0,0,0,0,0,0,0,0,0,0,0,0,0,0,0,0,0,0,0,0,0,0,0,41,0,0,0,0,0,0,0,0,0,26,0,0,0,0,0,0,0,0,0,0,0,0,0,0,0,0,0,0,0,0,20,0,0,0,0,0,0,0,0,0,0,0,0,0,0,0,0,0,0,0,0,0,0,0,0,0,0,2,0,0,0,0,0,0,0,0,0,0,0,0,0,0,0,0,0,0,0,0,0,0,0,0,0,0,0,0,0,50,0,69,0,0,0,0,0,0,0,0,0,0,0,0,0,0,0,0,0,0,0,0,0,0,0,0,0,0,0,0,0,0,0,0,0,0,23,0,0,0,0,0,0,0,0,0,0,0,0,0,0,0,0,0,0,0,0,0,0,0,0,0,0,0,0,1,0,0,0,0,0,0,0,0,0,0,0,0,0,0,0,0,0,0,0,0,0,0,0,0,0,0,0,0,0,0,0,0,0,0,0,0,0,0,0,0,0,697,0,0,0,91,0,0,0,19,1,0,0,0,0,0,0,0,0,0,0,0,5,0,0,0,0,0,0,0,0,0,0,0,0,0,0,0,0,0,0,0,0,0,0,4,0,0,0,0,0,0,0,0,0,0,0,0,0,0,0,0,0,0,0,0,0,0,0,0,0,0,0,0,0,0,0,0,0,0,0,0,0,28,0,1,7,0,90,752,0,1927,0,723,2568,0,44,96,251,0,1192,0,0,293,0,0,0,0,12,0,0,4041,11,0,260,0,0,0,9,0,16,0,2230,0,0,0,0,0,0,640,0,0,0,0,0,0,0,0,0,0,0,56,858,1025,1,6345,192,0,0,1,1,1,0,0,0,1692,0,0,0,0,0,0,228,0,0,0,2612,0,0,93,0,0,831,16,0,66,0,0,0,0,0,3117,0,0,0,101,48,0,0,0,0,0,0,243,0,5,1,0,438,0,1237,36,852,0,0,0,0,958,6,92,0,0,0,0,2,0,0,69,6357,0,22,0,47,3,0,0,0,0,1432,0,0,796,34,0,0,3,72,0,0,3640,23,0,0,7,80,12,0,12,0,0,0,0,0,2,0,0,0,1,0,0,0,486,0,0,0,0,0
"gene_606",551,1427,3011,1700,403,11067,13658,12914,7388,6539,1532,7700,17623,3968,7724,10067,2794,10535,2619,8004,2494,5248,13307,12393,7489,2915,2780,3840,3314,5353,3420,19823,2302,883,11722,16375,3862,5152,4839,1773,1222,1449,2718,7288,10288,36501,1836,5681,1878,3144,9318,5460,3124,4268,4389,6471,4514,16252,6639,3565,14561,906,9991,18967,5501,9798,4860,11735,21333,6541,3484,12896,294,3478,5404,4396,1519,2681,1190,19157,9123,2157,8160,23852,6896,23592,639,10727,2175,7659,4977,12245,44212,47718,30333,5049,16153,5456,29190,45467,33045,41934,28131,120423,66659,26564,40667,68759,39179,12870,30366,10942,4160,5413,72335,62873,19266,24612,25750,36554,7916,10766,8513,18911,15662,43410,2693,5425,51016,21540,5168,12532,20137,25349,48130,14873,73876,45085,28146,36769,87752,8789,57184,71009,47774,44773,38631,142417,71020,10941,46395,54200,15462,32525,12328,60101,112472,21634,90902,1696,14968,35100,19626,2584,46187,19450,23076,16280,7610,24531,109275,29406,124988,25569,27734,59219,63948,25678,32582,116012,46502,109646,36253,48841,20732,11440,14858,86775,81388,23665,82906,25011,80874,142642,8184,7594,8403,3698,59818,26628,64360,37804,35189,109646,6862,81490,40658,18261,66082,18172,54889,42259,29581,9071,89766,19797,58645,63653,24107,9127,44549,43649,38727,13560,121516,25282,28377,54650,63819,13732,13152,87210,60705,72725,40628,28285,71165,31360,34036,2817,125442,29588,39835,35905,40456,2392,34056,32091,25444,42628,26074,62554,39469,3003,54207,52016,69832,48677,130175,14092,11435,2424,1998,2163,4072,3921,13792,6295,1024,8350,4150,235,9191,17277,15284,7421,4479,7242,6770,2008,314,8048,4094,9264,2586,1025,2241,10064,1628,19064,19543,10241,289,5373,10780,5461,28174,15295,2720,3887,594,1464,7337,11221,2746,2022,3067,769,2026,9866,4878,2335,2084,2683,3654,4943,4016,8230,4992,8391,2904,3994,4121,3229,2080,2062,24106,3907,753,2373,16876,611,9601,290,236,741,519,4509,2903,6410,1778,791,8367,1698,10358,812,20339,11768,3678,1901,6624,1583,7210,7920,942,980,8610,3246,5605,3007,8633,4987,2281,5148,9779,3749,1386,2624,17175,1163,7081,4456,4686,8584,9470,22545,10561,8418,1203,22240,15270,4379,2070,478,20003,3083,4656,203,2871,9505,589,3315,11131,3917,23963,97,369,454,3482,2114,1052,6065,15639,10154,5939,4206,6504,16749,13414,3520,7028,9003,5166,22902,763,5007,11477,410,20639,2886,2801,2716,2266,1324,642,36496,11239,786,5780,968,12752,10105,11,4814,138,1499,11036,344,872,167,940,3104,3,0,1910,7,4171,9,20,786,65,1035,6,979,2275,9277,174,219,77,559,1027,206,1713,1229,473,469,627,1253,69,2517,11,3,327,65,52,2879,1569,349,3184,679,5,4020,334,963,266,3997,378,2452,116,1766,676,378,333,4364,1645,1444,2220,13,93,1546,3505,2381,15,10,14533,189,995,1360,456,1396,3595,31,25,330,2472,92,555,3350,10881,15344,3,101,199,795,53,2257,27,1313,222,81,3236,813,207,3999,2004,665,5702,2807,0,2639,6078,25,2612,104,740,2335,602,424,783,83,24,1457,749,10646,1219,4915,1282,7659,42,9808,683,796,5557,3543,3366,1,7514,1866,2051,0,101,68,194,1,32,36,4615,11,8816,0,0,11142,8,0,12,1,1665,2846,9188,4255,1341,1817,1558,0,3295,2386,3297,10,114,0,0,65,918,519,911,0,8,651,5227,0,140,59,59,0,4,4974,10094,144,1658,0,0,953,1120,308,1323,3810,0,0,0,0,218,1247,530,39,39,1,561,204,242,3517,0,13,1750,47,1,1667,1,0,208,0,259,0,1099,33,70,704,49,16887,301,0,10565,267,199,30,30,13,3,75,170,101,758,1,0,394,0,24,12,0,1939,0,2107,180,2,106,195,0,616,0,3,54,82,1,262,263,227,1154,0,5,0,3,702,10116,56,450,0,0,22,5,121,5101,1955,183,2,23,40,0,243,0,5695,0,4,307,7,0,1,0,744,1,10,662,82,49,1080,1,332,36,0,1636,55,161,0,590,77,36,0,1548,1307,0,98,13,2,28,9,131,0,0,6,16
"gene_607",0,0,0,0,0,0,0,0,0,0,0,0,0,0,9,0,0,0,0,0,0,4,0,0,0,0,0,0,0,0,0,0,0,0,0,0,0,0,0,0,0,0,0,0,0,0,0,0,0,0,0,0,0,0,0,0,0,0,0,0,0,0,0,0,0,0,0,0,0,0,0,0,0,0,0,0,0,0,0,0,0,0,0,0,0,0,0,0,0,0,0,0,0,0,0,0,0,0,0,0,0,0,0,0,0,0,0,0,0,0,0,0,0,0,0,0,0,0,0,0,0,0,0,0,0,0,0,0,0,0,0,0,0,0,0,0,0,0,0,0,0,0,0,0,0,0,0,0,0,0,0,0,0,0,0,0,0,0,0,0,0,0,0,0,0,0,0,0,0,0,0,0,0,0,0,0,0,0,0,0,0,0,0,0,0,0,0,0,0,0,0,0,0,0,223,0,0,0,0,0,0,0,0,0,0,4,171,0,0,0,0,0,0,0,36,2445,214,0,0,0,0,0,0,0,0,0,0,0,0,0,0,0,0,0,0,0,0,0,0,0,0,0,0,0,6,0,0,0,0,0,0,0,0,0,0,0,0,0,0,0,0,484,18,0,4,0,0,0,0,0,22,678,0,0,0,0,0,0,11,0,0,1600,0,164,0,0,0,0,0,44,4087,12,1,12,19,9,48,0,27,55,0,0,106,0,36,5,0,27,4,0,2,0,0,559,0,1,760,0,0,89,8,35,0,0,267,0,0,0,27,0,0,0,0,0,45,0,0,2,0,111,0,1,0,0,0,0,0,0,0,0,0,1,0,1,14,0,3,0,0,0,1,0,0,0,0,0,0,0,0,25,0,0,0,0,0,0,0,0,0,0,0,0,0,796,0,14,0,41,0,0,322,0,391,0,0,31,0,0,1030,4,0,15,0,261,0,0,0,2,0,0,0,0,0,0,0,0,82,0,188,0,0,5,7,0,2,0,333,0,20,0,0,0,5643,0,0,6,0,0,0,0,7,0,0,0,0,0,0,6,0,0,0,0,0,0,0,0,0,0,0,0,0,0,0,7,0,0,0,0,182,0,0,0,0,0,0,0,1,192,0,0,0,183,0,0,0,0,0,0,0,0,0,3,0,3,0,0,0,0,0,15,0,0,0,0,0,0,122,0,0,0,0,0,24,0,0,0,0,466,0,0,0,0,0,0,1295,0,1,0,0,0,0,45,0,0,0,0,1011,0,0,0,0,1272,22,0,29,0,0,0,0,0,0,0,222,0,0,16,0,0,0,0,0,0,0,0,0,0,118,0,0,0,0,0,0,0,0,50,0,0,0,0,13,0,3,0,17,0,16,1,0,0,0,2,39,0,0,0,0,1,0,0,0,0,0,0,0,0,0,4,0,0,0,0,0,0,504,0,0,0,0,0,0,48,0,0,0,62,0,0,0,1198,0,30,0,0,0,2,0,18,0,0,0,0,0,0,1181,0,4,0,64,170,0,0,10,1,42,0,0,172,0,0,145,0,0,0,0,0,0,0,3,0,0,65,0,0,2,0,1722,0,0,3,1,0,2221,0,0,0,0,0,0,0,0,0,0,3799,0,26,0,62,0,0,61,0,0,0,0,32,0,0,0,18,0,0,0,0,40,0,0,14,0,6740,0,0,0,0,204,0,4,0,0,2639,0,3228,0,0,0,70,0,0,16,0,0,0,4,0,0,0,0,0,0,0,0,126,24,0,0,0,0,0
"gene_608",0,282,0,0,1066,0,0,0,0,0,0,0,0,0,0,0,0,0,0,0,0,0,0,0,0,0,0,0,0,0,0,0,0,0,0,0,0,0,0,8,0,0,0,0,0,0,0,0,0,0,0,0,0,0,0,0,0,0,0,0,0,0,0,0,0,0,0,0,0,0,0,0,0,16,0,297,0,0,0,0,0,0,0,0,0,0,32,0,0,0,0,0,0,0,0,0,0,0,0,0,0,0,0,0,0,0,0,0,0,0,0,0,0,0,0,0,0,0,0,0,0,0,0,0,0,0,0,0,0,0,0,0,0,0,0,0,0,0,0,0,0,0,0,0,0,0,0,0,0,0,0,0,0,0,0,0,0,0,0,0,0,0,0,0,0,239,0,0,0,0,0,0,0,0,0,0,0,0,0,0,0,0,0,0,0,866,0,0,0,0,0,0,0,0,55,0,0,0,2518,0,0,0,0,0,0,0,2,34,157,2741,0,0,357,0,0,0,0,0,0,0,0,0,20,0,0,0,0,0,0,0,0,0,0,0,0,0,2165,0,0,0,0,0,0,0,0,0,0,0,497,0,0,0,0,0,0,0,1003,0,0,0,0,0,0,0,0,0,0,0,0,0,0,0,0,0,0,0,0,0,0,0,0,0,0,0,0,0,0,0,0,0,0,0,0,0,0,0,0,0,0,0,0,0,0,0,0,0,0,0,0,0,0,0,0,0,0,0,0,0,0,0,0,0,0,0,0,0,0,0,4796,0,0,0,0,8,0,0,0,0,0,0,0,595,0,0,0,0,0,0,0,0,0,0,0,0,0,0,0,0,0,0,0,0,0,0,0,0,12004,0,0,0,0,0,0,65,0,0,0,0,0,0,0,0,0,0,0,0,0,0,0,0,0,0,0,0,0,0,0,0,0,0,0,0,0,0,0,0,0,0,0,0,0,0,0,0,0,0,0,0,0,0,0,0,2,0,0,0,255,0,0,0,0,0,0,0,0,0,0,0,0,0,0,0,0,0,0,0,0,0,0,0,0,0,0,0,0,0,0,0,0,0,0,0,0,7,0,0,0,0,0,0,0,0,0,87,0,0,0,0,0,0,0,5,0,0,0,0,0,0,0,0,0,0,0,0,0,0,0,0,0,0,0,0,0,0,0,0,0,0,0,0,0,68,0,0,0,0,0,0,0,0,0,0,0,0,0,0,2,6,0,0,0,0,0,0,0,0,0,0,0,0,0,0,0,0,0,0,0,0,0,0,0,0,0,0,5,0,0,0,0,0,0,0,0,6,0,0,0,0,0,0,0,0,0,0,0,0,0,0,0,0,0,0,0,0,0,69,0,0,0,0,0,0,0,0,0,0,0,0,0,0,0,0,0,0,0,0,0,0,24,94,0,0,0,0,18,0,0,0,0,0,0,0,188,0,0,0,725,0,0,0,0,0,0,0,0,0,0,0,0,0,0,0,0,282,0,0,0,0,41,0,0,0,0,0,0,0,0,0,0,0,0,0,0,0,0,29,0,254,0,21,0,0,0,0,0,1,0,0,0,0,0,0,12,0,0,0,0,0,0,0,0,0,0,0,0,0,0,201,0,207,0,0,0,571,0,0,0,0,0,0,9,0,0,6,0,0,0,0,0,0,0,0,0,0,2314,3,0,0,0,2,0,0,0,0,0,0,0,0,0,0,0,0,1,0,0,0,0,0,0,0,0,4,0,0,0,0,0,0
"gene_609",3649,1980,0,1458,146,672,1153,609,12,4,6133,1291,2163,829,211,728,337,504,117,501,29,422,126,9,1534,441,7,2,6268,830,1288,25,0,0,833,325,3561,4084,79,0,50,1606,11,78,2,1856,0,614,57,0,2364,243,140,1,16,630,497,227,2,168,5,154,11509,855,0,0,2552,1025,173,3516,3656,1896,1,36,472,334,287,185,1541,2,1602,25,29,2,29,100,8,20,3696,6,1467,63,6,5,0,219,10,350,127,0,3424,0,86,9871,31,876,5169,124,18642,47,0,620,1013,0,310,4,99,665,302,0,591,166,1030,16,0,9818,168,0,4559,3,2383,800,153,5783,9571,52,5916,0,452,466,0,0,5,15720,43342,11,122,1686,255,4145,4,1525,5436,225,26,4782,2622,4496,146,0,247,1,8,1784,0,22,0,251,304,5,222,32792,11094,5,51617,0,19580,0,24209,68249,5855,0,0,12,46327,5222,1114,2797,5844,661,9705,47,1051,136,12,0,144,1361,1059,1214,119,986,116,130,3,959,3,42,0,1381,345,1098,1030,26,100,1,0,1835,1920,0,30,1176,24,752,0,4008,484,1341,1268,2001,121,4,375,295,823,807,1529,4073,6701,6,1734,0,851,299,118,2,10316,2986,262,3,6438,80,0,48,186,109,1401,0,0,320,1250,1967,12,1575,3548,1079,4,183,312,124,1732,337,604,146,31,289,533,113,1269,8,0,36,2307,1365,1430,223,0,356,73,1110,127,2,2224,1213,804,102,42,81,39,316,83,113,1756,990,1145,543,130,37,1060,2652,319,521,7,275,2382,860,521,9464,2,2982,1,4,235,53,0,702,1078,3065,11650,2,4301,160,7,914,2188,1241,5,51,863,49,4,191,18,191,643,696,8088,1145,3622,5,60,577,37,357,42,193,4405,39,1476,93,181,4548,0,6,595,312,5,1395,253,820,7045,127,502,211,361,172,998,3489,1150,47,2449,1668,83,25,68,358,578,2505,148,311,1546,240,2470,10589,952,4652,660,2947,4,65,73,2,1232,671,976,203,12,101,61,47,335,1607,1063,13,3004,6,63,662,186,2637,3001,6,444,2400,7,433,77,412,265,3234,5351,8726,0,118,110,4,0,500,135,5823,0,1227,226,2,142,46,34,28,274,38,38,0,0,42,538,87,2,285,0,3810,0,28,5505,653,34,33,112,1,0,106,63,0,0,2645,820,644,4,3,0,634,528,61,0,1,46,7,2,0,102,4,17,0,60,629,17,37,96,312,56,150,209,167,0,0,322,301,144,23,133,48,2,0,273,0,125,0,541,151,15,164,97,170,0,0,0,2247,213,32,1113,2,777,328,6624,2051,954,11,0,3,225,0,34,0,5,11,130,531,827,221,433,1,38,611,0,2809,1218,1,100,18,2282,627,2,59,72,31,0,98,6,0,307,744,10,4551,3,1415,0,159,0,31,98,560,500,0,326,171,0,4,219,176,18,0,1295,174,37,0,86,167,0,18,175,5296,42,4,0,154,2427,7,0,0,258,1430,1109,3,26,0,2739,18,16,2,131,1720,724,679,0,20,1,2054,41,0,980,1083,0,3182,311,0,212,2,3475,0,641,20,2042,2,446,92,4,799,237,20,1489,0,98,39,67,0,276,1509,0,2,0,357,621,1,0,36,2089,520,608,34,4547,1899,0,45,2,24,3182,0,87,46,0,130,169,459,0,123,0,2,36,559,1898,3,147,0,522,0,380,77,18,271,10,5094,60,0,850,32,657,1112,0,1136,995,0,236,385,981,176,1,876,46,0,270,1,1470,142,252,0,1367,75,14,21,0,0,2017,0,10,439,144,0,557,0,0,33,0,24,1902,0,0,475,1400,13,1,0,1901,489,130,305,42,810,0,308
"gene_610",0,0,0,0,0,0,0,0,0,0,0,0,0,0,0,0,0,0,0,0,0,14,0,0,0,0,0,0,0,0,0,0,0,0,0,0,0,0,0,0,0,0,0,0,0,0,0,0,0,0,0,0,0,0,0,0,0,4,2,0,0,0,0,0,235,0,0,0,0,0,0,0,0,0,0,0,0,0,0,0,0,0,0,0,0,0,0,0,0,0,0,0,0,0,132,0,0,0,0,0,0,0,0,0,661,0,0,0,0,6,390,0,0,0,0,0,0,0,225,0,0,0,0,0,0,0,0,0,0,0,0,0,0,0,0,0,0,0,0,0,0,0,0,0,0,0,0,0,0,0,0,0,0,0,0,0,271,0,0,0,0,1,0,0,0,0,0,0,582,0,16,25,0,0,0,0,0,0,0,0,0,0,0,0,0,0,0,0,0,0,0,0,0,0,0,0,0,0,0,0,0,0,0,0,0,0,0,12,59,0,0,0,0,0,0,0,0,0,0,0,0,0,0,0,0,0,0,0,0,0,0,0,0,0,0,0,0,0,0,0,0,0,0,0,0,0,0,0,0,0,0,0,0,0,0,0,0,0,0,0,0,0,981,230,0,0,0,0,18,0,0,0,0,0,148,1,0,0,14,0,0,2,0,1,1386,0,0,0,0,0,0,0,0,1316,0,0,0,827,0,0,0,2,0,0,0,0,6,0,0,0,0,0,1,0,0,0,0,0,418,0,100,0,92,0,0,0,0,0,0,0,0,0,0,0,67,0,0,620,0,0,0,0,0,0,0,6,0,2,0,0,0,2,0,0,0,0,0,1,0,0,0,0,0,0,0,2,0,0,0,1238,0,0,88,0,0,0,0,0,0,0,0,15,0,1683,2,0,0,0,0,1,0,3,0,0,0,241,0,0,0,0,7,0,1,0,1,456,0,0,0,113,0,16,0,6,0,0,47,1477,2,0,0,0,0,0,1,0,0,0,0,552,0,0,0,0,13,13,134,0,4,0,59,0,34,0,0,62,0,238,115,1,0,0,123,0,0,0,923,0,1,2,0,0,0,60,0,0,0,0,0,0,0,157,0,0,36,0,0,0,0,12,0,0,0,1,0,0,0,0,0,0,0,0,0,0,0,0,0,0,0,0,0,1,0,0,11,0,0,0,100,0,0,0,0,9,0,304,0,0,0,0,1,0,1465,0,0,0,13,0,3,151,0,0,0,0,25,0,0,0,79,0,0,0,8,0,0,0,0,0,0,0,0,0,0,0,0,364,62,0,0,4,0,0,4,0,0,0,4,0,0,2,0,0,0,0,16,7050,0,0,0,95,0,0,4,0,0,0,0,0,0,0,0,0,0,1965,0,0,0,0,0,0,0,0,0,0,0,17,514,0,0,1,0,0,3694,0,61,1,0,0,0,0,0,1,0,2,344,0,0,0,0,2,0,0,1333,0,0,7068,0,0,0,0,0,1,0,0,1870,0,0,0,0,0,0,0,0,0,0,0,0,0,31,0,202,0,0,0,29,0,0,0,0,202,0,0,0,2,0,643,0,0,0,0,0,0,0,0,0,0,28,0,0,0,0,0,0,0,0,0,0,0,0,0,0,0,0,0,0,0,111,0,0,0,0,0,0,0,0,0,0,0,0,0,0,331,0,325,0,392,1,0,0,0,0,1,0,0,0,0,0,3843,0,0,0,0,0,2,0,0,0,0,0,0,11,2588,148,0,0,0,0,0
"gene_611",0,0,118,0,0,0,0,0,0,0,1,1,1,0,0,0,0,6,1077,0,0,7,0,0,0,0,0,0,0,0,0,0,276,94,0,0,0,186,0,0,0,0,0,0,0,0,0,0,0,8,0,0,0,0,0,0,0,0,1,1,0,0,0,0,0,0,0,3,0,5100,0,0,127,0,417,0,0,0,0,0,0,0,0,0,1,0,18,969,0,0,0,0,6,0,0,0,0,0,0,0,0,0,0,0,0,0,0,0,0,0,0,0,0,0,0,295,0,0,0,0,0,0,0,0,0,0,0,0,0,0,0,0,0,0,0,0,0,0,0,2,0,0,0,0,0,0,0,0,0,0,0,0,0,0,0,0,0,0,0,0,0,0,0,0,0,0,0,0,0,0,0,0,0,0,0,0,0,0,0,0,0,0,0,0,0,0,0,0,0,0,0,0,0,0,0,0,0,456,0,0,0,0,0,0,0,0,0,0,0,0,0,0,0,0,0,2,0,0,0,0,0,0,0,2,0,0,0,0,0,0,0,0,0,0,0,0,0,0,0,0,0,0,0,0,0,0,0,0,0,0,0,0,0,0,5,0,0,0,0,0,0,0,0,0,0,0,0,0,0,0,0,0,0,0,0,0,0,0,0,0,0,0,0,0,0,0,0,0,0,0,0,0,0,0,0,0,0,0,0,0,0,0,0,0,0,0,0,0,0,0,0,0,0,0,0,0,0,0,0,0,0,0,0,0,0,0,0,0,0,0,0,0,0,0,0,0,0,0,0,0,0,0,0,0,0,0,0,0,0,0,0,0,0,0,0,0,0,0,0,0,0,0,0,0,0,0,0,0,0,0,0,0,0,0,0,0,0,0,0,0,0,0,0,0,0,0,0,0,0,0,0,0,0,0,0,0,0,0,0,0,0,0,0,0,0,0,0,0,0,0,0,0,0,0,0,0,0,0,0,0,0,0,0,0,0,0,0,0,0,0,0,0,0,0,0,0,0,81,0,0,0,0,0,0,0,0,0,0,0,0,0,0,0,0,0,0,0,0,0,0,0,302,0,0,0,0,0,0,0,0,0,0,7,0,0,0,0,0,0,0,0,0,0,0,0,0,0,0,0,0,0,0,0,0,0,0,0,0,0,0,0,0,0,0,1,0,0,0,14,0,0,0,0,0,0,0,0,0,616,0,0,0,0,0,0,0,0,0,0,0,0,0,0,0,0,0,0,0,0,0,113,0,0,0,0,0,0,0,0,0,0,0,7,0,0,0,0,0,0,0,0,0,0,0,0,0,0,0,0,0,2761,6,3,0,7117,0,0,0,465,0,3,0,0,0,975,0,510,1885,0,0,360,0,0,0,0,0,0,0,0,0,1,0,22,0,2,6914,0,0,24,0,0,0,0,0,680,51,0,43,1117,0,0,0,0,0,0,28,5,4704,196,2239,2,551,0,0,1644,221,2,7824,0,0,0,0,0,0,34,0,2986,0,0,94,1,0,0,0,0,0,0,0,3,0,4,0,0,0,1,0,285,297,0,0,0,0,0,0,213,237,213,0,0,42,0,0,0,0,1,1,0,0,0,0,1013,95,0,91,0,12339,0,4237,0,0,0,0,0,0,3158,0,0,65,339,0,0,4,0,4956,0,0,0,0,0,0,0,145,0,0,505,0,0,18,0,0,0,0,0,2,2902,69,857,0,2,0,0,0,24,0,0,1800,1,0,0,0,0,1,215,0,0,0,0,0
"gene_612",0,0,114,51,0,0,0,0,0,0,9,0,0,0,0,1181,0,0,4,0,0,0,0,0,0,0,0,135,0,0,0,17,0,0,1,16,0,0,47,26,0,0,42,17,0,0,37,0,0,203,0,0,0,0,111,0,0,29,0,0,0,0,0,0,1,0,0,0,22,0,27,0,0,0,8,0,0,0,0,0,863,0,0,0,0,1,0,0,225,0,0,0,1756,0,0,0,0,130,0,0,1,15,4,649,121,0,0,0,0,8,0,16,14,0,2,320,0,0,12,354,0,816,694,0,0,0,0,1,0,49,0,77,22,0,212,1,1806,0,0,0,59,0,527,0,1206,9,132,78,0,0,0,0,0,177,4,259,0,111,0,0,113,3443,412,3,937,0,121,1,317,0,0,19,1761,41,320,135,0,0,0,0,0,4,0,6,0,29,0,0,0,0,64,0,0,1,0,0,27,7107,69,0,0,0,2591,0,0,0,699,35,0,178,0,0,2478,0,0,0,49,161,0,92,0,0,967,153,0,0,262,4319,0,59,0,0,684,0,0,5658,0,591,0,0,653,0,0,0,153,0,0,0,0,0,4,0,9,15,0,0,0,0,0,0,6,2,0,6,0,522,66,0,0,0,63,189,151,0,0,0,35,41,0,0,49,0,0,0,15,0,18,360,0,0,0,271,0,0,0,2,0,121,0,0,0,1,0,3,0,3,315,142,0,1,9,0,40,1,5,0,0,0,0,0,21,314,7,6,0,159,375,67,0,0,0,0,0,0,43,199,28,8,213,0,3,0,8,11,0,0,0,1,0,0,0,122,68,282,0,1,0,765,26,1,247,0,0,1,0,0,0,59,20,6,14,26,0,0,38,60,157,0,19,29,2,0,0,17,0,16,0,53,1,1,0,1,0,0,557,2,1083,0,0,4,98,0,0,1151,287,1,0,0,32,0,0,0,0,0,0,1,1295,60,0,0,11,28,0,0,0,0,18,0,23,0,0,0,0,0,0,0,0,0,0,0,0,0,0,0,0,0,0,0,0,0,0,0,0,0,0,0,0,0,0,0,0,0,0,0,0,0,0,0,0,5,0,0,0,0,0,0,0,0,0,0,0,0,0,0,8,0,0,1,0,0,0,0,0,0,0,0,0,0,0,0,0,0,0,0,0,0,0,0,0,0,0,0,0,0,0,0,0,0,0,0,0,0,9,0,0,295,0,0,0,0,0,0,0,0,0,0,0,0,6,0,0,0,0,0,0,0,0,0,0,0,0,0,0,0,0,0,0,0,0,0,0,0,0,0,0,0,0,0,0,0,0,0,207,0,0,0,0,0,0,1,0,0,0,0,0,0,0,0,0,1,0,0,0,0,0,0,99,0,0,0,0,0,0,0,0,0,114,0,0,0,0,0,0,0,0,0,0,0,0,0,0,0,0,0,0,0,0,0,0,0,0,0,0,0,0,0,0,0,0,0,0,0,0,0,0,0,2,0,0,0,0,0,0,0,0,0,0,0,0,0,0,0,0,0,0,0,0,0,0,0,0,0,0,0,1,0,0,0,0,0,0,0,27,0,0,0,0,0,0,0,0,0,0,0,0,0,0,0,0,0,0,0,0,0,0,0,0,1,0,0,0,0,0,0,0,0,0,0,0,0,0,0,0,0,0,0,2424,0,0,0,0,0,0,0,0,0,0,0,0,0,0,0,0,0,0,93,0,0,0,0,0,0,0,0,0,0,0,0
"gene_613",0,0,0,0,0,0,0,0,0,0,0,0,0,0,0,0,0,0,0,0,0,0,0,0,0,0,0,0,0,0,0,0,0,0,0,0,0,0,0,0,0,0,0,0,0,0,0,0,0,0,0,0,0,0,0,0,0,0,0,0,0,0,0,0,0,0,0,0,0,0,0,0,0,0,0,0,0,0,0,0,0,0,0,0,0,0,0,0,0,0,0,0,0,0,0,0,0,0,0,0,0,0,0,0,0,0,0,0,0,0,0,0,0,0,0,0,0,0,0,0,0,0,0,0,0,0,0,0,0,0,0,0,0,0,0,0,0,0,0,0,0,0,0,0,0,0,0,0,0,0,0,0,0,0,0,0,0,0,0,0,0,0,0,0,0,0,0,0,0,0,0,0,0,0,0,0,0,0,0,0,0,0,0,0,0,0,0,0,0,0,0,0,0,0,0,0,0,0,0,0,0,0,0,0,0,0,0,0,0,0,0,0,0,0,0,0,0,0,0,0,0,0,0,0,0,0,0,0,0,0,0,0,0,0,0,0,0,0,0,0,0,0,0,0,0,0,0,0,0,0,0,0,0,0,0,0,0,0,0,0,0,0,0,0,0,0,0,0,0,0,0,0,0,0,0,0,0,0,0,0,0,0,0,0,0,0,0,0,0,0,0,0,106,0,0,0,0,0,0,0,0,0,0,0,0,0,0,0,0,0,0,0,0,0,0,0,0,0,0,0,0,0,0,0,0,0,0,0,0,0,0,0,0,0,0,0,0,0,0,0,2,0,0,0,0,0,0,0,0,0,0,0,0,0,0,0,0,0,0,0,0,0,0,0,0,0,0,0,0,0,0,0,0,0,0,578,22,0,0,0,0,0,0,139,0,0,0,0,0,1089,0,0,0,0,0,0,0,0,0,0,0,0,0,0,0,0,30,0,0,0,0,0,0,0,0,0,0,0,0,0,0,0,0,0,0,0,0,0,0,0,0,0,0,0,0,0,0,0,0,0,0,0,0,0,0,0,0,0,0,0,0,0,0,0,0,0,0,0,0,0,0,0,0,0,0,0,0,0,0,0,0,0,0,0,0,0,0,0,0,0,0,0,0,0,0,0,0,0,0,0,0,0,0,0,0,0,0,0,0,0,0,0,0,0,0,0,0,0,0,0,0,0,0,0,0,0,0,0,0,0,0,0,0,0,0,0,0,241,0,0,1,0,0,0,0,0,0,0,0,0,0,0,0,0,0,0,0,0,0,0,0,0,0,0,0,0,0,0,0,0,0,0,0,0,0,0,0,5,0,0,0,0,0,0,0,0,0,0,0,0,0,0,0,0,0,126,0,0,0,0,0,0,0,0,0,0,0,0,0,0,0,0,9,0,0,6163,0,0,0,0,0,0,0,0,0,0,0,0,0,0,0,0,0,0,0,0,0,0,0,0,0,0,0,0,0,0,0,0,0,0,0,0,2,0,0,0,0,0,0,0,0,0,0,0,0,0,0,0,0,0,0,0,0,0,0,0,0,0,0,0,0,0,0,0,0,0,0,0,0,0,0,0,0,0,0,0,0,0,0,0,0,0,0,0,0,0,0,0,0,0,0,0,0,0,0,0,0,0,0,0,0,0,0,0,0,0,0,0,0,7517,0,0,0,0,0,0,0,0,0,0,0,0,0,0,0,10,0,0,0,0,0,0,0,0,0,0,0,0,0,0,0,0,0,0,0,0,0,0
"gene_614",13,3765,0,0,0,4185,8094,0,2,0,2948,54,7275,3,334,5140,61,0,3084,2536,0,0,0,59,0,0,0,0,2,29,0,6,0,460,0,16,2,196,0,0,4999,0,0,31,0,0,10,1,0,45,0,0,0,1729,2,331,1469,1024,52,17,0,0,0,53,244,79,2,0,1803,829,1,1226,2,10,158,7,0,1,0,0,87,0,786,13,2757,334,0,2,3580,0,17,1,0,41,257,0,0,0,3423,0,0,3501,0,57,0,0,0,0,1,0,0,0,0,0,0,1,16,14,0,11,358,0,15,3,0,3980,0,0,22,0,0,0,0,0,234,0,0,671,120,57,56,0,3,2,5140,814,1,0,0,7,0,0,0,4,0,0,13,2110,0,0,0,2039,0,2246,26,615,0,1,184,0,3885,0,496,0,0,0,2854,0,715,0,0,0,0,31998,21,140,22,0,0,0,0,2285,2871,0,1,0,0,5,0,0,0,0,1502,4445,0,0,0,0,0,1,1,0,0,0,28,0,1371,933,0,0,0,0,0,0,0,1469,0,12,0,2464,0,0,0,51,94,0,0,0,0,0,0,0,1,78,0,0,5,0,0,0,0,4140,0,0,0,9,0,0,0,2961,113,0,0,3442,137,1,309,6,276,2689,1,720,1,0,2713,1,335,302,35,0,111,152,23,316,1827,101,0,0,299,288,0,22,127,1804,934,581,64,6,115,0,0,1,28,4261,0,0,5561,696,1,689,243,1969,96,13,8,0,2936,7340,0,5199,8,67,73,4508,23,0,239,2,0,582,0,57,1,155,2480,0,1,0,0,0,0,46,326,35,0,0,0,6306,68,31,771,6,4803,5,0,0,26,0,101,2584,0,15,8,719,431,1795,2200,2,20,30,6,991,3027,646,68,31,12,33,197,1,713,28,15403,21,0,60,0,128,1650,570,9,0,910,253,6,643,4,0,1116,2230,2871,74,6,6,2054,153,1,528,537,2926,0,10898,14,5,1,373,3,755,4339,300,37,0,96,6983,1,20,407,96,5930,2,4801,155,0,0,0,0,0,31,19778,4,0,0,35,0,1196,0,0,2,82,0,336,0,42,0,1015,12,4,0,1,0,0,509,1189,0,0,0,4073,0,30,275,126,0,0,2,0,16,634,0,219,11,2,6,0,55,0,0,4,0,34,9,0,0,5331,0,6,3926,11,0,0,61,0,0,0,114,1,42,0,0,0,0,0,6,0,0,305,1162,94,60,0,0,0,0,33,0,0,0,0,3,0,20,0,7,219,1035,0,23,1,1545,448,29,755,26,2580,0,0,86,508,0,0,1,0,24,0,1,0,0,0,0,4,0,14,13,0,0,0,8,47,1,0,0,8,2,110,85,0,31,4763,0,0,1,0,0,5,0,1,0,18,0,0,4973,0,0,0,0,0,0,726,0,0,0,0,0,0,0,0,365,0,1167,0,5,0,0,0,28,10,72,1,2,0,0,0,63,0,0,0,0,0,0,0,0,0,9,673,12877,0,0,0,2673,0,0,0,0,414,0,1788,0,0,1835,0,0,0,10,0,0,0,0,1,0,16,0,0,0,0,152,1014,0,0,0,1052,993,9,72,0,0,0,0,0,7901,0,0,0,0,0,0,0,0,0,0,2,1386,1,6,3521,0,70,27623,0,355,0,1,0,0,3440,0,17,0,13,270,5,0,97,16,0,0,60,0,500,198,0,0,17,2,2,0,2,18080,1486,0,95,17,0,0,0,0,8,0,11,0,0,0,2941,7,0,48,0,5893,0,0,70,2,0,0,0,121,0,3,0,2
"gene_615",0,0,0,0,0,0,2,0,0,0,0,0,1,0,0,1,0,5,0,0,0,0,3,0,0,0,0,0,0,0,0,0,0,0,0,0,0,0,0,1,0,0,0,0,0,0,0,0,0,0,0,0,0,0,0,0,0,0,0,0,1,0,0,0,0,0,0,0,0,0,0,0,0,0,0,0,0,0,0,0,0,0,0,0,1,0,0,1,0,0,0,0,0,0,0,311,0,100,0,0,0,0,0,0,0,0,0,0,0,0,0,0,0,3,0,0,0,0,0,0,0,0,38,0,0,0,0,0,0,0,0,0,0,0,0,0,0,0,0,0,0,0,146,0,0,0,0,15,0,0,0,0,0,0,0,0,0,0,0,0,0,0,0,0,1463,0,0,0,0,0,0,0,0,0,0,0,0,0,0,0,0,0,0,0,108,0,0,0,0,0,0,0,0,0,0,0,0,0,0,0,0,0,0,0,3,0,0,0,0,0,0,0,0,0,0,18,0,0,0,1,0,0,0,0,0,0,0,0,0,0,0,0,0,2,0,0,0,15,0,0,1,0,0,0,0,0,0,0,0,0,0,0,0,0,0,208,0,0,0,0,0,0,0,0,3564,0,0,0,0,0,0,0,908,0,0,0,0,0,0,0,0,0,0,0,0,0,470,0,0,0,0,0,0,0,0,0,0,0,0,0,0,0,0,0,0,0,0,0,0,0,0,0,0,0,0,0,0,0,0,0,0,0,0,0,0,17,0,0,0,10,0,0,0,0,0,0,0,0,0,0,0,0,0,2,0,0,0,0,0,0,0,0,0,2,0,0,0,0,0,0,0,0,0,0,0,0,0,0,0,0,0,0,0,0,0,1448,0,0,0,0,72,0,0,0,0,4,0,0,0,0,0,0,0,0,0,0,0,0,0,0,414,0,0,0,0,0,0,0,0,0,0,0,0,0,0,0,0,0,0,0,0,0,0,0,0,0,0,0,0,0,0,0,0,0,0,0,0,126,2,0,13,0,0,11,0,0,127,0,0,0,0,0,0,1,0,0,0,0,0,0,0,6,0,0,5,0,0,0,0,0,1,44,0,0,0,0,15,0,0,0,0,0,0,0,0,0,0,0,0,0,0,0,0,0,0,0,0,0,0,0,0,0,0,0,0,0,362,0,0,5,0,0,0,0,0,0,48,0,0,0,0,0,0,0,0,0,0,0,0,0,112,0,0,0,0,0,0,0,0,0,0,0,0,0,0,0,0,0,1,0,0,0,2,0,0,0,0,0,0,0,0,0,0,65,0,0,0,0,0,0,0,0,0,0,0,61,0,0,0,0,0,0,1,0,0,0,0,0,0,421,0,0,0,0,0,0,0,0,0,0,0,0,0,0,0,0,0,0,0,0,0,0,0,0,0,1,0,0,69,0,0,0,0,0,0,0,0,0,0,0,0,0,0,0,0,65,0,1,0,342,0,0,0,0,0,0,0,0,0,0,0,0,0,0,0,1,0,0,0,0,0,0,0,0,0,0,0,0,0,0,0,0,0,0,0,0,0,164,0,0,0,0,371,0,0,0,0,0,0,0,0,0,2506,0,0,0,0,0,1,0,0,0,0,0,0,0,452,0,0,0,0,0,0,0,0,0,0,3,443,0,0,0,0,0,1873,0,0,0,0,0,0,0,0,0,0,0,0,0,0,0,0,0,0,0,0,0,0,0,0,0,0,0,0,0,0,0,0,0
"gene_616",0,6,346,0,0,0,0,1,0,0,24,0,29,0,64,0,0,275,2,0,57,0,25,0,4,0,0,0,0,492,0,0,0,8,0,0,0,0,0,26,0,0,0,119,753,0,0,0,0,0,0,0,0,0,251,732,0,0,1,153,71,0,19,0,0,0,397,0,0,32,2,0,0,13,0,0,0,0,0,0,0,3,15,88,0,0,0,4305,0,0,0,0,0,0,0,0,0,0,0,0,651,0,0,0,0,0,0,0,0,0,0,0,69,0,0,0,0,0,0,0,0,0,0,0,0,0,3,2,0,0,0,0,0,0,0,0,0,0,0,0,0,0,0,0,0,0,0,0,7,73,0,0,0,0,0,0,0,0,0,0,0,48,0,0,5,0,0,1,0,0,0,0,0,0,0,0,0,0,0,0,0,0,0,1031,0,590,0,0,0,0,0,0,0,0,597,0,0,0,0,0,0,0,0,0,0,0,2,0,0,0,0,0,0,0,0,0,0,0,0,3,0,1,0,0,0,0,0,0,0,0,0,1305,0,572,481,0,0,0,9,0,0,651,0,0,0,0,0,0,0,1,0,0,0,0,0,0,0,0,0,0,0,109,0,0,0,0,4,0,0,0,0,0,0,0,280,16,0,0,0,0,0,72,0,0,0,0,0,21,0,0,0,0,0,0,0,0,0,0,663,2,799,0,0,0,0,0,0,0,0,0,0,1,0,0,0,0,173,0,0,26,0,0,0,0,0,0,0,0,0,0,1,0,0,8325,0,35,0,0,3,0,0,1,0,0,0,0,0,0,1320,0,0,0,0,0,0,0,15,4,0,1,2222,0,6,528,0,1,0,0,8,0,0,0,0,0,1,0,0,0,0,0,0,0,0,531,0,0,0,0,5398,0,16,0,0,0,5,0,0,0,7,0,18,0,0,0,0,0,0,0,208,0,0,0,151,0,0,123,0,0,5,0,0,4600,0,0,0,0,0,0,9,0,0,0,0,1,5,0,0,0,0,0,0,0,0,0,0,0,0,0,0,35,0,0,0,0,0,0,0,10,0,0,0,0,0,0,0,0,0,0,0,0,0,0,0,7,0,0,0,0,0,0,0,0,0,0,0,0,0,0,0,0,0,7,0,0,2,2,0,0,0,0,0,0,0,0,0,0,0,0,0,0,0,0,0,0,25,0,1,0,224,0,3,0,0,0,36,21,0,0,0,0,0,0,0,0,0,129,0,0,0,0,0,0,0,0,0,0,0,0,0,0,3,0,0,5,0,0,0,62,14,0,0,0,23,3,0,0,2,0,0,0,0,0,0,0,0,0,0,160,0,0,0,0,0,1,0,25,0,0,0,0,0,0,10,0,0,0,0,0,0,0,0,0,21,0,0,0,316,0,0,0,0,1020,0,0,0,0,0,0,0,0,0,0,0,0,0,0,0,0,0,0,0,0,0,0,301,0,0,0,0,0,0,0,0,0,0,0,0,5,0,0,0,0,0,0,0,0,0,34,0,76,0,0,0,0,0,0,0,0,0,123,0,1780,0,0,25,0,0,0,0,0,0,0,0,0,0,0,0,0,0,0,0,0,0,512,0,0,0,0,0,0,0,0,0,38,0,17,0,0,0,0,0,0,0,0,0,0,4,0,20,0,1006,0,1,0,0,3,0,0,0,0,0,0,0,0,0,0,0,0,0,0,0,0,1,0,0,0,0,11,113,0,0,0,0,0,0,0,0,738
"gene_617",0,0,0,0,0,0,0,0,0,0,0,2,1,0,0,3,0,0,0,1,0,0,0,0,14,0,0,0,0,0,1,0,6,0,0,0,0,0,0,0,0,0,0,0,0,0,0,0,0,0,0,21,2,0,0,3,0,0,0,0,0,0,0,0,0,0,0,15,0,4,13,0,0,0,20,0,44,0,0,0,0,0,5,0,6,0,0,0,0,0,4,6,0,1,2,0,0,0,0,1,0,2,0,1,0,3,1,0,0,0,0,0,0,0,0,0,0,0,0,0,0,0,0,0,0,0,0,0,1,0,0,0,0,0,0,0,1,0,1,0,0,0,0,0,13,2,0,0,0,1,1,0,1,1,1,0,1,0,0,0,1,3,0,0,0,0,0,0,0,0,0,0,3,1,0,0,0,1,0,5,1,2,1,0,0,0,0,0,1,0,2,9,0,0,0,0,0,0,0,0,0,0,0,0,0,0,0,0,0,0,0,0,0,0,0,1,0,0,0,0,0,0,0,0,0,0,0,0,0,0,2,0,0,0,1,0,0,0,0,0,0,0,0,0,0,0,0,0,0,0,0,0,0,0,5,0,0,0,0,0,0,2,34,1,0,0,0,1,1,6,27,0,18,0,0,0,8,1,49,0,35,0,8,8,43,0,2,2,4,0,531,0,1,13,0,7,9,12,6,34,0,0,0,11,95,48,0,0,0,1,1,0,0,0,0,0,2,0,2,31,1,156,0,5,0,0,11,2,70,0,0,6,0,3,0,0,0,0,0,0,1,3,0,741,0,1,101,0,0,60,90,56,12,0,0,0,0,18,2,0,0,0,1,2,0,3,1,247,0,0,3,17,1,0,30,0,1,27,0,25,0,0,0,0,1,1,0,22,55,17,0,0,2,3,0,0,70,6,6,0,0,0,0,2,1,15,0,0,15,120,20,3,0,44,2,0,9,1,5,0,2,1,14,5,0,24,8,11,188,84,83,39,0,222,198,27,1,0,2,206,0,7,0,0,0,4,4,45,0,0,0,0,0,0,0,2,0,0,0,0,0,0,0,0,0,4,34,0,0,0,0,1,41,0,7,0,0,0,0,0,0,11,3,0,0,1,0,1,0,14,182,0,3,0,0,4,12,1,24,0,10,0,2,110,0,66,0,0,38,0,0,0,17,0,0,0,0,0,0,0,21,0,0,2,0,0,0,2,0,0,491,4,25,0,0,35,5,85,3,3,0,0,0,0,0,0,0,0,10,0,12,0,0,0,0,24,4,0,0,10,0,10,2,1,0,0,0,31,0,0,0,136,15,0,0,0,0,0,0,0,0,0,2917,3131,0,1,0,46,0,0,0,0,1159,0,2,0,0,0,1,128,0,0,3955,0,0,0,301,0,2,0,7,0,0,0,0,12,0,0,0,0,0,0,0,0,0,0,0,0,0,0,0,0,5,0,0,0,0,70,0,0,1209,9,1,1874,0,0,0,33,0,0,0,0,0,1,0,0,0,0,0,84,0,0,0,0,8,0,0,0,66,0,0,0,0,0,0,0,9,2,2,0,0,0,0,0,0,0,0,0,621,0,0,0,0,0,2,401,0,0,2642,0,1,0,0,6,0,0,0,0,4,0,0,10,0,1,0,0,0,0,65,0,26,0,0,0,0,0,55,0,0,0,0,0,4,0,0,0,12,0,0,0,0,0,0,0,0,0,0,133,0,0,0,4,0,0,0,93,441,3
"gene_618",0,0,0,0,0,0,0,0,0,0,0,0,0,0,319,0,0,0,0,0,0,0,0,0,0,0,0,0,0,0,0,0,0,0,0,0,0,0,0,0,1,0,0,0,0,0,0,0,0,0,0,0,0,0,0,2,0,23,0,0,0,0,0,0,0,0,0,0,2,0,0,0,0,0,0,0,0,0,0,0,0,0,0,0,0,0,0,0,0,0,0,0,0,0,0,0,0,0,0,0,0,0,0,0,0,0,0,0,0,0,0,0,0,0,0,0,0,0,0,0,0,0,0,0,0,0,0,0,0,0,0,0,0,0,0,0,0,0,0,0,0,0,0,0,0,0,0,0,0,0,0,0,0,0,0,0,0,0,0,0,0,0,0,0,0,0,0,0,0,0,0,0,0,0,0,0,0,0,0,0,0,0,0,0,0,0,0,0,0,0,0,0,0,0,0,0,0,0,0,0,22,0,0,0,0,0,0,0,3,0,0,0,0,0,0,0,0,0,0,0,0,0,0,0,0,0,0,0,0,0,0,0,0,0,0,0,0,0,0,0,0,0,0,0,0,0,0,0,0,0,0,0,0,0,0,0,0,0,0,0,0,0,0,0,0,0,3,0,0,0,0,0,0,0,0,0,0,0,0,0,0,4,0,0,0,0,0,0,0,0,0,0,0,0,0,0,0,0,0,0,0,0,0,0,0,0,0,0,0,0,0,0,0,55,0,0,0,0,0,0,146,0,0,0,0,0,0,0,0,0,0,0,0,0,0,0,0,0,0,0,0,0,0,0,7295,0,0,0,0,0,0,0,0,0,0,0,0,0,0,0,0,0,0,0,0,0,0,0,0,0,0,0,0,0,0,0,0,0,0,0,0,0,0,0,0,0,0,0,0,0,0,0,7,0,0,0,0,0,0,0,0,0,0,0,0,0,0,0,0,0,0,0,0,0,14599,0,0,0,0,0,0,0,0,0,0,0,0,0,0,0,0,0,0,0,0,0,0,0,0,0,0,0,0,0,0,0,0,0,0,0,0,163,0,0,0,0,36,0,0,0,0,0,21,0,0,0,0,0,0,0,0,0,0,0,0,0,0,0,0,0,0,0,0,0,0,0,0,0,0,0,0,0,0,0,0,0,0,4,0,0,0,1,0,0,2542,0,0,0,0,0,0,0,0,0,0,0,0,0,0,0,0,0,0,0,0,0,0,0,0,0,0,0,0,0,0,0,0,0,0,0,0,0,0,0,0,0,0,0,0,0,0,0,0,0,0,0,0,0,0,0,0,0,0,0,0,0,0,0,0,0,0,0,0,0,0,0,0,0,0,0,0,0,0,0,0,0,0,0,0,0,0,0,0,0,0,0,0,0,0,0,0,0,0,0,0,0,0,0,0,0,0,0,0,0,0,0,0,0,0,0,0,0,0,0,0,0,0,0,0,0,0,0,0,0,0,0,0,0,0,0,0,0,0,0,0,0,0,0,0,0,0,0,0,0,0,0,0,0,0,0,0,0,0,0,0,0,0,0,0,0,0,0,0,0,0,0,0,0,0,0,0,0,0,0,0,0,0,0,0,0,0,0,0,0,0,0,0,0,0,0,0,0,0,0,0,0,0,0,0,0,0,0,0,0,0,0,0,0,0,0,0,0,0,0,0,0,0,0,0,0,0,0,0,0,0,0,0,0,0,0,0,0,0,0,0,0,0,0,0,0,0,0,0,0,0,0,0,0
"gene_619",6,0,0,0,0,0,0,0,0,0,0,0,0,0,0,0,0,0,0,4,0,0,0,0,0,0,731,0,0,0,0,7436,0,0,0,0,0,0,910,0,0,0,0,0,132,0,2,0,0,0,1025,0,0,0,0,0,1003,0,0,0,0,0,0,0,0,0,0,0,0,0,0,0,0,556,0,0,0,0,0,0,0,0,0,0,0,0,0,0,0,0,0,3,0,0,0,1,0,0,0,17,0,0,3,263,0,0,0,4470,0,273,0,0,0,0,0,0,0,0,0,0,0,0,0,0,0,800,0,23,0,3,0,0,0,0,0,50,0,0,0,619,0,0,0,4226,0,0,148,0,0,270,2,0,0,0,30,0,0,0,0,0,0,1,0,848,309,0,0,53,6,453,1,0,0,0,2,0,0,0,13,88,269,171,0,0,26,4309,0,0,0,73,0,321,38,0,0,914,1,0,0,0,0,0,0,0,0,0,0,0,0,0,0,0,0,0,71,0,0,0,0,0,0,0,0,0,408,0,0,4,0,0,0,0,0,0,0,0,0,0,0,0,0,0,0,0,0,0,0,2,99,0,0,3,0,0,4,0,0,0,0,0,0,0,0,0,0,0,0,0,0,0,0,0,0,0,0,0,0,0,0,0,0,0,0,0,0,0,0,0,0,0,0,0,42,0,0,0,0,0,0,0,0,0,0,0,0,0,0,0,0,0,0,0,0,0,0,0,0,0,0,0,0,0,0,0,0,0,0,0,0,0,0,0,0,0,0,0,0,0,0,0,0,69,0,0,0,0,0,0,0,0,0,0,0,0,0,0,0,0,0,0,0,0,0,0,0,0,0,0,0,0,0,0,0,0,0,0,0,0,0,0,0,0,2058,0,0,0,0,0,0,0,0,0,0,0,0,0,0,0,0,3,0,0,0,0,0,0,0,0,0,0,0,0,0,0,0,0,3,0,0,0,0,0,0,0,0,452,0,0,0,0,0,0,0,0,0,0,0,0,1,0,0,0,0,1,0,0,0,0,0,0,0,0,0,0,1,1,0,0,0,0,0,0,0,0,0,1,0,0,0,0,0,0,0,0,0,0,0,0,0,0,0,0,0,0,0,0,0,0,0,0,0,0,0,0,1,0,0,0,1,0,0,0,0,0,0,0,0,0,2,0,0,0,0,0,0,0,0,0,0,0,0,0,0,0,0,0,0,0,0,0,0,1,0,0,0,0,0,0,0,0,0,0,0,0,0,0,0,0,0,0,0,0,0,0,0,0,0,0,0,0,0,2,0,0,0,0,1,0,1,0,0,0,0,0,0,0,0,0,0,0,0,0,0,0,0,0,0,0,0,0,0,0,0,0,0,0,0,0,0,0,0,0,0,0,0,0,0,0,0,0,0,0,0,0,0,0,0,0,0,0,0,0,0,0,0,0,0,0,0,0,0,0,0,0,0,0,0,0,0,0,0,0,0,0,0,0,0,0,0,0,0,0,0,0,0,0,0,0,0,0,0,0,0,0,0,0,0,0,0,0,0,0,0,0,0,0,0,0,0,0,0,0,0,0,0,0,0,0,0,0,0,0,0,0,0,0,0,0,0,0,0,0,0,0,0,0,0,0,0,0,0,0,0,0,0,0,0,0,0,0,0,0,0,0,0,0,0,0,0,0,0,0,0,0,0,0,0,0,0,0,0,0,0,0,0,0,0,0,0,0,0,0,0,0,0,0,0,0
"gene_620",56,17,49,0,0,0,0,143,1,28,174,834,0,119,77,0,268,389,253,0,2,5,740,682,6,538,31,2,512,0,16,39,2,0,1,1859,29,25,1309,3,0,23,226,32,223,19,65,6,6,39,80,96,755,1215,734,1179,0,1361,0,1859,0,19,4811,0,1,521,0,1832,726,8631,126,1661,0,1,4220,1,1949,703,2445,1906,1518,6,3310,48,0,4521,170,264,2,1805,1,48,31,0,0,0,0,474,14,0,0,0,1147,281,191,0,1891,0,0,49,2179,0,0,0,0,2,40,0,0,0,10,5,0,449,1150,4736,70,179,380,135,2,210,0,0,0,68,358,1489,86,678,0,379,258,44,2593,57,480,0,0,67,41,390,1,1310,2597,93,6110,606,11,1119,2118,1021,0,6375,0,318,0,0,0,58,16004,0,6273,0,10186,118,1035,45,8820,12530,48,0,0,2,1840,1643,2515,709,0,978,2493,431,863,0,0,1185,0,32,13112,0,0,5,38,276,2098,0,4,1886,0,4840,15097,0,73,0,0,49,0,0,3776,0,18,47,20,6,5,1,5160,655,0,7,0,22,114,145,0,713,1,39,319,0,54,4,2620,514,0,0,260,6260,0,6,13,0,0,1827,390,0,111,23,141,5525,20,388,111,238,7,0,98,1340,3,2,0,308,253,237,888,2234,0,0,21,78,51,3,910,21,0,33,49,2,2,284,0,310,6596,42,168,86,11,2579,659,0,13,1,1,2,3997,0,1,0,1,0,0,5,0,0,0,6,0,54,0,0,3430,0,874,108,3,75,242,87,6535,17,1,0,45,0,0,0,18,1,350,2540,0,0,0,0,869,21,1796,546,471,3,205,5,0,0,4980,2,67,1,3075,914,137,0,0,11567,5,390,2,7367,410,370,0,288,0,0,566,163,11686,209,285,0,1,160,1,39,669,5650,13,81,333,0,4791,0,1037,0,430,10,141,4,0,619,59,2,22,809,180,1,25,2583,0,0,0,32,92,7589,0,0,1268,0,0,151,219,805,48,184,0,62,22,0,1,0,129,710,42,3,3,0,3295,0,3,9,82,2,22,24,4170,0,2,0,0,980,2984,0,0,217,0,0,2,1954,154,3,0,0,2940,0,12,0,43,1,121,3,8,0,72,3,61,0,5,8,16,4,17,0,17,0,6,0,0,0,70,3,112,6693,1,0,0,0,147,0,38,0,0,0,0,26,0,1,0,0,38,164,112,4747,0,0,0,3,29,0,0,1214,2,6,84,144,0,182,18,8536,712,34,0,0,524,0,5,870,12,1,0,10,58,252,420,1032,17,0,0,4,0,0,94,0,0,44,23,0,7,312,66,1,4,1,0,0,0,1381,0,0,0,410,0,396,14,0,0,0,1,0,2,16,6,160,0,0,0,0,2369,775,0,0,0,0,3989,0,0,57,0,0,14,0,0,0,0,16,1919,237,0,162,357,0,1,1098,0,0,0,3,0,0,2189,0,0,75,1,0,0,4,0,0,0,739,0,0,0,0,0,28,0,0,0,0,2,84,7281,116,1,0,0,0,0,68,301,295,0,1,3,0,3802,0,0,0,2,119,0,0,0,5041,1,857,0,0,0,0,2,0,1,363,0,0,170,0,2816,0,0,27570,33,0,0,0,0,1,611,0,8,0,21,2,0,0,0,0,0,76,0,243,430,0,0,773,5,23,0,32,53,0,0,2,0,0,121,8,0,0,4201,26,0,2,0,0,247,0,10,11,1,16,0,1823,2,0,95,0,89,1,0,0,0,22,0,591,0,667,0,12,0,0,0,12,0,0
"gene_621",0,19,1052,10,0,1,0,0,817,5,555,0,134,0,0,0,0,195,38,0,13,0,0,0,0,0,0,0,0,174,0,343,0,0,197,4981,226,0,0,9,0,0,0,0,0,0,0,0,0,0,0,0,0,0,0,2,0,0,0,1,40,0,0,0,0,0,0,153,475,0,0,0,4,0,112,26,936,0,0,0,0,0,0,0,0,0,0,0,0,0,0,0,0,3,7,2,0,0,0,0,0,1,0,21,0,0,0,0,0,1,39,0,161,0,0,78,0,0,0,0,0,87,0,0,0,47,0,0,0,0,0,0,0,999,76,0,13,3097,0,0,374,0,0,0,0,0,0,21,137,0,99,12,0,0,172,0,0,0,25,102,5,470,0,0,0,2394,0,0,38,0,0,0,0,0,3,0,0,0,0,0,0,0,19,0,0,0,0,0,0,0,4522,0,0,1939,0,0,0,14,0,0,0,0,0,0,0,0,1115,0,0,0,0,4739,0,0,0,0,0,0,0,0,0,5,0,0,1,0,0,186,0,0,0,0,0,255,18,0,469,0,0,0,4,0,0,0,0,0,0,0,0,0,3,0,0,0,0,0,0,14,0,0,0,0,0,1,0,0,0,0,0,0,0,0,0,2,0,0,0,0,0,0,0,0,0,0,0,2,0,2,0,0,0,0,0,0,0,0,0,0,0,0,0,0,0,0,0,0,0,0,0,0,0,0,0,0,0,0,0,14,0,0,0,0,5,0,0,6,0,0,0,0,0,0,0,0,0,0,0,0,0,0,0,0,0,4,489,0,0,0,0,0,0,860,0,0,0,0,0,0,0,0,0,0,0,19,0,0,0,0,0,0,0,0,0,0,0,0,0,0,212,0,0,0,0,0,0,0,0,0,0,0,0,0,0,0,0,0,742,0,0,0,0,256,0,14,0,0,56,0,1173,0,0,0,1,0,0,0,0,0,0,0,0,0,9,0,0,0,0,0,0,0,0,0,0,0,0,1,0,0,0,0,0,0,0,0,0,0,4,0,307,14,0,0,0,0,0,2396,0,0,0,422,0,0,0,0,0,136,0,0,0,1,3,0,0,0,0,0,0,0,0,0,0,0,1,0,0,0,0,0,0,0,0,1368,0,0,0,0,1410,7,0,0,1,6075,0,0,6,956,0,0,2,2086,0,0,0,0,0,0,0,0,2530,5,73,0,5,0,0,179,0,598,0,0,48,0,0,0,0,3095,0,0,0,0,0,0,0,44,25,4,0,0,569,0,0,0,0,4,0,67,95,0,0,0,373,0,0,2,0,0,38,0,952,0,0,6,0,0,0,239,0,0,0,0,0,0,0,0,0,0,0,0,1358,0,0,0,0,0,0,0,0,0,0,0,0,0,0,0,1,0,0,0,0,0,0,0,0,0,0,0,0,0,0,0,0,0,0,0,0,0,0,0,0,0,0,0,0,0,0,0,0,0,0,0,0,0,0,0,0,578,0,0,0,0,0,0,0,0,0,0,0,0,0,3,0,0,0,0,0,0,0,0,0,0,0,0,51,0,0,0,0,0,0,0,0,0,0,0,15,0,0,0,0,0,0,0,114,0,0,0,0,0,0,0,0,0,4538,0,0,0,0,0,0,0,0,0,0,0,0,0,0,0,0,70,0,0,0,0,0,2,2,0,0,0,0,0,0,0,0,0,0,0,0,0,0,0,0,0,0,0,0,0,0,0,0,0,0,0,0,1503,0,0
"gene_622",0,0,0,0,0,0,0,0,0,0,0,0,0,0,0,0,0,0,0,0,0,0,0,0,0,0,0,0,0,0,0,0,0,0,0,0,0,0,0,0,0,0,0,0,0,0,0,0,0,0,0,0,0,0,0,0,0,0,0,0,0,0,0,0,0,0,0,0,0,0,0,0,0,0,0,0,0,0,0,0,10,0,0,0,0,0,112,0,0,0,0,0,0,1,0,0,0,0,0,0,0,0,0,0,0,0,0,0,0,0,0,0,0,0,0,0,0,4,0,0,0,0,0,0,0,0,0,0,0,0,0,31,0,0,0,0,0,1,0,0,0,0,0,0,0,0,0,0,0,0,0,0,0,0,0,0,0,0,0,0,0,0,0,0,0,0,0,0,0,0,0,0,0,0,0,0,0,0,0,0,0,0,0,0,0,1,0,0,0,0,0,0,0,0,0,0,0,0,0,0,2,0,0,9,302,0,0,236,0,0,0,14,0,135,652,0,16,562,0,1,0,0,13,0,315,0,1778,7,0,232,0,0,4,1,709,444,0,0,3,24,0,0,0,79,2,0,0,0,0,0,57,294,0,0,11,100,25,0,3097,0,0,5,0,0,0,0,0,0,0,0,0,0,0,0,0,0,0,0,0,0,0,0,0,54,1208,1470,0,0,0,0,0,0,0,0,0,0,0,38,11,0,0,0,0,0,0,2019,1,1,0,0,0,10,0,0,0,0,0,0,0,715,61,0,0,0,0,0,1,0,0,0,0,0,371,0,0,545,0,0,0,0,174,0,0,2,0,0,0,0,0,0,0,0,0,0,0,0,0,0,0,0,0,2,0,0,1,0,0,0,0,0,0,0,0,0,0,0,747,0,0,0,0,0,0,0,0,0,49,0,0,0,0,0,0,0,0,0,0,0,0,0,0,0,106,0,0,0,0,0,227,0,0,8630,0,0,0,0,0,0,0,0,0,0,689,3,0,0,0,0,0,2,0,0,0,902,0,0,0,0,0,0,11,0,0,0,4,199,0,0,5,0,21,0,0,0,0,0,0,0,2,0,0,1,0,0,2,0,0,0,0,0,0,1,0,30,14,0,96,0,0,0,0,0,0,0,0,0,0,0,0,0,0,0,1,0,0,1,0,681,0,0,0,0,0,0,24,0,0,0,0,0,1,0,0,0,4626,0,0,0,0,0,0,0,0,0,24,0,0,0,0,0,0,0,0,0,0,0,0,0,0,5,11,0,0,0,0,0,0,13,52,0,0,6,0,0,83,0,0,59,2,0,0,0,0,0,426,0,0,0,0,203,0,0,0,0,0,0,0,49,0,0,0,0,0,0,2597,0,0,0,0,0,0,0,0,0,0,0,0,0,0,0,0,0,0,0,0,0,0,0,0,0,0,0,0,0,0,0,0,0,0,0,0,0,0,0,0,0,0,0,0,0,108,0,0,0,0,0,0,7,0,0,0,0,0,0,0,0,0,2,0,0,0,0,0,0,0,2,0,0,0,0,0,0,0,0,0,0,0,0,0,0,0,0,0,0,0,0,0,0,0,0,0,0,0,0,0,0,0,0,0,0,0,0,0,0,0,0,0,0,0,0,0,0,0,0,0,0,0,0,0,0,0,0,0,0,4,0,0,0,0,0,0,0,0,0,0,0,0,0,0,0,0,0,0,0,0,2562,0,0,0,0,0,0,0,0,0,0,0,0,787,0,0,0,0,0,0,0,0,0
"gene_623",0,0,0,0,0,57,2,417,0,25,0,87,3,0,0,0,88,2,0,47,0,0,0,0,2,3023,0,2,109,507,0,1643,138,0,0,0,325,1,1,11,0,0,0,0,0,1,0,0,0,0,0,0,183,7,15,0,0,0,0,0,142,0,0,0,0,0,226,0,0,3,0,55,5,9,0,0,1,0,0,0,17,568,3,0,0,122,0,10,0,0,1,11,0,0,0,0,0,0,0,0,0,0,0,0,0,0,0,0,0,0,0,0,1,0,0,0,0,0,0,0,0,0,0,0,0,0,0,0,0,0,0,0,0,0,0,0,3,0,0,0,0,0,0,0,0,0,0,0,0,0,0,0,0,0,0,0,0,0,0,0,0,0,0,0,0,0,0,0,0,0,0,0,0,0,0,0,0,0,0,0,0,0,0,0,0,0,0,0,0,0,0,0,0,0,0,0,0,0,0,0,0,0,0,0,0,0,0,0,0,0,0,0,0,0,0,0,0,0,0,0,0,0,0,0,0,0,0,0,0,0,0,0,0,0,0,0,0,0,0,0,0,0,0,0,0,0,0,0,0,0,0,0,0,0,0,0,0,0,0,0,0,0,0,0,0,0,0,0,0,0,0,0,0,0,0,0,0,0,0,0,0,0,0,0,0,0,0,0,0,2,0,0,0,0,0,0,0,0,0,0,0,0,0,0,0,0,0,0,0,0,0,0,0,0,0,0,0,0,0,0,0,0,0,979,0,0,0,0,0,0,0,0,0,0,0,0,0,0,0,0,0,0,0,0,0,0,0,0,0,0,0,0,0,0,0,0,0,0,0,0,0,0,3,0,0,0,0,0,0,0,4,0,0,0,0,0,0,0,0,0,0,0,0,0,0,0,0,0,0,0,0,0,0,0,0,0,0,1,0,0,0,0,0,0,0,0,0,0,0,0,0,0,0,0,0,0,0,0,0,0,0,0,0,0,0,0,0,0,0,0,0,0,0,0,0,0,0,0,0,0,0,0,0,0,0,0,0,0,0,3,141,0,0,1,0,0,0,0,0,0,0,0,0,30,0,1,0,0,0,0,0,0,0,0,0,0,0,0,0,0,0,0,0,0,76,0,0,0,0,0,0,0,0,0,0,1,0,0,0,0,0,0,0,0,0,0,0,0,0,0,0,0,36,0,0,0,0,0,0,0,0,0,0,0,0,0,0,0,0,0,0,0,0,0,0,0,0,0,0,0,0,0,0,0,0,1,0,0,0,0,0,2026,0,0,0,1971,0,0,0,0,0,0,2927,0,0,1,0,0,0,0,0,0,0,0,0,0,0,0,0,0,0,776,0,0,0,0,0,0,2,0,0,0,0,0,0,0,0,0,0,0,0,0,0,0,0,0,0,0,0,68,0,0,0,0,0,0,0,0,0,0,0,0,0,0,0,0,0,0,0,0,0,0,0,0,783,0,0,0,0,0,0,0,0,0,0,0,0,0,0,263,1088,0,0,0,0,0,1084,0,0,0,0,0,0,0,267,0,0,9,0,0,0,0,0,0,0,1,0,0,0,0,31,0,0,0,0,0,0,7,178,0,0,0,0,5,0,0,228,0,0,0,0,0,0,0,0,0,0,0,0,0,0,0,0,0,0,0,0,0,0,0,0,0,0,0,0,0,0,0,0,69,0,0,0,0,0,0,1090,0,0,102,0,0,0,0,0,0,0,0,0,0,0,0,12,0,0,0,0,0
"gene_624",878,2,2018,96,3,1068,633,89,231,395,463,18,434,10086,0,131,9,3527,546,410,284,90,367,0,870,0,1009,7,0,1042,0,523,92,16,27,3775,1893,1130,187,8,1782,52,205,3,5812,0,1918,48,1,0,564,1385,959,0,29,1416,304,3160,1422,7,3,0,1462,3,122,925,137,878,41,1785,1734,7,126,33,17,917,140,3,4728,3,849,593,304,262,3010,919,0,86,36,148,33,5760,0,1279,6385,0,198,23,0,34,156,0,2,273,0,936,2,0,27,0,1,6,368,0,0,1,1783,12,0,0,301,22,0,24,5,0,0,0,0,21,9,0,1789,0,3945,0,4704,0,92,9,267,1698,0,828,1697,1157,0,0,0,0,14642,1305,11,4,0,12579,1917,10048,356,0,17588,0,0,7,90,0,16,0,26,0,0,11641,199,32,0,1,2831,0,0,203,342,0,0,4795,71,0,55,143,850,1246,4729,137,756,5177,213,0,0,5,2,0,4,332,0,0,2415,0,0,0,119,0,7255,537,4,18,0,0,452,0,0,0,0,0,0,237,346,73,0,0,33,7038,1178,1,0,27,135,3,102,0,1726,0,58,0,41,1,52,0,4567,10,956,0,0,2383,2092,9,0,449,570,141,1,1,178,161,0,130,110,0,533,24,125,0,18,545,130,1950,824,54,32,317,786,461,12,2,685,5,0,137,227,549,8,186,151,1,828,1695,1,0,595,328,75,25,75,54,9,222,238,178,15,661,3,0,57,64,56,3,216,3,4,53,1405,0,31,294,107,627,518,101,234,0,120,19,69,47,878,78,247,17,151,543,92,105,8,998,67,1067,2,0,517,0,293,12,178,107,232,247,2,0,145,91,463,535,1256,7,571,472,27,19,17,1,0,531,382,26,88,95,9,1828,815,247,7,105,294,296,0,1014,112,107,11,23,121,437,78,34,768,0,457,122,243,20,551,909,107,6,193,30,493,46,93,1,204,94,552,153,0,0,2355,6,53,18,7,10,0,408,42,1762,0,190,33,64,2,1,10,1559,1,210,66,0,1240,756,30,523,0,0,0,1498,98,147,36,169,1668,4,695,1,0,52,40,22,14,71,165,0,0,0,1378,0,127,405,6,1,10,18,1603,336,55,1,87,0,5,0,14,0,273,579,223,1028,4,49,0,0,2,0,0,0,368,160,48,209,169,51,1,90,0,72,233,2814,1149,0,212,679,200,185,78,1,150,124,674,88,684,0,232,42,167,799,0,191,0,10,5,0,123,50,488,591,93,610,9,0,2419,1818,3,0,8,81,0,0,9,215,296,249,4,0,15,0,87,12,5,914,0,14,8,0,0,1942,10,940,25,1462,0,1825,160,342,15,710,0,0,2081,0,516,0,14,0,0,74,1701,0,245,72,0,0,0,883,184,0,0,6,54,27,759,1,1623,1,2628,57,120,917,190,492,2,83,361,0,53,1987,39,9,39,2,399,0,356,0,0,121,16,7,226,1,19,27,1,0,2941,21,0,75,79,0,943,0,0,326,1646,8,400,85,5,0,1,0,58,0,177,395,2526,134,593,6,2084,1518,3,17,43,1314,71,1,0,2254,4,348,14,65,31,43,24,407,5,2,3,54,297,8,8,89,5,6,24,0,32,0,72,56,8,10,624,336,716,16,212,22,0,0,2609,0,0,12,0,0,26,2,0,9,0,698,1,1,5,0,2,0,0,2432,0,330,1,31,0,17,36,0,8,25,0,4,8,344,0,10,4,0,0,1,385,12,407,0,272,1048,0,11,3,1997,419,5,0,1091,13,57,2,1
"gene_625",6,5788,647,994,3152,1870,34,10353,590,2703,239,0,5,0,228,3131,2,3295,926,341,247,3777,7213,6656,3,4008,0,25,0,137,0,394,3910,439,2800,149,62,615,9,5975,0,37,151,2090,5,164,125,163,177,134,0,0,11,7,19,3896,0,20,11,1404,155,23,98,275,139,3,1,104,90,193,90,17,0,736,1556,3010,1,125,21,2425,0,1324,94,1377,14,5644,0,879,1316,5,653,0,78,1,1,222,7292,3,2246,12,20,3,376,731,295,537,0,215,633,790,40,3,3,64,0,306,0,161,0,0,138,150,978,2497,61,54,25,41,0,52,0,1431,9,1585,304,4,60,6099,0,8077,696,43,0,3292,4996,71,0,377,850,1,19,321,3189,2,0,81,4786,0,0,89,1242,3683,13213,1745,1,18,511,14447,9,0,2841,0,3,231,64,118,1034,4,1382,22,0,9,1925,1,2,0,5140,0,42,0,1858,116,0,481,35,860,4764,12,2,1031,0,0,1062,0,2336,0,50,119,55,22,0,0,355,22,748,1256,92,11292,976,448,23,0,1435,2,5626,56,9,5034,0,34,1,863,1,0,6,0,0,134,0,0,138,5846,15547,907,1844,159,52,2411,1382,0,976,0,2,174,4,0,10571,1,11101,657,2,384,13,652,0,0,165,1,2164,0,2,395,2609,0,20,912,2879,1,3,650,486,0,364,180,1949,0,815,0,946,2,48,1787,513,3048,0,0,0,26,260,2482,0,1246,0,1848,0,3570,158,20,250,1407,185,0,0,37,0,3836,6,457,0,13,0,2419,0,1,9629,0,427,405,4248,143,5624,1,8,1789,280,3,174,0,51,1158,0,4,2,3,4686,2,7359,0,64,15079,11,0,6001,1057,0,5,3,0,1048,872,23,5,3250,13,2830,0,5,0,606,0,2120,17,3,17,0,0,492,0,600,23,186,12,2639,447,2564,6016,1484,8255,95,5889,514,2,138,0,142,5055,238,35,219,264,0,1371,99,0,0,0,2,0,4942,269,946,1955,0,0,9,4,328,9779,15,0,6,1,844,4286,1,71,18,45,0,0,185,6,250,0,0,5,0,0,1366,0,524,0,1,0,2273,32,368,0,6,704,36,0,0,15,1,0,11,34,0,251,1,858,2040,5136,5,5545,0,36,425,6,1642,0,3593,3,1259,54,11,368,117,0,0,0,0,1590,0,0,0,447,151,20,32,1931,0,0,0,1,114,281,350,47,0,0,0,7,4087,0,8,5,315,0,0,1,1382,0,0,643,0,11,196,0,0,554,0,0,0,131,177,0,0,49,3,0,0,194,47,114,62,847,3162,0,0,0,1950,0,0,40,0,3,2,0,0,699,0,28,0,1,1,1,895,0,0,0,0,1,3,3344,1,0,74,0,0,0,700,0,0,0,3,1,0,0,0,0,0,0,13,0,0,0,84,169,0,0,20,0,428,0,0,0,0,0,0,2263,664,206,0,0,0,1524,0,0,0,0,0,25,0,79,1449,0,0,62,42,3513,0,2185,0,0,0,4,0,1,0,0,3028,5,0,0,255,0,0,0,0,1578,0,0,0,0,0,340,0,0,0,0,0,0,0,0,1,0,15,2361,0,0,0,0,0,0,0,0,0,0,0,0,0,2,171,0,9,0,15,28,0,0,0,0,0,393,73,0,0,0,0,0,377,0,0,0,517,6,0,0,214,0,4,0,770,0,0,0,0,0,0,0,0,0,0,0,0,0,0,0,0,0,31,1,0,29,271,0,3,14,0,44,0,0,0,0,1245,0,53,0,1576,0,3,0,1012,775,0,5,20,2,0,115,0,50,0,0,26,1
"gene_626",0,0,0,1,0,0,0,0,0,0,0,0,0,0,0,0,0,0,0,0,0,0,0,52,0,0,0,0,0,0,0,0,0,0,0,0,0,0,0,0,0,6,0,0,0,0,0,0,0,0,0,0,0,0,0,0,0,0,0,0,0,0,0,0,0,0,26,0,0,0,0,0,0,0,0,0,0,0,0,0,0,0,0,491,0,0,0,0,0,0,0,0,0,0,0,0,0,0,0,0,0,0,0,202,0,38,1,0,0,0,0,0,0,0,0,0,0,4,0,0,0,0,0,0,0,0,0,0,0,13,0,0,0,0,0,0,0,0,0,0,0,0,0,2,0,0,0,0,717,0,0,0,0,0,0,0,0,0,10,0,0,655,0,0,0,0,0,0,0,0,0,0,0,0,0,0,0,0,0,0,0,0,0,0,0,68,0,0,0,0,0,352,0,0,0,0,0,0,0,0,0,0,0,0,0,0,0,0,0,0,0,0,0,0,0,0,0,0,0,0,0,0,0,0,0,0,0,0,0,0,0,0,0,0,0,0,0,0,0,0,0,0,0,0,0,0,0,0,0,0,0,0,0,0,0,0,0,0,0,0,0,0,0,0,0,11,0,0,0,0,0,0,0,0,0,0,0,0,0,0,0,0,0,0,0,0,0,0,0,0,0,0,0,0,0,0,0,0,0,0,0,4,0,0,0,0,0,0,1,0,0,0,0,0,0,0,0,0,0,0,0,0,0,0,0,0,0,0,0,0,0,0,0,1389,0,0,0,0,0,0,0,173,0,999,0,0,0,0,0,0,0,0,0,0,0,0,0,0,0,0,0,0,0,0,0,0,0,0,0,0,0,0,0,0,0,0,0,2,0,0,0,0,0,0,0,0,0,0,0,0,1,0,0,0,0,0,0,0,0,0,0,0,0,0,0,0,0,0,0,0,0,0,0,0,0,0,0,0,0,0,0,0,0,0,0,0,0,0,0,0,0,0,0,101,0,3,0,0,0,0,0,3265,0,158,0,3,0,0,0,0,352,1,0,0,0,3,67,145,0,5,3,0,48,0,2350,0,0,5,0,0,0,0,16,1,0,5,0,16,4,92,0,0,114,0,0,1444,8,640,0,0,0,38,8,44,0,2,0,0,1335,0,0,1522,0,0,10,21,0,0,0,88,2,294,0,3,0,0,0,0,0,20,0,0,0,0,86,1026,14,0,11,4948,0,609,0,0,0,0,0,5,1,0,0,0,444,0,31,0,0,0,0,0,0,5,0,0,0,0,0,0,2656,0,0,0,0,30,0,14,0,0,0,0,0,0,0,0,0,0,0,1,0,0,0,0,0,0,0,0,0,0,0,0,459,0,0,0,0,0,0,0,0,0,0,0,0,0,0,0,0,0,0,0,0,0,0,0,0,0,0,0,788,0,4,0,93,0,0,24,0,0,1,0,0,875,0,0,0,0,0,0,51,0,0,57,3852,818,0,19,474,3494,1,0,0,0,0,0,0,1,0,0,0,0,0,0,0,0,499,0,22,0,0,0,297,0,668,0,0,537,0,0,40,0,4,0,0,0,534,12,0,0,24,5501,0,0,0,0,0,43,1,30,0,0,0,0,0,2,0,0,44,1096,51,0,0,0,0,0,0,0,0,17,0,0,0,0,0,0,0,0,0,0,0,260,0,0,0,0,0,0,1,0,0,27,60,0,0,0,0,0,0,0,0,0,0,0,0,0,0,0,10,4
"gene_627",0,6,1,527,98,0,0,2,0,0,2,1120,5,0,3,0,0,4,249,0,0,0,0,13,95,0,0,0,1,81,0,0,0,0,1,0,116,0,0,0,0,0,0,155,0,2,0,0,435,1071,0,16,21,0,0,0,20,2,16,0,0,6,0,0,0,0,21,14,0,0,0,0,0,0,237,35,0,6,4,0,0,0,1606,108,0,0,3,14,0,284,107,0,0,0,0,0,0,0,0,0,0,0,0,9,0,0,0,0,5,562,0,3,0,0,0,0,0,0,0,0,0,0,0,0,0,0,0,0,217,252,0,0,0,0,0,0,0,0,0,0,0,0,0,0,0,0,0,0,0,0,0,0,0,0,3072,2,0,0,0,1,0,0,120,0,0,0,0,703,0,0,0,0,0,0,0,0,0,1426,0,0,0,0,0,0,0,0,171,0,0,0,455,0,0,0,0,0,0,2021,0,184,0,0,0,1,0,0,0,0,0,0,0,0,0,0,0,0,0,0,0,0,0,0,0,0,0,0,0,1408,464,0,0,0,0,0,0,0,0,142,148,0,0,0,0,0,0,0,210,0,0,0,0,0,20,0,0,0,0,0,0,0,0,0,0,0,41,0,0,1,0,0,0,0,0,0,0,0,0,0,0,0,0,0,0,1,0,0,0,0,43,0,0,0,0,0,0,132,2,0,0,0,0,0,37,0,1,261,0,0,0,0,0,0,0,0,0,0,0,0,0,0,0,0,0,0,0,0,0,0,0,0,0,0,0,147,0,0,0,0,0,0,0,0,0,0,0,0,1,0,0,0,0,0,0,0,0,0,0,0,0,0,0,0,0,0,0,0,0,0,0,0,0,0,0,0,399,0,37,0,0,0,0,0,0,0,0,0,0,0,0,0,325,344,0,0,0,35,1,67,19,0,0,0,0,0,0,0,0,0,0,0,0,565,0,0,0,1,0,0,0,0,0,0,0,0,0,0,0,0,0,0,0,0,0,1,0,0,0,0,0,0,0,0,0,0,0,0,0,0,0,0,0,0,0,0,0,0,0,0,0,0,0,0,0,0,1,0,0,0,0,0,0,0,0,0,5,0,0,15,0,0,0,0,0,0,0,0,0,0,0,0,0,0,0,0,0,0,0,1,0,0,0,0,0,0,0,0,0,1,0,0,0,2,0,19,0,1,0,0,0,0,0,0,0,0,0,0,0,0,0,0,0,0,0,0,0,0,0,0,14,0,0,0,0,0,1,0,9,0,0,0,0,0,0,0,0,0,0,0,0,0,0,0,0,0,0,0,0,0,0,0,0,0,427,0,0,0,0,0,0,0,0,0,0,0,0,0,857,2,0,0,0,0,0,0,0,0,0,0,0,0,0,0,0,0,0,0,1737,0,0,0,0,0,0,0,0,0,0,0,0,0,0,0,0,174,203,0,0,0,0,0,0,0,0,0,1784,0,0,6732,0,0,0,0,0,0,0,5,0,0,0,2,0,0,0,0,0,0,71,0,0,0,71,0,0,0,245,0,0,6,0,0,0,0,253,0,0,0,0,0,0,0,0,0,0,0,0,2,0,0,2,0,0,0,0,637,0,0,0,0,0,162,0,0,0,0,0,0,0,0,0,0,0,0,0,0,0,0,0,0,0,0,42,0,0,0,0,0,0,0,0,0,0,0,0,0,0,79,11,0,0,4,628,0,0,0,3,0,0,269,0,0,0,0,0,0,0,0,3,0
"gene_628",0,0,4,49,0,3820,0,1,317,0,0,163,0,0,1,80,327,1722,0,0,0,0,12008,77,0,0,0,4,0,0,0,0,1142,16,0,0,10512,0,152,32,0,0,8,13,10,0,2,35,7,4,0,0,0,3,0,4040,10,312,0,0,1077,0,0,31,0,702,24,0,605,18263,1,0,58,3720,0,0,431,0,0,2,238,3,10,16,0,0,0,1227,0,0,371,29,1,3,0,14,0,842,12,84,0,640,121,0,0,0,0,2473,127,0,4676,331,0,0,0,1298,0,983,303,1943,463,55,4,0,27,3354,0,0,1,0,135,0,3,1,0,780,2,837,0,2,0,0,0,0,0,0,0,0,0,223,1802,2,772,0,0,150,0,2,114,0,223,0,0,1732,249,0,0,834,4,87,3,0,0,0,0,1,0,0,0,1,1,0,676,2202,1,0,85,145,0,0,278,4,0,27,3,2203,4811,0,0,219,4562,0,2229,116,0,12,17,146,10,29,1,816,2591,2367,4236,88,1299,207,0,73,1,0,6008,0,88,249,603,1732,9743,170,476,0,0,275,0,6,686,734,3621,220,1,104,5411,2775,3952,39,882,23,717,1357,205,0,0,0,169,0,226,0,3,329,1,47,0,0,0,0,0,0,338,0,0,0,0,0,517,236,1,0,0,5,100,40,13,0,0,3555,0,0,89,1268,1686,0,0,218,0,15,0,97,0,0,0,6243,15,0,78,2930,5,91,0,74,1424,1,0,5,4,0,89,0,7,0,47,668,0,0,1,8,1,138,0,10,0,0,0,0,3,79,1033,0,0,0,60,9,0,47,7,31,0,6,0,485,0,5275,575,0,0,0,0,0,248,0,119,1831,419,657,0,0,3,275,9,0,762,121,0,4228,7,0,201,524,130,39,0,187,299,851,0,7,54,0,0,1,14,254,0,0,0,0,29,0,1,0,767,0,1,1,302,854,4,0,0,28,3,0,2416,102,0,0,0,1613,848,547,0,17,20,662,134,49,57,0,13901,0,0,0,0,0,0,0,0,667,0,0,0,18,0,0,410,0,0,0,3,2,0,79,0,81,201,304,0,0,0,0,0,0,4,1,0,0,0,0,34,0,0,0,0,12,0,0,0,8,103,0,1,0,0,41,35,285,0,0,0,0,265,0,700,0,0,5,0,438,0,4,0,0,0,117,19,0,1,0,0,0,1169,158,0,0,0,0,82,6,0,81,196,161,0,0,0,0,0,0,4,0,88,82,0,0,61,0,0,151,12,0,0,57,0,0,10,3,0,0,0,0,2114,0,0,0,0,0,0,0,0,0,1,0,598,0,31,2,174,0,0,0,2,665,0,0,0,0,90,0,38,8,0,342,0,0,108,0,0,0,0,0,514,0,65,0,37,0,0,6005,10,0,51,0,0,900,0,0,0,0,0,0,5098,9,0,0,0,96,0,0,0,17,0,3580,0,0,9,0,0,0,0,228,356,0,148,168,0,0,0,0,0,0,58,0,0,124,0,0,0,17175,6,0,9,12,257,18,0,0,3,0,0,20652,23,0,0,0,0,0,1344,0,26,0,0,50,88,1,522,0,0,20,0,0,0,0,1673,0,0,135,76,0,114,0,376,157,0,3925,0,0,2982,0,0,0,84,0,0,0,0,0,3,2,0,0,0,4,0,0,0,0,0,1552,0,0,339,0,0,2,0,2170,0,0,2,0,0,0,0,1,0,0,0,6,0,5587,1,0,0,0,221,0,68,478,2,62,0,22,136,0,12,884,0,0
"gene_629",89,0,0,0,0,0,0,0,0,0,0,0,0,0,0,0,0,0,0,0,0,0,0,0,0,110,0,62,0,0,355,0,0,0,0,0,0,0,0,0,0,0,0,0,0,0,0,0,0,0,0,0,0,0,0,0,0,0,0,34,0,0,0,0,0,0,0,2704,0,0,0,0,0,0,0,0,0,0,0,0,1,0,0,0,0,0,0,0,0,0,0,0,0,0,0,0,0,0,0,0,0,0,0,0,0,0,0,0,0,0,0,0,0,0,0,0,0,0,0,0,0,0,0,0,0,0,0,0,0,0,0,0,0,0,0,0,0,0,0,0,0,0,0,0,0,0,0,0,0,0,0,0,0,0,0,0,0,0,0,0,0,0,0,0,0,0,0,0,0,0,0,0,0,0,0,0,0,0,0,0,0,0,0,0,0,0,0,0,0,0,0,0,0,0,0,0,0,0,0,0,0,0,0,0,0,0,0,10,0,0,0,0,0,0,0,0,0,0,0,0,0,0,0,0,0,0,0,0,0,0,0,0,0,0,0,0,0,0,0,0,0,0,0,0,0,0,0,0,0,0,0,0,0,0,0,0,0,0,153,0,0,0,0,0,0,0,0,0,0,0,0,0,0,0,0,0,0,0,0,0,0,0,0,0,0,0,0,0,0,0,0,0,0,0,0,0,0,0,0,0,0,0,0,0,0,0,0,0,0,0,0,0,0,0,0,0,0,0,0,0,0,0,0,0,0,0,0,0,0,0,0,0,0,0,0,0,0,0,0,0,0,0,0,0,0,0,0,0,0,0,0,0,0,0,0,0,0,0,0,0,0,0,0,0,0,0,0,0,0,0,0,0,0,0,0,0,0,0,0,0,0,0,0,0,0,0,0,0,0,0,0,0,0,0,0,0,0,0,0,0,0,0,0,0,0,0,0,0,0,0,0,0,0,0,0,0,0,0,0,0,0,0,0,0,0,0,0,0,0,0,0,0,0,0,0,0,0,0,0,0,0,0,0,0,0,44,0,0,0,0,0,0,0,0,5,0,9,0,0,0,0,3,0,0,0,0,1,83,0,3425,0,0,0,0,0,449,0,0,0,0,0,3,0,0,0,0,0,0,0,0,2,0,0,20,0,1,0,0,0,0,0,0,1415,43,0,0,0,0,4,0,0,0,0,0,0,0,2,0,0,0,0,0,0,0,0,0,234,0,0,0,0,0,0,0,0,0,0,0,0,0,0,0,0,0,8,0,0,0,0,0,0,0,0,0,0,0,0,0,2366,0,0,0,0,0,0,0,6,0,0,1,0,0,0,0,0,3,0,0,1,10,65,118,0,0,33,0,54,0,0,0,0,0,218,0,0,12775,0,0,0,0,3506,215,0,0,0,0,2,0,0,0,0,0,25,15,0,0,483,52,0,0,0,387,0,0,0,0,0,0,0,0,0,8,0,7,0,0,5304,0,0,0,0,0,0,0,0,360,3,0,0,564,4,0,0,0,0,0,0,0,0,0,66,0,0,0,0,0,22,0,0,0,1,0,0,0,0,0,0,8,0,67,0,0,134,145,0,0,0,0,0,0,0,0,0,817,83,2,0,0,0,0,0,0,0,1414,0,0,0,0,4539,0,791,986,0,0,477,0,0,0,0,4,0,0,0,0,513,0,79,0,4,0,0,0,0,0,1,9,0,0,40,0,0,0,12,0,33,0,178,0,0,0,0,0,0,0,3,0,0,0
"gene_630",9,112,28,10,1,2,3943,511,240,0,79,6216,0,0,29,0,324,2358,9,0,1,482,201,4,18,813,1016,62,2,0,0,632,0,0,19,25,9,130,0,37,0,0,0,0,504,52,515,2,511,7,1061,18,0,17,2,0,221,38,0,73,863,1,1,71,110,0,211,1197,278,2977,687,0,97,0,0,68,90,0,18,118,2782,2,378,633,0,0,27,0,1021,1,0,4,32,87,0,0,0,0,14,0,49,57,0,84,6,0,14,7,0,0,1843,0,10,1,0,1,116,0,0,0,236,749,1767,0,0,0,0,1,0,0,6,0,0,36,94,2,23,0,0,0,0,6,10,0,248,0,5,0,14,206,927,0,0,95,36,52,0,0,6,3,926,11,1,7,4032,56,0,1,0,0,0,0,0,0,0,4,0,7,1,253,1,0,0,3343,2,0,0,0,0,0,1594,0,0,0,0,0,7,0,173,1276,0,290,2744,0,0,0,0,1561,0,1,0,0,0,0,0,0,0,5,0,1721,0,0,0,0,0,0,0,0,0,0,0,2,0,51,2,0,0,0,0,0,0,14,2436,0,0,1685,0,1472,0,0,117,0,0,0,0,0,0,0,0,0,0,0,0,0,0,0,0,0,0,0,0,0,169,0,0,0,0,0,0,0,0,0,0,0,0,0,0,0,0,0,0,0,0,0,0,0,0,0,0,0,0,0,1290,0,0,0,0,0,0,0,0,0,0,0,0,0,0,20,1405,0,0,17,0,0,0,0,0,288,0,0,0,0,0,75,0,0,0,0,600,0,0,0,33,0,0,0,0,0,0,0,0,0,0,0,0,0,0,0,0,12,0,0,0,0,0,0,0,0,0,0,0,0,0,0,0,14,0,17,0,0,0,12,0,0,0,375,0,0,0,2442,1,0,0,0,0,0,0,0,0,0,0,0,0,0,0,0,0,0,0,0,8,0,8,0,830,0,0,0,0,0,0,0,0,0,1,0,0,0,0,0,0,0,742,0,200,873,0,1053,0,0,16,0,0,0,792,1972,0,0,7,0,0,0,0,0,0,465,51,158,1119,0,0,5,0,0,0,0,2,0,0,7,185,0,1,6,37,0,7,0,0,0,0,0,5,3,0,0,0,0,11,0,152,0,0,25,6,94,15,0,731,0,12,256,0,2466,0,1479,0,0,0,749,24,0,0,0,0,0,0,0,0,0,0,839,0,0,0,0,0,0,102,0,2026,0,3646,0,0,0,0,0,348,43,0,0,45,0,0,0,0,0,0,0,0,0,0,0,0,37,0,82,12,329,357,0,0,0,0,0,0,0,0,0,0,183,0,0,0,0,1,1,0,0,0,31,27,0,0,0,0,0,962,7,0,0,167,0,2,76,0,0,117,733,0,5,0,0,0,0,0,0,51,0,0,3,127,0,0,0,13,0,0,0,46,0,0,0,0,73,0,0,0,0,0,0,0,17,0,487,0,0,0,0,48,198,0,621,541,0,0,0,10,0,0,0,0,0,0,0,0,0,1,0,0,3328,0,0,0,0,71,0,6,0,0,0,0,2,0,0,0,1493,0,85,0,0,26,63,1251,0,2,5,0,0,0,0,18,0,0,1,0,0,0,0,0,6,4,0,0,0,0,0,0,0,216,2862,0,0,0,0,0,2,0,39,0,0,169,527,10,0,5,0,0,0,0,0,27,0,0,0,0,1,0,0,258,0,63,0,69,0,0,2837,0,81,0,0,0,0,2,0,0,0
"gene_631",0,0,0,10,0,0,114,1203,0,0,0,6,0,3,0,0,24,0,1,1,0,0,132,0,2,27,0,310,0,0,0,0,0,0,0,0,1,0,10,0,0,255,0,0,1344,0,2,0,0,0,0,0,0,0,1,79,2,17,0,0,1998,361,64,0,585,0,0,0,647,15,0,0,192,97,255,0,3,0,0,0,0,3,0,0,105,0,0,209,150,131,0,132,8,0,0,0,0,20,94,80,91,0,0,5,2,237,1216,0,1,0,0,0,0,0,0,0,223,0,1,0,0,4,0,97,0,0,136,0,0,13,0,11,1,0,0,2,0,36,0,0,0,0,9,0,2,0,0,0,6,0,0,0,31,212,0,0,69,0,74,0,71,0,0,0,425,0,0,0,0,0,0,908,0,3,0,12,3,0,433,0,0,0,0,29,0,472,741,36,0,2953,0,4,0,1,0,0,1,0,2,58,0,0,70,0,25,1,271,0,1,0,0,0,0,0,0,0,0,0,0,1,0,0,0,1,0,0,0,0,0,0,0,0,3,11,7,0,0,0,0,0,0,0,0,25,0,0,0,10,0,3,0,0,0,0,1767,0,134,0,15,113,88,0,461,265,513,2510,257,0,0,397,0,0,1352,0,14421,6,0,100,35,238,0,0,236,1189,0,0,31,1,520,46,0,0,178,3380,1810,3,94,0,26,0,0,1,1188,0,0,458,113,85,384,0,545,139,0,647,0,0,77,5257,0,356,0,0,10,0,28,2,53,0,150,189,1168,0,74,0,1597,375,1212,1391,310,0,0,47,0,0,0,120,0,29,0,8,0,3231,19,167,0,0,171,4378,8528,1793,48,30,23,0,1759,570,1,619,1268,145,1461,751,729,0,138,668,1132,16,407,0,0,1779,6173,14222,1209,433,173,772,3,321,302,0,241,0,0,6506,925,5,27,0,709,697,31,1860,0,547,1,0,141,0,252,0,0,0,2,0,1828,4086,39,3,4,96,0,7530,168,0,3231,0,0,24,0,2115,0,255,8,50,70,0,0,0,911,11,94,341,7,66,574,3,1,2853,2,2,0,0,146,0,42,0,439,0,0,0,1,21,899,0,0,0,0,0,2364,127,48,0,2,1,0,1,0,0,4,0,0,745,0,212,146,251,5,0,0,0,0,0,0,1,428,0,0,371,116,123,72,0,0,12,11,1,166,0,2,49,5,0,269,3,638,0,0,2,0,18,9,0,1,0,275,0,42,3172,602,44,0,0,1497,0,359,6429,0,204,237,53,649,0,149,641,0,0,16,134,0,25,676,0,0,45,18,45,0,2,30,3,2,0,22,5997,0,0,82,37,0,3,0,0,0,263,480,3089,0,0,0,0,39,0,1,1,0,0,0,0,0,0,0,0,0,0,2,17,25,1179,0,201,0,0,0,2,0,2,0,0,0,0,0,2424,2,266,0,9,0,23,0,0,0,364,0,0,0,91,0,0,0,0,149,0,0,0,0,0,0,258,0,0,0,0,0,0,0,0,0,0,76,1,98,0,0,0,18,14,0,5684,0,20,0,9985,0,0,0,0,0,0,0,0,27,0,1006,0,0,249,0,0,0,11,0,0,0,0,0,8,0,0,0,29,2,676,5,120,2557,0,6,0,51,0,0,0,0,0,0,176,57,3,3370,6,1,1570,0,0,6,0,0,0,59,2737,11,6376,0,20,0,0,0,0,367,0,0,0,0,3874,0,0,239,0,0,67,1,557,0,0,10903,0,4572,1534,0,0,225,0,9,0,0,0
"gene_632",0,0,4,0,0,3,0,55,2112,0,276,1525,53,0,0,0,41,8923,0,0,0,2,0,395,0,0,0,0,3,0,0,0,3416,0,1,1,0,57,1983,10,5,1,0,0,3393,0,0,0,91,0,0,0,0,0,0,0,8,0,0,207,0,0,0,0,0,0,34,0,0,0,3,0,0,507,0,0,0,384,0,13,0,3,0,0,13539,0,0,578,0,0,571,541,0,0,0,0,5,0,2,0,0,0,0,0,1,0,37,0,0,0,0,0,0,0,1978,0,0,0,417,0,0,10,0,146,0,4423,197,0,0,0,0,78,0,0,0,1373,0,4054,1748,0,0,0,0,63,10,0,4,0,0,0,39033,0,0,143,2,6,0,12,2,60,0,50973,0,0,0,153,0,0,0,0,35412,26752,0,4,6,0,420,165,0,8,0,4885,65,0,0,4,0,0,304,0,0,4,35,0,0,16,0,24,0,0,0,0,2913,52,55,7751,0,147,0,5903,22,0,188,5872,18,622,0,523,0,0,1419,0,5132,0,16,3507,0,0,3299,0,0,0,0,0,20,93,0,258,0,2,3,1,0,461,410,0,91,0,43,0,0,298,0,0,1747,0,2,0,0,2,86,4,663,528,0,0,1857,624,116,379,6,4,0,645,0,0,0,0,0,126,300,239,0,11,29,18,41,0,257,0,1335,0,210,215,651,0,0,94,1718,15,1326,385,54,52,8,479,0,0,0,0,0,4,8,2,570,167,0,0,1,0,400,553,0,217,2,0,0,0,21,0,30,14,3,0,475,0,0,0,0,73,0,0,0,561,6,0,4375,489,3,9,1978,19,905,285,0,57,0,0,0,0,1,1,0,2,1,2,0,53,24,4,1,353,5807,1294,416,0,0,6403,3545,0,0,72,1138,1,0,702,206,0,0,782,0,11,921,2405,0,17,0,2612,129,47,0,0,1271,551,1225,37,17055,13,0,0,3330,7,836,203,3,13,403,779,0,0,66,633,0,0,0,955,9466,0,477,0,1,241,540,9,4843,34,0,135,6,1993,11,321,0,3,5,2,15,0,3511,21,0,9,45,1230,3,1,0,5519,0,2,570,4,1,101,93,0,0,745,2,3896,0,89,1002,0,0,374,4,0,63,1097,5333,0,3148,2,0,1621,1057,0,5338,0,48,1681,57,46,247,4,130,3110,229,1,8,803,0,362,25,315,2332,0,63,711,821,0,439,2093,105,180,0,53,0,1,2,138,6,401,109,0,0,0,0,38,0,1950,314,0,1,0,3,4618,1,287,0,1,0,55,0,1604,0,0,208,0,2122,0,22,251,1821,0,19,0,1,3380,1024,0,0,9643,0,1,0,4207,482,16283,4032,0,408,0,0,0,3,0,533,0,379,185,0,0,0,0,0,0,1,6,0,0,5,0,129,0,1182,0,0,81,778,0,5603,0,0,1,1752,66,1250,0,5901,0,2,290,0,7433,38,0,27,0,0,0,0,3,0,1530,1141,64,8,22,0,4,0,0,1314,0,2278,18,0,1089,232,0,5732,0,2,0,0,0,0,2,1,0,0,809,0,0,0,0,18,0,35,3,0,0,0,2897,9,83,0,45,0,0,0,0,2,120,0,3355,81,1300,2222,0,623,38,131,2098,0,168,0,930,713,4,294,378,0,73,0,10,135,500,833,9,25,3,0,0,8523,0,0,0,9,0,0,2,1,3,516,0,314,0,0,0,10,0,5115,0,0,409,0,0,0,7091,43,20,0,0,859,1321,327,0,0,0,0,0,0,2,0,0,0,3,0,3838,0,0,0,2083,214,0
"gene_633",1064,52,15568,225,328,909,7389,16,753,3513,2582,3561,574,443,12,0,3130,1291,5,387,567,0,0,412,89,272,1691,85,3020,59,347,1418,371,1374,981,9759,357,451,41,1341,2878,1403,16,540,1657,3473,620,23,1,757,1956,17,3944,1,550,706,383,99,3283,24,0,6503,615,276,140,1001,0,6836,2888,2081,6214,609,134,81,14,93,0,2257,980,1020,412,111,45,1243,1590,5012,544,3831,29,44,58,1092,674,2,110,229,1246,29,1,490,0,7618,0,747,23,0,36104,0,2,13,30,0,152,6079,4925,0,14262,239,1084,1,2322,131,38,569,1,1,151,164,2098,10,0,2,2774,3770,27181,0,84,170,0,10,11,1169,1,6720,156,14696,20,1393,22240,12735,81,23682,0,2,4,22560,51,150,0,33,1,6525,0,159,41,0,77,2207,1126,111,2007,1173,13950,0,9,3821,7,0,231,26,0,1362,0,14,553,21207,5521,1119,0,12136,115,3291,846,0,0,4,18,0,175,85,63,42,0,418,882,903,16,8,54,2,10,0,92,176,148,376,227,0,2115,5,880,0,1347,661,42,498,16,6,15,0,0,52,15,38,0,632,0,41,79,486,10467,4757,2,913,2,327,0,0,0,1,18,3,2,0,1902,2437,1383,945,120,9,296,2306,1,675,1159,2,0,237,0,0,0,1,0,563,151,0,313,120,0,955,1,0,2,186,705,401,4396,0,16,0,0,0,1166,589,6,0,375,205,5,628,17,6,0,0,2077,14,68,450,2,6,10,3,0,6,0,555,0,10,2,0,0,3,104,0,0,0,0,117,1212,5,0,0,1716,106,0,718,408,18,40,84,0,2,0,299,51,0,3,0,0,2,3328,412,11,339,0,0,280,0,1,67,0,0,0,92,1,0,58,2,271,22,1,0,0,4,251,0,8,45,0,52,0,0,14,0,67,0,0,0,412,2154,56,967,878,1973,43,2280,0,0,1,6,1526,49,48,0,6,3,465,0,477,163,0,0,0,298,0,32,0,19960,0,352,1615,1129,1,0,0,0,0,0,960,0,0,5356,0,0,1315,0,0,0,25,0,0,7,0,0,0,0,0,0,0,0,0,0,20,0,7,29,0,0,0,1338,0,0,722,0,0,0,9,0,65,10,0,0,204,8,0,7,22,0,341,0,0,0,0,0,16,3331,0,67,0,17,0,0,0,0,144,1,1068,97,0,0,0,92,0,195,0,0,0,0,393,0,0,4,0,0,239,0,0,51,0,0,0,0,0,196,0,0,0,0,0,34,61,149,0,0,0,0,1,0,0,0,438,773,0,0,353,106,0,0,0,0,0,0,0,0,619,23,0,0,0,0,1457,0,715,0,0,198,0,89,0,60,0,0,0,1,22,401,33,0,0,0,0,0,0,0,3,1,0,0,0,6,561,0,0,0,1,28,0,0,0,17,326,0,1109,0,1,0,0,0,0,0,0,0,0,0,0,0,0,35,0,0,0,0,0,2005,0,0,0,0,0,0,0,0,700,0,0,0,194,0,0,3,2,0,0,0,0,5,0,0,0,0,7,0,0,0,1,0,183,0,443,0,1,2,0,102,0,0,0,0,0,0,0,7,0,0,5,0,0,609,0,0,0,0,0,0,0,0,271,0,333,0,57,0,6668,0,0,0,27,0,0,0,0,158,1158,0,0,1,0,0,0,0,1,0,0,197,0,0,0,13,0,16179,0,0,0,0,0,2,0,0,0,0,0,507,0,0,0,2344,0,0,0,182,0,0,0,0,0,0,1708,410,0,0,0,0,0,833,0,0,1,0
"gene_634",0,30,0,0,0,0,0,0,0,13,0,0,0,0,0,0,0,1,0,0,0,0,0,0,0,16,0,0,0,0,0,0,0,0,702,0,8,0,0,0,0,0,0,0,0,0,0,0,0,0,322,0,0,0,0,0,0,0,0,0,0,0,0,0,0,0,0,0,0,0,0,72,0,0,0,0,0,0,144,12,0,0,0,217,0,0,0,0,0,0,102,0,0,0,0,0,0,0,0,0,0,0,0,0,0,0,0,0,0,0,0,0,0,0,0,0,0,0,0,0,0,0,0,0,0,0,0,0,0,0,0,0,0,0,0,0,0,0,0,0,0,0,0,0,0,0,0,0,0,0,0,0,0,0,0,0,0,0,0,0,0,0,0,0,0,0,0,0,0,0,0,0,0,0,0,0,0,0,0,0,0,0,0,0,0,0,0,0,0,0,0,0,0,0,0,21,0,0,0,0,0,0,0,0,12,0,0,0,0,0,0,0,0,0,0,0,0,0,0,0,0,0,0,0,0,0,0,0,0,0,0,0,0,0,0,0,0,0,0,0,0,0,0,0,0,0,0,0,0,0,0,0,0,0,0,0,0,0,0,0,0,4,0,50,0,0,0,0,0,0,3154,0,401,33,146,0,36,0,0,1935,3,0,9713,0,0,0,0,0,79,0,0,0,454,33,2746,0,11,0,14,820,0,0,0,0,6,0,0,0,0,0,0,1,0,0,0,0,0,112,139,0,0,0,0,0,0,0,0,0,0,0,0,0,0,0,3,1130,0,0,2,11,0,0,0,0,138,0,0,46,1225,0,435,10,0,0,2,0,1545,0,0,147,0,0,0,3710,0,0,0,0,0,0,0,0,0,0,0,0,0,9,0,0,0,0,0,0,0,28,0,0,0,0,1,0,2679,116,0,5,5,1,3,0,0,0,2422,0,1,0,0,0,0,300,0,0,0,0,0,0,279,0,22,0,0,0,0,7,0,0,65,0,3,2,0,1,0,0,0,0,0,0,0,0,0,0,0,0,96,0,1280,1231,0,0,6573,0,0,7,8,51,0,302,0,0,0,0,0,0,0,0,0,219,1,42,0,374,0,2,1526,0,0,0,5,0,5035,865,0,0,0,0,0,0,0,0,0,66,643,13,1473,0,0,0,0,0,7,0,1,1832,0,0,243,0,1,0,0,0,0,0,54,0,2,193,0,527,0,6,0,0,1273,0,0,0,233,0,28,0,0,483,0,3,15,1941,11,0,0,0,2,0,0,7720,102,4,6,0,0,40,0,0,0,71,0,0,0,0,0,0,0,0,0,0,0,0,0,128,0,0,0,0,1,0,0,0,0,0,0,0,0,0,0,0,0,0,0,0,0,0,0,0,0,0,1,0,0,0,0,1,0,0,0,0,0,80,0,4,0,303,0,0,0,0,0,0,0,0,345,0,0,0,0,0,710,0,0,5,0,0,0,0,0,0,0,0,0,0,0,0,0,0,0,0,0,0,0,0,0,44,0,0,0,0,0,16,0,0,0,0,0,2,0,0,9,1,0,6,0,1203,0,0,112,0,0,0,0,0,0,0,0,0,0,0,0,0,66,0,0,0,0,0,148,0,0,0,0,904,0,0,111,0,0,0,0,0,0,0,0,0,0,719,0,0,0,0,0,0,0,0,0,0,0,8,0,0,572,11,0,0,0,322,53,0,0,0,3,0,0,0,0,0,0,0,0,0,0,0,0,0,0,0,0,0,18,2
"gene_635",6939,300,2,5,0,6,9690,1,473,1185,35,1962,4918,5,0,319,113,3931,1740,68,0,4152,320,79,0,2,717,2384,231,3814,179,0,42,1,153,1355,390,2295,5419,1688,1,23,227,2358,2061,14833,2491,0,42,185,760,1997,0,32,109,3753,1071,9,1,668,812,135,0,6088,1321,159,690,0,71,225,2686,5695,21,424,4,5955,272,1844,814,699,1693,10,139,2,46,810,44,224,2,249,1,8971,5478,134,113,12,1704,0,20543,90,1653,19,7712,2054,6166,40,99,910,0,0,5,0,0,5,6628,2790,34,253,125,162,0,19238,0,222,772,2371,97,11,244,0,0,79,522,9781,3159,3,0,1,2870,14079,126,1045,0,959,2169,1,129,981,17,5,4132,18138,0,0,0,52,116,16585,1,67,0,14737,24502,39,24876,0,163,0,1877,399,3272,7333,12755,2483,6609,92908,182,1665,292,292,11,45,192,7252,11154,1,17152,4753,41,0,13519,17866,29,1975,3288,0,0,86,111,71,1,2553,2652,0,3053,73,7,294,13,120,427,33,924,18,0,2428,387,1,2,15,3175,275,1632,433,1469,115,22,2602,0,0,28,28,29,818,366,80,1001,4776,5,0,965,283,1,0,392,0,326,9733,283,443,656,0,0,35,1,2,23,154,2532,1807,108,2447,554,3,6856,348,5,1021,741,12129,9110,1618,154,249,0,5502,1271,2658,0,1765,21,131,330,300,926,6,5125,273,2772,51,461,1339,11267,724,16629,547,4929,532,391,1,10,286,83,3293,2020,510,1243,3003,951,930,1113,900,3309,1514,1059,19,510,9014,0,0,41,3,3,285,4247,585,4790,3092,566,2281,3221,126,1130,15,1248,4400,3014,236,4023,170,48,9,20,27,211,6,11550,1553,313,5019,6414,503,0,8403,2206,873,5,1955,671,161,930,11090,664,31,1192,327,6167,336,279,10471,468,2604,1468,4689,620,6882,2916,5661,12156,201,102,6624,574,14,3602,255,1632,9,38,1590,5678,4265,36,365,8753,10440,1,1,182,4638,7380,1102,9285,1013,883,504,5422,1154,1694,11409,2600,0,9524,9224,3692,296,1126,21,3333,1,6231,201,3719,1141,39,103,2641,954,10,744,608,995,0,4589,0,1253,1,23,7,7528,18,0,624,12132,4776,2612,8,0,5748,0,904,95,60,59,0,30,196,1243,0,115,721,0,10,3159,4894,102,0,41,76,336,32,1,0,12,0,1211,133,0,194,39,0,93,1118,9,4547,1268,635,1725,167,0,88,188,85,0,11,0,3962,1157,1157,62,0,1071,2791,3192,668,0,2408,2,588,0,428,0,341,5143,7677,0,35,68,248,159,0,3,2,1621,5,0,37,0,225,58,623,3302,182,0,41,343,8,0,2,98,15,13,200,1051,3,33,0,1682,1,63,33,14,154,222,319,1288,138,1398,1719,12477,2426,0,105,829,0,80,148,12,478,0,0,0,394,2523,8133,0,4455,0,17,86,5,1160,1,4761,8,0,1447,1,0,1,368,11,44,261,305,2,0,36,639,5,18,3534,16,0,0,0,1212,2972,2,0,207,5,0,6700,0,0,0,0,2626,0,0,1048,852,286,9900,247,312,77,1,32,500,43,0,2128,1655,1,5627,741,0,0,0,7,65,0,0,145,0,2339,540,17,138,5,89,1,0,37,0,0,104,815,233,0,1280,0,16707,1,0,0,14,1805,0,2,0,7,0,0,0,711,0,15819,0,174,118,0,0,1298,9,0,903,0,1341,0,1,540,4,0,3,0,278,0,2,0,7,0,5,7089,4,0,0,2921,0,0,776,7,1855,0,5270,1,0,0,0,15,1,47,26,4274,0,337,1,12449,16,290,0,3,12040,1,0,0,34,517,1,0,12,0,577,0,106,0,248,0,904,4647,0,20,6,2353,156,22858
"gene_636",0,1,0,0,0,0,0,0,0,0,0,0,0,2,0,0,0,0,10,0,96,0,0,0,0,0,0,0,379,0,0,1,0,0,0,0,0,0,0,14,0,0,0,0,29,341,1,7057,0,0,0,0,32,0,349,0,0,0,0,0,0,0,0,0,0,1,18,0,0,0,0,0,0,0,0,0,16,0,0,0,487,175,0,0,0,0,0,10,0,0,901,0,3,143,0,0,0,0,0,0,0,11,0,0,0,0,0,0,0,0,0,0,0,0,0,0,0,0,0,0,44,0,0,0,0,0,0,0,0,0,0,0,0,0,0,0,0,0,0,0,0,0,0,0,0,0,0,0,0,0,0,0,0,0,0,0,0,0,0,0,0,0,0,0,13,0,0,0,0,0,0,4,0,0,0,0,0,0,0,0,0,0,0,0,0,0,1,0,0,0,0,0,0,0,0,0,0,0,0,0,0,0,0,0,0,0,0,0,0,0,0,0,0,0,0,0,0,0,0,0,0,0,0,0,0,0,0,0,0,2413,0,0,0,0,0,0,0,0,0,0,0,0,0,0,0,0,0,0,0,0,0,0,0,0,0,0,0,0,0,0,0,0,0,0,0,0,0,0,0,0,0,0,0,0,0,0,4,0,0,0,0,0,0,0,0,0,0,0,0,0,0,0,0,0,0,0,0,0,0,0,0,0,0,0,0,0,0,0,0,0,0,0,0,0,0,0,0,0,0,0,0,0,0,0,0,0,0,0,0,0,0,0,0,0,0,0,0,0,0,0,0,0,0,0,0,0,0,0,0,0,0,0,0,0,0,0,0,0,0,0,0,0,0,0,0,0,0,0,0,0,3,0,0,0,0,0,0,0,0,0,4,0,0,0,0,0,0,0,0,0,0,0,0,0,0,0,0,0,0,0,0,0,0,0,0,0,0,0,0,0,0,0,9,0,0,0,0,0,0,0,0,0,0,0,0,0,0,0,0,0,0,0,0,0,0,0,0,0,0,0,0,0,0,0,0,0,0,0,0,0,0,0,2,0,0,0,3821,0,2634,0,0,0,0,0,0,0,0,0,0,1,1026,0,0,0,0,0,0,0,0,0,0,0,0,0,0,0,0,0,0,0,0,0,0,66,0,0,0,0,0,0,0,0,0,0,0,0,0,0,0,1,0,0,0,0,0,0,933,0,0,0,0,0,0,0,0,0,0,0,0,824,0,0,0,0,0,0,0,0,0,0,0,0,0,0,0,0,0,0,0,0,0,0,0,0,0,0,0,0,0,0,0,0,0,0,0,0,0,0,0,0,0,0,0,0,0,0,0,0,0,0,0,0,0,0,0,0,0,3,0,0,0,0,1,0,0,0,98,0,0,0,0,0,0,0,0,21,0,0,0,0,0,0,0,0,0,0,0,0,0,0,0,0,0,0,0,0,0,0,0,0,0,0,0,0,0,0,0,0,0,0,0,0,0,0,0,0,15,0,18,0,0,17,0,0,0,0,0,0,0,0,0,0,0,0,0,0,0,0,0,2,0,0,0,0,0,0,0,0,0,0,0,0,0,0,0,0,0,0,0,0,0,0,0,0,0,0,0,0,0,0,0,0,0,0,0,0,0,0,0,0,0,0,0,0,0,0,0,0,1,0,0,0,0,0,0,0,334,0,0,0,0,0,0,0,0,0,0,1,0,0,0,0,1,0,29,0,0,0,0,0,0,0,0,0,0,0,0,0
"gene_637",0,0,32,2,304,4,2,344,8,0,544,0,0,2,1,0,32,0,0,0,0,0,0,0,3,0,0,2,231,753,0,0,54,50,0,0,727,4,0,0,0,9,0,0,286,0,14,0,476,43,0,272,0,70,0,0,70,0,0,540,0,46,11,393,1,0,0,39,2,0,162,0,0,2279,8,0,653,0,9,2,201,0,0,0,16,0,0,0,1,0,0,0,0,0,0,0,0,0,0,1413,0,748,0,0,0,0,0,0,0,0,0,0,0,0,0,0,0,0,0,0,244,0,0,0,0,0,0,0,0,433,0,0,226,0,0,0,0,0,0,0,0,0,0,0,0,0,0,0,0,0,1473,0,0,95,0,0,0,0,0,0,0,0,0,9,0,0,0,0,3,0,0,0,0,0,0,0,0,0,0,0,11,0,0,0,2260,0,0,0,0,0,105,0,0,0,6,0,15,6,1786,0,4,7,217,291,0,2,11,0,0,98,0,2683,0,21,0,5,65,18090,0,0,0,0,0,0,0,0,0,0,4,24,0,389,480,0,0,310,8,0,0,0,11,0,1723,14,0,0,0,1095,0,386,788,31,0,76,3411,4,5,0,0,0,1572,0,0,0,0,0,0,0,0,0,405,0,834,93,0,0,80,0,0,225,0,18,0,0,178,4,179,0,0,0,0,4,0,9,65,0,0,475,0,0,0,0,0,0,0,2,0,0,0,183,61,0,0,0,0,1207,0,0,0,77,0,0,0,5,0,229,0,0,168,121,0,158,0,10,2,0,134,316,229,0,0,0,460,119,0,1,82,0,84,43,0,57,0,0,0,0,8,0,66,121,114,421,0,1,366,0,0,4,0,0,0,0,0,0,2,26,0,74,0,0,20,0,0,0,0,0,6,444,1,0,0,163,0,0,0,0,0,6,57,0,3,0,0,0,0,0,0,2,0,95,81,93,0,0,15,0,157,52,0,0,0,0,117,0,0,0,257,0,1,2,2,1,0,1,2,5,0,0,206,1,0,13,0,0,0,50,0,0,76,4,0,0,0,0,0,0,0,22,0,90,0,0,0,2,4,0,5,0,0,2,2,0,0,45,0,0,1,0,0,0,0,0,0,0,1,72,0,0,0,72,0,0,0,0,0,0,1,108,0,0,6,0,0,0,0,0,4,730,0,0,0,30,0,250,0,0,0,2747,0,179,0,0,0,0,0,0,0,8,0,0,103,0,0,0,0,0,0,90,1,0,10,0,0,61,57,71,0,0,0,1,135,0,1,0,0,0,20,86,0,0,5,0,3,8,0,0,0,6,0,3,3,0,0,0,0,0,0,0,8,0,26,9,0,0,0,11,1,0,19,13,0,23,50,0,0,4,8,4,12,0,0,0,0,2,42,0,3,1,0,0,0,0,0,0,0,1,0,0,0,2,31,2,1,0,3,0,2,0,4,48,0,0,12,5,0,0,0,1,1,0,0,0,4,0,8,5,0,0,0,1,2,0,43,0,1,0,1,0,0,4,0,0,0,0,0,0,0,2,0,18,3,0,0,0,0,3,0,0,0,0,6,0,0,0,0,3,0,0,10,17,0,1,0,0,0,0,0,4,3,10,0,2,2,0,0,1,1,0,11,2,0,0,20,0,19,11,0,0,0,1,7,1,0,7,1,0,0,0,1,0,0,0,0,0,50,0,58,0,0,0,0,0,1,3,1,3,6,0,0,0,2,0,0,0,0,4,0,0
"gene_638",0,0,208,0,1,0,20,15,0,0,0,0,96,0,4,71,18,0,0,2552,0,0,0,1,0,0,2,0,0,0,0,0,440,0,0,10,0,287,0,0,0,0,76,277,0,0,0,0,3,0,0,20,19,0,0,1,13,0,112,0,98,0,0,0,0,0,14,0,0,270,0,414,0,0,476,0,10,0,0,0,1258,0,0,0,0,887,0,0,0,14,32,24,0,0,0,0,0,0,0,0,446,0,23,0,0,0,0,17,0,0,76,0,0,2,0,0,0,0,0,0,0,0,0,0,1,0,0,0,2217,1,0,0,0,0,684,0,1690,8,1,3103,0,0,0,0,0,0,0,1376,0,0,0,0,1,154,29,0,0,15,13,0,8348,0,0,20,0,4860,586,0,42,4,44,83,214,30,0,0,0,0,73,0,139,0,30,0,234,0,0,133,912,480,1,0,33,0,0,66,0,0,0,33,764,0,0,0,0,60,0,0,0,0,0,1190,0,0,0,0,0,22,0,0,0,0,0,0,0,0,0,3,0,38,0,205,71,0,0,0,8,0,0,0,0,0,0,0,0,21,0,1132,0,0,0,0,302,2,0,0,0,142,0,0,0,0,0,3,1,0,0,0,0,0,270,0,0,0,0,29,0,0,0,6,0,20,25,0,0,0,0,0,12,0,0,0,0,0,0,0,15,0,0,0,1,85,22,0,6,0,0,0,0,0,0,33,0,0,0,0,0,0,5,0,0,0,0,0,0,0,0,0,0,0,0,0,0,0,0,0,5,0,0,0,0,0,0,24,0,0,0,0,0,0,0,0,75,0,0,0,0,5,0,12,0,0,0,0,200,0,0,0,0,0,0,0,0,1,0,0,0,0,0,0,0,93,0,0,0,0,6,0,0,0,5,0,0,0,0,0,0,0,170,0,0,0,0,0,0,0,0,0,0,0,0,0,0,0,0,0,0,0,0,0,0,0,0,0,0,0,0,0,0,0,0,0,41,0,0,0,0,0,1,0,0,0,0,0,0,0,0,0,0,0,0,0,0,0,0,0,0,0,0,0,0,0,0,0,0,0,0,0,0,6,0,0,0,0,0,0,0,0,0,0,0,0,0,0,0,0,0,0,0,0,0,0,0,0,0,0,0,0,0,0,0,0,0,0,0,0,0,0,0,0,6,0,0,0,0,0,0,0,0,0,0,0,0,0,0,0,0,0,0,0,0,0,0,0,0,0,0,0,0,0,0,0,0,0,0,0,0,0,0,0,0,0,0,0,0,0,0,33,0,1,0,0,0,0,0,0,0,0,0,0,0,0,0,0,0,0,0,0,0,0,0,0,0,0,0,0,0,0,0,0,0,0,0,0,0,0,0,0,0,0,0,0,0,0,0,0,0,0,0,0,0,0,0,0,0,0,0,0,0,0,0,0,0,0,2905,0,0,0,0,69,0,0,0,0,0,0,0,0,0,0,0,0,0,0,0,0,0,0,0,0,0,0,0,0,0,0,0,0,0,0,0,0,0,0,0,0,0,0,0,0,0,0,0,0,0,0,0,0,0,0,0,0,0,0,0,0,0,0,0,0,0,0,0,0,0,0,0,11,0,0,0,0,0,0,0,0,0,0,0,0,0,0,15,0,0,0,0,0,0,0,0,1,0,0,0,0,0,0,0,0,0,0,0,0,0,0,0,0,0,0,0,0,0,0,0,0,0,0,0,0,0,0,0,0,0,0,0,0
"gene_639",0,709,609,488,984,27,0,904,209,9389,4,30,296,2694,771,27,3,2508,2830,57,10,1673,1153,1,1020,364,836,2688,4660,3999,0,4460,33,0,5716,734,20,235,0,345,2,675,4,0,24,0,50,38,0,26,451,0,82,1196,15,0,88,14,0,5,1,10,6655,42,15,571,1,66,16,451,3783,522,32,25,0,232,90,0,232,35,11,5,180,1563,2,0,0,1,35,108,560,0,11703,4,46189,2012,124,711,16,1365,19,123,405,0,0,3243,8158,34872,32,1114,0,476,330,0,2730,358,0,21,5028,47,1,853,0,0,0,0,4,623,29,6981,0,5071,0,1012,5418,6072,683,0,1669,456,21,0,0,93,18,9,417,1,8931,1,4,568,3297,2937,5,703,2,2,8804,909,26,789,0,219,3629,22,4580,398,0,5280,11906,0,61,375,861,41294,722,28,4,55,477,163,22,63361,3951,0,5935,1003,1216,11083,2,660,29,8978,2,0,0,0,2,2102,1,30,197,1375,2444,0,128,21,0,1209,4870,0,440,6144,0,134,0,2,10,0,0,2259,159,5,8670,16,19,3,1172,1047,633,91,3,13365,2730,0,0,3,0,0,983,7,186,586,33,16,0,1273,1529,12,237,3,0,103,31,31,0,5,0,302,0,121,0,217,0,0,0,0,358,215,7,0,1424,151,23,0,30,0,0,0,0,0,16,0,12,3542,1261,0,0,896,5221,30,0,49,110,0,52,1856,7,13,3,0,0,26109,1,882,8,30,0,941,964,0,19,11,0,5,4,23,268,0,124,0,10,3,14,783,45,0,1932,43,76,0,3205,161,2373,350,0,34,0,4497,0,0,809,0,0,4,25,174,672,0,0,78,982,0,53,104,3,1885,172,492,0,0,0,0,3709,33,248,1120,0,563,0,2094,0,374,43,270,2141,19,129,2,0,2054,2174,292,1017,2,1064,0,0,7,7,0,15,36,127,0,10,166,0,118,13,152,168,1123,3,1,373,292,0,13,0,0,290,0,4,0,3,85,5399,63,313,2,1451,2611,0,865,338,3,67,25,1,4,2,0,0,0,5532,402,2584,104,0,0,594,54,2467,845,755,1,5,2804,1213,234,0,0,0,369,8,0,0,149,0,5,5,118,21,207,0,86,4,5,97,60,0,0,0,3123,465,3,56,1185,184,0,15,12,74,11,0,51,0,0,0,632,1,12,9,0,10,7,0,57,44,258,22,0,219,0,0,177,3555,0,13,56,28,87,13,29,0,42,1586,0,4,3275,3837,1464,156,237,648,4216,2,0,1826,7685,374,89,2032,1,8734,3,608,0,0,225,480,635,14,75,351,39,227,187,0,7,1153,0,0,1009,2,1,0,741,210,635,1,4945,551,0,0,2259,215,2,0,0,1,1,1,1,0,146,0,0,69,0,0,0,0,0,529,0,0,66,810,504,0,0,128,0,310,0,596,0,422,558,0,44,272,2,453,0,4436,0,1526,0,763,0,0,2177,3,0,133,0,0,97,0,0,250,0,0,0,0,2,1956,0,0,0,0,2,0,0,0,0,8118,2216,645,0,5,2734,182,0,1632,126,96,0,0,0,38,3,17,20,0,0,0,3,0,1,408,0,0,2497,0,0,0,0,0,106,0,0,0,14,0,8,231,6,0,260,0,0,74,0,0,23,218,0,0,527,3045,22,0,47,3,0,0,0,0,11,0,0,1173,335,0,1,966,0,85,0,4,0,3,0,0,136,66,0,0,42,0,0,0,0,379,548,102,0,607,150,150,0,0,0,0,0,0,895,0,0,0,0,0,0,28,0,0,2,0,40,2,0,0,573
"gene_640",10,82,146,0,2038,1538,2,4,5885,5,1725,205,142,90,2077,11,52,11,181,2389,1,483,2606,4791,0,28,1280,71,103,726,283,3,1411,0,14,1662,127,1397,2028,620,176,44,146,94,447,2,1425,94,870,11,1882,2428,0,661,1125,2892,4,13838,704,696,335,0,6,187,19,227,7,12492,0,4,10,137,82,207,4718,171,0,2,54,2836,0,48,51,0,1343,0,671,2850,84,24,63,78,149,17528,2,1964,3531,1,94,2993,0,13,367,965,1407,1,4021,6775,4317,11,451,638,108,1857,252,0,732,0,702,265,68,7,1388,39,0,1604,0,103,1308,0,1506,86,0,9,61,2,2,0,1083,7,272,0,6390,6338,475,554,559,2704,0,830,350,156,27,1,716,2,212,0,14458,575,6,31108,0,3321,170,214,4039,607,421,7125,83,409,5699,9,8073,10418,1396,3,1273,4317,0,2164,77,855,1612,1,41,1178,990,349,612,1211,1,143,0,351,814,1162,29,296,162,1018,4070,1347,303,13951,13,1216,2599,4042,1315,2233,1,48,0,886,0,4,441,1522,114,1556,7531,4569,1878,2186,7,10820,2901,318,1,1,18,2,311,0,926,4114,5697,1324,1042,0,5,402,982,1018,2164,3392,1922,855,731,2285,47,1251,256,2047,3752,4,6,878,0,40,0,60,4,0,0,675,0,0,1,879,2309,623,0,0,0,0,0,0,0,4,0,0,0,9,0,101,0,0,0,0,0,0,1799,0,17,1762,0,0,30,1264,0,518,0,1918,161,0,465,98,0,0,8,0,4,13,220,0,952,2063,1,0,0,0,0,0,0,355,60,1720,0,0,0,0,0,0,0,0,0,7,0,0,3693,1,0,6,539,7,45,4,5,743,910,28,0,0,379,3456,3175,0,166,0,0,0,2,1,0,1629,649,4783,0,1999,0,1,68,219,1681,439,0,2,61,0,0,18,10,24,1027,0,0,0,0,14,78,100,0,0,10,64,118,0,0,0,4,1,125,0,481,26,0,0,0,0,1,24,2124,3,33,13,0,104,115,0,5057,0,0,333,1,0,6923,3587,0,0,42,0,6,0,0,0,0,100,0,0,0,0,0,0,0,0,5,0,1,0,0,0,301,0,1,0,177,0,0,1337,43,7,55,0,0,0,0,0,0,0,1580,0,5,0,0,0,1,415,24,0,364,0,0,0,0,0,0,0,0,73,0,0,4,0,0,0,0,0,112,0,0,0,0,0,0,9,0,26,27,1,467,10,65,0,2,0,0,139,0,0,0,0,0,142,29,0,0,0,0,3,844,0,0,2,0,0,63,0,0,0,0,31,6,0,1,0,121,4,0,0,0,2,0,172,0,0,0,1,0,261,0,1353,183,0,0,0,0,0,0,0,0,0,0,0,0,0,0,1349,0,0,0,0,0,0,0,0,2,0,0,0,695,0,0,0,0,0,0,0,0,0,0,0,0,4,0,0,0,0,0,0,0,0,0,0,0,0,0,0,0,0,0,0,0,0,0,0,0,0,0,0,0,0,0,0,0,0,0,0,156,0,0,0,0,0,0,0,0,0,0,0,0,36,0,0,0,0,0,2,0,0,0,0,0,0,0,0,0,0,0,0,0,0,0,0,43,0,0,0,2,0,0,0,0,0,0,0,0,0,0,0,0,0,0,0,0,0,0,0,0,0,0,0,0,0,7,0,1456,2,0,0,0,0,0,0,96,0,0,0,471,0,0,245,0,0,0,3,0,0,0,0,0,0,0,0,0,0,0,0,0,0,0,0,0,0,0,0,0,0,0,0,0,0,0,0,0,0
"gene_641",259,0,0,15,0,0,0,0,0,129,0,0,0,0,0,1,0,0,0,0,0,0,0,36,475,0,0,0,67,0,0,0,0,22,0,0,120,1631,0,0,6,3,12,0,0,0,8,0,0,0,0,0,0,0,0,0,652,0,0,0,0,38,0,0,21,0,55,0,0,46,0,20,2,0,0,0,40,0,1,0,0,0,0,0,0,28,0,0,0,28,6,69,0,0,0,0,0,0,0,0,0,0,0,0,7175,0,0,0,0,0,0,0,0,0,0,0,0,0,0,0,0,0,0,0,0,0,0,0,0,0,0,0,0,0,0,0,36,0,0,0,0,0,0,0,0,89,0,0,0,0,770,0,0,0,0,0,0,0,0,0,0,0,0,0,0,0,0,0,46,0,0,0,780,0,0,0,0,0,0,0,0,0,0,0,0,0,0,0,0,0,0,0,0,0,0,0,0,0,0,0,337,0,0,0,123,0,0,0,0,0,0,0,0,59,91,0,0,0,0,0,0,0,0,0,0,0,0,0,0,0,0,0,0,0,1,2324,0,0,0,0,0,0,0,0,0,4,0,0,0,0,0,0,0,263,0,0,44,0,0,0,0,0,0,0,0,0,0,0,0,0,0,0,0,0,0,0,742,0,0,0,0,0,0,0,0,0,22,0,0,0,0,0,0,0,0,0,0,0,0,0,0,0,0,0,0,0,0,11,0,0,0,0,0,0,0,0,0,0,59,0,0,0,0,0,0,0,0,0,0,0,0,0,0,0,0,0,0,0,0,0,0,0,0,0,0,0,0,0,0,0,0,0,0,0,0,0,0,0,0,0,0,0,0,1,0,0,0,0,0,307,0,181,0,0,0,0,0,0,0,0,0,0,0,0,0,0,0,0,0,0,0,0,0,0,0,0,0,0,0,0,0,0,0,0,0,0,0,0,0,0,0,0,0,0,0,0,0,0,0,0,0,0,0,0,0,0,0,0,3298,0,0,0,0,0,0,0,1,0,0,0,0,43,0,1771,0,0,0,0,0,0,0,0,0,0,0,1,0,0,7566,0,8,0,0,0,0,0,0,231,0,0,0,548,0,0,0,0,0,0,0,0,0,289,0,0,305,0,0,0,0,2,0,0,0,208,0,0,0,0,0,0,0,0,0,0,0,0,0,0,0,0,0,0,0,0,0,0,0,0,0,0,0,0,0,1,0,2,0,0,0,0,0,0,0,0,3,147,0,0,0,0,0,0,0,0,0,0,2,0,0,0,0,0,0,0,0,0,0,0,0,0,0,0,0,2150,0,2978,0,0,0,3,0,0,0,0,363,0,0,1569,0,0,4,589,0,0,2271,142,1239,0,0,50,0,0,0,0,0,0,0,4,0,0,0,0,0,3,0,1,0,0,0,0,0,0,1916,0,0,0,0,0,1219,0,0,0,0,77,0,0,0,0,0,0,0,50,0,208,0,0,0,0,0,0,38,10,0,0,0,0,0,0,1,0,170,0,0,0,0,0,0,0,26,0,0,154,0,17,0,0,0,0,0,0,0,0,2,0,0,0,0,0,0,0,0,0,0,0,101,0,12,0,0,0,0,0,45,0,0,0,1,0,0,0,3,0,396,0,0,0,1,0,432,0,29,0,0,0,0,0,0,0,0,0,0,131,1,0,0,0,0,0,0,0,1,0,3,0,7,0,2,1880,0,0,40,0,0,1190,1,8,2157,0,0,0,0,0,6,1426,0,0,0,0
"gene_642",0,0,0,0,0,0,0,0,0,0,0,0,0,0,0,0,0,0,0,0,0,0,0,0,0,0,0,0,0,0,0,0,0,0,0,0,0,0,0,0,0,0,0,0,0,0,0,0,0,0,0,0,0,0,0,0,0,0,0,0,0,0,0,0,0,0,0,0,0,0,0,0,0,0,0,0,0,0,0,0,0,0,0,0,0,0,0,0,0,0,0,0,1,0,11,0,69,0,0,0,0,0,0,0,828,132,217,0,0,2,18,0,0,415,1057,0,424,50,0,0,0,0,0,5,0,66,0,7,0,0,0,1,0,0,1,890,39,1,0,488,1044,861,552,349,0,848,0,0,259,0,1386,0,0,0,0,1,856,0,0,0,0,0,0,0,0,0,0,0,0,0,3,2,3443,0,694,0,0,0,0,0,0,0,0,0,1308,34,0,45,0,0,0,0,0,12,980,0,0,489,0,55,3,4966,2,562,10784,237,37,1,14,0,365,1454,9,6451,4186,29,0,7,0,0,0,110,4,0,1,0,0,800,0,0,6,3711,29,11,0,2253,4786,151,5704,988,5,564,13,577,0,0,429,10,1883,0,521,19,0,0,0,643,0,0,984,644,0,0,0,43,0,0,0,0,0,91,0,0,0,0,0,0,14,0,0,5,0,1126,1763,0,0,0,0,0,0,0,0,0,0,0,72,0,17,0,0,38,0,0,0,0,0,0,0,0,0,0,0,0,0,0,512,0,0,40,28,2451,0,0,0,0,784,2,0,108,0,0,0,0,0,0,0,0,1,0,0,0,0,1339,17,0,347,0,1,3795,0,0,0,84,54,0,14,0,0,6,3550,0,0,0,0,0,0,12,19,0,65,6,0,0,0,0,0,0,10,0,0,0,0,0,0,554,2567,3,0,8,0,0,1,0,0,0,0,0,1,0,0,0,0,0,0,0,0,23,0,0,0,0,0,0,0,0,0,0,0,0,0,0,0,0,0,0,0,0,1,0,0,0,0,1,0,0,0,0,0,0,0,0,0,0,0,0,94,0,0,0,0,0,0,0,0,0,0,0,0,0,0,0,0,0,0,0,0,0,0,0,0,0,0,0,0,0,0,0,0,0,0,0,0,0,0,0,0,0,0,0,0,0,0,0,0,0,0,0,0,0,0,0,1,0,0,0,0,0,0,0,0,0,0,0,0,0,0,0,0,0,0,0,0,0,0,0,0,0,0,0,0,0,0,0,0,0,0,0,0,0,0,0,0,2,0,0,314,0,0,0,0,0,0,0,0,0,0,0,0,0,0,0,0,0,0,0,0,0,0,0,0,0,0,0,0,0,0,0,0,0,0,0,0,0,0,0,0,0,0,0,0,0,0,0,0,0,0,0,0,0,0,0,0,0,0,0,0,0,0,0,0,0,0,0,0,0,0,0,0,0,0,0,0,0,0,0,0,0,0,0,0,0,0,0,0,0,0,0,0,0,0,0,0,0,0,0,0,0,0,0,0,0,0,0,0,0,0,0,0,0,0,0,0,0,0,0,0,0,0,0,0,0,0,0,0,0,0,0,0,0,0,0,0,0,0,0,0,0,0,0,0,0,0,0,0,0,0,0,0,0,0,0,0,0,0,0,0,0,0,0,0,0,0,0,0,0,0,0,0,0,0,0,0,0,0,0,0,0,0,0,0,0,0,0,0,0,0,0,0,0,0,0,0,0,0,0,0,0,0,0,0,0,0,0,0,0,0,0,0,0
"gene_643",0,0,0,0,0,0,0,0,0,0,0,0,0,0,0,0,0,0,0,0,0,0,0,0,0,0,0,0,0,0,0,0,0,0,0,0,0,0,0,0,0,0,0,0,0,0,0,0,0,0,0,0,0,0,0,0,0,0,0,0,0,0,0,0,0,0,0,0,0,0,0,0,0,0,0,0,0,0,0,0,0,0,0,0,0,0,0,0,0,0,0,0,5,12,891,133,0,127,0,0,0,13,0,1721,1,0,803,0,0,171,1,372,124,0,0,1832,0,0,4,0,53,2,0,48,398,179,26,0,8,2,240,205,0,0,8440,1820,2391,123,3194,218,0,43,0,0,604,707,1,0,4297,636,0,22,2,3,0,0,0,0,0,73,3004,201,0,0,0,69,0,0,0,109,24,1,138,0,4483,47,20,0,551,0,0,24,652,0,0,2183,44,0,11,0,375,105,0,0,131,1273,1193,991,849,270,3569,1389,4495,8,623,1984,1526,0,0,66,475,347,245,728,1332,2364,102,91,44,436,3207,28,186,3128,21,2,51,8058,3588,66,9,665,0,9458,268,3661,7728,788,1420,5,20,3287,4366,450,203,237,5415,1106,1834,77,0,113,124,2,583,1571,15,1117,1517,1595,78,0,141,4,112,0,1,1661,0,0,0,5,3,24,90,8,1289,0,0,103,0,0,6,0,0,1,250,0,0,5,795,0,0,0,0,291,159,65,1,2,0,0,202,79,0,18,36,0,0,3,0,123,801,0,232,0,50,0,3,199,0,0,4,260,0,193,1718,177,0,0,1215,21,0,187,3,81,1094,0,0,0,0,34,0,406,0,0,308,32,0,5,36,257,43,1160,7,121,0,2,0,4,0,92,0,33,286,0,1399,36,4,0,473,20,180,259,500,5,80,0,75,0,111,15,0,33,9,0,0,0,1465,149,3,13,0,552,608,0,0,494,71,96,57,637,0,0,1,0,10,61,26,0,0,2,5,0,50,668,115,0,0,0,0,0,0,0,1,0,10,106,11,0,48,0,0,141,0,62,0,214,0,0,0,0,0,0,304,0,0,0,0,0,36,0,33,26,0,0,0,0,0,0,0,6,0,0,0,0,0,8,23,0,0,0,0,6,0,0,2082,0,0,0,0,11,0,0,1,0,0,0,0,0,0,0,0,0,0,0,0,0,0,0,633,0,5,131,0,0,0,300,0,0,0,0,0,0,0,0,0,0,528,18,0,0,0,0,0,0,0,0,0,0,1116,0,0,11,0,0,2401,0,0,0,0,0,0,1,0,0,0,0,0,0,0,0,368,0,0,10,0,40,0,0,0,0,0,0,0,0,0,0,0,0,209,1275,203,65,0,166,0,290,0,0,586,0,0,1,12,0,5,59,0,0,63,0,0,0,698,0,0,1,0,3,17,0,0,0,0,0,0,0,0,0,3,0,0,712,26,0,2,57,0,0,0,0,52,0,0,0,0,0,18,0,0,4,0,0,0,0,4303,0,0,65,0,0,8910,0,8795,51,2,0,0,6,2,601,0,0,928,0,0,0,0,0,0,0,0,0,7,1920,0,1,0,0,0,0,0,1,0,5823,1938,0,1,15,0,855,0,394,4,0,534,0,0,0,0,0,674,309,0,0,0,0,0,0,0,332,211,0,2323,0,0,1387,0,0,0,0,0,4944,3,0,0,0,0,3162,0,0,0,0,0,0,5,0,0,6,0,34,35,1,0,64,675,0,0,0,0,2,0,0,0,0,0,1,2,0,0,7,0,52,0,0,7,0
"gene_644",0,0,118,0,0,0,0,1030,386,3,4,49,0,0,342,0,259,0,0,0,0,23,32,1298,2269,0,0,0,2256,0,4765,21,0,0,4148,0,0,2,0,0,1,27,0,0,558,0,11,0,0,0,0,0,0,2,0,16,58,0,26,0,0,0,0,0,48,0,4,4,17,101,5,14,0,0,24,0,0,0,1480,0,0,1,15,0,190,0,0,0,3400,17,617,0,0,47,0,43,2050,0,386,6,1489,0,34,327,0,0,0,20,1961,1,7,0,50,0,0,0,0,0,0,0,72,0,0,0,10,0,313,0,0,219,20,788,0,91,369,0,1,4319,1,0,0,0,0,8467,0,0,0,0,1012,0,0,0,9,0,66,0,0,0,0,1,2,4890,0,0,0,0,0,0,0,438,0,0,0,0,1,0,841,0,0,0,7,0,48,0,45635,18,433,42,8994,0,0,305,380,0,0,16,3,0,0,4,0,0,0,57,0,420,0,0,0,1,698,29,0,618,39,0,0,140,0,0,0,0,50,0,0,0,0,7,0,0,0,176,0,0,0,0,0,474,162,5,2,384,0,0,102,582,0,0,22,0,0,0,78,0,40,0,0,0,0,1,0,0,20,0,4,0,35,0,6,79,0,0,0,0,2,105,6,246,0,0,1,0,0,0,0,27,98,0,60,4,286,2,338,45,3,53,0,687,3,68,9,6,172,465,87,0,0,0,19,0,89,70,141,2,2,0,22,52,21,0,2,91,3,0,0,1,0,0,0,0,0,0,0,317,0,0,0,1,1,0,0,72,2,0,2,0,0,0,0,0,51,17,14,24,0,0,0,711,0,0,0,1,0,2036,28,858,1,800,7,0,290,179,0,0,694,305,68,1412,0,0,2028,0,0,7,0,1,0,0,16,0,0,569,74,0,0,45,311,138,0,0,0,0,0,0,452,0,98,120,0,0,414,9,0,1,3382,3058,219,7,21,85,5,105,0,0,0,0,1201,4,63,89,96,0,1058,2542,2447,5703,1675,2333,11088,17,1124,1338,0,1871,99,40,16,848,12365,201,1256,4,0,127,3,405,3620,1,207,201,116,0,5115,2775,12,24,547,11,0,570,423,592,8,4803,0,38,0,233,667,0,42,466,843,54,1,70,15,3069,970,2025,708,12001,507,1,204,6414,1673,40,156,181,158,8,9,34,7426,6609,514,12156,2353,943,1,0,2801,370,279,1258,279,222,4998,0,199,211,67,34,931,1781,397,433,269,3122,45,138,162,1,1,3,1686,64,399,1528,32,199,145,192,12680,13963,1552,86,98,114,1443,2121,1030,2,55,6692,8,392,30,134,0,9,500,45,1651,697,9648,24,406,56,930,2566,2,29,33,0,0,0,0,2,70,0,1,0,261,0,1314,9778,259,0,38,0,63,425,20,19,0,51,0,0,907,530,0,3,19,889,51,0,4,0,0,1,0,1254,6,0,119,2669,1170,11,0,0,0,0,0,0,0,0,5,2,1,14,8,524,0,98,35,0,0,0,0,0,0,13,1,18,0,1,112,0,0,0,796,0,622,4,0,0,6,664,672,70,0,57,0,0,32,0,0,1233,0,0,65,0,2191,0,7060,18,0,1710,1,0,2768,2,27,0,5,985,4251,0,0,5997,0,0,5,1,0,1845,1,0,7415,84,0,0,0,0,7,0,1086,1910,8043,0,3922,0,0,454,1300,2,980,0,2792,0,7798,1673,1955,893,5601,48,2372,0,874,415,284,6,0,904,76,0,0,1044,25,1966,0,0,2403,0,600,64,0,1,2924,0,422,0,115,1413,0,1391
"gene_645",23,0,0,0,0,0,0,0,0,0,0,0,0,0,0,0,0,0,0,0,0,0,0,0,0,0,0,4,0,0,0,0,0,0,0,0,0,0,0,0,0,0,0,1,0,0,0,0,0,0,0,0,0,0,0,0,0,1,0,0,0,0,128,0,0,0,0,0,0,0,0,0,0,0,0,0,0,0,0,6,0,0,0,0,0,0,0,0,0,0,0,0,96,0,0,0,0,0,0,2,26,0,0,4,0,0,0,0,40,2,0,0,0,0,1,0,0,0,0,9,0,0,0,0,0,0,0,0,0,0,0,0,0,0,0,0,0,0,28,0,2,3,0,0,0,0,0,0,0,0,0,0,32,0,0,0,0,2,0,0,37,0,0,0,0,0,37,0,0,0,333,0,0,0,0,1,0,0,0,188,22,0,0,0,9,0,4,0,0,0,0,0,0,0,9,0,2,0,0,0,12,0,0,0,0,9,0,0,0,0,0,0,0,1,2,0,0,0,0,2,0,1,0,0,8,0,1,0,0,0,0,0,0,0,11,0,0,4,5,0,0,2,0,0,0,0,0,3,0,0,3,1,0,0,0,0,0,0,4,0,0,0,0,0,0,296,0,0,0,0,0,1,0,1,3,0,0,1,0,0,0,0,0,0,0,0,6,0,8,0,2,0,0,0,0,0,0,0,0,0,73,94,0,2,0,198,0,0,0,2,0,0,44,0,51,30,0,0,0,2693,121,0,0,0,0,0,0,85,0,0,0,0,0,0,0,1,0,0,4,154,0,0,256,0,2079,0,0,0,2,1,1,39,0,0,186,0,0,1,364,0,0,0,531,0,0,0,0,0,0,0,0,138,0,0,0,0,2,120,0,135,0,0,0,0,0,0,41,2,0,0,0,0,0,102,0,16,18,0,6,0,0,150,0,0,0,49,0,0,0,0,73,0,0,0,0,0,1,0,0,0,0,0,0,0,0,32,31,0,0,0,0,0,0,0,0,0,0,0,0,0,0,0,0,0,0,0,133,0,2,0,0,0,231,0,35,0,0,0,154,0,0,4,0,1,0,0,0,0,0,2,0,0,464,0,0,0,0,14,51,0,0,0,0,0,0,0,0,0,0,0,89,0,1487,0,6456,4,0,256,0,0,0,19,0,0,0,0,0,0,0,0,133,0,0,1,0,353,0,0,1875,0,0,0,0,0,247,0,0,4,0,0,0,0,0,0,0,304,14,0,0,0,0,0,0,0,0,0,0,88,0,0,0,0,7,0,0,0,0,0,0,0,0,0,82,0,0,0,0,0,0,0,0,0,0,0,9,0,0,0,0,0,7,0,0,0,0,0,0,0,0,0,0,0,0,0,0,0,689,0,0,0,0,0,1038,0,0,0,0,0,0,0,0,0,0,0,0,0,0,0,0,8,0,0,0,0,0,0,0,0,0,0,0,0,0,0,0,0,0,0,0,0,314,0,0,0,0,0,0,0,0,0,7,0,0,0,0,51,0,0,0,2,0,0,0,0,0,0,0,0,0,0,0,0,0,0,0,0,741,0,0,0,0,0,0,0,0,0,0,0,0,0,0,0,12,0,0,0,0,0,0,0,0,0,0,101,0,0,121,0,0,0,2,0,0,0,0,0,0,1,0,0,0,0,0,1384,0,0,0,0,189,0,0,0,0,0,0,0,0,0,0,0,0,0,0,0,3,0,0,0,0,0,0,0,0,0,0,0,0,0
"gene_646",2,0,0,2,0,2,0,0,2,0,0,0,0,0,2,2,0,0,0,0,0,0,1,0,0,0,3,0,0,2,0,0,0,0,1,0,1,0,0,3,0,1,0,0,0,3,0,1,1,0,0,2,0,0,2,0,0,1,0,0,0,0,0,0,0,0,0,6,0,0,0,0,0,0,3,0,0,2,0,1,0,0,1,0,0,0,0,0,1,0,0,0,0,0,0,0,0,0,0,0,1059,0,0,42,0,0,0,0,0,0,0,0,0,0,0,0,0,0,0,0,0,0,0,0,0,0,0,0,0,0,0,0,0,0,0,0,0,0,0,0,0,0,2,12,0,0,0,0,0,0,0,0,202,0,0,457,6,0,0,0,0,0,0,0,0,0,0,0,0,0,0,0,0,0,0,20,0,0,0,0,0,0,0,0,0,0,19,0,0,0,0,0,0,0,0,0,0,0,0,0,0,79,0,0,0,0,0,0,0,0,0,0,0,0,0,0,0,0,0,0,0,0,0,0,0,0,0,84,0,0,0,0,0,0,0,0,0,0,0,0,0,0,0,0,0,0,0,0,0,0,0,0,231,0,0,0,0,0,0,0,0,0,0,0,0,0,0,0,0,0,0,0,0,0,0,0,0,0,0,0,0,0,0,65,0,0,0,0,0,0,0,0,0,0,0,0,0,0,0,0,0,3,0,55,0,0,0,0,0,0,0,0,0,0,0,0,0,18,0,4,0,0,0,0,0,0,0,0,0,0,0,0,0,0,0,0,0,40,0,0,0,0,0,0,0,0,0,0,0,0,0,1,0,0,0,0,0,0,0,0,0,0,0,0,0,0,0,0,0,0,0,0,0,1,0,0,0,0,0,0,0,0,0,0,0,0,0,0,0,0,0,0,0,0,0,0,0,0,0,0,0,0,0,14,0,0,0,0,0,0,0,0,0,0,0,0,0,0,0,0,0,0,1,0,0,0,0,0,0,0,0,0,0,0,0,0,0,0,0,0,0,0,0,0,0,0,0,0,0,0,0,0,0,0,0,0,0,3,0,0,0,0,88,0,0,0,0,0,0,0,0,0,0,0,0,0,0,0,0,0,0,0,0,0,0,0,0,0,0,0,0,0,0,0,0,0,0,0,0,0,0,0,0,0,0,0,0,96,0,0,0,0,0,0,0,0,0,0,16,0,0,0,0,0,0,0,0,0,0,0,0,0,0,0,0,0,0,0,0,0,0,0,0,0,0,0,0,0,0,0,0,0,0,0,0,0,0,0,0,0,0,0,0,0,0,0,0,0,0,0,0,0,0,0,0,0,0,1,0,0,0,2,0,0,0,0,0,0,0,0,0,0,0,0,0,0,0,0,0,0,0,0,0,385,0,0,0,0,0,0,0,0,0,0,0,0,0,0,0,0,0,0,0,0,0,0,0,0,0,0,0,0,0,0,0,0,0,0,0,0,0,0,0,0,0,112,0,0,0,0,0,0,0,0,0,0,0,0,0,0,0,0,0,0,0,0,0,0,0,0,0,0,0,0,0,0,0,0,0,0,0,0,440,0,0,0,0,0,0,0,0,0,0,0,16,0,0,0,0,0,0,0,0,0,0,0,0,0,0,0,0,0,0,0,0,0,0,0,86,0,3222,1,0,0,0,0,0,0,0,0,0,0,0,0,0,0,0,16,0,0,0,0,0,0,0,0,0,0,0,0,0,0,0,0,0,0,0,0
"gene_647",2282,3537,1023,948,15823,26457,15988,7581,579,4556,4291,1660,1171,8102,3206,18096,3959,5047,4875,326,2630,531,780,6171,3590,6247,1996,8319,9502,11559,149,6887,2657,1699,10472,1251,500,354,1498,83,4458,2965,490,9008,1087,11616,142,784,611,1759,3998,12377,643,683,150,6436,1217,4571,3952,8574,6372,6366,13754,11012,2063,756,4878,1531,136,4682,4813,1335,9,21419,4895,10461,26,2315,11463,5410,19456,2440,7309,4527,11628,33,59,712,4322,5240,2311,8331,6216,1,830,506,50,94,3895,40,2379,413,3034,1660,11016,1017,23387,1726,11,1013,8399,1,556,2516,189,508,1354,7910,187,1256,1526,1441,6,62,14933,1065,116,0,2595,10,1,96,1253,16,4019,10692,19600,2617,3677,1181,346,138,17006,1698,0,79,0,18027,236,22643,14084,842,394,755,83,99,1914,1223,2602,105,31355,3213,9333,3969,7515,360,1217,95,106,15080,11890,5047,8890,190,10041,12203,5139,6133,854,5,20235,9765,17404,463,695,0,483,135,61,1853,2259,6337,77,926,622,0,3006,1408,332,14,2412,1,423,0,768,327,0,207,17,6,7852,6346,5634,202,2620,0,7237,191,0,3,0,0,983,645,1,2209,0,0,103,117,72,3218,51,0,2,1422,0,1103,0,1,11,2461,19,5,2140,818,1,94,0,3,1,0,2,16,10757,89,17,0,3,0,0,5,0,0,0,50,0,0,0,29,2,6,0,2472,0,376,0,688,0,0,0,0,0,0,0,28,0,2,0,0,0,1,7,0,2,0,0,0,3353,0,0,0,0,0,0,71,0,0,0,181,0,0,0,0,0,0,19,0,59,0,0,0,0,0,0,2077,0,2606,0,0,5890,3,0,0,1,0,0,0,0,0,0,0,0,0,0,0,0,0,0,0,0,0,0,0,0,0,0,0,0,0,0,0,0,0,0,0,0,64,19,0,0,9,0,0,26,0,0,0,0,0,0,0,154,0,0,1,124,0,0,1095,1234,0,0,0,0,0,0,283,0,0,0,67,13,0,0,86,0,0,1,9064,248,653,0,9,0,0,1,0,0,0,0,0,0,0,0,0,0,1,0,114,0,0,0,0,1,9,0,0,0,180,0,0,8,0,0,0,0,0,0,0,1410,0,0,0,1,0,0,0,0,1,1,0,0,9,0,2,0,0,122,0,1,249,0,4,0,0,11,0,0,0,0,0,0,0,0,0,0,0,35,15,0,0,0,34,1,0,0,0,0,0,0,0,7,0,0,0,302,148,393,2,0,0,0,0,0,62,0,0,0,5,6,0,0,0,83,573,0,0,0,0,0,4,0,0,0,0,0,0,1,76,0,46,0,0,0,0,0,0,0,0,633,3,0,0,0,0,0,0,0,0,0,0,0,0,0,0,0,0,30,4,0,0,0,1,0,0,58,1210,0,0,0,0,0,0,0,0,0,4086,0,0,17,2559,0,550,1,1,0,17,109,0,0,0,0,0,18,20,0,0,50,0,0,13,2963,0,0,0,0,6,0,11,0,0,670,0,6,0,0,0,0,0,0,0,0,0,0,0,0,0,0,856,0,0,0,5,1198,0,5,0,0,208,0,0,0,130,0,4385,63,0,0,0,1449,0,0,12,0,0,1928,0,0,2,49,0,0,0,299,0,0,0,2,0,0,2,0,469,79,0,0,0,27684,0,0,0,27,0,0,0,1699,0,0,55,0,0,0,258,0,0,24,0,1240,0,0,0,0,97,26,0,0,1,1,570,1226,582,0,3,2,0,0,0,0,1685,1668,0,14,1692,0,0,2491,0,0,0,0,0,164,0,0,0,0,2050,0,0,0,0,0,0,0,0,0,0
"gene_648",124,2,157,228,63,156,175,14,3,15,2,0,185,247,143,131,197,17,214,52,2,4,10,490,5,18,60,105,84,115,11,185,10,590,388,361,23,0,1841,84,97,105,0,333,1,1034,47,21,350,161,995,298,145,612,119,4,3,38,1932,381,666,44,3,8,93,163,288,915,0,0,0,329,1,213,282,50,749,62,0,4,161,40,729,7,33,0,34,287,5,2,581,665,421,565,583,3,5808,0,469,420,0,37,441,136,473,2797,522,1441,62,0,1104,110,37,235,523,14,1156,1346,1519,0,11,3496,803,29,1696,0,6,2764,524,3965,911,2,870,1,0,726,116,711,8,1177,334,18,139,1,11,1265,7544,0,1436,331,413,203,57,6,2989,4309,2807,200,0,32,1375,106,8449,5107,0,418,53,1455,17,0,12062,4958,165,1,1,119,15445,0,1744,1,1,2,1519,5209,19,757,287,413,7,5506,29584,4307,0,0,1036,17,20,139,10,39,86,406,483,329,67,51,96,43,40,148,1902,347,2962,19,22,8,1590,46,7,794,221,43,884,1294,1573,12,77,299,172,3386,215,758,229,466,237,954,559,112,80,124,33,111,2,41,352,626,308,766,176,314,872,72,358,123,276,203,40,274,654,753,1114,2,123,5,57,46,42,709,0,458,880,62,66,24,1293,2,36,12,102,381,13,2181,1608,80,449,223,159,102,454,84,1520,52,828,311,132,2733,2235,0,326,3551,238,287,12,83,0,529,29,273,741,1398,0,9,12,10,177,19,151,585,256,197,17,164,246,58,48,19,9,183,0,91,114,33,146,0,1,813,0,11,11,459,16,2,159,499,3931,30,20,75,255,469,257,738,274,333,75,661,34,31,1,45,80,249,19,178,2,0,202,40,761,567,1,523,455,54,189,253,850,0,1644,10,1129,0,554,792,56,964,384,282,21,246,1870,407,346,165,104,406,218,548,283,51,60,15,0,0,7,325,66,0,94,580,1554,434,153,205,2418,30,6102,325,0,1045,124,3678,363,1207,82,1927,565,35,208,624,1334,15,686,6,71,140,15,0,0,882,1,78,0,9,34,0,2,36,0,39,9,398,10,0,15,40,87,5,128,176,118,26,495,43,0,8,32,374,3,2,182,38,0,0,0,0,17,0,0,1,19,1,1,0,13,247,11,0,0,47,5,16,0,3,0,0,0,19,128,0,42,0,45,1632,0,2,13,10,101,410,0,33,402,1,855,0,49,1,484,0,0,87,0,8,130,204,0,52,37,40,322,0,7,0,0,2,1227,85,0,358,280,1,36,0,5,0,367,200,209,387,0,0,0,2,6,310,43,0,20,325,370,97,1087,61,1675,3,30,70,9,3,3,14,1,0,66,200,512,0,6,432,10,0,0,5,205,9,3,178,4,19,61,87,1337,100,174,0,13,221,4,76,13,42,211,65,344,455,2,225,953,0,119,38,31,0,91,233,26,35,572,11,6,1029,111,392,22,18,0,0,109,0,1590,10,701,410,141,9,508,704,0,143,154,157,0,363,0,24,11,14,525,350,149,374,2242,1,4,1011,1,0,0,1,7,591,199,470,0,2,220,65,61,114,376,17,293,0,75,1027,8,1,38,435,653,758,0,30,189,810,2,310,72,0,23,1,13,12,3,11,194,54,355,3,26,116,1,559,350,5,0,274,106,0,5,168,177,565,255,95,665,936,1,395,3,282,15,274,1019,0,0,0,5,133,4,575,48,395,644,19,1,297,628,541,21,0,0,0,117,175,453,98,326,527,2,1236,0,15,1441,33,4,246
"gene_649",0,0,0,290,0,0,0,0,0,0,0,0,0,62,0,0,0,133,0,0,0,0,0,0,0,0,0,0,0,0,100,0,104,0,0,0,0,0,0,0,0,0,22,0,0,579,0,0,0,0,0,0,11,0,238,273,77,0,25,0,0,0,0,0,399,0,0,25,0,0,0,0,4,0,0,0,13,0,0,0,4,0,0,0,0,0,0,0,0,0,0,0,0,25,0,0,0,0,0,5650,116,0,0,478,2969,3655,1,0,2875,0,245,137,0,6,0,0,708,1,7,631,4,1,0,0,0,1733,8,66,0,0,0,3,0,11,267,35,0,1,392,0,0,0,0,337,46,0,0,202,0,2960,0,0,2105,2,0,112,0,29,582,28,0,8815,244,20,29,86,10,70,0,283,2271,0,0,0,1481,11226,0,13,538,0,0,49,0,1,7,111,1,28,0,0,402,0,0,0,0,0,0,0,0,0,0,0,0,121,0,19946,3,2,9,0,341,0,0,2174,0,0,0,67,0,5,81,0,0,1,0,1658,3380,0,251,0,0,0,8292,369,0,0,0,291,0,0,797,23,34,0,7,0,0,0,0,8,2,0,1380,879,1,0,0,0,1,14,0,5,409,0,70,0,64,0,0,375,0,0,2110,1728,0,0,42,120,90,0,1,8,53,0,351,0,1,0,0,624,0,0,0,0,0,0,14,0,0,7,3027,5,0,5,0,0,59,150,0,0,1,3094,853,0,0,6,25,0,3,243,0,49,1,3582,118,0,10,89,0,3,211,0,123,1390,1,17,56,5,0,0,5,7,21,0,2724,0,0,0,0,0,0,7335,10,0,1094,37,0,0,135,0,0,0,0,2,148,4,9,802,0,3351,13,9,6302,6,0,10016,0,0,0,872,0,0,334,0,0,1,2,0,0,2190,10,3,0,312,1613,0,5,3,0,15,0,0,38,0,7,0,0,0,0,0,0,0,309,56,10384,0,1132,1521,67,0,0,71,835,246,0,0,0,0,0,1,12,0,230,0,18,1,0,27,0,0,24,0,49,0,0,0,1,0,0,0,0,0,162,0,0,20,0,256,0,0,372,0,103,0,0,7,0,2930,436,4,404,0,23,0,0,25,0,0,0,0,407,0,0,0,36,338,49,85,0,73,0,6,16,5,0,0,0,0,23,1113,13,6,0,3151,0,2,461,0,33,0,0,2281,0,0,0,6,67,312,0,11,0,0,455,43,0,0,398,0,44,464,0,2,0,0,8,1,106,0,0,0,3,1,880,0,0,0,31,15,0,0,0,19,998,0,0,77,26,188,3,0,0,0,0,0,87,0,0,0,0,520,0,0,0,0,0,0,0,0,1676,0,335,0,0,2245,0,0,0,0,0,28,0,0,641,0,0,540,0,0,7,0,0,131,346,0,1,0,294,822,108,0,2,0,9,0,422,0,0,251,0,0,18,0,74,0,9,0,116,12,0,0,0,0,275,0,0,1765,91,1102,19,0,0,344,0,51,40,220,18,2871,0,0,0,8,0,0,38,0,0,175,3,5,0,5,0,0,0,1,1147,0,0,0,0,0,0,0,0,2,0,0,0,21,0,27,832,0,0,3,0,701,3,0,0,0,0,8,0,0,0,0,111,0,0,1,536,1069,55,1,1,11077,0,0,0,0,2,0,0,0,0,0,3,0,0,0,13,4,36,247,0,61,0,0,0,0,170,0,0,2,2533,0,0,0,0,0,0,0,0,0,42,0,903,0,0,0,0,10,0,0,553,1
"gene_650",0,0,0,0,0,0,0,0,14,0,0,0,0,0,0,0,0,0,0,0,0,0,0,0,0,0,2,14,0,0,0,0,30,0,0,0,0,0,0,0,0,0,1,0,0,0,0,0,0,0,8,0,0,0,0,0,0,0,0,0,0,0,59,0,0,0,0,0,0,0,0,4,0,0,0,0,0,0,0,0,0,0,0,0,0,0,0,0,4,0,0,0,0,0,0,0,0,0,0,0,0,0,0,0,0,0,0,0,0,0,0,0,0,0,0,0,0,0,0,0,0,0,0,0,0,0,0,0,0,0,0,0,0,0,0,0,0,0,0,0,0,0,0,0,0,0,0,0,0,0,0,0,0,0,0,0,0,0,0,0,0,0,0,0,0,0,0,0,0,0,0,0,0,0,0,0,0,0,0,0,0,0,0,0,0,0,0,0,0,0,0,0,0,0,0,0,0,0,0,0,0,0,0,0,0,0,0,0,0,0,0,0,0,0,0,0,0,0,0,0,0,0,0,0,0,0,0,0,0,0,0,0,0,0,94,0,0,0,0,0,0,0,0,0,0,0,0,0,0,0,0,0,0,0,0,0,0,0,0,0,0,0,0,0,0,0,0,0,0,0,12,0,0,0,1,14,77,0,36,0,0,545,0,0,14,0,0,0,0,0,0,0,0,0,0,0,0,0,0,0,0,0,0,0,9,0,0,0,0,0,0,550,0,0,0,3,0,0,0,6,0,0,0,0,0,0,0,0,0,808,158,0,0,0,0,2,0,0,0,0,0,0,0,0,0,2,0,254,0,0,0,0,0,43,0,0,0,0,1,1,0,7,0,0,449,0,0,0,0,0,0,0,0,0,0,5,0,0,0,0,0,0,33,0,0,0,0,0,0,0,0,0,0,0,0,14,0,7,988,0,0,2,0,0,8,0,0,0,2,0,0,0,0,2,0,0,0,2,0,0,0,0,0,0,0,0,0,0,0,0,0,0,0,0,0,0,0,0,0,1,0,0,0,0,0,0,0,418,0,0,26,0,0,0,2,0,0,0,0,0,0,0,0,0,0,655,0,651,0,0,0,0,0,0,11,0,0,0,0,0,0,0,0,0,1,26,0,0,0,0,154,0,30,0,0,0,0,0,0,0,0,0,0,0,0,0,0,0,0,0,0,0,0,0,1,19,0,0,34,0,0,0,26,18,0,0,0,0,0,0,0,0,0,497,2,0,4,0,0,176,0,18,0,0,0,0,0,0,0,0,0,4,0,37,0,0,0,0,8,0,220,0,0,0,0,0,0,0,0,0,447,0,0,0,26,0,0,681,0,0,0,0,0,0,0,0,0,0,0,0,0,0,0,0,0,0,0,3172,0,0,0,0,0,0,0,1718,2,0,0,0,0,0,0,0,0,11,0,0,0,0,0,110,0,11,0,0,0,31,0,0,0,0,60,4,0,0,0,0,0,0,0,0,0,0,0,0,0,0,0,0,0,3,0,0,0,0,0,0,0,1404,0,41,0,0,0,0,0,0,0,1509,0,158,0,0,0,0,0,0,105,0,0,0,344,0,0,0,0,0,0,25,0,0,0,0,0,0,0,0,0,0,0,0,0,0,0,8,705,2095,0,0,0,0,0,0,0,0,0,0,0,2,0,0,0,0,0,0,0,0,0,1,63,0,0,0,2,0,0,0,0,0,0,0,0,5,0,0,15,0,0,0,0,0,0,0,0,0,0,0
"gene_651",0,58,0,12,4,0,0,0,0,0,0,0,4,0,0,25,0,0,0,0,0,0,0,0,0,0,0,0,0,0,0,0,0,24,17,1825,0,0,2,24,0,0,0,0,0,0,0,7,0,0,0,0,12,0,0,11,0,4,0,0,0,0,0,0,0,0,104,0,0,0,0,0,0,0,0,0,0,0,0,0,0,0,0,0,0,0,63,0,0,0,0,3,0,0,0,0,0,0,0,0,0,0,0,0,0,0,0,0,0,0,0,0,0,0,0,0,0,0,0,0,0,0,0,0,0,0,0,0,0,0,0,0,0,0,0,0,0,0,0,0,0,0,0,0,0,0,0,0,0,0,0,0,0,0,0,0,0,0,0,0,0,0,0,0,0,0,0,0,0,0,0,0,0,0,0,0,0,0,0,0,0,0,0,0,0,0,0,0,0,0,0,0,0,0,0,0,0,0,0,2,2,0,0,1,0,0,0,0,0,0,0,0,0,0,2,0,0,3,0,0,0,0,0,0,7,0,0,0,1,1,0,2,0,0,0,0,0,0,1,0,3,0,0,0,0,0,1,0,1,0,0,3,0,0,1,0,0,0,1,0,0,0,0,0,0,0,0,0,0,2484,0,0,1,0,0,0,0,0,2,0,0,0,0,0,0,45,0,0,0,0,0,0,886,0,0,0,0,0,13,0,0,0,260,0,0,0,0,0,0,0,0,0,0,0,0,0,0,0,0,0,5,275,0,0,0,0,0,0,0,15,3,0,0,0,0,0,0,0,0,219,0,0,1943,0,0,0,0,0,0,0,0,0,1,8,0,0,0,0,0,0,0,0,0,0,0,0,0,0,0,0,0,0,0,0,0,0,1797,0,0,0,0,0,1,0,0,0,0,0,890,0,0,0,0,0,0,0,0,0,0,0,0,0,0,0,0,0,214,0,796,0,0,0,0,0,15,0,0,0,1,0,0,0,0,0,0,0,0,10,221,0,120,0,0,0,0,0,0,0,1039,0,0,0,0,0,0,0,0,0,8,0,0,0,18,0,3,1360,0,0,0,0,0,0,673,0,0,0,0,3,0,0,1407,0,0,0,164,0,0,0,0,0,0,0,0,0,0,0,0,0,0,90,0,441,0,442,17,2,518,0,75,0,0,0,0,0,2,0,0,0,0,0,0,0,0,0,0,0,0,0,2,0,0,0,0,12,0,0,0,47,0,467,0,0,0,0,0,0,0,0,0,0,0,0,0,0,0,0,2,0,0,0,0,0,40,0,22,0,6,0,0,0,0,0,0,0,0,0,0,0,169,0,0,51,0,0,0,0,0,0,0,0,0,0,1,0,0,0,0,0,0,0,0,0,0,0,851,29,0,0,0,0,0,0,0,0,0,0,0,3,0,0,0,0,134,0,4,0,0,0,0,0,0,0,10,0,0,20,0,0,7,0,0,351,0,0,0,50,0,0,0,0,0,0,0,1,0,354,0,0,0,0,0,0,0,0,36,0,0,0,0,1,2,0,260,0,0,0,0,9,0,24,0,0,113,1332,3772,0,1,23,0,0,0,0,21,0,0,0,0,0,1,0,0,43,0,0,0,396,0,2,0,1,0,0,0,0,0,0,50,1,0,0,1,0,0,0,0,0,0,0,1,0,0,0,0,0,0,0,0,112,0,0,0,0,12,0,0,0,0,0,0,0,0,0,0,2915,0,0,0,0,0,13,0,0,0,0,0,359,18,11
"gene_652",0,0,0,0,0,0,2,0,0,59,0,0,2,0,0,0,0,1,0,0,167,19,0,19,0,1,0,0,0,0,0,373,0,3,0,0,4,0,0,0,0,0,0,4,14,2,6,0,15,255,0,0,0,1,273,446,0,0,0,0,0,0,0,97,0,0,0,0,0,0,0,0,0,1,0,0,0,0,51,0,12,0,0,107,0,0,0,0,0,0,0,0,0,0,0,0,0,0,0,0,0,0,0,0,0,0,0,0,0,0,0,0,0,0,0,5,0,0,69,0,1368,0,0,0,559,0,0,0,0,0,4,0,0,0,2,0,0,0,0,0,0,0,0,0,0,19,0,0,0,17,0,0,0,0,296,0,0,0,0,0,7201,0,0,0,0,0,0,0,0,0,0,0,484,0,0,0,0,0,0,0,0,0,0,0,0,0,0,0,0,0,0,0,0,0,0,0,0,0,274,0,10,0,31,0,0,0,0,207,0,0,2,0,0,0,0,0,0,2,0,8,11,1110,0,393,0,0,0,0,23,0,0,4,0,0,0,0,0,0,5,0,0,137,0,94,37,0,0,0,0,23,38,0,0,23,0,0,76,1,0,0,0,0,3,10,0,43,10,0,5,329,0,658,2,68,174,1,0,21,1,0,0,13,0,1,0,14,59,511,4,0,0,0,2,88,1,28,0,526,0,106,0,33,6,6,797,5,0,478,76,76,0,1051,0,171,26,0,4,218,101,3,0,156,94,0,42,0,2,3,20,46,320,0,0,0,3,0,341,0,0,777,0,450,225,0,28,0,0,0,0,1,21,0,311,0,11,0,246,0,0,0,1,0,366,79,0,0,0,0,298,0,0,7,2,2,0,85,0,0,2,0,1133,0,22,33,0,0,20,0,2,0,0,2,0,40,0,537,0,0,0,0,22,0,0,50,0,0,16,0,612,124,0,43,0,315,0,368,0,0,247,2,39,247,0,24,0,0,28,0,0,1,9,0,0,0,0,0,12,0,0,0,4,13,0,0,187,0,0,6,0,0,0,0,0,0,326,0,0,272,0,0,0,0,0,186,0,0,0,0,0,0,0,0,0,0,0,0,0,0,0,105,0,0,0,0,1,1,0,0,33,0,0,0,0,0,138,0,0,0,0,0,0,0,0,0,0,0,0,0,0,0,0,0,0,0,0,0,36,0,0,0,0,0,604,3,0,0,59,69,0,0,0,55,0,0,629,0,37,0,0,0,0,0,19,0,0,0,0,0,0,242,0,0,15,218,0,0,0,0,0,0,0,0,0,0,0,0,0,0,0,3,0,625,0,0,0,0,0,0,0,1824,575,0,0,0,3,0,0,0,0,116,0,0,0,0,3,0,0,1719,0,0,352,0,0,188,0,0,0,0,0,1,0,724,0,0,0,0,66,0,1,0,0,16,0,0,0,0,0,0,0,0,0,0,2,0,0,65,0,0,0,0,0,3,52,0,0,0,0,1,0,0,0,2530,0,0,0,0,0,0,0,0,0,0,0,2,0,0,0,0,0,1202,0,0,0,0,0,1641,0,0,0,0,1543,0,0,0,77,0,69,0,0,0,0,13,0,0,0,0,0,0,748,1,0,0,0,1354,0,0,0,0,0,13,0,0,0,0,0,11,0,0,0,0,0,0,0,0,0,0,0,0,0,0,866,0,0,0,0,0,200,0,0,0,0,0,290,0,21,0,0,0,0,0,0,2,0,0,0,16,0,0
"gene_653",0,0,0,0,0,0,5,18,6,0,0,0,4,8,284,2117,1754,0,12,6,0,0,12,0,0,0,244,1,0,31,0,0,0,0,291,0,0,1224,47,0,1,0,0,0,0,0,26,386,4,8,0,0,0,0,0,477,2,10,3,5,9,3955,809,1029,0,0,74,0,262,0,1,6,0,0,0,181,2678,27,44,1,0,1,0,48,0,48,0,7,131,71,0,0,0,23,61,0,0,0,0,0,3,0,0,0,81,0,0,0,0,0,0,0,0,0,0,30,0,0,0,0,0,0,0,0,132,0,0,0,0,3,0,0,0,0,0,0,0,0,0,0,0,0,0,0,0,0,0,0,3877,1149,1,0,576,0,0,220,2403,0,0,21,607,0,221,0,0,0,0,0,0,0,0,0,0,0,276,0,0,0,0,0,0,0,0,0,0,0,0,0,0,0,0,0,0,0,33,0,0,0,306,0,0,1799,4861,0,12,0,0,0,0,0,0,0,58,0,0,0,0,0,0,2313,0,0,0,6700,0,1156,0,0,2,0,3,0,0,134,0,47,262,3171,0,0,0,0,1,0,256,228,11,0,0,0,41,0,34,0,0,3,0,0,3383,0,0,0,0,0,0,0,0,0,0,0,0,0,37,0,0,19,0,0,0,0,0,0,0,0,0,0,2,0,0,7,0,0,0,0,0,3,0,0,0,0,0,0,0,0,0,0,0,0,0,0,0,9,0,0,16,0,0,0,0,0,0,0,0,0,0,0,897,0,0,0,0,0,0,25,0,0,0,0,0,0,0,0,1,0,2,0,0,0,14,0,0,0,0,0,0,0,0,0,0,0,0,0,0,0,0,0,0,0,0,0,6,0,0,0,0,0,58,0,0,0,0,0,0,0,0,0,0,0,0,0,0,0,0,0,0,0,0,0,0,0,0,0,17,0,0,0,0,0,0,0,0,0,0,0,0,0,1628,0,0,0,0,0,0,0,0,0,15,0,0,0,0,0,0,0,0,0,0,0,0,2,0,0,0,0,0,0,0,0,0,0,0,0,0,0,0,0,0,0,0,0,0,0,0,0,0,0,0,0,0,0,0,0,0,0,0,0,0,0,0,0,0,0,0,0,0,0,0,0,0,0,0,0,0,0,0,0,0,0,176,0,0,0,0,0,0,0,0,0,0,0,0,0,0,0,0,0,0,0,0,0,0,0,0,0,0,0,0,0,0,0,12,0,0,0,0,0,0,0,0,0,0,101,0,0,0,0,0,0,0,0,0,0,0,0,0,0,0,0,0,0,0,0,0,0,0,0,0,0,0,0,0,0,0,2574,0,0,0,0,0,0,0,0,0,0,24,0,0,0,0,0,0,0,0,0,0,0,1,311,0,0,0,0,0,0,0,0,0,0,0,0,0,0,0,3,0,0,0,0,0,0,0,0,0,0,0,0,0,0,0,0,7,0,0,0,0,0,635,0,0,0,0,0,0,0,0,0,0,0,0,0,0,1,0,0,0,0,0,0,0,0,0,0,0,0,0,0,0,0,0,0,0,0,0,0,0,0,0,1,0,0,0,0,0,0,0,0,0,0,0,0,0,0,0,0,0,0,0,0,0,0,0,0,304,0,0,0,0,0,0,0,0,0,0,0,0,0,0,0,0,0,0,0,0,0,0,0,0,0,0,0,0,0,88,2920,0,0,0,730,0,0,0,0,0,0,0,0,0,0,0,0,0,0,0,0,95,0,0,0
"gene_654",0,0,0,0,0,0,0,0,0,0,0,0,0,0,0,0,0,0,0,0,0,0,0,0,9,0,0,0,0,0,0,0,0,0,0,0,0,0,0,0,0,0,0,0,0,0,0,0,0,0,0,0,0,591,0,0,0,0,0,0,0,0,0,0,0,0,0,0,0,0,0,213,0,0,0,0,0,0,0,0,0,0,0,0,0,0,0,0,0,0,0,737,0,0,0,0,0,1,0,0,0,0,1,0,0,0,0,0,0,35,0,0,0,0,0,0,0,0,0,0,0,0,0,0,0,0,0,0,0,0,0,0,0,0,0,0,0,0,0,0,0,0,0,0,0,0,0,0,0,0,0,0,0,0,61,0,0,0,0,0,0,0,0,0,0,0,0,0,0,0,8,0,0,0,0,0,0,0,0,0,0,0,0,0,0,0,0,0,0,0,0,0,0,0,0,0,0,0,0,0,0,0,0,0,0,0,0,0,0,0,0,0,0,0,4,0,0,0,0,0,0,0,0,0,0,0,0,0,0,0,0,0,0,0,0,0,0,0,0,0,0,0,0,5,0,684,0,0,0,0,0,0,0,0,0,5,0,624,0,0,0,0,21,3,0,0,0,1003,0,0,101,0,0,0,0,0,942,0,0,24,152,49,13,7,0,0,0,0,1,0,975,0,0,120,0,0,0,0,0,0,0,58,0,0,3,814,133,0,0,25,0,2,0,0,0,0,0,207,0,0,0,0,0,0,0,0,0,0,0,0,0,0,0,13,0,0,0,0,0,42,45,14,0,0,0,0,0,11,1232,0,476,0,0,0,0,0,0,0,3536,0,0,353,0,287,0,0,0,0,0,0,0,0,0,0,0,628,0,0,0,0,0,0,0,0,1,0,0,0,0,17,0,1,0,68,0,0,0,18,0,0,0,0,0,0,9,0,0,0,1,0,98,0,0,0,0,283,689,0,0,30,0,0,0,0,0,5,0,0,777,0,419,163,0,0,0,2,0,1,0,41,64,0,0,1,1,0,0,0,0,0,0,2548,0,0,0,0,0,0,1679,0,0,0,630,65,277,1748,6339,1538,0,0,3,714,11882,210,0,1790,0,0,8,0,1,0,0,0,2,0,77,68,808,10,0,184,1062,235,0,0,0,0,0,0,1080,0,1,0,0,401,0,0,0,0,0,297,0,0,0,6,11,0,0,0,0,0,0,3659,0,615,0,0,0,0,2054,10,2426,0,79,3771,5,17,1,0,195,0,1349,0,0,0,0,2,0,0,0,580,0,0,0,0,2715,2704,0,3837,214,9,0,0,0,0,3,5460,0,0,0,0,50,0,478,632,1,0,0,0,0,356,0,0,0,0,0,3813,106,1,0,2,0,1,0,12,0,0,0,5,0,1872,0,0,0,0,307,0,3952,0,0,0,0,0,413,14,0,2,34,1,0,0,36,0,0,0,29,0,773,0,6,2063,0,515,42442,2,0,143,0,375,1884,343,64,0,0,2,6,0,1,2419,1,180,715,5,0,1403,0,139,0,0,0,0,1,0,0,0,0,1,0,1100,281,1,0,0,0,687,0,55,0,0,35,169,0,10016,1198,730,1356,0,197,5,132,0,0,0,0,521,0,0,33,0,0,1,459,9,0,8,0,0,0,0,792,69,0,0,0,0,17,97,0,0,0,5,0,0,10708,6,0,0,0,5460,0,0,348,0,0,0,0,0,3,0,105,0,2315,3,0,6076,0,3364,0,0,0,6361,0,0,0,0,173,0
"gene_655",0,0,58,0,24,0,729,0,0,5,0,5,0,0,0,0,4,0,426,133,0,111,0,0,0,0,313,125,0,0,0,0,0,467,112,0,9,135,0,0,0,0,0,721,153,0,187,0,1,0,0,2,0,8,1633,0,0,3912,0,0,877,0,0,0,0,0,0,1,9337,336,7,813,0,9,2055,0,21,397,715,0,536,0,3,8605,0,645,0,98,851,24,0,33,0,0,1020,0,527,0,0,0,0,0,0,0,0,0,0,3,231,16,0,0,41,0,0,12,0,0,0,0,0,0,0,468,4988,0,2738,0,7352,0,0,1,0,0,65,0,13,47,0,0,0,4806,0,0,22,0,0,345,16302,0,5,0,8369,9880,0,386,2,82,0,1212,0,0,0,510,4,0,0,5,0,0,0,0,105,0,0,0,0,29,10,2,4010,12,68,0,6709,0,0,0,0,0,4,0,0,0,0,0,0,0,0,0,0,0,619,6591,0,0,0,47,0,0,0,0,0,0,0,52,0,0,0,19,0,7,0,0,0,0,0,0,156,102,0,0,2,141,1,0,0,29,91,0,0,3,2,0,242,254,0,0,0,0,0,0,0,0,0,0,0,0,0,0,474,1,0,0,0,0,66,0,0,0,1,38,0,0,533,1359,0,0,0,0,0,0,447,0,0,0,0,0,7298,0,0,0,0,0,0,0,0,0,0,2,0,0,0,0,254,11,0,0,0,0,0,0,1309,0,0,0,0,0,0,0,0,0,0,28,154,0,8,0,0,6417,0,0,0,0,0,457,0,0,0,0,2,0,6874,0,27,0,0,0,0,0,0,0,0,148,0,0,4745,0,27,0,0,33,0,0,0,0,0,57,0,0,0,5770,0,0,7,67,0,0,0,0,57,662,1520,0,4,0,0,13,0,0,51,0,0,998,0,0,0,0,0,0,0,53,0,0,0,0,0,0,0,0,0,0,0,0,0,0,0,0,0,0,0,0,9,0,0,0,0,0,0,0,2,0,0,0,5,27,0,0,0,0,113,0,0,0,0,0,0,0,217,0,0,0,0,0,0,0,0,0,0,0,0,0,0,2,1,0,0,0,0,0,0,0,0,0,0,0,0,0,0,0,0,0,0,0,0,7,0,0,0,0,0,0,0,0,0,0,0,0,0,252,1408,0,0,0,0,0,0,0,0,0,3536,0,4381,0,0,0,0,0,0,0,0,0,0,0,0,0,0,5,7,0,0,0,0,199,0,0,0,0,0,0,0,0,0,0,0,0,0,0,0,74,0,0,698,0,0,0,0,2039,0,0,0,0,0,0,0,0,28,0,0,0,0,0,246,0,394,328,0,0,0,0,0,0,0,0,20,0,0,0,1,588,0,0,0,197,0,0,0,0,575,0,0,197,0,394,3,20,304,0,0,0,15,154,0,0,893,0,0,0,3243,0,1,0,0,0,0,0,0,0,0,12,0,0,0,1139,0,0,0,0,1,0,0,0,0,0,0,0,0,130,0,0,0,0,0,0,0,0,0,0,0,0,194,0,9,0,0,29,0,1161,0,0,11,0,0,1,2,0,0,0,0,0,417,0,481,19,2,1901,0,0,168,0,0,0,0,2317,9,15612,0,0,0,0,0,0,0,0,36,34,0,78,0,701,0,0,0,3,0,0,0,0,0,1203,0,2366,11,0,0,12,0,1070,4,0,0,2,19,275,2381,0,2,0,0,0,0,0,0,0,0,0,0,0,0,0,0,0,0,0,0,10,0,548
"gene_656",14,0,2,0,524,0,0,6,0,0,0,5,228,55,0,4,46,1,100,8,0,0,94,3224,477,0,0,0,235,2,0,133,454,0,3,0,0,2441,0,5,0,12,4959,9,0,0,101,0,437,2,30,1,2,0,14,0,479,317,0,68,0,1543,0,0,3,0,0,0,0,0,836,16,3,1,0,49,0,18,0,0,1629,0,793,0,0,1,3,0,3245,1,6,135,11,72,1,0,1,35,0,21,0,200,2,761,0,60,22,3,0,19,0,509,0,0,63,0,3,8,104,5,0,0,0,11,0,0,0,0,70,373,0,11,15,56,243,1123,438,0,0,312,4,0,29,49,21,0,81,0,757,0,105,5,1,171,1,43,598,0,20,6,58,0,0,35,245,0,69,52,2,92,0,0,0,0,13,0,629,0,0,43,228,134,4,589,96,0,5288,10,0,1,20,7,24,91,2862,22,3,0,2380,1719,2842,0,468,2144,1854,0,0,9,2466,0,0,0,0,143,55,3091,189,127,3,0,0,5766,2,0,64,2162,0,385,2136,134,0,42,1,0,0,7517,11,47,632,86,72,39,22,43,0,0,0,32,0,0,240,292,32,0,0,1,1,957,44,9981,132,124,0,1,165,4414,39,3,69,0,875,3929,551,33,6,1,2,30,4465,367,0,285,2029,0,247,94,5,4,5,1275,12,5541,1,1190,5700,1,109,0,0,8,1321,420,2010,1715,790,0,326,60,57,555,89,140,411,218,0,72,658,0,5555,4515,533,0,7900,164,1490,656,85,15,3103,163,233,0,0,7,0,77,100,12,1606,25,0,50,732,139,3,0,325,1859,71,30,11897,193,109,0,100,720,24,63,3642,3,0,645,1,109,3,0,16,82,501,382,129,2805,2,14,218,1,33,7,653,11,90,11194,0,3327,2,4,0,119,11,0,18,0,204,5,8,1,4,20,6388,65,3,3533,0,0,37,272,2338,52,1282,4,1,1222,0,45,4,2,323,3,1199,51,0,448,2,330,164,1985,394,0,1028,816,0,72,1653,2,0,0,0,174,0,17,1,53,26,0,160,0,0,1,0,0,0,0,0,0,27,0,8760,1,0,0,2,0,0,0,0,4257,44,0,0,1612,102,98,0,0,0,0,0,1,1,71,9,0,0,1,0,12,1650,63,0,197,1,0,0,25,4,1540,0,0,0,0,575,0,181,0,0,3606,5535,0,0,0,380,0,0,0,0,0,1,17,1424,0,0,259,0,1,6,591,29,272,20,4348,0,0,18,12,11,35,66,2,28,0,234,28,346,0,0,4,0,0,1179,10,0,0,0,0,0,0,3655,14,1,33,993,499,34,1509,0,0,4,21,23,0,0,151,0,0,5550,5086,92,405,0,0,256,1585,663,0,141,1454,29,639,0,2,0,0,753,689,0,5549,627,0,0,1,0,0,0,10,0,1443,0,2,2566,8,0,28,0,121,1946,5363,0,0,0,74,0,0,362,0,1658,55,2552,276,0,0,13215,2,0,0,2883,0,0,126,0,292,1996,0,0,7682,0,3,1248,0,10120,0,0,710,77,0,0,0,18185,0,0,71,0,910,464,0,0,98,0,0,293,0,0,219,13097,78,2044,0,0,110,1,2,0,0,4445,1,710,3,0,1063,0,240,5403,0,0,0,0,21,0,4,0,0,0,505,1,0,195,1,0,0,0,381,2,871,0,0,116,1,0,25,24,350,74,0,3,0,0,7857,1049,0,0,10403,3,0,49,0,0,4,1084,132,0,39,803,10,0,1452,728,57,0,0,12,0,0,2,0,2,85,0,0,0
"gene_657",0,0,0,3639,0,77,0,29,0,0,466,0,1917,0,6,0,0,0,16,0,0,0,137,0,0,0,1162,0,71,0,0,0,422,0,7,0,0,1,0,0,0,0,0,2868,0,1886,0,0,0,0,537,28,0,541,0,135,1619,266,0,0,0,0,0,0,0,0,0,0,0,0,0,41,0,0,0,1504,0,0,0,868,8258,0,0,0,0,0,0,0,60,1733,0,6,3075,0,0,0,0,0,0,0,0,0,2,0,0,167,0,0,0,0,0,0,0,0,0,0,49,0,0,0,0,0,0,0,0,0,7,260,0,0,6,0,0,0,0,0,0,0,0,5,0,0,0,0,1303,0,201,0,0,0,260,0,0,0,0,0,0,0,0,0,3653,0,0,0,0,0,0,0,0,0,0,0,1680,0,0,0,5,0,0,0,0,0,0,0,0,0,0,0,0,0,0,0,19341,0,0,8,0,0,0,0,0,0,0,0,0,3,2,0,0,0,0,40,0,0,0,0,0,0,0,0,0,0,0,0,0,0,0,0,543,1,0,0,0,0,0,0,0,71,0,0,0,4745,0,0,0,0,0,0,0,0,0,0,0,0,0,0,0,0,0,0,0,0,0,1,821,0,491,8216,56,0,19,1,3,2,0,1302,81,0,0,0,0,0,3,0,0,41,6,13,2014,10,0,0,217,533,0,0,46,351,3751,0,10,141,0,0,93,8,0,0,0,0,0,6,0,102,1,0,374,55,3,0,0,23,464,0,0,1,452,1,27,3,25,0,4833,65,0,0,0,0,17,167,0,1,0,0,1,0,2,5321,0,0,0,0,0,0,0,206,0,0,75,638,0,791,0,1,1659,8,0,0,598,7,0,43,0,0,0,0,60,0,21,2577,2680,0,0,0,169,0,0,0,27,0,0,0,0,0,0,0,127,258,0,344,0,0,443,0,0,0,149,0,11,0,1277,0,0,0,670,1,0,206,0,555,0,0,0,14,61,429,0,70,0,1,0,0,0,1454,674,0,0,0,566,0,5,0,0,5,1634,0,0,0,0,2152,0,0,0,8,0,170,46,105,0,0,0,0,0,0,0,0,0,337,0,0,1,0,272,148,0,367,0,773,14,622,4,2,0,0,0,0,299,0,0,0,0,0,18,0,0,57,144,0,0,0,0,0,654,0,333,5,1231,2,0,0,36,0,4,0,0,0,0,0,0,0,0,0,0,2,0,38,0,0,0,17,0,0,1300,0,0,0,93,0,0,0,4,0,0,0,0,0,0,0,0,0,0,0,0,0,0,0,0,0,0,1382,0,0,0,0,0,0,0,0,0,0,0,0,0,0,0,2,3381,8,0,0,0,75,989,0,0,0,0,0,0,0,0,0,0,0,1,0,0,0,136,0,0,51,0,0,0,0,569,0,0,17,0,0,0,0,0,0,0,0,0,0,0,0,0,7,0,0,0,0,0,0,0,0,0,48,0,0,0,0,0,0,2390,0,0,0,0,0,0,0,0,0,0,0,0,353,10,8,0,0,0,0,0,0,156,15,0,0,0,0,0,0,0,1519,0,0,199,10,0,1,26,0,0,9,0,1184,0,0,0,11,0,0,1446,0,0,378,0,0,0,0,0,0,0,0,0,161,117,0,0,67,309,0,26,46,2,10,1453,0,0,1396,0,0,240,0,1,0,0,26,0,0,1,596,1540,145,0,0,0,159,0,1,515,0,0,0,0,0,0,0,0,0,0,0,0,0,0,0,0,0,0,0
"gene_658",2,2067,396,372,27,521,4,76,81,5,0,1570,87,185,66,535,328,0,21,43,3,1,88,2730,44,0,8924,79,6,4371,8,2791,1,1105,18,119,8,113,30,165,16,951,6,92,0,902,210,0,0,546,367,0,0,1118,8,0,14,0,161,47,38,655,124,1,1516,0,2,1859,33,43,105,0,0,22,9,0,58,0,224,190,291,140,0,1,0,1071,15,572,1355,5,0,144,13505,495,1086,4630,256,4,73,516,2517,51,898,8,31,4901,24,0,2976,205,66,246,705,5,1388,2800,709,5213,2,1,148,201,1,433,33,301,665,0,7295,52,22,571,14,0,0,6117,110,157,1958,1771,11,1225,675,5549,0,23750,0,104,6144,0,290,1626,5,526,238,8650,60,1835,3,10,1417,649,1371,0,2807,0,3674,7932,1302,74,994,7820,17567,0,0,6850,2226,1083,444,3,8266,277,37,3105,2642,609,108,1721,247,209,1956,1073,12209,3649,45,88,1506,4,0,341,13810,1209,0,144,24,42,0,1706,143,1,8,635,2051,135,2296,138,0,0,16,33,159,29,126,225,71,299,21,12,1,0,0,97,5,21,1555,29,1176,153,845,5,3,0,24,0,1,203,592,0,929,79,265,0,565,4,57,2015,951,191,901,354,96,101,1540,9,36,2808,645,2,3285,2572,4877,384,1931,1119,5070,1880,0,27,15,2364,39,4,1844,242,226,5868,1480,320,512,1095,3470,42,586,790,305,1519,2511,827,1402,569,204,2865,2667,7866,1491,3329,2495,3878,3262,20,615,10,3807,13,38,0,7834,170,953,0,1145,51,3451,0,208,156,10336,490,2891,4389,0,51,1921,5855,316,1542,0,5095,115,287,272,127,125,467,198,147,3024,3368,67,1699,24,4,480,103,879,138,42,189,114,1366,14,498,109,50,3423,412,3908,2,280,273,4362,1862,2907,200,3325,3257,7737,367,12862,5222,1139,18,293,1304,219,123,1100,0,71,2555,11654,98,675,179,640,10,239,129,4349,15,7224,1,4,2882,46,0,2176,36,2330,1180,14,631,1381,0,1081,13,1121,544,24,57,1936,1542,511,11733,40,40,3635,62,1071,79,929,2127,50,3336,1060,1986,202,1578,12086,11,2869,13,7,1437,4,862,1364,31,37,570,453,1226,57,0,11,112,0,690,945,5385,19,2,3274,0,64,45,6113,0,119,200,1683,425,274,239,559,41,213,124,110,3499,205,2002,43,800,0,1,192,754,866,2,2817,4398,3859,501,85,33,124,394,30,0,826,1137,533,1,725,1022,77,1426,2390,2483,126,166,1918,22,43,981,124,1412,208,5190,657,1952,1382,379,46,33,731,325,60,122,2206,1,551,676,40,289,34,87,8774,2600,44,203,197,3432,268,3,1,38,27,662,0,30,70,1632,3,103,632,355,649,422,2,3723,410,104,20,878,246,111,10,1009,0,13,0,19589,244,440,5082,2235,2,0,800,211,2129,121,15,668,9831,5,1239,10,16005,2249,1196,1095,0,484,1815,2,666,414,0,130,11,0,6035,293,57,639,1704,1,338,495,211,864,8459,0,7,44,15962,762,10238,0,760,7,29,67,0,5786,125,0,168,579,849,154,3292,332,5673,1234,0,97,0,848,777,48,0,118,0,22,2392,0,4,384,1,0,352,0,1150,97,103,241,10,21181,573,11,31,13695,457,75,1,0,18,2175,10,6,228,341,373,348,1343,0,9216,3776,258,1,0,151,72,0,21,6,16,2380,2495,2098,128,4034,3233,93,733,2116,17584,0,13,1667,0,126,1,70,44,604,436,0,2949,460,132,0,0,701,177,10134,0,232,422,5087,8212,4918,199,418,0,25,6664,4923,537,0,27,51,3538,7849,286,351,47,15,1139,2,72,30,0,1941,0,1,2,149,254,0,2593,7020,25,9
"gene_659",0,0,0,0,0,0,0,0,0,0,0,0,0,0,0,0,0,0,0,0,0,0,0,0,0,0,0,0,0,0,0,0,0,0,0,0,0,0,0,0,0,0,0,0,0,0,0,0,0,0,0,0,0,0,0,0,0,0,0,0,0,0,0,0,0,0,0,0,0,0,0,0,0,0,0,0,0,0,0,0,0,0,0,0,0,0,0,0,0,0,0,0,0,0,0,0,0,0,0,0,0,0,0,0,0,0,0,0,0,0,0,0,0,0,0,0,0,0,0,0,0,0,0,0,0,0,0,0,0,0,0,0,0,0,0,0,0,0,0,0,0,0,0,0,0,0,0,0,0,0,0,0,0,0,0,0,0,0,0,0,0,0,0,0,0,0,0,0,0,0,0,0,0,0,0,0,0,0,0,0,0,0,0,0,0,0,0,0,0,0,0,0,0,0,0,0,0,0,0,0,0,0,0,0,0,0,0,0,0,0,0,0,0,0,0,0,0,0,0,0,0,0,0,0,0,0,0,0,0,0,0,0,0,0,0,0,0,0,0,0,0,0,0,0,0,0,0,0,0,0,0,0,0,0,0,0,0,0,0,0,0,1,0,57,0,0,43,0,0,0,3821,0,108,6,0,0,326,0,9,0,2,6,0,1,56,0,0,0,0,119,0,0,0,0,0,4942,0,2,24,0,669,505,0,0,0,563,0,18,0,0,104,0,0,0,0,0,2,1,2,1774,761,0,0,19,0,0,0,0,1073,0,0,0,0,0,2,0,2,335,0,0,0,0,0,0,0,0,0,0,0,7,0,266,8,0,0,0,0,0,0,0,37,0,0,0,6353,0,0,0,59,0,0,1,204,0,0,221,6,0,0,0,0,0,1,154,817,0,0,0,0,0,81,1621,0,0,0,0,0,178,4,0,1,0,192,0,11,24,0,0,0,0,0,0,6,22,56,205,31,0,1026,0,2,3,7,0,0,43,0,0,0,0,0,0,0,195,0,0,1268,0,0,0,0,22,0,0,0,1,0,0,0,0,0,0,3,0,0,0,0,0,0,0,0,0,0,0,0,0,0,0,0,19,0,0,0,0,0,0,0,0,0,0,0,0,0,0,0,0,1,0,0,0,0,1,0,0,93,0,0,0,0,0,0,0,1341,0,0,0,0,0,1,0,0,0,369,0,0,0,0,0,0,0,0,0,0,0,0,0,0,0,0,0,0,0,0,0,0,0,0,0,0,0,233,0,0,0,0,0,0,17,4224,1,0,0,0,773,0,0,0,0,0,255,0,0,0,0,0,0,0,0,0,1299,9,0,0,0,0,0,23,0,2545,0,0,0,1,0,0,0,0,12,0,0,15,0,0,4,0,0,4,0,0,0,0,173,5,1,0,1256,0,79,0,0,0,0,0,7,0,2,0,0,0,1,0,0,0,0,0,0,9,0,0,0,2,52,2,10,0,19,0,0,0,0,0,0,61,1,0,0,0,0,0,0,1100,0,3085,379,0,0,0,141,0,0,0,0,0,0,117,0,0,0,19,0,0,0,0,0,0,2836,0,0,0,11,3129,0,3,0,0,0,10,0,0,0,0,0,0,0,0,0,0,0,354,0,0,0,0,0,83,0,0,12,0,0,0,27,0,0,0,14,0,0,0,267,0,0,0,0,0,0,0,0,0,0,2141,0,7026,265,0,0,39,0,0,6111,0,0,0,0,1027,0,0,933,0,38,50,0,0,0,876,4,213,0
"gene_660",929,128,2025,19,5311,10,1,468,38,10,15,30,420,29,1634,6,1,13,3,1400,37,8,3186,736,0,24,278,3,12,0,20,27,0,0,1797,2,98,133,766,31,40,457,64,0,176,273,241,4,5113,2,213,3851,0,58,73,0,2278,263,46,0,0,305,0,1703,28,0,63,4018,456,22,58,0,1,0,1032,230,1229,9,48,0,6778,0,6,96,15,3459,156,11625,0,0,2822,71,0,0,44,4,27,0,0,0,0,132,936,158,0,5920,0,0,246,997,71,0,150,92,0,0,550,10,281,593,594,633,14,0,0,1405,0,62,1,0,0,1,0,2,0,142,8279,17,1,0,55,2102,80,1,57,0,134,9,3,113,0,0,42,15,312,296,34719,3406,0,0,38,20662,1,102,12,191,0,1,746,291,524,811,372,0,0,1,0,1455,458,32071,2,1,14,0,275,16,620,0,0,39,36,315,0,0,0,0,0,0,0,19,50,31,138,6924,1423,0,2479,3283,20,2,119,0,1,3,243,2,24,0,0,1898,103,88,4324,0,49,0,1471,191,0,0,15,0,0,19,6,1,0,1824,1106,0,66,62,76,375,0,0,0,3864,0,940,21457,44,0,0,3,7287,13381,95,0,0,7,1943,2,71,57,1861,4225,215,2,485,3006,716,718,505,477,2707,9280,0,0,252,5,2350,13,0,2924,52,6,124,109,0,3,14,2224,14851,1195,387,59,9199,5448,1053,5,3503,154,24,1405,17,151,892,29,36,11,16,280,119,0,1294,5689,6,2,444,380,88,44,20,155,0,0,16,90,0,4546,387,151,0,1881,27,0,1,1,501,135,3,1,1,5,0,9594,840,24,0,741,0,1019,1329,7863,102,162,1955,5992,1473,1364,0,475,5049,5,3351,1,2611,598,10,52,1485,121,6146,35,8,5173,11,3084,6726,1596,4,4661,804,7323,7,119,2604,7444,27,3185,0,137,485,1,2889,5268,89,425,0,283,723,1614,1292,180,0,0,0,943,122,14194,132,1128,9745,674,3007,2,4729,5,588,93,8,5,32676,113,0,7633,13,1510,1294,189,2315,0,0,1511,130,0,4,0,0,1,0,0,0,144,0,0,0,0,592,1,0,128,56,31,4,0,0,353,639,1,0,1045,0,37,914,0,69,140,1,0,0,0,163,914,15,270,69,0,134,0,6,0,348,1124,22,0,1234,42,44,809,0,2143,0,0,0,907,2,0,225,0,22,0,6323,0,198,324,0,827,37,0,637,0,0,0,0,0,0,142,203,0,383,0,0,55,0,93,917,11,139,23,0,0,0,0,0,0,0,0,85,0,2112,0,0,9,316,1,0,6,30,0,130,1,3392,0,0,0,105,232,243,2,467,0,338,1,767,36,0,0,784,0,0,117,1,0,1959,399,1734,0,0,0,433,1,0,928,0,1461,1431,11,0,0,0,0,6198,595,0,71,0,0,881,726,0,1,0,4,623,8369,152,0,34,0,2751,4,190,10662,0,2,679,25,62,0,0,0,0,0,0,5289,0,2,797,77,45,3,17289,2195,0,1102,826,3,0,0,297,82,10313,355,10,0,231,0,124,1131,31,5345,0,0,40,53,2,2,254,0,362,7,18484,533,2,0,2309,2,34,0,3,20,0,738,2165,1,15,0,673,1530,637,522,37,1911,0,0,745,0,12,11,1,0,7,1,599,0,16,221,20,0,2106,0,0,1,0,11,30,100,4431,5,422,15,2415,1,97,0,3,0,0,1229,1282,1,16,14,15156,3522,640,0,7,8648,4033,0,4,0,0,7894,0,18,0,889,4,50,1743,84,5,0,38,3,869,0,0,0,1,5,602,511,8402
"gene_661",10117,327,852,5,2,0,0,82,10,4,11082,499,1098,14,1719,3298,54,0,0,598,4,68,0,362,1638,257,1,0,0,887,0,0,338,10,0,0,44,1,4058,677,1,119,129,2,0,2136,62,0,971,9,0,1813,3,0,9,2,0,3790,15,5,0,13,11499,64,0,2144,0,63,1,0,0,5,0,62,4,0,2,0,27,1209,135,0,1104,730,2369,2608,0,52,0,562,899,0,11316,7,11139,2628,9940,838,13261,1484,2922,10209,436,10189,7,17361,23012,950,14,1266,15723,5241,2,5579,163,5924,4259,3420,7179,9987,72,8166,3638,1977,19125,6057,51,38,8092,535,761,5825,138,4398,12124,3033,176,318,78,6385,1350,1195,12781,7255,16011,94211,1,6683,594,1513,11,125,127,101,309,27885,6445,19709,9947,922,6298,35776,5575,9433,6744,44561,33389,8896,3492,35,1327,50113,16886,1,18885,296,4009,37727,6691,31068,11322,12295,16620,34254,6686,18846,8601,10716,191,127,5925,1626,1,166,11426,539,17200,5505,23863,29534,7517,8682,4938,3091,767,2746,6045,32,1952,12305,12175,5360,3965,1711,814,642,28752,5696,2501,3051,849,9223,7496,19298,1594,16707,283,5729,1778,4077,351,1214,3697,1179,2027,21548,2421,14153,2435,458,6041,4242,17472,16900,284,2002,1883,35960,1309,2403,20198,11598,4101,2871,4372,8334,273,6446,4624,6041,1665,1591,6672,33,9935,8319,389,2706,1031,6686,2017,5642,7,1684,1265,10069,16,163,298,1824,823,40,1809,9,156,2439,644,410,481,550,453,300,686,72,1600,784,237,5734,7199,52,8394,1214,849,102,1617,46,2500,9,893,973,3824,4241,2111,333,1301,1150,71,10271,73,10064,4694,2433,8472,963,46,255,10617,1945,605,348,8330,98,1223,3598,6001,3468,2266,1186,1790,468,37,15,869,318,4389,277,3843,7407,2440,3824,230,2210,994,847,196,2559,2546,279,1400,2535,3,4208,3067,1175,7592,6482,2038,10200,282,1732,13427,135,6763,1321,3243,491,1953,3381,8025,99,1220,2,32,2869,2440,3838,2736,10972,17441,855,9001,2209,6417,3334,2139,1915,7693,15924,1096,30,605,18,816,3557,2538,684,5188,698,5532,147,5242,922,3963,8877,4941,22699,2168,3506,22,1860,12317,216,1477,4582,88,5545,3385,698,17,7027,665,6092,3,43,57,171,192,156,4,299,40,746,2591,11,7156,202,200,68,42,16,2337,4041,207,2,1,2986,2983,235,1083,1126,1323,13,2050,1230,115,199,2975,14531,1957,2769,61,2734,266,1634,6439,9337,274,1395,1496,434,301,77,278,1731,4,3989,1479,4536,1513,1094,132,1020,30,2,615,4811,2132,2194,4216,0,5548,87,16,11314,2127,2080,285,2562,1,4167,4144,2435,111,2667,2326,665,983,1305,51,25,128,435,3082,56,25,12,5038,62,553,71,2800,401,5722,1844,423,28,1825,336,6969,3,5085,344,1152,123,52,88,130,1582,453,11,239,1783,0,111,210,3,589,25,1,188,4433,512,11665,2271,5473,409,9984,2,404,1620,605,3,179,967,325,611,19808,5,21,0,35,2036,67,10046,252,5279,0,361,1814,897,1338,1329,10,5,1108,11326,3453,221,2,20,0,7811,228,528,7367,16,2077,17,10574,286,122,1992,73,3507,0,75,2202,772,1267,74,0,0,10929,3862,2,1714,0,653,0,1314,525,9147,106,0,10,8826,185,3493,9,798,27,93,7464,127,4819,19,7243,0,98,0,17,10,1773,0,346,844,345,1456,64,26,3413,953,535,104,1099,493,16,585,855,4830,0,0,209,48,8178,40,1,1186,324,943,450,49,366,0,210,1439,15,571,193,2881,1369,425,2541,1,0,909,12,1045,2,4804,424,68,202,411,20,11,510,0,722,0,468,2470,103,9259,2,3306,673,858,1,2,258,0,481,21,3840,9701,71,1,563,1395,541,36,2030,4,378,48,14181,14,12362,641,6,638,8,314,122,9311,0,125,373,2903,604,74,0,2966,1361,3,133,200
"gene_662",25772,12645,16166,6825,24098,15415,11094,6256,10849,17292,8366,14304,18990,9695,5976,11683,11232,25532,3439,2255,4812,9492,6414,19357,10743,2986,14012,12317,27497,6673,8017,8213,2946,17407,15962,9482,11073,6715,22250,10655,14370,4911,1512,4007,7857,7539,7502,9172,12500,10161,15945,13575,5630,3560,2440,17318,9534,14175,19029,2112,12215,10921,6760,16204,5198,3311,2611,5078,12181,10062,4782,22671,1703,11382,18391,4471,10972,3553,8179,10298,18165,2051,4773,5765,10614,17047,1771,26682,4307,3826,20740,6717,8779,7645,37249,5904,20218,2752,8570,32552,22340,10547,44002,67662,28378,1960,13076,25912,20804,4608,14720,6838,44,12915,52469,32608,7435,3001,13383,6856,9287,5936,2753,22,7046,23491,97,7908,5737,6233,718,6513,3802,5501,7501,3828,8094,30765,8810,55962,8685,3590,12185,21499,33479,29959,18836,15534,24146,21509,34148,40972,3146,31161,8668,2525,9146,4683,3792,11848,30894,9623,53200,889,22071,12606,29488,59085,12490,36442,62101,23806,5525,13019,20389,4187,25840,2584,11195,21793,49984,9136,26752,80298,6166,69881,7971,730,2332,54308,88784,23817,46562,11882,2675,4882,4976,4536,44234,104,40223,4541,1236,16266,427,900,148,3845,9167,1329,2870,3087,5466,11460,29,2726,50814,108,1052,4819,1766,3287,15413,3884,13957,4627,1164,61,4136,12784,174,251,7087,5515,12311,24289,10112,1060,866,1588,1059,43898,4809,512,2412,12602,2628,19400,1171,9440,318,2539,239,1639,28427,5228,855,3989,7354,4201,85,101,115,64,898,1,1550,67,1,184,133,428,42,113,34,108,605,4,7,42,17,0,257,2235,543,2,621,292,16,678,248,66,11,220,0,0,0,1058,3,114,237,1,403,57,336,528,134,301,1,600,0,53,0,136,9,285,633,405,265,377,0,19,5,1,342,3,113,77,936,313,1,25,787,245,295,31,38,1,315,6,8,52,2250,419,1218,6,169,84,61,158,23,313,0,37,247,68,976,91,21,250,11,79,1355,156,25,22,13,217,2098,1103,84,29,0,277,3,235,40,823,249,14,445,1506,387,184,53,205,14,7,0,2,1,146,149,40,2202,30,1350,54,28,4,1,173,394,276,135,64,61,22,42,1631,816,24,240,7,103,1,0,520,87,66,23,46,68,0,414,1,1174,122,703,1331,2269,86,112,0,6,44,111,69,502,48,4,10,75,1,61,92,32,0,13,0,10,0,0,9,147,35,263,0,969,1017,99,2,777,6,0,16,824,0,12,98,67,219,75,69,18,0,34,80,47,31,130,45,23,322,26,1,270,82,229,188,25,362,32,6,79,2,3,7,88,2,17,463,202,41,254,390,0,335,654,370,38,92,0,129,37,106,0,0,197,50,16,60,6,98,36,13,109,29,0,46,88,107,5,1486,252,10,153,171,362,21,1,9,52,51,116,95,96,57,82,159,2,54,273,26,36,285,40,0,230,401,88,2,47,102,21,168,8,37,4,0,291,56,276,72,2,56,81,390,63,8,112,104,7,137,35,277,69,60,84,0,159,199,25,1,1,1,352,0,35,10,207,0,0,8,5,61,4,444,217,8,93,17,2,16,282,4,0,0,31,17,103,0,6,179,0,16,35,103,132,945,37,1,3,27,48,28,1,205,674,6,0,945,60,0,270,35,2,100,1,184,115,0,10,18,26,0,53,132,0,0,1,83,52,239,22,7,0,61,3,4,93,22,5,8,5,87,50,2,18,734,0,0,487,673,1,0,16,34,0,14,5,1,0,381,2,233,6,2,0,4,0,197,0,226,35,38,7,76,450,39,53,527,9,8,3,152,0,3,5,16,19,3,7,1,16,8,0,135,4,149,388,46,176,0,114,38,7,372,49,46,0,260,258,101,67,80,0,4,0,0,9,56,0,56,302,128,108,0
"gene_663",0,261,0,75,0,0,30,274,0,0,0,71,1239,2,0,0,0,0,0,104,0,5,575,1,0,236,8353,0,0,0,11,494,1,0,0,2,0,250,0,0,77,2,0,0,0,3409,918,0,0,91,0,0,0,0,0,0,64,29,12,0,54,7,1360,0,0,15,0,0,0,0,6,2,2,0,0,0,122,0,0,0,0,0,5,0,4044,0,0,0,0,0,0,0,0,0,0,0,0,0,0,0,0,0,0,0,0,648,0,1055,0,0,0,0,0,0,0,0,0,5,0,0,0,0,0,0,0,0,0,0,0,0,461,0,0,0,0,1,0,0,0,0,0,0,0,0,0,0,0,0,0,0,0,0,0,0,377,0,0,0,0,0,0,0,11,0,0,0,0,0,0,0,0,0,0,0,0,0,0,0,0,0,0,0,0,0,2,0,0,15,0,0,0,0,0,0,0,0,0,2,2240,0,0,0,0,0,0,0,0,0,357,2,0,33,0,2,0,2,0,112,0,8,8,0,0,0,0,0,0,0,0,155,0,0,3,0,0,29,0,0,0,35,0,0,0,0,2,0,0,0,0,0,0,0,0,0,4,0,0,3,0,0,1,1318,1,0,17,16,1246,0,0,1,2,5,0,57,98,0,0,0,0,2,320,0,0,790,43,0,270,1,0,130,3,0,37,4,0,382,3,0,0,0,0,0,0,1,0,0,1,2,0,0,0,0,0,0,0,1468,0,0,51,0,0,399,0,48,4,0,0,1911,25,0,0,0,9,168,0,60,0,0,0,0,0,5,0,0,77,0,1268,26,0,77,0,0,0,0,11,0,0,1886,0,0,58,0,0,2076,0,0,0,1830,0,0,0,1,2,0,4,0,0,0,1803,265,0,0,551,0,12,707,0,0,0,3,0,0,0,420,0,0,0,2,2,285,0,0,0,1707,0,0,70,0,0,0,0,2016,0,0,32,1,0,241,4283,0,25,35,11,0,425,7298,2596,0,118,823,9,0,90,7,235,1021,885,0,482,10496,502,350,298,13,69,832,45,24,693,6907,875,78,409,0,1,2037,1,110,4,0,1002,191,7441,0,0,1469,1116,173,1286,169,120,27,1115,246,230,0,73,52,2,1602,0,1106,714,76,39,41,11,6,407,150,50,167,97,356,0,10,459,290,31,85,651,2,2,1254,609,0,400,2,0,0,282,56,0,58,627,94,0,0,247,853,17,9,1692,151,26,253,1624,174,1,154,154,870,2187,32,193,12,2,128,5,130,125,131,118,80,182,3733,1795,102,555,282,87,942,329,14,715,614,210,2444,11,144,173,10,778,0,48,2369,5,5146,57,10,7,1820,2280,0,105,16,3,0,0,0,0,63,0,112,4,271,0,718,3526,6,0,0,27,23,203,1797,550,378,89,87,0,181,901,647,0,84,1979,1,0,234,0,0,312,0,58,24,0,0,2466,0,510,0,666,349,124,1453,353,194,12,0,88,7,0,1,1,0,1,118,200,909,0,597,2585,0,0,90,1962,0,0,0,0,557,0,0,6190,455,1103,130,6,177,2439,66,11,8340,7228,50,139,0,331,4,0,40,0,0,0,31,51,5550,0,310,0,15,27,3,0,0,0,28,33,1,33,0,1122,197,0,91,0,481,0,196,0,233,0,0,0,23,0,1309,0,0,0,0,0,47,98,9,0,13,344,288,0,53,0,8,4315,119,0,0,0,0,0,0,0,239,95,0,196,2396,8,0,0,540,507,0,277,0,28,7023,434,0,66,83,0,223,1,0,0,48
"gene_664",0,0,0,0,0,0,0,0,0,0,0,0,0,0,0,0,0,0,0,0,0,0,0,0,0,0,0,0,0,0,0,0,0,0,0,0,0,0,0,0,0,0,0,0,0,0,0,0,0,0,0,0,0,0,0,0,0,0,0,0,0,0,0,0,0,0,0,0,0,0,0,0,0,0,0,0,0,0,0,0,0,0,0,0,0,0,0,0,0,0,0,0,0,0,0,0,0,0,0,0,0,0,0,0,0,0,0,0,0,0,0,0,0,0,0,0,0,0,0,0,0,0,0,0,0,0,0,0,0,0,0,0,0,0,0,0,0,0,0,0,0,0,0,0,0,0,0,0,0,0,0,0,0,0,0,0,0,0,0,0,0,0,0,0,0,0,0,0,0,0,0,0,0,0,0,0,0,0,0,0,0,0,0,0,0,0,0,0,0,0,0,0,0,0,0,0,0,0,0,0,0,0,0,0,0,0,0,0,0,0,0,0,0,0,0,0,0,0,0,0,0,0,0,0,0,0,0,0,0,0,0,0,0,0,0,0,0,0,0,0,0,0,0,0,0,0,0,0,0,0,0,0,0,0,0,0,0,0,0,0,0,0,0,0,0,0,0,0,0,0,0,0,0,0,0,0,0,0,0,0,0,0,0,0,0,0,0,0,0,0,0,0,0,0,0,0,0,0,0,0,0,0,0,0,0,0,0,0,0,0,0,0,0,0,0,0,0,0,0,0,0,0,0,0,0,0,0,0,0,0,0,0,0,0,0,0,0,0,0,0,0,0,0,0,0,0,0,0,0,0,0,0,0,0,0,0,0,0,0,0,0,0,0,0,0,0,0,0,0,0,0,0,0,0,0,0,0,0,0,0,0,0,0,0,0,0,0,0,0,0,0,0,0,0,0,0,0,0,0,0,0,0,0,0,0,0,0,0,0,0,0,0,0,0,0,0,0,0,0,0,0,0,0,0,0,0,0,0,0,0,0,0,0,0,0,0,0,2,0,0,0,0,1,0,0,0,0,1,0,0,0,0,0,1,0,0,5,0,0,0,0,0,0,0,1,0,0,0,0,0,0,3,0,1,0,1,0,0,1,0,0,0,2,0,0,0,0,0,0,0,0,3,1,1,1,0,2,0,0,0,0,0,0,11,1,0,0,2,0,2,0,0,0,0,2,0,2,0,0,0,0,0,0,0,0,0,1,0,0,6,0,0,0,0,0,0,0,1,0,1,0,0,0,0,2,1,0,0,0,0,0,0,1,0,0,5,0,0,1,0,0,0,0,0,0,7,0,0,0,1,0,0,0,0,0,0,0,0,1255,2,0,0,1,0,0,0,0,0,0,0,0,0,0,0,0,0,0,0,0,0,0,0,0,344,0,0,0,0,0,0,0,0,0,0,0,0,0,0,0,0,0,0,0,0,0,0,0,0,0,0,0,0,0,0,0,19,0,0,0,0,14,0,0,0,0,0,0,0,0,0,0,0,0,0,0,0,0,0,0,0,598,0,0,0,97,0,0,0,0,0,0,0,0,0,0,0,0,0,0,35,0,0,0,0,0,0,0,0,0,0,0,0,1,0,0,0,9,0,82,0,0,0,0,0,0,0,0,111,0,0,0,0,0,0,2,0,0,0,0,0,0,0,0,0,19,0,0,0,0,0,0,0,0,0,0,0,0,0,0,0,0,0,0,1264,0,0,0,464,0,0,0,0,0,0,0,0,0,0
"gene_665",5144,45,118,2064,272,436,268,2654,1403,631,1496,1625,4085,3002,256,3904,2875,691,2539,1134,236,3035,1247,3318,809,910,1761,706,3742,719,1551,2300,28,1354,488,3845,1376,3103,1451,35,8799,1590,1051,1834,61,3166,556,4161,2015,906,3612,3398,2298,1300,223,3999,3439,972,2655,6950,7,11091,1490,2647,663,2136,88,65,4814,160,226,1010,120,3412,1952,543,1047,1433,1313,188,255,76,170,1493,835,4573,213,457,60,162,146,1412,2276,584,549,12,0,2,0,0,5,97,515,12,1925,18822,816,289,1,934,7,79,21,12,0,13973,37,0,572,57,9593,21,0,807,22,10,0,0,1855,5,0,589,6,9,1577,2,3490,124,0,10499,958,2912,9172,26,3855,114,11,0,1,202,4063,347,0,2142,0,1844,542,10753,0,0,5686,80,8700,753,470,206,0,0,0,0,15414,610,258,0,2993,1,266,0,161,0,56,0,774,0,0,0,8142,1,11,25536,24042,0,2313,78,0,0,0,0,0,0,476,0,1897,11,19,216,0,0,1,15,0,0,0,22,0,0,0,0,0,0,103,0,0,0,0,0,0,0,542,0,0,0,0,0,0,316,0,0,0,0,0,0,1,4,0,0,0,5,205,0,228,0,0,0,1,0,0,0,0,0,0,0,0,0,0,0,0,0,0,0,99,0,0,0,0,11,0,0,0,295,0,0,0,0,0,0,0,0,0,0,0,0,0,0,0,0,0,0,0,0,0,0,0,22,0,0,0,0,0,0,0,0,0,0,0,0,0,420,0,0,0,0,0,0,14,0,0,0,0,0,0,0,0,0,0,0,86,0,0,0,0,0,0,1553,0,0,0,195,0,0,0,0,1,0,0,1,2,0,0,0,51,0,75,0,2,0,0,0,0,0,0,0,0,0,0,0,0,0,0,0,0,0,0,0,1,2,0,0,0,0,0,0,0,0,0,0,0,0,0,0,0,0,0,0,0,0,0,0,0,0,13,0,0,0,0,0,0,0,0,0,4,0,14,0,0,0,0,0,0,1701,0,0,0,0,0,0,0,0,0,16,0,0,0,0,0,0,0,0,0,0,1,79,0,0,0,0,1,0,0,6,0,0,0,0,0,11,0,0,1530,0,0,47,0,0,0,0,0,0,57,0,0,0,0,0,1,0,14,0,0,7,319,0,0,0,70,0,0,0,0,0,0,0,0,0,0,0,0,0,0,74,0,0,0,0,0,0,0,0,1,0,0,0,0,0,0,0,0,0,0,0,0,0,44,0,0,0,79,0,0,0,0,0,3,0,0,0,0,0,0,0,0,0,0,0,0,0,0,0,0,0,0,0,0,0,0,0,55,0,80,6,0,0,0,0,0,0,95,0,0,0,0,0,0,0,0,0,0,0,0,6,0,0,0,0,0,0,0,0,0,0,0,1,0,0,0,0,0,0,0,0,0,0,0,0,0,0,0,0,0,0,0,0,0,0,0,0,0,0,0,0,0,0,1,389,0,0,0,0,0,0,0,0,0,0,0,0,0,0,0,0,0,0,0,0,0,0,0,0,0,0,0,0,0,0,0,0,0,0,0,0,0,0,0,0,0,0,0,0,0,0,0,0,0,0,0,0,0,0,0,0,0,0,0,0,0,0,0,0,0,177,0,0,0,0,0,504,0,0,0,0,63,0,1616,0,0,0,0,0,0,0,0,0,0,0,0,0,0,0,0,0,1,0,0,0,0,0,0,0,0,0,0,0,0,0,0,0,0,0,0,0,0,0,0,0,0,0,0,0
"gene_666",0,0,91,1,0,44,0,0,1,0,431,0,12,0,4,2,21,0,0,0,10,0,223,0,0,0,250,0,61,0,0,32,0,0,0,0,0,0,22,0,0,0,0,0,0,4,0,298,0,0,0,4,4,0,0,0,222,0,0,0,0,0,0,0,0,360,0,0,227,0,0,0,0,0,17,67,280,0,0,113,0,0,1,0,0,42,0,0,0,0,0,13,0,0,0,0,0,0,0,0,0,0,0,0,0,0,0,0,0,0,0,0,0,0,0,0,0,0,0,0,0,0,0,0,0,0,0,0,0,0,0,0,0,0,0,0,0,0,0,0,0,0,0,0,0,0,0,0,0,0,0,0,0,0,0,0,0,0,0,0,0,0,0,0,0,0,0,0,0,0,0,0,0,0,0,0,0,0,0,0,0,0,0,0,0,0,13,0,0,0,0,0,0,0,0,0,0,0,0,0,0,0,0,0,0,0,0,0,0,0,0,0,0,0,0,0,0,0,0,0,0,0,0,0,0,0,0,0,0,0,0,0,0,0,0,0,0,0,0,0,0,0,0,0,0,0,0,0,0,0,0,0,0,0,0,0,0,0,0,0,86,198,57,96,21,0,0,0,0,1,0,0,1831,0,1,12,0,4,113,69,20,13,205,1,0,287,0,3,0,67,26,336,0,0,0,0,0,0,0,0,9,70,0,64,0,0,0,30,0,0,0,6,0,0,0,555,0,0,0,0,0,0,13,0,0,0,0,29,8,413,0,0,9,0,2,0,0,0,173,24,0,642,472,3,2,24,16,3,0,472,3,0,0,195,19,0,41,4,0,41,0,0,9,0,2,671,0,248,0,0,1445,80,306,8,0,15,2,0,672,46,0,16,243,0,0,0,11,0,4,2,31,36,0,0,0,0,0,81,0,0,34,0,0,0,465,0,0,87,0,2,224,3,0,40,7,34,32,0,4,145,0,0,0,0,0,0,1,33,13,0,0,4,0,0,2,0,0,192,0,182,35,0,0,0,12,0,0,253,2,0,37,0,0,0,0,149,0,0,0,0,0,0,0,0,0,10,0,0,0,0,0,0,0,0,0,0,0,0,0,0,331,418,480,0,0,95,0,1,0,23,0,0,0,14,0,0,0,0,0,0,9,0,0,0,2,0,0,0,0,10,0,0,72,0,19,3,0,0,0,7,0,0,0,293,0,0,0,18,0,0,0,0,0,0,0,629,0,0,0,0,0,0,0,0,0,0,0,0,19,0,44,0,0,0,3,3,196,0,0,0,0,15,0,0,0,8,0,0,0,0,162,0,0,0,0,0,1,0,0,28,0,0,0,0,0,214,0,0,0,0,0,0,0,0,3444,3112,0,0,7,62,0,0,0,0,0,169,0,13,0,0,19,0,483,0,0,0,0,0,0,3407,21,0,1,0,0,0,0,0,0,0,77,0,7,0,131,4507,0,0,1087,0,0,0,16,0,0,0,1,1,0,0,0,0,1,0,312,21,0,0,0,0,0,0,0,0,0,0,0,6,1549,1,1513,0,0,0,0,22,24,0,39,0,0,0,0,34,0,0,0,0,0,0,0,2,2,196,0,0,0,0,19,0,0,0,0,0,10,0,0,0,109,0,7,0,0,0,24,0,0,0,0,0,0,0,0,121,0,0,0,2,0,0,0,0,0,0,0,0,0,0,2,590,4,0,0,0,12,0,0,0,0,0,0,0,0,0,214,0,0,0
"gene_667",9,0,0,0,5,0,18,0,2,0,61,0,0,287,123,0,0,0,1,8,0,0,35,339,59,0,0,39,186,1378,249,0,4,178,25,10,236,0,1,772,1,3,327,77,298,4,0,4,3,0,0,2,13,195,0,2,144,0,12,0,142,0,44,273,413,252,296,5,74,1,606,1,0,0,0,1589,0,458,0,57,0,611,4,17,169,65,0,111,153,0,158,144,1422,0,371,1,1,0,0,11,0,0,6,0,0,0,32,9,0,0,0,0,0,0,0,57,0,346,0,0,0,0,0,0,0,0,0,0,3,0,1,2,0,0,0,36,0,0,0,94,0,0,0,0,0,0,0,7306,0,0,945,6,0,0,1,0,0,0,0,0,0,0,0,0,0,0,0,0,0,0,0,0,0,0,0,0,0,7483,0,0,1,0,8757,0,0,0,0,2,0,0,0,0,0,15,0,3217,1446,0,0,3,0,0,0,0,0,0,0,4533,0,2,1799,10045,0,5,88,0,16027,0,6,0,0,0,0,0,0,0,0,0,0,0,0,27,732,0,0,0,0,0,0,0,0,13888,0,0,0,12,0,0,0,0,0,0,661,0,0,17,1955,0,0,3973,758,1483,11,39,4382,0,247,0,24,334,137,2655,740,978,298,1327,5,342,2221,15,112,92,22,2902,7,1333,2,64,5,3543,1347,1364,244,3817,575,1057,458,47,123,73,1049,91,106,306,157,419,414,0,1181,0,13,88,66,258,0,38,1,497,5956,0,34,403,31,70,1349,0,268,690,9,2,41,0,0,1399,306,818,116,0,774,27,7,0,503,110,34,23,7870,32,173,22,0,4083,588,1208,1988,0,0,3121,3003,5,3150,2966,69,4878,12,6,32,0,19,1577,7,437,201,3,938,21,1315,76,23,93,8852,4573,7,167,85,1572,12,2939,332,7,1361,31,1,1879,37,504,1453,0,3043,0,608,83,22,67,22,252,2669,408,18,56,150,529,7622,11,5107,309,216,3,1519,246,114,37,2,4034,171,807,2991,186,4653,234,23,3,5,9,48,3,618,0,0,1,49,2,0,2,0,915,0,0,85,370,0,0,11,1,86,101,0,0,223,4,2,3,176,35,0,318,6,1349,0,1,13,0,71,1,1653,74,0,1196,41,14,3897,0,0,0,0,1758,0,37,0,49,22,1,14,5117,0,0,0,0,27,10,0,190,113,0,405,6929,326,3,3567,1,2678,3,0,3031,6,0,1,10,723,0,0,0,1,5,348,454,0,34,401,0,2,242,282,1,19,786,24,7,77,0,27,0,0,505,0,31,22,0,0,0,0,103,0,19,392,0,0,0,0,0,836,2275,0,29,275,79,420,71,0,35,0,3,914,1,0,0,0,0,0,2,0,4067,3992,0,0,0,9291,315,0,0,0,7,52,0,0,0,0,0,0,0,0,4,0,0,435,0,0,7,0,0,0,2,0,0,0,0,0,0,0,0,0,86,0,3,0,0,0,0,3,0,0,0,0,0,0,0,0,0,0,0,0,0,0,0,0,0,0,0,557,89,0,0,7,0,0,0,0,0,0,257,21,0,0,0,44,0,0,50,0,0,0,0,0,0,589,0,0,2982,0,0,0,0,0,189,0,0,260,0,114,0,0,0,0,212,0,0,0,0,0,0,0,0,0,18,0,0,0,1361,0,0,0,0,0,0,11,0,0,1,0,0,0,0,0,0,0,586,7,0,0,96,0,0,0,0,0,0,0,0,115,0,0,0,0,0,0,0,0,0,0,0,0,0,0,0,0,1550,6,0
"gene_668",898,21,0,0,0,28,55,0,397,0,0,0,660,39,0,0,0,0,0,1284,1265,0,0,22,0,1,33,0,0,0,0,0,0,0,0,0,0,58,0,35,0,0,8,207,3790,5,9,0,0,0,0,0,0,0,0,0,35,0,0,0,2,0,0,743,2,23,0,0,0,0,184,10,0,39,7211,42,310,0,0,0,46,0,0,0,607,0,0,0,256,56,0,0,0,0,0,0,0,0,0,0,0,0,0,0,0,0,0,0,0,0,0,0,0,0,0,0,0,0,0,0,0,0,0,0,0,0,0,0,0,0,0,0,0,101,0,0,0,0,0,0,0,0,0,0,0,0,0,0,0,0,0,0,0,0,0,0,0,0,0,0,0,0,24,0,0,0,0,0,0,0,1,0,0,131,0,0,0,0,0,0,0,2,0,0,0,0,0,0,0,84,2,0,0,0,0,0,0,0,0,0,0,0,0,0,0,0,0,0,0,0,0,0,0,0,0,0,0,0,0,762,168,6589,0,13325,0,0,0,0,0,0,0,0,0,0,63,2270,0,0,0,0,0,0,0,0,0,0,12852,0,0,0,1,0,7111,0,0,142,0,0,0,0,0,0,0,0,0,0,0,0,0,0,0,0,0,0,0,0,0,0,0,0,0,0,0,0,0,0,0,40,0,0,0,0,0,0,0,0,0,0,560,0,0,0,0,0,0,0,3,0,0,0,2,0,0,0,0,0,0,0,0,0,0,0,0,0,0,0,0,0,0,0,0,0,0,0,0,0,0,0,0,0,0,0,0,0,0,0,0,0,0,0,0,0,0,0,0,0,0,0,0,0,0,0,0,0,0,0,0,0,0,0,0,0,0,0,0,0,0,0,0,0,0,0,0,0,0,0,0,0,0,0,0,29,0,0,0,0,0,0,0,0,0,0,0,0,0,0,0,0,0,0,0,0,0,0,0,0,0,0,0,0,0,0,0,0,0,0,0,0,0,0,0,0,0,0,0,0,13,0,0,0,0,0,0,0,0,0,35,0,0,0,0,0,0,0,0,0,0,0,0,0,0,0,0,0,0,0,0,0,5,0,0,0,0,0,0,84,0,0,0,22,0,0,0,0,0,0,0,0,0,0,0,6,0,0,0,0,0,0,0,60,0,0,0,0,473,0,0,0,0,0,0,0,2478,15,0,511,0,0,0,0,0,0,0,0,0,0,0,0,0,0,0,0,122,0,344,0,0,0,0,0,0,0,0,0,0,0,0,0,0,0,0,0,0,0,0,0,0,0,0,0,0,0,0,0,0,102,0,0,0,0,0,0,0,0,0,3,0,0,0,0,0,0,0,0,0,0,0,0,0,1,0,0,0,0,0,0,0,0,0,0,0,0,0,0,0,0,0,0,0,0,0,0,0,0,0,0,0,0,0,0,0,0,0,0,0,0,0,0,0,0,0,0,0,0,0,0,0,8,3,0,0,0,0,0,0,0,0,0,0,7,0,0,1,0,0,0,0,0,0,0,0,0,0,0,0,0,0,0,0,2,0,0,0,0,0,84,0,0,0,0,0,0,0,0,0,0,0,0,0,0,0,0,0,0,4750,0,0,0,0,0,0,0,0,0,0,0,0,345,0,0,0,0,75,0,0,0,0,0,0,0,0,0,0,646,785,0,0,0,6,0,0,583,0,0,0,0,0,0,0,0,0,0,0,0,0,0,33,0,0,0,2,0,0,0,0,0,0,0
"gene_669",132320,72665,78247,37023,78345,111143,114845,91454,104517,53465,45919,89774,130511,138066,76032,62544,56475,88074,38363,38358,22166,59089,113950,68383,67035,55541,71457,63458,74125,110459,59781,77055,29099,68978,79174,74715,74785,97864,35816,60839,54535,57045,54329,87095,39210,82369,54059,34794,51361,40824,65736,91099,46950,40833,54863,120545,45474,128569,52553,56212,66630,82405,126939,122505,42126,38722,61703,103416,83987,194803,115241,85307,4558,88653,101418,77894,53405,37704,83163,89065,97530,34513,68688,130219,105940,140356,22360,159632,92636,27816,71897,88892,12791,33490,91699,13361,45592,4014,19956,51486,10898,50587,22565,65072,132031,66934,30577,42145,62855,6976,69997,11464,4253,14056,7172,62018,6741,10788,6357,16782,18796,26256,8735,4509,66649,63353,2229,16227,31115,2964,7238,16767,12146,37185,63975,28669,32546,76087,45720,22889,10276,8353,15031,27909,103090,97314,29040,19975,29783,28053,75106,6319,32403,54727,64342,116194,48926,16162,61398,17534,61384,8788,27862,68145,52791,11517,62862,21241,4431,38419,36990,123222,87244,33934,117112,83169,82891,31160,81165,153708,114530,94993,104488,37951,28012,71983,85342,20311,7182,45150,43485,122495,66394,107155,15043,21998,14006,31336,26898,26921,78415,18021,26476,29155,63311,24765,22412,22651,17198,23993,50279,43584,21281,11902,22991,15144,18641,50696,55468,15505,7344,36179,37909,26498,46769,25737,27800,46728,42005,42720,6089,34463,29626,20421,28088,37405,17365,63557,58284,6399,49758,76202,42550,27042,21572,44006,30587,92541,36242,19710,42393,58039,26304,5277,29569,35452,22074,8716,27721,33686,29294,10604,2427,1243,7520,9370,10425,15419,3770,7278,16921,23806,31112,9519,27567,9446,26215,9874,8141,3779,6456,26337,26161,12907,6207,14149,26187,1907,10679,20154,13814,4619,6259,23276,26400,6145,5499,14924,10863,5438,8441,9810,11084,4650,21145,17634,12339,11817,7686,11144,6053,4869,13559,2367,9483,4048,14292,25975,12971,20940,12488,12912,11294,24536,5577,7238,20149,10281,41684,5006,19037,1300,13298,21943,11667,4418,5846,7784,9692,13309,877,19503,13184,22732,18693,1273,13896,27132,13713,7366,23805,7344,8417,15017,12184,3078,16270,13547,10776,12908,7731,8696,21759,11202,9783,5062,9531,18198,17128,36631,8774,5160,17326,4235,18864,6939,18622,17209,10363,43155,21786,19632,12178,15546,13181,12064,3816,21807,22189,9763,2013,4741,31123,14740,16507,9345,5596,21191,6738,11516,13711,20894,6139,10944,10436,6690,4229,27881,8664,3509,30101,27677,12136,16307,27392,11165,24375,13527,5409,8919,7475,11677,16695,11426,3772,8832,38353,1245,42738,20410,38154,49150,7540,6219,6055,3176,10652,3433,15047,6068,8616,8719,4627,9582,6980,3116,3246,466,849,4556,5805,2180,1614,3911,1623,8883,5410,11229,17422,8981,18417,3263,17854,7245,2287,13162,5852,3827,18919,1228,1103,3404,3255,5805,2071,4550,3298,3687,2114,11247,3996,5202,4663,2808,20156,499,4837,4339,10112,150,4885,9378,10237,8014,11569,2335,1497,5464,4676,1121,893,1473,8714,18390,6616,10153,7612,34467,13765,1302,3741,8283,3153,3772,12314,2309,6385,11564,2564,12197,656,1050,10357,5002,4292,1016,7271,9979,2688,5490,10722,8219,2777,4371,13657,5236,17510,8028,2512,2591,6785,4621,1817,3243,14821,13628,6282,4219,4149,2537,5950,10819,1860,2536,3528,7860,1547,6980,10077,3531,11746,2069,24238,3778,9790,7252,1491,5601,5280,824,2,4584,9435,3719,13023,712,50,10022,2331,862,5499,18652,2708,1427,404,8581,4817,242,142,48,583,807,2288,672,4244,739,1326,45,891,49,229,2868,89,8468,1226,781,1884,4237,884,733,350,10742,368,22343,981,3368,10670,23,8303,18731,751,12983,755,69,416,526,2990,317,414,709,1477,2328,1909,15738,858,454,2372,462,121,185,892,3,3056,5510,5657,193,589,188,73,481,3891,12611,4206,293,11201,1323,6,1898,267,1139,581,339,1229,60,197,27109,12,755,1011,2819,866,199,584,1189,58,3384,14244,53,5231,808,4225,9694,25965,1158,290,4913,3531,21078,74,2331,240,1758,461,10741,2669,4455,4639,628,664,5427,2922,1313,113,6558,3130,887,1142,4242,513,1098,1979,15,1882,4130,640,1243,1181,285,4114,185,16,695,4484,10152,2120,2883,859,1299,611,4003,2446,1966,607,639,5259,3076,7722,321,2885,3772,62,10270,1,7354,0,0,1,5442,46,2370,1912,19,177,5825,2163,10,1954,8356
"gene_670",11,2718,209,574,0,5694,0,64,0,0,0,2748,1,184,14,640,10766,98,18,145,0,24,8427,226,21,293,0,63,2089,91,715,1133,302,137,249,0,746,0,0,0,1,617,731,755,2,131,3,0,76,1963,251,2660,0,2146,352,3866,334,21,0,1317,2054,0,1645,1379,26,0,0,0,0,720,3207,1255,0,36,3195,0,261,0,75,0,2,0,0,74,13,741,19,80,20,4,1732,72,0,0,6,0,2276,1,0,0,2,235,0,5,1532,0,21,18,0,2,44,0,56,610,0,0,17,5,1620,0,0,52,0,2283,25535,15,0,0,523,28,134,0,0,0,985,0,0,2,0,1451,7,0,0,3035,3,0,0,3897,0,1,2704,0,102,8763,96,716,0,2023,0,0,3092,0,1345,2607,0,37212,2,9,0,7081,0,0,3380,0,763,0,214,0,61,0,33,0,248,16835,0,2630,1116,0,104,0,0,0,0,859,4,1,78,295,19,1,0,52,1145,196,0,1009,0,138,23,138,0,247,0,3,1402,215,0,0,3408,0,0,169,6224,350,63,0,0,12,5111,1079,0,85,0,280,4555,745,190,5471,15100,1,4,2,311,2,2127,2916,6202,2292,0,30,0,1450,6,1777,0,0,6293,3387,0,13426,11,135,96,31,1231,471,0,1733,6735,3299,3713,36,2,3508,97,13,814,210,108,44,36,40,830,958,0,0,0,1456,0,152,107,58,10,135,608,209,641,710,83,18,1174,77,60,0,43,32,332,130,46,18,411,1,762,186,412,20,185,3962,5631,1345,11,1,5193,321,92,3148,1058,277,1,3321,1062,33,0,289,48,142,186,0,631,70,21,18,638,119,1215,473,4997,4778,259,316,1115,1922,47,359,1326,162,25,129,75,1934,4123,0,11,218,108,748,133,2,2028,708,28,897,13,108,122,4001,22,29,0,0,1,459,218,1286,5972,135,1,168,114,0,22,11,43,64,5414,651,6113,509,7,114,59,2027,44,3,0,1107,18,96,23,144,37,15,81,1004,0,62,1279,0,24,0,105,713,205,4112,4,2904,323,0,17,3,625,2825,765,3131,9,427,548,362,0,293,67,0,97,3844,709,0,6,374,0,1879,58,0,180,10,284,939,0,5707,715,2800,576,135,2,605,93,41,394,69,0,2028,0,1,11,1,821,88,0,0,1,116,1150,1745,6,339,0,866,1,735,1,29,4354,882,0,3,987,113,424,201,0,122,4,2865,204,1028,95,29,7,2760,0,1434,0,2807,32,16285,47,11,6,1530,49,303,91,8,59,1452,798,81,580,477,0,4,15,76,0,1,828,90,1206,3,430,0,705,284,173,2928,0,884,400,0,0,0,236,245,3107,13,101,10626,45,260,170,3478,915,4262,3,4567,0,662,22,11,136,119,6,0,0,281,0,11,8,0,1,15,61,10,0,680,9,0,219,114,3,0,14,2,382,0,50,2,8,152,7,0,0,13,0,4,3130,0,3803,308,0,0,0,228,1017,59,10,2545,0,1,0,0,0,0,6,304,0,17,0,0,36,0,1301,97,2408,816,0,200,27,0,4,0,374,1895,0,0,0,249,2,0,0,4029,0,0,5,0,0,6,0,603,0,0,88,0,91,0,0,208,2,212,930,1829,3069,0,71,932,620,9,704,0,53,38,31,2956,221,878,0,215,154,18850,104,5,153,388,15,0,1530,2322,318,92,0,4391,1,0,0,20,3666,3844,222,3,1295,0,2949,0,373,46,480,1156,0,0,5,11,563,0,19,0,147,1,0,0,4019,241,76,0,2,555,248,0,5635,0,0,0,0,45,24,644,2,1,0,467,914,2031,1,11,0,8930,790,212,46,6
"gene_671",0,0,0,0,2025,0,0,0,0,1986,0,0,0,0,0,0,0,0,0,0,0,0,1984,0,0,23,0,0,0,0,0,0,0,3,0,0,0,0,0,0,0,0,0,0,1074,0,0,0,38,0,0,0,87,0,0,4,0,0,0,0,0,0,0,0,147,0,0,164,0,3,0,0,0,0,0,0,0,0,9,1514,0,0,0,0,0,0,0,0,0,0,0,73,0,2,0,1,0,0,1076,0,0,38,7,1,188,0,39,0,0,2,22,3,0,5,0,0,0,0,0,0,6,0,0,0,0,5,17,1,0,10,0,12,50,4,0,1223,65,0,0,5,0,0,0,0,0,0,0,0,0,0,0,0,0,1,0,1165,0,1739,0,0,0,60,0,0,0,0,0,0,0,5,0,454,1110,0,0,0,0,0,580,2239,1404,72,2519,2,916,0,0,0,19,0,0,19,489,0,0,0,0,0,0,0,93,0,0,0,0,26,1,0,143,0,6,0,0,0,1,0,0,0,0,0,54,0,525,1,32,0,270,0,0,0,349,0,0,0,0,60,525,0,938,3,0,15738,0,0,952,0,0,0,0,110,0,0,1273,0,0,6235,0,13,22,0,0,0,0,0,0,0,0,0,0,2,6,0,0,0,0,0,0,2,0,0,0,540,0,202,0,0,0,0,0,75,0,0,991,0,7,0,0,934,0,0,69,0,0,4,0,0,0,0,1,2,228,0,0,38,0,0,18,0,0,0,0,0,0,0,0,0,8,0,2,0,0,0,0,0,0,0,0,0,0,22,0,0,0,12,0,29,0,124,19,0,0,0,0,0,0,0,0,3,10273,0,0,5288,0,0,5744,2,3551,0,283,2,0,0,0,0,0,0,0,0,0,0,119,0,0,0,0,23,0,0,0,0,0,0,56,0,4,0,0,0,0,0,0,69,0,3,4,0,0,0,0,0,0,0,0,0,16,0,15,0,532,4,0,341,39,184,0,0,54,0,0,0,11,0,0,5,0,0,1042,0,0,0,22,0,0,3,0,0,9,0,0,0,80,0,0,0,0,0,0,0,0,30,0,0,0,11,0,0,0,0,0,0,0,0,13,0,0,0,0,0,0,0,8,25,0,0,0,0,0,1,0,0,0,1,0,0,0,0,0,0,4,0,0,0,0,128,0,0,0,55,0,511,163,0,2,0,58,0,514,157,674,0,0,0,0,0,7,0,0,519,0,0,0,0,0,0,0,0,4,0,0,0,0,0,0,0,0,0,0,92,1,0,0,0,225,34,0,0,11,0,0,0,0,0,31,0,30,0,0,0,0,0,0,10,0,1,0,0,0,0,0,144,0,0,0,0,1,0,1,0,0,0,0,0,0,0,0,0,6,0,0,0,0,0,0,0,0,0,0,0,0,56,0,1727,0,315,0,0,0,0,7,641,0,0,0,0,0,33,0,0,0,0,0,0,1004,0,0,0,0,0,0,2884,0,0,0,0,0,0,0,0,0,0,0,0,0,0,0,0,0,15,0,0,0,0,0,77,0,0,0,0,0,0,1071,10,0,0,0,0,0,0,0,0,0,0,0,0,0,0,1,0,0,0,0,0,0,0,0,0,0,4926,0,0,0,0,0,0,1391,23,12,0,0,0,0,0,0,0,0,0,0,0,0,0,0,0,0,0,0,0,0,0,0,10,0,0,0,0,4,0,0,0,0,0,0,903,0,0,0,0,0,0,0,0,0,0,0,0,0,0,1737,0
"gene_672",131,0,140,55,81,20,61,905,1744,24,86,35,549,756,923,33,316,419,11,130,129,114,701,2305,278,13,46,46,208,271,91,648,79,9,2005,608,223,45,816,4,1675,306,113,528,98,115,295,112,914,3,918,158,92,21,878,667,2399,4,183,654,463,0,21,364,62,774,623,43,436,882,154,856,0,287,10,144,1,86,70,248,1018,12,10,174,1982,124,11,93,26,29,168,482,0,13151,219,0,5,1,1230,215,410,11146,2,0,0,0,800,673,19,995,1,12,19,0,94,511,0,0,0,46,0,0,0,0,0,0,21,0,12,45,0,0,0,28410,35775,2,0,2258,2641,49,6675,0,19,0,9,8588,10,2,647,0,1889,542,15,5,4,5,0,0,3474,355,189,6,954,0,131,0,28,6,21,1364,2596,1,0,8558,0,0,7,45,0,123,30,0,16,44,1653,17,1121,0,2,731,0,4794,3713,2,3,1997,118,639,615,3,39,16,32,297,6,0,241,6616,947,957,1632,10981,248,795,1052,538,404,0,8161,3899,36,0,201,3,0,570,14,1203,4000,4,3,173,894,2169,39,14749,592,424,768,0,2541,2179,4924,5,401,7,0,86,258,1974,11,6,304,1187,1693,14,389,48,3628,122,230,3510,10,2315,361,264,1196,1888,16,1656,358,611,298,56,166,322,1213,23,288,53,195,690,406,499,400,1,26,434,20,407,649,520,78,44,1045,93,12,50,198,2227,52,8,91,632,9736,444,1897,10,590,148,110,106,452,16,619,366,1452,111,33,433,44,223,10,623,135,289,853,1335,151,10248,0,91,56,545,0,101,0,14,95,468,199,727,2058,2025,224,49,418,21,533,534,96,13,2337,2663,790,5558,130,111,466,87,4866,50,1,1,2227,106,2322,13,763,200,1289,119,1031,94,3714,1074,9,1308,62,5097,2872,918,778,5163,331,161,2552,31,522,2084,141,485,9,123,1367,781,478,319,2739,210,1138,326,250,793,748,284,1852,4225,70,341,3574,92,102,653,280,2719,3260,45,21,1375,28,930,3,184,62,837,1141,25,2919,4078,1324,70,60,3,56,362,912,0,199,47,244,5,398,514,3436,640,13,69,2413,3,704,361,33,129,98,439,27,1187,1666,6,113,1076,2090,24,1,184,51,936,89,72,578,1197,1377,345,53,2165,475,506,1827,565,100,319,17,273,0,261,614,148,16,793,577,568,1097,654,505,518,211,106,24,124,6,2,1,1018,203,1,91,1499,368,181,21,35,849,6,371,535,953,1562,413,37,26,183,51,108,40,2796,442,33,553,904,151,25,839,33,153,34,543,158,0,9,199,13,1666,242,7,1010,60,325,55,96,44,0,505,4,19,46,6,41,45,872,241,53,509,294,64,1,0,419,7,252,986,58,174,11,117,0,1573,768,32,1086,18,1095,15,95,650,11,15,15,978,12,793,0,1278,83,216,17,696,907,4,1009,563,1211,8,21,4038,1261,5536,3,5,682,439,5,35,85,0,1022,19,0,297,1754,257,2923,446,2336,277,118,8,2262,1369,1192,2535,5,1464,4,9,6924,616,39,76,0,631,2423,1668,0,3941,867,1,0,680,32,867,13,355,3,1136,31,0,1,14,0,0,4,0,7,23,1050,3967,2,92,44,1,0,9,3265,5,806,1,156,785,35,5353,0,70,1468,0,14,1,3,315,277,119,2815,0,1369,253,361,298,184,217,0,925,3271,892,3,2,280,3,3,3780,30,240,257,245,4026,0,665,0,121,7,197,1098,2224,722,0,3263,8,370,0,1266,34,10,75,1315,25,37,2,128,4672,106,2910,22,2945,1315,3687,131,9,1244,49,737,2781,22,521,0,21,140,142,1,314
"gene_673",2,0,0,4,189,0,0,0,0,0,0,0,48,0,0,0,0,0,0,0,0,0,0,0,0,0,0,0,0,0,2,0,16,0,0,1,0,221,6,0,0,0,0,0,301,297,0,37,0,0,0,0,0,0,0,0,0,0,0,0,0,1,0,0,0,0,75,0,104,0,0,0,0,0,0,0,0,0,0,0,0,0,0,8,1626,0,0,0,0,1,0,3773,0,0,0,0,0,0,0,0,0,0,0,0,0,50328,0,0,0,0,99,0,0,0,0,0,0,0,0,0,0,0,0,0,0,0,0,2002,0,0,0,0,0,0,0,0,0,0,0,0,0,11861,0,133,0,0,521,74,0,0,0,0,0,0,0,0,14967,0,0,0,0,0,0,411,0,0,0,0,0,0,466,0,8,0,0,0,0,0,8580,0,0,0,0,3,2,0,0,2,0,0,0,0,0,0,0,0,0,0,0,0,0,0,0,0,0,0,0,0,0,1,0,0,0,0,0,0,0,235,0,0,124,0,0,0,0,0,0,1803,0,85,0,0,0,0,0,0,0,0,0,0,0,0,0,0,0,1478,0,5,0,0,0,0,0,0,0,0,0,0,0,0,0,0,0,0,930,0,78,0,0,0,0,1371,0,0,0,0,0,0,0,0,0,0,0,2,0,0,0,0,0,73,0,0,0,0,0,0,0,0,0,0,0,0,1,0,0,172,0,0,0,301,0,0,1,0,0,0,0,0,0,176,0,0,0,0,4188,0,0,60,0,0,0,0,0,0,0,0,0,0,0,0,11,0,0,0,0,0,0,0,0,0,0,0,3,3510,0,0,0,0,0,0,0,1,0,0,1207,3,0,0,0,41,0,0,0,0,0,0,0,0,0,0,0,1,0,2,0,213,13,0,0,282,0,0,0,0,0,0,413,0,26,0,0,0,0,0,5,0,0,0,0,0,0,0,0,0,0,0,0,0,1,0,0,0,0,0,0,0,2562,817,0,0,18,0,0,0,50,0,0,1,101,0,0,0,0,0,0,0,0,1,0,0,0,0,0,0,321,0,0,0,0,6,0,0,1802,0,0,48,0,1,0,0,13,0,117,30,0,0,4,20,0,64,0,0,0,0,170,0,4,0,0,0,0,3,0,1,0,0,411,0,0,0,0,0,0,0,862,1,0,2070,0,0,0,0,0,0,0,1,0,0,0,0,0,0,0,0,0,27,0,3,1,0,0,0,1826,0,0,0,0,0,0,0,0,0,0,0,0,1,0,0,0,0,0,0,1,0,267,223,89,0,0,10,1,424,0,0,0,0,0,0,0,0,0,0,0,0,3,0,0,0,0,0,4,0,0,0,2,0,0,0,490,0,661,0,0,0,0,0,0,225,0,0,0,0,0,0,0,0,0,0,0,0,3426,0,0,0,0,0,0,2777,0,0,0,1478,0,0,0,0,0,0,0,57,0,0,0,0,0,0,0,0,0,0,0,0,0,0,0,0,0,0,0,286,0,0,564,0,0,22,0,0,0,0,0,0,0,0,87,0,0,0,0,40,1,0,0,0,0,0,0,15,0,0,0,3,19,0,0,0,0,0,27,0,5542,0,1293,0,0,0,0,589,0,0,0,0,0,0,0,0,0,0,0,0,0,0,678,0,302,0,0,0,0,912,0,0,0,0,0,0,0,0,5,0,38,0,0,0,0,0,0,0,0,0,9,0,0,0,0,0,3478,0,112,0,60,0,0,0,0,0,0,166
"gene_674",0,8448,19,0,100,0,428,5,0,55,0,0,1,0,1155,3220,138,0,60,5895,0,0,4,5091,6,0,0,1529,263,7,59,1249,1,0,0,22,0,532,1283,2703,2167,7,16,0,0,6,0,0,41,1256,100,362,0,0,451,1043,0,0,17,358,0,0,0,0,0,0,0,0,8130,0,0,189,0,3,0,8,330,0,0,257,0,0,226,2857,0,1603,26,41,0,2,3,0,214,16,0,0,10,0,0,12,0,36,11,0,3,1,0,0,0,0,0,0,3,0,0,14,0,0,0,0,0,10,0,0,0,0,0,4,1,0,0,2,1,0,7,0,3,0,81,117,0,0,1,11,1,0,33,81,6,4,49,18,0,3,0,3,0,0,0,0,4,44,0,114,1,5,147,0,0,7,0,8,0,2,128,2,30,0,17,28,2,0,29,0,4,0,0,1,0,1,0,0,0,0,0,0,0,0,0,0,0,0,0,0,23,0,0,0,0,0,0,0,0,0,0,0,0,0,0,0,0,0,0,0,0,0,1,0,0,0,0,0,0,0,0,0,0,0,0,0,0,645,0,0,0,0,0,0,0,0,0,0,0,0,0,0,0,0,0,0,16241,4,0,0,0,2888,933,46,3819,1336,18,907,0,111,66,1947,0,133,0,1,44,0,293,5746,1,48,605,211,197,19,1161,2233,1,1245,1882,377,56,1796,34,12,0,688,153,377,33,2220,0,9,73,17,1,136,167,1,328,1173,195,24158,0,13,86,18,154,42766,2829,2152,3010,0,4832,6683,1264,3,2,0,446,13,500,69,4862,3,0,0,0,121,0,38,2891,0,0,0,61,5360,362,18,245,65,13947,16,9158,5176,251,11302,223,7154,15397,745,6227,709,13,542,1,19,0,799,1522,0,0,740,1288,0,574,1581,7532,178,0,14,0,1,243,87,2785,236,0,33,4,3837,0,0,125,2,24,333,1,0,515,9,3081,238,1344,493,0,12309,0,10004,391,1,954,7359,0,291,3316,0,142,197,2,6140,9265,0,43,55,163,8,75,0,6,1,0,1,0,0,0,2254,0,0,0,0,0,0,0,0,2095,462,12,0,0,1,0,0,6,0,0,0,0,0,0,2,0,0,0,1361,2555,3640,19,0,46,33,69,0,0,0,1,41,0,0,76,0,6,0,0,0,0,4727,8,9,4,1,0,2282,0,1863,316,0,0,0,1,165,0,0,0,3598,3571,100,0,3,0,0,1,0,0,2,0,128,2,0,0,0,0,2,0,0,0,0,0,0,1296,19773,75,0,2543,0,1217,0,0,0,0,0,0,6,0,41,0,0,1876,1,0,98,0,0,0,0,31,0,14,0,0,4380,0,0,0,0,0,0,0,709,0,56,0,4603,0,0,0,0,0,0,14,0,0,0,1025,0,0,1056,0,0,0,4,0,0,0,568,15027,367,0,0,0,0,0,0,6,0,6,0,0,22342,602,0,0,0,4,21,0,592,0,1608,0,0,0,0,0,381,1640,0,0,17,0,0,0,0,0,0,0,0,0,0,0,0,1,4,236,0,4,0,0,0,11,0,0,0,0,0,0,0,0,0,0,0,0,0,0,0,0,0,52,0,0,2,4436,103,0,1,0,0,27,0,0,0,0,2,1325,0,0,3516,0,0,0,36,0,0,0,0,0,0,6,1,0,0,0,0,0,0,1546,8342,2,0,0,0,0,370,0,0,0,0,0,5,0,0,0,4,0,4860,0,0,0,0,0,0,56,0,0,4000,0,122,3564,0,0,0,0,0,0,0,0,0,0,0,0,0,0,0
"gene_675",0,63,0,0,0,0,0,28,3138,9,56,13,0,6,0,3,66,0,11,669,44,0,70,24,19,0,0,0,5,0,0,0,0,224,0,1685,0,13,0,35,301,0,0,0,0,55,0,0,3,0,1,0,53,0,0,0,336,927,0,96,1837,113,0,493,50,0,683,202,0,25,119,3556,0,0,0,9,80,0,471,170,112,0,5,0,33,0,0,0,0,2,60,0,0,1267,8,0,0,0,0,0,0,150,0,0,0,0,0,0,0,0,94,0,0,0,0,0,0,0,0,32,0,0,10,321,0,0,60,0,2,0,0,0,0,0,0,0,0,10,3,0,0,7,0,0,0,0,0,0,0,58,0,0,0,0,0,0,0,18,23,0,0,0,0,0,0,0,0,7,0,0,0,4277,785,0,0,0,0,0,0,0,96,0,0,0,296,0,0,0,0,0,0,21,0,210,253,1553,0,43,1,0,0,924,0,0,0,0,1365,11,0,1028,0,50,0,0,8538,0,0,144,0,0,420,62,0,65,0,0,2,0,2,1226,0,600,0,101,0,4,13037,2,4685,0,0,0,10,592,0,0,1436,77,0,1,140,0,0,0,49,342,111,0,0,0,629,0,67,0,0,0,30,0,0,0,0,10,51,0,27,0,0,0,411,1679,0,0,0,0,0,1,0,0,0,0,0,0,29,1,0,0,0,0,0,0,3,0,0,0,0,0,26,0,0,0,0,0,0,0,0,0,0,0,66,0,0,0,0,0,77,19,0,0,2,0,31,4,0,0,0,0,0,28,0,1,33,0,0,14,0,53,0,0,25,0,1,455,0,0,7,0,0,0,0,0,11,0,834,1766,1237,32,10,0,0,0,0,0,2,0,1,3465,0,46,0,0,0,0,0,0,0,51,1,0,0,2,3131,10,5,29,5546,0,2558,5,0,2076,0,5,0,0,0,816,3,0,1,2,91,1,32,0,3,1434,0,3242,4,0,1045,48,0,0,24,1826,2,0,0,0,0,0,2,0,244,0,0,0,753,0,0,0,0,0,0,0,0,0,0,17068,695,0,0,0,0,18,0,0,0,0,0,0,0,0,7,0,0,0,0,696,0,0,0,0,567,0,0,0,723,20,3,0,12,0,0,652,348,0,31,654,29,0,0,0,0,593,0,14,0,0,0,50,0,436,1,0,0,646,1,5,0,0,0,3,0,4,21,2,1,79,0,69,0,3,0,74,4,6043,0,0,651,0,0,1016,0,0,0,0,0,0,315,0,43,0,15,0,0,0,0,0,21,0,23,0,0,6,0,109,0,14356,0,0,0,117,0,176,0,0,39,243,0,0,0,0,0,0,0,0,0,0,0,0,48,0,0,0,0,0,0,126,0,0,0,0,0,2084,0,0,0,0,1343,0,0,0,0,0,0,0,0,0,0,0,0,0,475,0,0,0,4,0,1049,0,0,0,0,0,0,0,0,0,0,0,0,0,0,23,0,0,0,0,0,21,0,0,0,0,0,0,0,0,0,4418,0,1,0,0,0,0,0,0,3,0,0,0,3,2928,126,0,0,0,0,1,0,0,0,0,0,0,199,0,0,0,0,0,0,0,0,0,0,0,0,14,0,2,0,0,0,0,0,0,0,5,0,0,0,1,116,0,1,0,0,0,0,0,0,0,0,0,0,0,10130,75,0,0,0,0,0,0,0,0,0,0,0,0,9,0,0,0,0,0,4,0,0,63,0,0,0,0,0,0,0,1,584,5,0,504,0,0
"gene_676",0,0,0,0,0,0,0,98,7,0,42,1,0,313,36,5,0,4,0,0,3,0,22,14,394,4,1,1,0,14,0,113,0,0,703,0,0,372,1,573,26,1,0,27,0,38,0,1432,373,443,73,11,0,145,51,4385,11,0,0,0,3,261,0,1,615,302,249,0,0,0,0,295,1,13,24,19,79,8,0,0,0,0,21,0,0,0,0,1,1,0,8,197,0,81,0,29,1,0,0,0,2464,1450,71,5147,0,0,45919,16,0,610,0,24,0,621,200,0,0,4,0,2304,863,15,152,0,94,0,0,2191,0,0,2763,195,147,0,25,0,304,41,0,127,2,3369,763,0,0,66,6,2,1806,0,1,109,0,0,0,53,1551,0,1670,8,707,16,3,4,49,0,15,0,0,482,0,0,575,9945,0,28,0,5,0,1988,222,0,0,0,138,0,0,735,0,39,0,0,6,34380,0,5146,152,510,0,101,0,0,3236,215,296,0,113,1447,1145,56,0,3,0,0,3488,260,0,5859,3,0,70,18939,145,0,1,0,241,0,35,0,3,0,4692,0,653,100,0,7356,3,0,2,4,1535,2,162,0,57,0,3576,605,226,0,31161,18,1353,2179,0,35,57,130,1,34,1247,3,1211,0,0,94,8,450,134,2006,8,9475,0,227,2,342,88,44,418,197,0,1469,32,10,0,2499,0,2045,899,0,2,0,41,558,7873,0,0,0,13,0,183,0,1368,0,0,592,0,1093,954,1,0,143,33,4,6,225,35,1030,89,0,0,2722,56,3569,14,17,0,48,271,0,561,0,0,0,4580,481,0,330,4,0,1099,2,1081,668,542,3366,0,240,563,28,0,361,2395,0,2265,0,6,1318,14,4,12,285,24,155,917,1326,1565,98,630,879,0,0,199,569,237,1649,397,3844,1,0,475,523,0,0,1131,0,90,0,199,0,50,549,67,5,0,1574,184,19,290,1,4,0,1515,319,96,0,2666,0,0,185,134,1237,148,2,894,17,0,13,281,0,0,27,95,635,447,318,9,22,11,2824,0,0,0,2,44,0,0,22,0,4574,10,97,0,0,0,0,369,0,173,0,369,0,84,0,12,8,1478,0,0,0,66,6,122,0,14,0,6,0,0,9,5,0,0,14,0,0,0,499,0,4,109,0,0,0,0,224,0,4,36,0,0,0,0,1368,0,2,0,167,0,2650,0,0,0,94,1632,1,53,0,97,1,0,0,3529,0,0,60,0,0,397,82,1,1,170,0,102,1,13,0,0,0,9,0,0,0,0,82,83,0,18,0,0,0,0,1548,2,0,223,1,0,114,0,0,11,0,2,1397,0,123,0,5929,3,34,0,0,165,2,5,0,0,0,0,46,0,0,0,0,355,466,0,535,0,0,0,1,26,8,3345,0,0,17,249,0,2162,1,13,395,6,0,0,0,242,222,54,0,5,0,0,21,0,430,0,0,0,0,22,0,0,0,146,0,0,0,0,10,0,12,43,0,932,36,0,0,13,0,91,0,9,0,7,0,0,449,0,149,0,178,0,0,0,59,1,0,0,6,0,0,0,0,164,0,0,2293,0,51,0,0,0,0,0,0,0,98,2,0,0,18,0,352,1388,5,0,0,12091,0,0,82,0,0,0,0,0,0,0,0,0,814,0,0,0,1960,5,0,0,0,0,0,2,0,56,24,63,6,0,0,30,0,0,10,0,18,0,5,274,0,0,945,0,0,1908,0,0,0,0,0,24,0,0,1,0,1,0,0,0,1,0,0,429,0,0,0,0,0,0,343,27,19
"gene_677",21095,18076,14695,4719,7680,12819,14371,5080,6489,6816,12435,11373,5311,20503,17061,7777,11993,10405,4130,8175,1950,3816,38651,12100,13856,9837,751,5590,3636,15973,4912,6670,7034,8611,19954,24013,8326,17051,7947,5893,13639,12823,9510,17979,5493,14795,11123,5611,3504,7918,16288,29437,4458,7064,2674,15748,22010,10620,6913,9762,10027,10062,10318,10382,5169,2844,2919,15097,11274,21650,28912,21897,465,24031,4703,6505,3207,6506,10944,14355,12768,5882,9637,12301,7117,9389,3293,4164,7950,5222,8552,8447,8233,7829,29554,541,24172,1102,7795,5196,5442,3930,18426,11726,5835,8675,4326,5252,4674,4121,25964,64,233,1338,23208,5774,894,117,12365,15786,3058,195,2907,872,11795,12641,805,6634,13964,926,1889,4513,8520,14680,5610,8105,30002,4114,7172,10030,12969,30544,11236,51947,11681,6897,1865,19187,26440,21760,1613,2055,1216,21514,26703,32304,25344,20061,8169,2533,5433,25416,18559,21513,38552,14303,7082,25642,855,12519,50432,21337,3186,2696,1358,1185,4973,19101,606,19901,17280,6267,47378,4793,53153,39913,1577,8841,13244,21854,45506,6746,10165,14427,2704,5750,624,2298,7877,8767,51633,14382,57476,4907,4,6656,3585,9406,11249,10044,10954,11810,1351,16951,8936,4137,5723,12824,300,1063,293,1009,14790,29650,234,16090,1493,12164,3221,19571,807,19260,5330,2492,20360,1918,3484,6350,1681,203,2252,5835,6350,1860,3428,638,4914,5168,34592,14128,6631,2556,10601,954,18298,2119,6047,4751,2831,44562,32,3937,5095,27,1737,855,7872,354,137,790,229,6570,7635,1267,197,1779,4480,1,2431,1311,824,5510,7,4878,749,686,2215,79,3564,710,370,4,3426,2725,117,28,3243,333,134,2018,2307,90,315,2287,1739,107,2,1728,76,300,923,3141,1382,4149,54,1411,216,148,371,2545,36,52,168,1083,4303,195,244,3030,25542,717,3939,65,67,2117,79,1264,341,16,215,416,679,2260,6627,1079,2828,660,99,328,2744,583,48,2464,2499,3990,3,231,1983,111,9946,91,694,397,0,6248,425,1338,3108,47,2875,18174,544,1199,1329,457,26,5435,256,2270,7141,1383,2589,12477,3934,24753,4127,234,295,1118,4584,735,664,609,2112,1367,1462,120,220,1372,3458,41,1825,4281,406,21005,15,11,6,3676,7815,1614,2770,1889,1150,6262,770,699,2931,8214,247,4277,3927,2715,252,204,234,34,4168,12,3,959,1900,1091,2,92,187,1162,1440,14,381,2141,921,107,0,0,15,786,0,0,42,0,18,0,20,15,1272,7,218,301,0,880,10,0,334,2,728,269,375,2,1142,657,8,2,74,0,7080,2,7,0,745,0,0,5252,1307,0,3,8,39,156,1,12,544,404,952,9,3,2,210,0,1435,1,752,1276,181,0,0,1385,3450,15,2,0,1137,0,7,1,3,655,642,343,3929,0,1298,2,0,1,89,743,6,358,1,6,21,0,2423,1589,871,253,0,148,436,0,91,1528,1,2,69,7,871,70,80,2888,45,17,209,0,34,0,0,3,17,15,241,10,0,16,0,4,1076,1671,0,0,3,0,0,0,0,0,0,264,505,0,0,97,0,7,0,0,0,0,0,0,0,0,0,0,0,0,0,0,0,0,0,0,0,2,0,0,0,0,0,331,3998,0,0,0,0,0,0,0,299,0,2691,0,0,0,0,0,773,0,17,0,0,0,0,0,0,2406,522,0,0,0,0,0,0,0,0,0,136,0,0,880,0,0,859,0,0,0,0,0,0,0,0,1,0,1317,5214,0,0,0,0,0,0,1,0,0,17,0,0,0,1,109,0,0,0,410,0,48,0,0,0,0,203,0,77,0,2524,0,0,0,0,3,0,0,0,4505,0,3,0,0,0,559,0,0,6,0,0,52,0,0,0,0,0,0,0,0,14,20,0,0,0,0,0,0,0,0,1,0,0,0,0,1215,0,41,0,8,0,2638,0,1387,0,0,0,0,0,3333,0,0,0,0
"gene_678",0,7,0,0,23,0,0,0,0,0,0,0,0,0,0,0,0,0,0,2,0,85,27,0,0,1323,0,5,0,0,0,0,0,0,0,0,0,303,0,2,0,0,0,0,0,0,15,0,1,0,0,0,0,0,0,0,6,0,0,0,1294,0,0,0,0,0,3,0,2,48,3105,0,0,0,0,0,0,0,0,0,0,4,0,0,0,0,0,0,6,0,4,2400,0,0,0,0,0,28,0,0,0,0,0,0,0,0,0,0,0,0,0,0,0,0,0,0,0,0,0,0,0,0,0,1,0,0,0,1,0,0,0,0,0,0,0,0,0,0,0,0,0,0,0,0,0,0,0,0,0,0,0,0,0,0,0,1,0,0,0,0,0,0,0,0,0,0,0,0,0,0,0,0,0,0,0,0,0,0,0,0,0,0,0,128,0,0,0,0,142,0,0,0,0,0,75,0,0,0,0,0,0,0,0,0,0,0,0,0,20,0,0,0,0,0,0,0,0,0,0,0,0,0,35,4,80,0,0,0,0,0,0,0,0,0,0,8,0,0,0,0,1836,0,0,0,0,0,0,0,0,0,0,0,0,0,0,0,1045,2,0,0,0,0,0,0,0,0,0,0,41,0,0,0,0,0,0,52,0,680,0,20,0,0,0,4,0,0,0,0,0,0,0,0,0,0,26,613,337,0,0,0,0,0,0,0,0,0,0,0,0,0,0,0,0,166,6,0,0,0,0,174,0,0,0,0,0,0,0,0,0,0,0,0,5,0,236,0,470,0,0,0,0,5,5,29,0,0,0,0,0,0,0,0,0,0,0,0,0,0,368,0,0,0,0,0,71,0,0,10,58,0,0,0,0,0,0,0,0,0,11,2,0,0,0,0,0,0,0,0,8,0,0,1051,0,0,0,0,0,0,0,0,0,379,19,0,100,0,0,0,0,2,1,0,0,1,0,0,0,0,0,0,46,15,0,659,0,0,0,0,20,76,0,0,0,0,299,0,0,0,278,0,0,0,0,0,0,0,0,0,0,0,0,0,0,0,54,0,0,0,0,0,0,0,0,0,0,0,0,0,0,0,0,0,0,0,0,0,0,38,671,0,0,0,0,0,0,0,42,0,0,0,0,0,1695,0,591,1,0,182,0,0,0,0,0,0,0,6,0,0,0,0,0,64,8,0,0,0,426,3,0,0,0,0,0,477,0,0,0,127,0,1,0,35,0,0,0,0,0,0,0,502,11,0,30,0,0,28,0,31,0,0,0,0,0,0,2,351,4,11,0,0,0,0,2,0,0,0,0,0,0,0,0,0,0,0,0,0,0,816,0,0,0,0,0,0,0,0,0,0,0,0,0,0,0,0,0,0,0,0,0,0,0,0,0,0,0,0,4,0,160,0,0,0,0,0,0,0,0,0,0,0,0,0,0,0,0,0,0,0,0,458,0,7,0,0,1,0,0,0,0,0,0,0,0,0,0,222,0,0,0,0,2,0,0,0,0,0,40,0,0,0,16,0,0,0,621,0,0,0,0,0,8,0,0,0,0,0,0,9,0,0,147,0,0,105,0,0,7,0,0,830,0,0,0,0,0,0,0,0,0,0,0,0,0,0,63,0,0,35,0,0,0,0,2,0,0,0,0,0,0,476,0,0,0,0,0,0,1096,0,0,0,0,0,0,0,0,0,0,0,0,0,0,0,0,0,0,0,0,0,0,0,0,0,0,0,0,0,0,0
"gene_679",0,1902,0,0,0,0,0,6,0,0,0,0,0,0,1074,0,1,0,0,0,0,0,89,0,0,0,0,5,0,0,0,0,0,0,0,0,0,205,0,0,28,0,269,0,2,13,6,0,0,0,4,0,162,0,0,0,0,398,0,0,0,0,746,1245,0,0,1140,0,0,0,11656,17,0,0,0,0,5,7839,0,0,0,0,396,0,0,6,0,0,26,0,0,0,691,480,1272,0,943,395,34,0,16,5,758,465,0,308,4165,0,0,1,59,0,0,710,1759,0,0,289,0,15,1009,0,1034,0,11586,1346,1062,1511,0,561,170,0,1,3171,1,2125,407,1,0,0,0,0,163,27,0,13480,0,135,42,4846,0,130,1,618,0,604,16827,0,1940,0,63,0,0,18,1111,0,574,4847,0,0,27807,0,48,15,0,11781,12,0,21483,7605,0,1,0,9,0,0,0,739,2415,0,7,314,0,147,12,0,618,2,0,251,93,0,5,0,2,6,0,0,220,334,1094,429,0,1,224,3555,1591,62,106,1,0,26,0,82,726,131,19,670,0,0,9,0,0,0,2,0,154,44,0,11,1,0,0,0,0,1,0,0,86,0,199,199,88,0,1773,0,0,2617,2,0,31126,7623,8152,3311,10567,4229,11270,10147,8742,10383,8557,23122,20894,3845,39207,3864,4453,9127,7876,9164,672,19284,12133,18714,1911,3305,8962,6705,10491,4489,1853,4854,13131,45456,27269,23307,14125,9331,14183,26741,4319,9093,7761,9891,14751,14184,12360,10677,5474,2047,15915,12923,5031,5335,3338,980,16748,18363,18401,15574,3472,10908,13406,19456,2435,8590,7225,30314,18933,6974,18880,402,6358,12781,5177,10683,9934,4897,14905,6031,1286,14085,7890,21128,9929,2329,10270,11775,2962,1130,22519,14081,13737,6612,4076,15155,2345,24048,25880,10778,6563,20189,26541,11381,25329,12887,21722,20424,19398,7800,20427,21523,4401,10358,11797,52731,24309,18467,20815,24257,20237,16804,8366,18013,27578,12008,1111,6738,20096,4050,20459,14583,22096,11587,2374,10702,8363,19814,18826,16786,12267,8075,15091,15445,28605,6401,31941,9044,12910,4270,25925,20481,10135,10200,9026,7807,5181,7231,6050,4102,16729,12164,3552,97756,392,37572,25250,452,13306,3495,10087,35601,783,755,51,74,193,343,4700,1089,996,6097,11582,5845,20292,3463,6048,2737,4036,57,43,2572,1715,5628,1794,7207,331,317,15248,1012,257,1102,22808,1224,395,331,357,1335,5897,243,961,105,1350,3464,107,1497,915,1141,2233,3661,3869,6830,119,2517,54,351,55,5009,5718,14,913,632,8454,1486,393,5550,9,452,53,162,97,884,3033,6999,700,150,17784,1199,1150,999,869,940,3016,2281,158,0,1913,175,3378,308,502,124,39416,1970,4067,2817,17,7302,986,4556,4715,859,514,171,6063,2712,944,9,6742,4528,3859,1264,158,699,15114,6042,73,45,90,252,3946,2920,2290,100,292,316,21,58750,0,4645,166,122,42,362,2415,1675,519,8405,2187,1464,1998,382,3935,3167,1897,14815,2,119,11442,2097,10037,4754,263,958,335,2125,218,797,452,2279,101,42,2146,8247,975,38393,4790,7791,0,15,172,19524,7866,260,0,10552,1534,2,6,1582,2252,14306,4382,91,5641,855,76,0,8963,163,12408,0,32530,1685,7982,53,6402,8675,666,6264,24856,1856,16231,27347,70,5,12,79,241,5415,17058,12352,16492,804,669,2519,9734,49,6383,84,4356,0,474,2707,2996,4250,1148,217,57,420,24,755,84,2186,879,0,3016,4720,824,5,5042,1174,1,0,420,88,7098,15,344,1622,60,18026,74,18,4,140,872,7898,6901,25034,3874,3240,1694,1,6719,753,0,1,343,1004,179,57,0,36284,342,717,9319,553,2538,4060,1389,7,2966,680,25,11750,11309,220,2805,1036,1686,2283,843,9227,1763,5840,238,112,694,3250,0,6,3278,1444,4506,4194,55419,8,7,2770,197,12,16418,92,0,109,1583,82,2832,985,13995,9389,15,2777,4598,21,26,12290
"gene_680",0,74,0,0,0,60,0,0,0,0,0,0,3933,6002,6,47,0,0,2,103,77,0,455,0,0,0,0,0,0,141,538,124,264,0,29,966,1350,0,500,11,1022,26,7,0,0,1289,253,50,0,0,13,0,0,406,0,0,0,512,146,99,81,264,903,20,32,110,31,48,0,1690,152,0,0,75,3017,10,18,4,0,19,87,0,1497,0,98,14,0,1103,52,0,337,0,13,232,5,0,2359,0,121,35,12,242,147,0,18,53,0,185,169,0,1280,1211,3,71,1153,5,37,0,1,20,145,0,0,32,0,73,1,0,2894,5012,0,0,2,0,3921,0,37,0,127,598,70,8,17,75,22,57,26,102,174,0,1783,814,295,1204,2,0,0,1,6,14,2593,0,591,0,757,3679,76,80,1905,1913,5,79,14015,455,0,218,361,154,0,1,254,2384,24,6591,0,3,3,0,848,2541,24,0,406,154,18,0,0,0,0,2,43,0,0,14,0,0,1,96,0,758,0,0,0,31,0,0,98,1,0,22,5,0,0,1,42,0,3,5183,4,0,0,0,0,488,1307,893,97,0,611,0,0,1,1477,0,0,41,4920,1078,62,1,100,0,1,0,2537,0,0,0,32,851,0,0,207,103,4,13,8,72,0,1894,0,37,353,21,0,382,87,28,7,0,119,0,44,97,1579,2222,0,0,0,43,0,20,0,0,30,0,1,17,2,56,159,0,277,7,24,542,1,1452,0,94,1737,0,0,312,2,0,0,0,5,3762,143,0,0,0,0,15,3066,28,1096,0,158,8,169,125,0,11,2282,0,453,3,35,9,0,2046,0,0,1,378,110,0,0,682,3,289,0,32,151,278,0,561,12,0,67,0,47,6175,1229,0,916,1,0,2,0,35,1357,0,21,287,624,0,275,0,26,329,137,0,0,34,2,0,851,7,2983,0,2,0,0,11,5411,0,0,73,8,7,0,0,20,0,1212,0,253,60,43,141,0,0,245,0,0,0,10,2,0,1183,19,1348,400,0,2,0,21,1,0,0,0,188,0,0,0,0,122,0,0,0,0,7,0,63,0,0,0,0,0,6,715,0,0,1,32,1,0,223,1,0,0,0,106,0,0,1,0,0,38,11,0,0,3,2,0,0,0,7,0,0,2,21,0,0,2,1,0,0,0,15,259,0,0,0,873,0,0,0,0,0,1,0,0,334,0,352,123,0,55,0,0,0,0,314,0,0,0,0,0,0,1,0,20,1,0,0,0,18,0,0,0,0,0,0,125,9,38,5,0,0,328,0,0,199,0,13,0,0,0,148,0,0,0,0,0,492,0,0,0,0,441,21,0,0,0,0,0,3,0,9,1,7,0,0,0,0,0,21,0,23,18,1,0,0,9459,0,0,0,12719,0,0,0,0,0,0,0,48,0,0,0,0,0,0,1,0,0,0,1,0,0,0,0,0,0,50,13,0,462,0,0,0,0,1,0,0,0,0,324,4519,1355,5544,0,0,0,11,0,0,18,1736,51,0,0,0,0,1,0,0,139,0,0,8,10,346,60,0,0,0,0,0,0,0,244,0,0,3840,0,4,0,0,0,0,713,0,0,0,1,15928,0,0,0,0,543,0,0,0,0,0,0,0,0,0,0,0,0,7,0,0,1,0,0,0,0,589,23,0,0,139,0,1397,0,0,0,551,0,0,0,0,0,0,0,377,0,0,0,0,0,0,861,27,1,0,0,0,0,0,0,0,0,0,18,0,0,1213,225,11,0,1,0,0,117,0,0,1,0
"gene_681",31,0,0,0,0,0,0,0,0,0,0,0,0,0,0,0,0,55,0,3,12,3,105,14,159,0,0,0,0,0,0,0,0,0,377,11,0,18,340,0,44,2,0,0,0,18,0,0,0,0,0,6,0,0,0,0,0,0,0,18,0,0,0,0,0,0,0,0,3,0,0,0,0,0,11,0,7,3,0,0,0,0,0,2,0,0,0,0,0,0,0,7,12,0,0,0,0,0,2880,1,0,0,0,1,0,11,0,0,0,696,0,0,0,0,0,0,12,0,0,32,0,0,0,0,16,0,13,258,0,39,0,0,511,0,0,0,109,0,23,0,288,5,8,0,0,0,0,589,3142,30,0,4,427,2,1,0,0,829,0,55,1726,6,2,0,902,3,1868,0,0,5,0,0,0,4,0,478,0,0,108,0,0,0,0,0,0,0,0,0,50,0,0,0,0,2,2,43,272,35,2265,116,105,0,114,1406,1451,261,659,183,24,281,37,5205,961,65,46,3,1237,9,527,124,375,347,414,646,666,0,1245,554,57,1920,21,130,4,19,0,2549,1350,598,7,0,1,1702,256,379,655,1280,4913,0,43,1265,2056,416,45,0,59,3,667,990,1108,18,62,0,0,2,0,0,0,0,0,2,31,0,0,0,0,0,0,0,0,0,0,0,7,0,0,0,0,0,0,0,0,0,0,0,0,0,5,0,0,0,0,0,0,0,0,0,0,0,0,0,0,0,0,0,10,0,0,0,0,0,0,0,0,0,0,0,0,0,0,0,0,0,0,0,0,0,17,0,8,0,0,8,0,0,6,1,0,0,0,0,0,0,5,0,0,18,0,0,0,0,0,0,0,0,0,0,0,0,0,0,0,0,0,0,0,0,0,0,2,0,0,0,0,0,0,0,0,0,0,0,0,0,0,0,0,0,0,8,0,0,0,0,0,0,0,0,0,0,0,0,0,7,0,0,0,0,0,0,0,0,0,0,0,0,0,0,0,0,0,0,0,0,106,0,0,0,0,0,0,0,0,0,0,0,0,0,0,0,0,0,0,2,0,0,0,0,0,0,0,27,0,0,639,0,0,0,0,0,129,0,0,0,0,0,0,0,262,0,0,0,0,3,0,10,0,0,5,0,0,0,0,0,0,0,0,0,3,0,16,0,0,3,0,0,0,0,0,0,107,0,0,0,0,5,0,0,339,0,0,0,0,0,0,0,0,23,0,0,0,0,0,391,0,0,0,0,0,0,3,0,0,0,0,0,0,0,1,0,0,0,0,128,0,0,0,0,0,0,0,0,0,0,0,0,0,0,0,0,0,0,0,0,0,0,0,0,0,0,0,10,0,0,0,0,544,0,0,0,1528,0,343,5,0,0,0,0,0,3,0,7,0,0,0,1535,0,0,0,26,5367,0,0,0,0,4,0,0,0,0,0,1,0,0,0,0,0,0,0,0,0,0,0,0,1,0,356,21,14,0,0,0,0,0,0,0,0,0,0,0,54,0,0,0,0,0,0,0,0,0,54,0,0,4,0,0,0,0,0,0,0,0,0,27,0,0,0,0,2,0,0,0,0,0,1,0,0,0,0,0,0,0,0,0,0,0,0,0,0,222,0,0,0,0,24,0,0,0,0,206,1,0,0,0,0,415,0,0,0,0,0,0,0,0,363,228,0,0,0,0,0,0,0,0,0,0,0,16,0,0,233,135,0,20,0,0,0,9,0,0,0,0,0,0,0,0,0,0,581,0
"gene_682",252,99,21,0,77,0,0,0,2663,0,1,2,5703,0,157,1942,876,0,0,0,2,0,819,603,363,2990,0,0,0,113,414,2,46,499,0,0,863,290,0,29,6,55,122,0,50,0,1,25,470,0,522,4,756,0,114,0,91,0,3,0,517,0,1,1,17,379,0,0,0,6,233,0,1086,0,5074,12,222,0,119,0,216,724,126,3767,0,0,5,0,23,9,0,29,0,27500,0,2934,2,2065,0,0,0,0,0,0,0,0,7,549,0,0,0,0,0,0,0,0,0,0,0,0,138,0,0,4802,0,44387,0,0,0,0,0,0,0,0,0,15,0,0,0,0,0,0,22,0,0,0,0,0,0,0,0,0,0,0,0,0,0,0,21,0,0,0,0,0,1,125,0,0,0,0,0,1630,0,54,0,0,0,0,0,0,0,0,0,0,0,0,0,0,0,0,0,0,0,0,0,1463,883,0,0,0,0,0,0,0,0,0,0,60,0,0,30,0,0,698,0,0,0,0,0,0,5,0,0,4,454,0,0,0,0,0,0,0,0,0,0,0,1,421,0,0,1129,0,0,0,0,0,0,0,0,11678,0,0,0,0,0,0,0,0,0,0,0,0,0,0,0,0,0,0,0,0,252,0,0,0,0,0,0,0,0,0,0,0,0,0,0,0,0,0,1,0,0,0,0,0,0,0,18,0,0,0,122,0,0,0,0,0,0,0,0,0,0,0,0,0,3,0,0,0,0,0,0,0,0,167,0,0,0,0,0,0,0,0,0,5,0,0,0,0,0,5,0,0,0,0,0,0,1,160,0,0,0,0,16,0,0,0,0,0,0,0,0,0,0,0,0,0,0,0,0,0,0,0,1,0,0,0,0,0,0,53,0,0,0,0,0,0,0,0,0,0,0,0,0,0,0,0,0,0,0,0,3298,0,18,0,0,0,0,0,0,0,0,0,0,0,0,6,0,0,0,0,0,0,0,0,0,0,0,0,0,0,0,1,0,2,0,0,342,952,0,80,507,0,633,25,0,1152,0,161,1388,1,0,0,1,0,18,0,7106,0,0,603,0,0,0,0,1,0,0,1,0,0,857,0,49,0,0,0,0,0,0,0,0,0,0,77,0,671,1,11,0,0,0,1416,0,0,72,17,0,2,0,10,0,0,2170,0,3688,0,1059,0,1200,1086,173,1306,133,0,15,0,1,0,1,0,0,0,0,10,0,1,0,42,0,227,0,8,0,0,2116,79,0,0,0,0,682,0,0,1,111,134,1,0,0,27,2286,317,0,0,0,2830,168,0,32,7,69,0,39,311,0,0,0,0,0,0,0,0,82,0,0,31,32,0,0,1,0,132,0,3,62,2,206,7,0,101,0,0,0,0,0,153,1,0,0,0,18,0,147,0,0,0,120,7,0,0,0,2,0,5,0,6,0,0,273,0,3,0,2,0,3,0,0,84,0,0,0,0,3053,3,0,3,2249,0,0,1,0,0,0,0,7,0,0,26,246,88,0,0,26,0,0,1,158,0,0,0,366,1,131,0,9,0,0,0,0,0,0,66,0,64,256,0,0,0,0,0,0,3,30,0,0,196,0,0,94,0,0,5,699,0,1,8,43,0,7,13,2,0,0,0,0,0,1115,0,2645,0,0,0,0,0,337,8,1,0,0,0,0,12,0,0,0,8,0,51,0,2,2,0,320,3,0,0,0,458,0,0,120,0,0,90,0,1,0,0,11,0,607,0,0,26,0,0,2,0
"gene_683",0,0,0,0,0,0,0,0,0,0,0,0,0,0,408,0,0,0,0,0,0,0,0,0,0,501,0,0,0,0,0,0,0,0,0,0,0,0,0,0,1,0,0,0,0,0,32,0,0,0,0,0,0,0,0,366,0,0,0,0,0,0,0,0,0,0,47,0,0,0,0,0,0,0,0,0,0,104,0,0,0,368,611,0,0,4,0,0,455,0,0,0,4,0,0,0,0,0,0,0,0,137,0,1311,3,0,405,0,17,0,11,70,0,0,0,0,0,0,161,0,0,0,0,0,0,1,0,0,0,0,0,0,0,0,0,44,0,0,0,4238,398,490,0,0,0,0,5,5484,0,0,7,0,0,927,0,28,0,0,0,3,0,348,22,10,0,97,0,0,0,6417,0,0,0,0,0,0,0,0,0,1,0,0,0,0,0,0,551,0,0,77,0,156,645,12,0,49,0,4852,0,12799,13,14,83,0,43,26,1359,226,6,0,5,8,4544,0,5,34,0,185,0,1912,51,0,0,0,0,0,30,0,63,0,971,531,0,413,2242,2,0,1551,291,0,2043,17,160,0,0,82,16,5309,0,24,10,657,4,10,142,0,0,443,0,10,0,0,0,0,0,0,0,0,0,0,0,0,0,0,0,0,0,0,0,0,0,0,0,0,0,0,0,0,0,0,0,0,0,0,0,0,0,0,0,0,0,0,0,0,0,0,0,0,0,0,0,0,0,0,0,0,0,0,0,0,0,365,1,0,0,0,0,0,0,0,0,0,0,0,0,0,0,0,0,0,0,0,0,0,0,0,0,0,0,0,0,0,0,0,0,0,0,0,314,0,0,0,0,0,0,0,0,0,0,0,0,0,0,0,7,0,0,0,0,0,48,0,0,0,0,0,0,0,10,0,0,0,0,0,0,0,0,0,0,0,0,0,0,0,0,0,0,0,0,0,38,100,0,0,0,0,0,0,0,292,0,0,0,0,0,0,0,0,0,0,0,0,0,0,0,0,0,0,0,0,0,0,0,1300,0,0,0,0,0,0,0,1,0,0,0,0,0,0,0,0,0,2,0,0,0,0,0,0,0,0,0,0,3,0,0,0,0,0,0,198,0,0,0,0,0,0,0,0,0,0,0,0,0,8,0,0,0,0,0,0,0,0,0,0,0,0,0,41,0,0,10,0,0,0,16,0,0,0,0,0,0,0,0,0,0,0,0,0,0,0,0,0,0,0,0,0,0,0,0,0,0,0,0,0,0,0,0,0,0,0,0,0,0,0,0,1,0,0,0,0,0,0,0,0,0,0,0,0,0,0,495,0,0,0,0,0,0,0,0,0,0,3,0,0,95,0,0,0,4744,0,299,0,0,0,0,0,82,0,0,0,7,0,0,0,0,0,0,3,0,0,0,80,0,0,3,0,0,0,0,0,0,0,0,0,0,0,0,0,0,0,40,0,0,0,0,0,1,0,0,0,0,0,0,0,0,0,0,467,0,0,0,0,0,0,0,0,0,0,3,0,0,0,0,0,0,0,0,0,0,0,0,0,0,0,0,0,0,0,0,0,0,0,0,0,0,0,0,91,0,0,0,0,0,256,0,0,0,0,99,0,0,0,0,0,0,0,0,0,0,114,0,0,0,0,0,0,0,0,0,0,0,0,0,0,0,0,0,0,0,0,0,0,0,0,0,0,0,0,0,0,0,0,0,0,0,0,0,0,0,0,0,0,636,0,0,0,0,0
"gene_684",0,0,2,0,2,1580,1,340,0,320,5844,0,9827,3295,331,9,1143,9210,1363,724,12,30,0,0,6,1,579,0,0,1,268,1,892,49,9,11,35,0,1,1185,2030,376,381,284,213,123,222,589,2228,2263,1556,0,0,0,2472,1029,0,0,14,7568,169,3033,1229,1,0,98,128,0,0,0,29,451,1,8,0,1263,0,6099,0,1,14780,102,382,3209,86,38,30,96,0,0,301,548,7,0,0,46,0,25,1042,2,0,1655,2827,1,0,0,506,0,0,9,63,0,281,1261,0,0,17,0,0,0,90,0,0,0,182,1419,0,1,0,84,0,0,0,885,58,0,0,0,249,1402,5,30,109,1,18,0,291,162,0,11226,1,193,201,0,1663,35,0,0,26,1,0,0,0,2262,0,0,0,102,0,1,13,115,32,0,0,190,0,0,19,0,0,0,0,779,2017,1924,11,101,0,0,0,0,5,51,0,73,2605,0,0,0,5,0,5514,1,0,0,0,0,0,0,1,17,0,1567,4,0,0,0,0,19,2,0,2259,502,0,0,0,48,1,0,44,0,23,3018,0,0,0,0,0,0,0,0,735,4,0,0,14,0,7431,2315,0,0,44,52,0,44,97,0,1,5,0,0,1231,0,0,94,28,0,12,5084,1,1,130,129,0,23,2,3902,8,0,0,0,239,35,398,331,857,947,5,13,0,45,39,595,2,3072,0,1,106,1,3536,152,0,2642,19520,17,1810,0,138,0,584,6768,1,8,915,0,97,0,3011,1068,1,1074,1,1166,0,0,5,0,0,3,18,212,6,1468,0,4,65,0,0,1717,0,1716,0,0,143,4,0,147,0,159,261,747,919,1,91,0,114,5,55,1,1441,0,0,445,1867,350,1,174,49,4567,2371,5060,1118,6,0,361,128,288,9,1,4,152,0,0,680,75,0,48,5,6,919,0,4,192,0,898,22,0,1621,253,0,2091,92,22,48,141,1411,2620,40,2336,17024,0,0,52,10,296,555,797,21,0,7,33,14,4,0,197,1,0,210,0,219,0,17,1086,0,0,291,11,5,1247,0,39,0,142,0,107,42,215,8,14,0,0,0,0,814,2540,4,876,180,1327,2127,1034,589,3,198,1884,61,38,0,98,21,0,12,42,2,2643,960,0,0,16,0,7,599,4,0,0,3,0,0,20,68,0,0,0,0,0,211,0,0,1694,152,0,0,6774,9,0,7,9,0,190,155,0,0,180,106,0,0,0,0,83,0,1197,0,0,61,0,0,0,42,168,0,20,0,3,501,713,159,79,0,10,37,18,4,14,0,381,0,1012,0,1,9,0,5,539,0,0,12,129,1564,0,0,1892,0,0,14,3134,0,0,0,2,0,0,38,0,0,3,506,0,1,0,46,0,44,327,0,0,0,4,3,46,14,0,0,0,0,2,3,2442,0,1122,452,3,0,330,0,0,350,44,10,0,0,0,3,65,0,2,2,0,0,5,0,94,142,0,0,0,0,0,4,0,0,0,0,713,0,0,5,0,0,0,550,0,0,0,0,0,0,0,0,9,2,0,36,1358,9,0,0,0,75,0,0,0,0,0,0,0,0,0,355,0,0,0,0,191,308,0,42,0,0,334,74,284,0,0,0,0,0,433,0,0,0,0,0,123,2840,1671,0,0,0,31,195,0,41,23,1536,0,769,2,4,1028,0,0,0,1371,1158,0,0,0,88,22,0,24,0,2318,0,940,1826,262,125,0,0,3995,0,0,0,0,5,0,259,0,0,0,0,3419,0,1,0,0,0,0,219,5,0,0,0,0,72,483
"gene_685",0,2254,2041,0,1282,546,25,239,38,665,1175,331,114,0,8,3,0,46,5988,0,199,56,4509,181,20,18,147,0,186,664,0,0,0,168,0,33,1,0,2,0,2844,166,748,1150,0,1,8,11306,76,11,0,50,7,7,15,0,81,0,0,1024,0,1165,0,0,0,0,595,6023,132,136,5885,0,0,22724,0,33,87,1,3,868,398,15,49,0,1173,6881,237,0,0,112,0,0,11934,733,4,18,0,0,1270,0,6,109,1,1330,0,44,0,30748,7,2,0,45,0,2176,13214,329,504,17,183,0,0,0,9,0,4791,113,0,0,0,0,0,0,0,20777,0,1101,21486,6934,19305,704,3137,157,96,0,244,1694,0,0,24,4131,4,2785,330,4,0,773,2276,11,0,600,1358,2,111,0,0,0,570,4,0,3529,13045,25,0,3,2,252,0,79,27,8731,0,0,0,13,1,0,50,13967,2663,0,2,0,25,0,52986,4,0,5234,1747,891,3650,0,0,347,9,0,1,0,381,40,1,0,0,294,1508,38,87,1647,11248,1238,6169,1143,0,581,0,663,34,126,6572,7,4898,215,0,1,223,25,18,0,159,0,4,0,0,0,0,0,0,1,0,0,9650,10,286,4,0,3548,0,0,3898,707,687,1058,0,0,447,223,34,2,11,384,302,705,2,48,155,28,0,55,97,119,0,292,161,2203,1475,0,294,3929,4,0,1239,145,4,412,125,4552,2,29,31,1,278,142,232,1008,140,0,2525,50,353,3056,1,3,1840,1893,28,1424,4339,16,27,350,52,0,274,2535,5944,0,0,1,84,2098,13,3,370,35,1586,204,1,48,4,3,1,17,5,211,148,269,434,13,91,41,770,2211,0,152,11,117,5,1330,664,2,172,10,0,0,1290,4,0,9591,0,2393,3209,2650,787,335,1182,1409,6890,1536,0,17,0,0,1281,1274,2569,19,0,943,2588,1783,134,82,0,1410,1,252,13,50,1351,21,1697,192,322,91,68,1574,8,631,19,1266,0,13593,3,2934,65,4,1427,19,1,0,516,208,2937,14903,3,2782,3,6,64,13,2417,110,0,1602,0,0,931,1,0,0,2,0,64,0,7,0,0,0,0,0,0,0,24,0,0,0,0,0,0,0,15,0,0,1322,1786,0,6,0,0,0,82,0,2,5,0,0,9,0,0,0,2,52,0,327,2,0,211,0,0,0,48,22,0,5,0,0,144,0,0,0,0,1,63,0,5,0,31,546,0,3,0,0,239,1593,49,0,0,2,0,0,36,2462,0,0,498,0,21,0,0,5,1257,1,0,0,95,0,12,28,0,3,0,2,645,140,0,11,0,0,0,49,0,0,14,8,0,1,0,22,0,0,0,0,0,2,0,0,0,0,1,0,0,0,570,2,4,14,0,3,244,259,0,0,0,0,1457,14,64,26,33,302,0,2751,0,0,0,0,0,0,186,2,1930,0,3,0,0,0,9,918,1,0,0,0,0,0,0,0,0,1285,0,106,24,0,229,676,7,0,0,0,0,0,2,0,11,30,0,0,0,0,42,2,0,48,0,0,4725,0,0,0,0,0,1,0,988,0,0,0,0,0,0,0,2,5,0,0,0,1255,0,746,0,0,413,0,0,0,0,0,937,0,0,0,0,0,0,0,0,0,0,0,0,0,0,36,48,0,0,696,0,0,0,0,72,0,1,191,0,0,0,5,0,0,38,1967,0,0,2053,1,176,0,0,0,0,0,0,0,1,0,0,3907,3,0,0,0,17,0,0,0,0,0,0,665,0,55,0,366,0,984,0,0,4,0,0,2002,34,211,38,23,0,5
"gene_686",0,0,0,0,0,0,0,0,0,0,0,0,0,0,0,0,0,0,0,0,0,0,0,0,0,0,0,0,0,0,0,0,0,0,0,0,0,0,0,0,0,0,0,0,0,0,0,0,0,0,0,0,0,0,0,0,0,0,0,0,0,0,0,0,0,0,0,0,0,0,0,0,0,0,0,0,0,0,0,0,0,0,0,0,0,0,0,0,0,0,0,0,0,0,0,0,0,0,0,0,0,0,0,0,0,0,0,0,0,0,0,0,0,0,0,0,0,0,0,0,0,0,0,0,0,0,0,0,0,0,0,0,0,0,0,0,0,0,0,0,0,0,0,0,0,0,0,0,0,0,0,0,0,0,0,0,0,0,0,0,0,0,0,0,0,0,0,0,0,0,0,0,0,0,0,0,0,0,0,0,0,0,0,0,0,0,0,0,0,0,0,0,0,0,0,0,0,0,0,0,0,0,0,0,0,0,0,0,0,0,0,0,0,0,0,0,0,0,0,0,0,0,0,0,0,0,0,0,0,0,0,0,0,0,0,0,0,0,0,0,0,0,0,0,0,0,0,0,0,0,0,0,0,0,0,0,0,0,0,0,0,0,0,0,0,0,0,0,0,0,0,0,0,0,0,0,0,0,0,0,0,0,0,0,0,0,0,0,0,0,0,0,0,0,0,0,0,0,0,0,0,0,0,0,0,0,0,0,0,0,0,0,0,0,0,0,0,0,0,0,0,0,0,0,0,0,0,0,0,0,0,0,0,0,0,0,0,0,0,0,0,0,0,0,0,0,0,0,0,0,0,0,0,0,0,0,0,0,0,0,0,0,0,0,0,0,0,0,0,0,0,0,0,0,0,0,0,0,0,0,0,0,0,0,0,0,0,0,0,0,0,0,0,0,0,0,0,0,0,0,0,0,0,0,0,0,0,0,0,0,0,0,0,0,0,0,0,0,0,0,0,0,0,0,0,0,0,0,0,0,0,0,21,862,0,0,0,0,0,0,1,0,0,17,0,0,298,0,0,1571,0,0,0,0,0,0,0,0,0,125,0,0,0,0,0,0,1,0,0,0,0,0,0,0,0,0,1,7,0,0,0,0,0,5,0,0,7,0,9,0,0,0,0,0,0,0,0,0,0,0,0,0,0,0,0,0,0,0,0,0,0,0,435,7,0,0,0,0,11,0,0,0,420,1,0,0,1,821,0,0,413,0,0,0,0,0,4,0,265,1294,0,0,0,0,0,0,0,0,0,0,0,0,0,3,75,0,0,0,0,0,0,0,0,0,0,0,0,0,0,0,252,0,0,1,0,0,0,0,0,0,0,0,0,0,0,0,0,0,0,0,0,0,0,0,47,0,0,0,0,0,0,0,0,0,0,0,0,567,0,0,0,0,4,7,0,0,0,0,83,0,0,0,0,132,0,0,0,0,0,3,1729,8,0,0,0,0,0,0,0,0,0,0,0,0,0,279,10,0,0,0,0,0,0,0,0,354,10,0,0,0,0,0,0,0,0,7,2,5,210,0,0,0,0,0,0,0,668,0,0,0,0,0,0,0,0,0,0,0,0,0,0,0,0,0,0,0,0,0,0,0,153,0,0,0,0,0,0,0,3,0,0,0,0,0,0,0,686,3,0,0,0,129,0,0,0,0,0,0,0,0,0,0,6,9,0,0,0,0,0,0,0,0,0,0,0,0,0,780,0,8,0,0,0,0,0,0,0,0
"gene_687",0,0,79,0,42,0,0,0,0,0,0,0,157,0,0,0,0,20,79,0,0,0,0,0,0,0,1729,0,1,0,0,0,0,0,0,0,0,9,0,2,0,16,0,0,50,26,0,0,9,0,99,7,26,5,0,1,0,42,0,0,0,0,0,0,83,50,0,0,0,0,1,0,0,2,0,0,0,0,0,6,0,0,3,0,318,1032,0,0,0,0,3,14,0,0,2627,0,0,0,1,5,0,0,0,0,0,0,355,639,0,0,10,182,0,482,0,2692,0,0,1,16,0,0,146,0,0,0,0,0,621,0,0,0,0,1016,0,0,0,0,0,457,153,0,5,0,0,0,0,0,0,0,51,0,39,0,24,0,27,0,0,1,0,26,2,0,263,0,44,0,0,4,0,0,0,15,0,0,52,0,10,261,0,0,53,0,0,0,0,858,275,0,37,0,0,0,0,0,0,0,0,0,0,0,29,0,0,0,0,0,0,0,0,0,0,0,0,920,0,0,0,0,0,0,0,6,0,0,0,0,3,0,0,0,0,0,0,0,0,0,0,0,0,247,0,0,0,0,1014,0,0,98,0,0,0,0,0,0,0,0,0,0,4178,579,0,21,0,0,133,3,0,0,0,7,8,96,0,0,525,0,0,53,0,0,0,1,0,0,0,0,3186,1,0,0,0,0,4,3497,186,0,0,45,0,176,0,0,0,0,0,0,0,20,135,0,0,1,3,0,174,7,0,0,0,700,329,6,2,0,0,0,0,596,0,0,0,16,0,283,0,0,0,0,0,1,0,0,0,0,0,0,0,1,0,0,0,0,113,0,0,0,0,0,0,142,9,109,241,75,0,0,0,1,0,0,0,27,0,0,0,0,0,281,0,23,0,326,0,0,0,19,26,7,0,0,9,0,0,0,21,0,0,0,0,0,2038,0,0,0,0,0,0,0,0,5,0,0,0,0,0,5,0,0,1067,15,0,0,0,0,0,7,1,177,0,0,11,535,0,0,60,0,0,3,0,0,0,0,0,443,0,20,0,0,0,157,1,0,0,0,0,27,0,0,0,0,0,0,0,0,0,0,0,228,8,371,0,0,0,0,87,0,100,0,0,0,1,0,0,0,0,0,723,0,38,1729,0,0,5,21,3,94,7,0,0,4,0,0,1,0,0,0,0,0,0,0,0,0,5,0,0,5,0,731,0,0,7,0,0,836,0,24,0,61,0,0,3,0,0,4,253,74,0,0,0,0,0,0,3279,0,0,0,0,0,0,0,0,48,1,0,0,1277,0,0,0,177,0,0,14,0,0,0,0,0,0,0,13,0,0,0,0,0,0,0,0,0,0,0,0,17,0,0,0,0,0,0,0,0,0,131,0,0,0,0,0,0,48,0,157,474,0,0,0,0,0,0,0,0,18,0,0,0,0,0,0,0,0,0,0,1,0,0,0,332,140,1,0,0,0,0,0,0,2,0,41,0,312,0,0,0,0,0,0,0,0,0,0,0,733,0,0,0,0,0,9,676,0,0,128,0,0,579,0,0,1,246,0,0,6,0,0,0,0,0,1113,0,131,0,5,0,0,157,0,0,0,0,0,0,0,0,3,0,0,1,0,0,0,0,0,0,0,0,0,0,0,0,0,0,0,0,0,429,0,0,0,0,0,0,0,0,0,41,0,0,0,0,0,0,0,0,0,0,10,0,0,0,0,0,55,0,1920,0,0,0,0,0,0,0,0,149,0,0
"gene_688",560,13,569,176,522,0,20067,3512,816,83,5039,106,9191,566,41,55,258,38,5,0,94,912,95,0,18,588,516,7348,83,5662,307,58,48,883,3123,18436,12,1992,0,4292,320,317,492,20177,100,6313,4432,9,339,475,3,2486,8,510,32,8,0,53,1689,20,9570,55,45,365,12,3033,766,886,83,0,10653,0,495,6051,18143,2946,4817,4879,460,0,146,0,0,0,35,2903,0,54,0,209,4,149,132,11669,5,0,7385,111,867,0,6646,0,224,402,0,0,48,0,968,0,1374,0,85,524,4169,334,0,324,0,2281,93,35,1029,5,2133,3543,497,503,0,0,1,12487,2452,19,91,2276,11199,994,2030,0,0,824,8,2297,4658,34071,12,261,18388,2356,15258,60,615,4300,0,1909,2238,208,2655,0,368,102,2,0,262,59,131,441,4,18,7140,14973,50,187,6986,9730,342,46,4268,4032,3765,145,0,1,1,0,0,174,0,3000,2890,0,2739,0,400,11,26,2506,1,98,0,188,0,290,5042,0,0,0,17361,0,0,0,1496,5805,95,19,1156,5391,133,49,0,1182,33,33,4,2,21087,0,1643,0,1,0,38,5876,1,2,541,0,9,419,0,67,99,338,6939,1023,13903,0,1,0,4099,4,2012,435,159,290,2672,1062,0,7741,2405,1452,92,584,450,1601,1676,0,101,4585,1,0,36,149,823,571,743,2552,830,186,81,0,0,49,2139,67,9461,20,236,1582,3151,31,1,514,1,2,4,698,2002,2554,0,0,1125,80,5903,383,2085,7,421,0,6029,61,890,11,739,1508,2239,1461,15,386,511,1830,690,1037,359,3,494,151,204,69,1724,212,2554,1656,3633,103,39,5,1,10289,17,8,250,120,416,15,2757,2491,0,54,23,123,580,1064,602,3,651,6696,0,4155,12,46,502,243,491,9978,296,8,758,78,1930,2214,9535,257,152,2271,37,7540,13,15506,0,162,235,0,127,236,0,296,7657,1840,397,2481,1,2,89,1282,24,7206,4,1103,3,2329,5762,278,0,181,46,233,316,159,569,150,299,992,4698,4989,1288,5,7,352,4,4993,0,2129,3,215,171,45,154,6,703,315,414,1989,13,12,287,182,1166,1566,3782,214,8,78,1167,1,1655,0,875,1979,3184,7,0,421,13,1331,533,16,383,253,46,85,133,1166,612,337,6,2,892,178,790,2,0,184,4326,2821,196,178,30,584,133,1309,0,1,227,1080,274,483,1678,3,101,8400,0,85,341,2178,0,1094,2,4686,17,85,31,0,6269,651,23,77,0,1193,3729,514,354,27,285,36,603,26,208,20,175,103,1091,0,70,0,154,0,14,255,35,417,1925,3409,157,201,9,185,1011,454,0,1036,699,7,7,8872,1813,829,36,2,1937,535,621,2618,311,1564,514,6,0,4888,1347,1271,42,90,63,1237,135,206,3,38,3708,9726,376,13,0,0,408,0,88,1682,0,85,0,0,81,6,24,196,812,0,252,1083,0,59,2026,298,15,253,32,670,78,1188,1,18192,11,9964,389,2291,1,0,0,1,81,1298,1,161,2303,0,0,3,0,409,28,1139,1,0,0,0,8238,10,186,0,2,1177,751,4,291,514,89,543,2069,76,1051,1170,5,187,517,20,3953,2,1993,175,8045,325,1,176,174,14,58,0,533,0,0,1,39,15,0,0,184,0,0,33,0,0,361,0,2570,203,0,0,0,3002,4,47,0,56,0,0,0,111,0,2,4492,4134,357,1679,0,9,1,2,188,1,3285,16,560,1,2,49,623,12,337,50,1193,100,9431,1,94,0,543,0,0,6,0,64,2,0,0,0,2,28,37,30,0,0,213,0,6850,4320,0,0,24,705,26,2,6,0,2282,1459,98,86,848,5,280,57,151,886,11,4
"gene_689",2,0,0,0,0,0,0,0,0,0,0,297,0,0,0,17,0,3,0,0,0,0,0,0,0,0,0,0,0,0,0,0,0,0,0,0,59,0,0,0,0,0,0,0,0,0,0,0,6,0,0,0,0,0,230,0,0,4,0,0,0,0,0,0,0,0,0,0,0,0,0,0,0,5,1,0,0,0,0,0,0,0,0,11,0,0,0,2,0,0,0,0,0,0,0,0,0,0,1,0,0,0,0,0,0,11,127,1,0,0,4392,0,0,0,26,0,0,11,0,0,0,558,0,0,0,0,0,0,0,0,0,0,1694,17,172,0,4,0,1993,0,0,0,15089,0,0,857,30,0,0,2,0,0,0,3,1098,0,0,0,0,0,0,0,0,0,10586,0,0,0,0,0,0,0,0,0,0,0,0,0,0,0,0,0,0,0,3,0,1027,0,0,0,0,0,0,0,0,0,0,0,0,6,6,0,15,0,0,0,0,0,0,0,0,0,0,0,0,0,0,0,0,0,0,0,0,0,0,0,0,2377,0,228,0,0,14,0,0,0,50,0,15,0,0,0,0,3,9,0,0,0,3,0,107,0,1,2,0,0,2,359,0,0,0,0,0,0,0,0,0,0,0,0,0,0,0,0,1,0,0,0,0,1,0,1,1,1,0,0,0,0,0,0,0,0,0,0,0,2,0,0,0,0,0,0,1,0,1,0,0,0,0,0,2,0,0,0,0,0,0,0,0,0,0,0,0,0,0,1,0,0,0,0,0,0,0,0,0,0,0,0,0,0,0,2,0,1,1,0,0,0,0,0,0,0,0,0,0,0,0,1,0,0,0,3,0,3,0,1,2,0,0,0,0,0,0,0,0,0,2,0,1,0,0,1,0,0,0,0,1,0,0,1,1,0,0,2,1,0,0,0,1,1,0,0,3,0,0,0,0,0,0,0,0,0,0,0,3,0,0,0,0,0,0,0,0,0,0,8,0,0,0,0,1,0,0,0,0,0,0,0,0,0,0,0,0,0,0,0,0,0,0,0,0,1744,0,0,0,0,0,0,0,0,0,0,0,0,0,0,0,0,0,0,0,0,0,0,0,0,0,0,0,0,0,0,0,0,0,0,0,0,0,0,0,0,0,0,0,0,0,0,0,0,0,0,0,0,0,0,0,0,0,0,0,0,0,0,0,0,0,0,0,0,0,0,0,0,0,0,0,0,0,0,0,15,0,0,0,0,0,0,0,0,0,0,0,0,0,0,0,0,0,0,0,0,0,0,0,0,0,0,0,0,0,0,0,0,0,0,0,1,0,0,0,0,0,0,0,0,0,0,0,0,0,0,0,0,0,0,0,0,0,0,0,0,0,0,0,0,0,0,0,0,0,0,0,1,0,0,0,0,0,0,0,0,0,0,0,0,0,0,0,0,0,0,0,0,0,0,0,0,0,0,0,0,0,0,0,0,0,0,0,0,0,0,0,0,0,0,0,0,0,0,11,0,0,0,0,0,0,0,0,0,0,0,0,0,0,0,0,0,0,0,0,19,0,0,0,0,0,0,0,0,0,0,0,0,0,1,0,0,0,0,0,0,0,0,0,0,0,0,0,0,0,0,0,0,0,0,0,0,0,0,0,0,0,0,0,0,0,0,0,0,0,0,0,0,0,0,0,0,0,0,0,0,0,0,0,0,0,0,0,0,0,0,0,0,0,0,0,0,0,0,0,0,0,0,0,0,0,0
"gene_690",0,0,0,0,0,0,155,0,0,0,0,0,0,0,0,0,0,209,0,0,0,0,0,0,0,0,0,0,0,0,0,0,0,0,0,0,0,83,0,0,0,0,0,0,0,1544,0,0,0,0,0,0,0,0,0,0,0,0,0,0,0,0,0,0,0,0,0,0,254,0,0,0,0,0,0,0,0,0,0,0,0,0,0,0,0,0,0,7,0,0,0,0,0,0,0,0,0,0,0,0,0,0,0,0,0,0,0,0,0,0,0,0,0,526,0,0,0,0,0,5,0,0,0,0,0,0,0,0,0,0,0,0,0,0,0,0,0,0,0,0,0,0,0,0,0,0,0,0,0,0,0,0,0,0,0,0,0,1,0,0,0,0,0,0,0,0,0,0,0,0,0,0,0,0,0,0,0,0,0,0,0,0,0,0,0,0,0,0,0,0,0,0,0,0,0,0,0,0,0,0,0,0,0,0,0,0,0,0,0,6,0,30,0,0,0,0,0,75,0,0,0,0,0,0,0,0,0,0,0,0,0,0,0,0,0,0,0,0,0,2,0,0,0,0,0,0,0,0,0,1009,0,0,0,0,41,0,333,0,131,1,27,0,0,0,0,21,0,10,0,0,0,0,0,0,1,513,0,0,7,0,0,0,0,0,0,1,5198,0,0,80,0,0,0,0,0,0,0,0,0,0,0,0,0,0,0,0,0,190,0,0,0,0,0,10,0,0,0,0,194,0,0,0,0,0,0,0,0,0,0,0,0,0,240,0,0,0,0,0,0,0,170,0,0,461,92,38,0,0,0,0,8,0,4,0,0,0,0,1,0,12,0,0,0,601,2,0,0,0,0,0,0,4,0,0,0,0,0,0,0,0,0,0,0,0,0,3,0,0,0,0,0,1825,0,0,0,0,0,0,0,0,0,0,0,0,0,2,16,0,0,0,0,160,0,2,0,7,0,0,0,0,0,0,0,0,0,0,409,0,272,92,0,0,0,0,0,0,0,28,1,0,9,0,0,0,0,0,0,0,0,1127,0,8,0,0,0,0,0,0,0,0,0,3,842,0,0,2,0,0,0,0,0,0,10,0,159,0,0,0,0,0,4162,0,0,59,0,0,0,0,12,0,0,0,0,0,0,0,1,38,784,0,0,0,0,0,0,0,1,0,0,0,0,0,0,0,0,0,0,0,0,0,0,0,0,0,3,0,0,0,0,0,23,0,0,93,7,0,0,0,0,0,0,0,0,140,0,0,0,0,0,0,0,0,449,0,0,139,0,16,0,0,0,0,0,0,17,0,0,0,0,0,0,77,0,0,0,0,0,0,0,0,0,0,0,0,0,18,0,0,0,0,0,0,0,0,0,0,0,122,0,0,0,0,0,1,0,0,0,0,0,0,0,0,0,0,0,0,0,0,0,0,0,0,0,0,0,0,0,0,0,55,10,0,0,0,0,0,367,0,0,594,43,0,0,0,0,0,58,0,0,0,7045,12,0,0,0,1,0,0,0,0,0,0,0,0,0,0,0,0,0,0,0,0,0,0,0,0,0,94,0,0,0,0,0,0,0,0,0,0,0,0,0,0,0,0,0,0,0,0,0,0,0,0,0,0,0,0,0,228,0,0,0,0,0,0,0,0,0,18,0,0,0,0,0,0,0,0,0,7,0,0,0,0,0,0,0,0,0,17,0,0,1,1,0,0,0,0,1849,0,0,0,0,0,0,449,0,0,0,0
"gene_691",1,0,0,0,0,0,0,14,0,0,1,3016,0,24,229,149,405,1,1065,0,0,0,0,0,0,387,0,11,0,79,0,0,0,42,0,0,0,116,0,0,0,0,0,0,9,0,0,8,1,0,0,0,0,306,0,0,0,0,3,0,0,0,0,0,0,0,35,0,0,477,91,0,0,0,15,194,0,375,46,0,0,0,3476,0,1,2137,0,0,0,0,0,0,0,0,104,0,0,0,0,1,0,9,0,0,0,0,0,0,0,0,0,0,1,0,0,613,162,2576,0,136,0,0,5,34,0,3,0,0,300,0,0,0,0,0,0,0,0,176,0,0,0,1,0,578,33556,0,0,0,0,0,0,0,12,0,0,112,0,1789,0,1,1,0,0,0,0,0,0,0,0,3249,0,0,80,0,8103,0,0,0,198,0,0,0,0,285,0,0,0,3,0,1,0,0,1,0,0,0,0,1,0,0,0,0,0,0,0,0,0,0,0,0,0,0,0,0,0,0,0,0,0,0,0,0,305,0,0,0,0,5,1,0,0,0,0,0,0,30,0,0,1041,0,0,0,0,0,0,0,0,529,4,2,0,0,0,0,0,176,0,0,0,0,0,25,43,2,139,0,1,25,1,0,7107,10,0,2,2459,3624,0,0,5,0,0,0,0,0,0,63,0,0,3,0,0,595,7772,0,0,0,0,1216,56,0,0,0,1,0,5266,0,493,0,0,130,2,21,88,0,1,0,0,10,0,0,0,0,0,0,1,0,346,23,0,5,0,4,653,1,74,0,0,0,0,0,36,0,0,697,22,0,218,403,0,236,570,6,45,128,2951,0,0,178,0,0,0,0,0,0,0,748,0,0,46,0,0,0,70,1,0,0,0,0,21,0,0,2,0,0,376,0,0,460,0,0,4,0,3285,0,0,0,0,0,0,2374,37,0,387,0,0,0,115,0,2,102,39,0,1,0,0,0,0,0,0,1804,0,11,0,0,0,0,774,859,0,6011,137,0,8,0,0,0,711,0,0,0,5,0,2,0,0,0,6,0,483,0,0,0,0,0,2915,0,0,0,4,0,0,0,0,0,0,0,0,3,0,0,0,0,5,71,0,0,0,2262,0,0,0,0,0,0,0,0,0,0,2,0,4,0,0,0,0,0,0,0,0,0,0,0,0,1300,0,0,0,0,0,0,0,3,0,45,0,0,4,0,0,0,0,0,0,0,0,0,0,0,0,3024,0,584,73,0,0,301,7,0,0,0,0,0,0,0,0,0,21,0,0,0,0,4,46,3,0,7,0,0,0,0,0,20,0,50,0,0,5,0,0,0,7,64,32,0,0,0,17,0,0,0,0,12,0,6,0,0,0,0,0,0,0,0,0,0,0,0,0,0,0,0,0,0,0,0,0,35,0,0,17,0,0,0,0,1,0,134,556,0,0,0,0,0,0,0,1,0,0,0,0,0,0,0,0,0,0,0,0,0,77,436,615,1854,0,958,0,0,0,326,0,0,0,0,0,0,0,0,1,0,0,0,0,0,0,0,0,0,0,0,0,0,11,0,0,0,0,0,0,0,0,5,21,0,94,0,0,0,0,0,0,0,0,0,0,0,0,0,0,0,0,716,0,28,0,0,0,0,0,0,3,0,0,878,5,2,708,0,0,0,0,1020,0,1,0,0,0,0,0,0,0,0,338,112,2623,0,0,0,1,0,307,0,0,0,49,0,0,0,381,0,0,2,0,0,0,0,0,0,6,1
"gene_692",43,11,0,3,1426,0,0,0,0,85,24,210,394,0,0,0,0,7,21,0,0,0,69,2,0,154,201,8,0,0,0,26,0,0,235,0,14,0,0,0,0,0,0,17,0,0,2,0,5,0,0,0,0,0,658,234,2,2,0,0,0,0,690,0,0,5,0,15,92,0,0,1565,0,3,0,0,0,89,0,139,0,0,148,0,625,102,0,0,23,0,443,74,101,0,0,0,0,16,0,20,0,0,0,478,0,0,368,0,4006,0,0,0,0,0,0,0,848,0,189,0,0,2,0,0,1,0,0,0,0,0,1,0,0,0,0,0,1153,0,11,0,0,3,0,0,0,0,5,1,0,0,0,0,23,0,145,0,12,62,0,23,0,2,0,6066,0,0,277,20,0,0,0,0,0,31,0,0,0,0,12931,0,0,283,17,0,1533,0,0,1,0,0,0,0,0,0,0,0,0,1931,360,0,14,10,32,0,7,4544,0,638,5771,0,3,0,0,8,89,0,0,0,0,1,0,23,0,0,3,669,352,0,1458,0,152,0,2,10913,0,10,12,0,4843,0,0,3532,58,0,239,567,461,11,0,14,177,0,9,0,0,36,0,0,0,0,8,0,0,79,383,1617,0,189,9,1,14,28,2,870,60,83,6,0,8,54,37,7095,0,1,0,293,11,797,154,0,23,250,142,0,970,0,0,2800,0,0,0,0,0,0,0,9,0,0,0,1549,0,3,0,1,216,418,290,13,0,1,1632,1,1311,128,988,0,25,0,32,4,2142,353,58,48,63,0,542,0,0,1,0,38,0,289,252,0,28,0,0,43,0,65,0,0,6874,61,19,0,0,0,0,47,0,0,0,0,0,0,0,0,3992,1,0,0,0,444,74,81,10,0,2301,3401,2917,1099,285,79,202,0,44,0,0,1804,0,0,81,1462,1,0,2,207,25,5,0,14,0,0,12,2,0,1073,0,2082,1,309,0,0,17,24,3,0,479,8,12,10,4,0,591,0,4,1,138,0,25,7,0,0,726,0,24,0,30,0,0,0,2,0,0,2,0,188,0,0,2,7,0,0,21,11,0,8,0,150,8,0,0,0,0,0,46,47,41,0,18,79,1,0,0,0,5,0,0,0,0,0,0,66,0,18,108,351,0,0,12,0,115,28,310,0,0,1,102,98,0,0,412,191,0,0,0,0,11,0,81,70,0,20,0,22,15,0,0,1,0,103,15,23,59,45,0,0,4,3,0,0,0,0,0,2240,1,106,1,0,0,546,0,0,0,6,1,0,1148,0,0,40,5,0,1,59,0,0,0,2,30,0,0,270,0,0,2,256,0,1,108,0,121,0,0,0,0,176,717,417,25,3118,0,0,15524,0,0,0,0,0,0,1496,0,0,0,75,16,0,0,0,0,5,0,0,0,0,0,0,0,0,0,0,0,0,0,0,1,0,0,727,6,1,0,25,9,449,0,245,0,0,15,0,4085,0,0,0,397,77,112,0,69,0,0,26,14235,0,772,4094,0,0,0,0,0,88,1552,0,0,0,0,0,297,2,6,0,1,0,170,0,0,1,0,367,0,2,0,0,328,0,0,15,0,515,0,38,0,9,0,376,7,0,1,0,0,199,0,0,0,0,0,5,0,34,1,5252,0,0,0,0,0,106,35,8,0,0,0,15,0,1371,10,0,1380,0,52,0,6533,1,1,61,3,0,279,0,0,0,0,1,0,0,243,6,0,0,178,0,0,0,0,160,1124,0,0,0,0,0,0,274
"gene_693",2579,0,1,283,8133,4371,2841,16,24,0,26,0,0,1490,743,342,46,490,0,23,68,0,14,2,47,262,0,2,19,25,50,2921,0,0,2143,9,1,87,164,1363,959,43,2286,4,0,104,28,0,459,14,252,752,0,0,90,0,0,0,0,154,1,0,384,0,6316,0,82,1408,28,4015,68,235,0,2440,333,8078,0,13,22685,7068,10846,0,742,2716,0,1,13,59,17,2,1991,1,260,6,8385,785,12996,60,99,11028,521,105,731,1067,7725,1742,3840,4793,5861,1803,2178,204,1784,282,1136,3968,19,116,34,3141,256,1176,95,4106,29555,509,401,139,1702,7645,1943,1784,5037,130,171,1199,5544,13480,3736,11638,773,582,1485,2107,25304,3183,14240,15324,3256,2604,5,2207,1686,7053,10616,651,11,5917,4573,195,13989,3530,335,979,715,29,263,348,1495,12163,104867,46,9674,410,51,13730,752,571,7612,1830,473,778,9312,5134,1551,1076,9501,111,12866,687,12959,14450,71,10753,14092,520,9942,51,698,290,3303,6253,18872,8517,184,287,8992,1987,1119,5282,3599,7730,2347,4040,0,117,8303,8737,108,1224,11,2869,4402,4437,62436,1663,312,9334,13924,3620,678,3,2533,18465,13795,31439,11951,10492,1204,0,5,12449,2784,1894,4614,27300,13787,11101,2835,0,28798,15104,5484,950,287,14,30812,120,37,65852,0,0,0,3,6,0,0,0,0,0,0,0,0,0,1166,2,0,0,3784,0,0,0,0,0,0,0,0,75,0,0,0,0,0,0,0,1,32,0,18,3238,48,0,0,0,0,0,14,0,0,0,0,188,250,2,0,50,0,0,0,21,151,0,3455,0,0,0,0,1215,0,0,0,0,143,0,0,104,0,2,28,0,0,0,0,0,0,0,9,544,2705,0,0,0,26,0,0,3,0,363,0,0,1686,0,0,0,0,0,0,0,0,2,0,2736,1,0,0,0,0,0,35,7501,0,0,2,0,2,0,0,425,0,0,0,0,63,423,0,4,0,11,0,0,4,0,0,5,0,0,0,0,327,1272,0,0,278,3,0,0,0,0,0,6,0,0,246,1,0,0,0,0,0,0,0,0,0,0,0,0,11,0,0,0,0,0,8,0,0,0,0,0,0,0,0,0,3352,1,0,232,0,0,0,0,1245,0,0,0,0,0,0,0,0,0,3565,0,0,0,0,0,0,0,0,0,0,0,0,0,0,0,0,0,0,0,0,0,0,1585,101,0,0,0,0,41,0,0,0,0,0,0,0,0,0,0,0,0,2823,0,0,0,1,0,0,0,0,0,0,0,0,0,0,0,0,0,0,0,0,0,0,0,353,0,0,0,0,0,0,0,0,0,0,0,0,0,0,0,0,0,3355,10332,0,0,0,0,0,0,0,0,0,0,308,0,0,0,0,0,0,0,1,0,379,292,0,0,0,0,855,0,575,0,0,0,0,0,0,0,0,0,155,0,0,920,0,0,0,0,0,0,0,0,0,0,0,0,1083,0,0,0,209,0,0,0,0,0,658,0,0,0,0,0,8,0,0,0,0,0,0,0,0,0,0,2,0,0,0,77,409,0,0,0,0,0,0,0,0,0,0,0,0,0,0,11,0,0,1976,0,0,0,53,0,0,0,0,0,0,424,0,0,0,8,0,0,0,0,0,0,0,0,0,0,0,0,0,0,0,0,0,2,0,0,0,0,5,0,0,0,0,448,0,0,0,0,0,0,0,1086,0,0,0,0,0,0,0,0,0,0,0,0,0,0,0,0,0,0,0,0,0,0,43,0,0,0,0,12,0,0,0,4,0,5,0,0,0,0,0,0,0,0,0,25,0,0
"gene_694",12,777,0,0,2414,0,0,0,1412,0,0,1509,159,6255,0,447,254,0,24,13,894,1049,781,19,0,140,1122,888,34,30,1,348,8,0,0,64,2,198,1066,0,0,0,113,0,1110,0,12,107,0,2805,0,825,0,107,256,4,0,0,0,0,2,0,2,0,385,523,136,0,0,4345,95,0,6,386,14,5,0,0,110,13,5,1,3,1279,0,2537,154,0,78,49,446,14,0,259,73,2,0,0,0,0,0,200,6,0,1,376,3,0,0,107,0,10,0,184,0,282,0,0,9,0,0,0,0,0,0,0,0,0,0,1008,0,228,12,0,0,1066,1459,464,3430,8,0,0,0,0,0,0,0,1366,24,4,2,0,0,0,0,0,0,601,0,0,464,0,0,0,25,1,51,11,1,105,0,0,0,1,0,27,3,16,0,0,123,6,5347,0,0,0,3,2,0,2,4189,0,0,9,970,1158,0,637,1075,0,1,519,1,1,0,0,91,0,0,0,4,2067,0,7,0,22,0,0,48,0,0,0,4850,0,0,25,15,62,0,3636,0,0,0,0,53,22,3396,0,3722,0,0,0,0,1,468,0,0,39,0,66,670,1420,0,412,5,0,179,211,4,0,0,0,0,1,0,14,0,0,0,1,0,0,28,0,0,0,0,0,0,0,0,0,1,12,0,0,0,0,0,4,0,0,0,573,1,0,0,1107,0,2,2,75,0,0,0,45,0,0,0,0,0,63,0,0,0,19,0,2,0,30,1,17,7,0,0,41,0,0,0,0,2,0,0,297,0,37,126,0,39,95,0,0,0,3,209,0,0,2,0,0,12,3,6,0,0,0,0,2,52,0,0,0,0,0,24,0,0,0,0,33,0,1,6,0,416,0,0,0,137,17,0,0,87,0,177,42,0,59,0,0,0,0,0,0,0,0,457,1,0,0,37,0,0,141,0,2,0,0,638,0,0,0,3,0,248,6,7,0,139,0,0,0,0,0,7,0,1,3,1,0,1,2,0,0,28,42,0,0,0,3,0,1,0,0,116,97,0,19,0,0,376,0,0,0,2694,0,2,0,0,0,0,11,32,0,0,46,0,9,0,71,5,0,0,123,0,0,2,0,0,0,17,0,0,28,0,0,0,0,0,0,0,0,0,0,0,0,13,0,77,0,0,0,1052,1203,0,0,509,0,0,16,183,0,1,113,0,0,0,0,198,82,0,0,0,116,0,0,0,0,3,0,0,0,0,0,51,279,0,0,42,8,61,0,159,63,32,0,0,0,0,0,11,0,0,0,762,38,0,0,0,0,0,0,14,10,2,0,0,0,1,672,0,6,39,0,0,0,2,0,0,0,4,0,1,0,0,0,0,0,20,0,31,10,0,0,0,1,9,6,0,0,0,0,0,5508,0,0,2,0,25,0,0,0,0,0,0,0,0,0,0,0,0,1043,0,0,0,0,0,0,0,18,0,0,124,0,0,0,6,0,0,164,2,0,0,7,0,0,150,0,0,0,0,0,0,0,88,0,1514,85,0,0,0,1,151,362,0,117,0,0,0,0,0,0,40,0,0,0,0,0,3,0,7,0,0,0,0,0,0,0,0,0,53,0,0,1,564,0,0,0,0,0,0,0,0,0,0,0,0,0,0,0,1,0,0,0,1323,0,0,0,0,0,14,106,9,0,0,0,0,0,0,0,0,0,0,1,0,3,1706,0,0,0,0,752,33,0,0,0,0,0,0,0,0,1450,0,0,0,0,0,0
"gene_695",0,0,0,2,0,0,0,0,2,0,0,0,0,12,0,0,0,0,0,17,0,0,0,0,0,23,0,0,0,0,0,17,0,0,21,0,0,0,0,0,0,0,0,0,0,0,0,0,0,0,0,0,0,0,0,0,0,0,1,0,0,0,0,0,0,0,0,20,0,4,0,0,0,0,0,0,0,0,0,0,0,0,0,0,0,10,0,0,0,0,0,0,275,68,5246,0,0,3,0,68,83,1432,0,0,49,0,0,2,1167,7,587,108,57,663,0,19,39,0,0,546,84,0,0,1,0,0,22,78,0,0,0,0,0,1152,217,0,0,0,83,0,0,49,58,1394,1,174,0,0,0,4,0,0,0,0,428,0,2208,8,0,0,0,327,17,1,25,0,93,0,29,36,962,0,199,3,0,0,0,0,0,0,1496,10,0,22,1,0,0,96,0,1206,0,2,80,0,0,2129,0,164,0,0,3196,112,0,5,14,2,2,10350,0,0,20,162,52,0,10510,3383,0,885,4,1854,0,0,454,0,0,0,5,406,0,1086,111,0,408,0,4673,0,15,1,0,1100,1645,0,3461,38,0,31,0,4,1,3,0,3546,123,0,98,113,3,211,12,0,23,13016,3046,308,6203,4762,306,1365,99,2066,2344,1741,3401,4227,88,940,749,3694,91,775,209,131,7828,904,1170,7427,1413,422,495,2297,5449,834,835,1879,1147,2998,708,296,2685,2848,459,1373,1615,595,306,1463,1692,1809,764,290,194,1688,195,72,488,326,2644,825,3584,1074,366,2448,1351,1140,509,263,5009,663,27877,174,5818,177,850,2692,472,563,379,3509,9490,1323,421,285,3898,10089,18,993,13780,2876,563,1497,1542,772,1378,3078,426,1518,1788,258,334,861,5857,1867,1365,1392,3886,63,220,2224,102,248,3413,1633,1424,4674,924,2235,8404,1205,763,58,8323,7079,1906,4601,2234,530,484,455,471,2452,4347,2047,399,6544,9521,670,426,1742,2651,131,8229,2551,496,438,9066,917,1294,62,6514,848,10212,1572,7593,4902,3488,3400,1408,1179,81,1978,2438,3849,1645,4436,336,3110,8809,445,2689,9968,665,3291,1,20,3730,976,0,1406,926,960,0,864,20,370,16,3861,1090,2720,1492,701,17,23,17,1,60,143,612,14117,268,3720,260,41,1317,455,1,75,3618,0,225,5021,17,194,7935,1732,802,229,545,2,11,32,356,83,4672,1460,617,558,2766,38,22,1112,1322,8388,9,1301,4,1337,3192,27,671,1134,1690,222,136,5,772,207,2855,2236,556,622,848,11,0,0,617,409,375,100,144,848,0,2555,2280,451,32,322,3164,271,97,4,12,4884,3910,1155,48,814,787,11,685,1208,1719,597,2964,2391,270,0,87,2097,26,1981,154,231,55,2,934,2,805,108,2141,6585,1660,1061,1888,13,4953,3368,54,1984,0,434,101,8853,5,798,4909,4,0,12661,37,3394,3892,856,3362,15,195,7071,8971,330,3778,3,129,18,3343,7049,10,0,516,245,5558,395,4,834,115,2051,7744,19,1714,24,9,15,4682,3995,191,23,13,1264,96,142,0,4092,0,20,0,1650,0,3613,236,734,615,0,473,82,2275,7,373,6402,45,11487,0,1,3,29,121,6,85,6,185,2189,43,2371,54,394,110,238,0,78,76,1283,1200,299,104,759,46,3972,4099,968,468,86,0,1625,0,7,464,54,4868,99,0,1,0,0,0,4398,3147,1,0,0,3,1,998,5124,0,54,0,6,4023,5363,500,12645,11,64,0,1789,0,107,3,0,4,42,77,679,1,67,0,308,850,14958,284,112,102,3,1,0,126,0,220,208,235,3816,47,1608,843,1160,91,0,2,148,0,3638,2,11553,968,4,1531,311,0,1012,6002,7851,608,15,157,40,1154,364,2,578,15,0
"gene_696",0,0,0,0,0,254,0,0,0,0,0,0,0,0,0,3,0,0,0,0,0,0,0,260,0,0,0,0,0,0,0,0,0,0,0,0,0,0,0,0,0,0,0,0,46,0,101,2,30,3077,16,0,0,0,20,0,0,0,0,50,5,0,1965,0,0,52,0,16,0,146,0,0,0,0,0,0,0,0,3,0,0,0,0,1564,0,38,0,0,0,32,0,0,0,0,0,0,3304,96,0,0,0,0,96,0,0,212,0,0,0,0,0,0,0,0,0,0,0,0,1,0,0,0,0,0,0,0,0,0,0,0,0,2,0,0,0,0,0,0,1,0,0,0,0,2357,12,0,1832,0,0,0,0,975,0,0,0,0,0,514,0,0,0,0,0,0,0,0,0,0,0,0,0,0,0,0,0,0,0,0,0,0,0,0,15,0,0,0,0,215,0,0,0,0,0,0,0,0,0,0,0,0,1,0,61,34,294,0,9,0,0,0,0,2156,373,0,0,80,0,0,0,1044,0,0,2,805,0,0,0,47,0,495,0,0,0,0,0,0,0,0,0,0,0,0,0,122,0,0,0,0,0,0,0,0,0,286,0,28,0,0,0,0,0,0,0,0,0,0,0,0,0,0,0,0,0,0,0,0,0,0,0,0,0,0,0,0,0,0,0,0,0,0,0,0,0,0,0,0,0,0,0,0,0,0,0,0,0,0,0,0,0,0,0,0,0,0,0,0,0,0,0,0,0,0,0,0,0,0,0,0,0,0,0,0,0,0,0,0,0,0,0,0,0,0,0,0,0,0,0,0,0,0,0,0,0,0,0,0,0,0,0,0,0,0,0,0,0,0,0,0,0,0,0,0,0,0,0,0,0,0,0,0,0,0,0,0,0,0,0,0,0,0,0,0,0,0,0,0,0,0,0,0,0,0,0,0,0,0,0,0,0,0,0,0,0,0,0,0,0,0,0,0,0,0,0,0,0,0,0,0,0,0,0,0,0,0,0,0,0,0,0,0,0,0,0,0,0,0,0,0,0,0,0,0,0,0,0,0,0,0,0,0,0,0,0,0,0,0,0,0,0,0,0,0,0,0,0,0,0,0,0,0,0,0,0,0,0,0,0,0,0,0,0,0,0,0,0,0,0,0,0,0,0,0,0,0,0,0,0,0,0,0,0,0,0,0,0,0,0,0,0,0,0,0,0,0,0,0,0,0,0,0,0,0,0,0,0,0,0,0,0,0,0,0,0,0,0,0,0,0,0,0,0,0,0,0,0,0,0,0,0,0,0,0,0,0,0,0,0,0,0,0,0,0,0,0,0,0,0,0,0,0,0,0,0,0,0,0,0,0,0,0,0,0,0,0,0,0,0,0,0,0,0,0,0,0,0,0,0,0,0,0,0,0,0,0,0,0,0,0,0,0,0,0,4,0,0,0,0,0,0,0,0,0,0,0,0,0,0,0,0,0,0,259,0,0,0,0,0,0,0,0,0,0,0,0,0,0,0,0,0,0,0,0,0,0,0,0,0,0,0,0,0,0,0,0,0,51,0,0,0,0,6,0,0,0,0,0,0,0,0,0,0,0,0,0,0,0,0,0,0,0,0,0,0,0,0,0,0,0,0,0,0,0,0,0,0,0,0,0,0,0,0,0,0,0,0,0,0,0,0,1325,0,0,0,0,0,0,0,0,0,0,0,0,0,0,0,0,0,0,0,0,0,0,0,0,0,0,0,0
"gene_697",0,54,0,0,250,11,0,0,10,0,0,0,0,3,40,0,2,238,0,16,0,0,0,50,0,165,0,24,0,0,33,0,0,0,0,6,0,0,2,2,1,0,62,0,8,0,14,0,0,0,0,0,0,0,0,0,7,0,0,0,0,0,0,0,166,52,0,0,0,0,0,0,0,0,0,0,89,0,0,0,0,0,0,77,15,0,0,18,0,76,0,9,0,0,0,0,0,0,0,0,11,0,8,0,0,0,0,0,0,0,0,0,0,0,0,0,0,0,0,0,0,0,0,0,0,0,0,0,0,0,0,0,0,0,0,0,0,0,0,0,0,0,0,0,0,0,0,0,0,0,0,0,0,0,0,0,0,0,2,0,0,0,0,0,0,0,0,0,0,0,0,1365,0,0,0,0,0,0,0,0,0,0,0,0,0,4038,0,0,0,0,0,0,0,0,0,1,0,0,0,0,0,54,0,0,6,0,0,0,6,0,0,0,0,0,0,0,0,0,0,0,0,0,0,0,0,0,0,0,0,0,0,0,0,0,0,0,0,0,0,0,0,0,0,0,0,0,0,0,0,0,0,0,0,0,0,0,0,0,0,0,0,0,0,0,0,0,115,0,0,0,0,0,0,0,0,0,0,0,0,0,0,30,13,0,15,0,0,0,0,0,0,0,0,0,0,0,0,0,0,0,0,0,0,0,0,0,1,0,0,0,0,0,0,0,0,0,0,0,0,0,0,0,0,0,0,0,0,0,0,0,0,0,28,0,0,0,0,4,0,2,0,0,0,227,0,0,0,0,21,0,0,0,0,0,0,0,0,0,0,0,0,0,169,0,4,0,0,0,0,0,0,0,8,0,0,1,0,0,0,0,329,17,0,0,0,0,0,0,0,0,0,0,0,0,0,0,0,0,98,0,0,1,0,0,0,0,0,0,0,0,0,308,0,0,0,0,0,0,0,0,0,0,0,0,0,0,0,0,0,0,311,0,0,0,0,0,276,0,0,0,0,15,0,0,0,0,0,0,0,0,2,1,0,0,0,42,0,0,9,0,96,0,0,0,0,0,0,0,0,0,0,6,74,6,0,455,0,84,0,10,0,0,0,0,0,39,0,0,0,0,714,231,107,71,16,0,0,0,12,0,0,0,0,0,70,0,0,0,0,0,1,55,0,0,2,0,16,0,0,3,151,0,0,0,0,0,0,73,0,0,0,67,0,0,6,117,0,0,33,175,12,1,0,0,0,0,0,0,8,2,0,0,0,0,0,0,0,48,0,1,16,0,0,0,0,0,0,244,0,0,0,47,0,571,0,8,0,0,918,0,0,712,0,123,0,0,711,41,0,0,0,0,0,2877,0,0,0,0,0,0,0,0,0,0,0,28,11,1,0,0,0,692,0,0,0,0,0,0,0,4,0,0,0,5,22,0,0,0,0,1081,0,0,6,2,0,0,0,1,0,0,0,0,0,0,0,0,0,0,0,0,0,1540,0,0,0,1305,0,1,94,0,100,0,0,3,74,0,0,0,0,25,0,0,0,0,0,0,0,6,25,0,0,33,0,0,2583,0,0,2,0,0,0,2920,0,0,0,0,0,0,0,2,1700,0,0,146,0,0,0,105,0,0,0,0,780,0,153,1,0,0,8,0,5,0,0,0,0,0,3,1379,0,3424,132,1,0,0,712,17,6654,1,0,6,0,460,0,0,0,0,0,0,0,1,0,0,111,0,0,0,0,0
"gene_698",0,0,0,0,0,0,0,0,0,0,0,0,62,19,0,0,0,0,0,0,0,0,0,0,0,0,0,0,0,0,0,0,0,0,0,0,0,0,0,0,0,0,0,0,0,0,0,0,0,0,0,0,0,0,0,0,0,0,0,0,0,0,0,0,0,0,0,0,0,0,0,0,0,0,0,0,0,0,0,0,0,0,0,0,0,0,0,0,0,0,0,0,0,0,0,0,0,0,0,0,0,0,0,0,0,0,0,0,0,0,0,0,0,0,0,0,0,0,0,0,0,0,0,0,0,0,0,0,0,0,0,0,0,0,0,0,0,0,0,0,0,0,0,0,0,0,0,0,0,0,0,0,0,0,0,0,0,0,0,0,0,0,0,0,0,0,0,0,0,0,0,0,0,0,0,0,0,0,0,0,0,0,0,0,0,0,0,0,0,0,0,0,0,0,0,0,37,0,0,0,0,0,0,120,0,0,1,0,0,0,1,0,0,0,0,0,0,0,0,0,0,717,0,0,0,0,0,0,0,0,0,28,0,0,0,0,0,0,0,0,0,0,0,0,0,0,0,0,0,0,0,0,0,0,0,0,2,0,0,0,0,8,5,583,3,0,13,0,48,278,0,1650,0,0,292,176,0,64,0,87,0,0,0,80,112,1619,59,0,0,0,1050,0,1,2647,1569,0,0,222,3,244,0,123,37,0,0,481,637,285,0,0,14,8,2079,0,0,32,1681,1,0,0,7,632,1,658,36,1067,0,13,141,0,0,0,57,2802,0,0,0,429,384,8276,0,0,2,0,79,0,2,0,202,36,0,1,1,0,12,1,565,237,9891,0,0,6,0,362,1074,1919,3270,22,0,29,1,1100,0,0,0,1981,763,2,8,131,387,0,0,142,93,3,16,0,11,4450,29,43,55,19,443,28,0,238,0,0,0,24,71,3215,807,212,0,14,1,363,0,832,23,0,1070,0,0,2076,441,0,0,1789,63,1285,0,0,0,0,0,0,212,300,0,106,63,0,113,0,8,941,74,0,3,112,180,0,15,11,0,37,35,1,164,1,1,0,0,6,222,0,0,14,457,0,84,0,107,1,0,13,2,47,794,1084,0,175,1243,0,93,0,7,328,0,0,416,25,110,2022,9,190,413,1,822,16,2,0,39,138,0,1,0,0,8,524,37,8,0,42,15,15,12,195,0,14,201,0,383,0,6479,238,0,207,395,1,0,4050,596,1,40,0,23,147,96,0,0,0,184,0,6,0,322,1647,75,565,0,0,36,0,18,35,1,1192,8,0,19,13,0,80,0,0,1,0,0,3,8,2073,7,12,0,0,0,364,1201,7,1065,16,37,28,20,0,0,187,0,0,0,0,74,0,1,235,0,0,0,0,24,325,13,0,1357,416,0,6,0,0,18,2,0,0,27,0,0,0,0,0,0,906,30,244,0,0,0,0,27,0,0,0,0,3,2463,6169,16,0,0,0,0,0,0,2802,22,0,1695,3,0,0,32,0,0,2229,364,0,0,1881,364,0,0,5,0,131,0,0,0,1,0,0,0,0,1,4725,1363,0,17,5763,0,0,0,0,0,0,150,1,521,0,1,0,0,0,1,0,3387,0,716,0,0,3393,183,0,0,0,49,1703,0,0,0,75,0,0,0,0,0,2,394,1,14,0,2777,0,0,0,0,25,0,452,6,0,0,287,53,0,0,2,25,1,0,0,0,0,84,1,0,862,1,0,36,0,4442,0,427,1,0,69,0,2084,0,0,257,0,0,0
"gene_699",0,1742,83,0,7,0,6,0,0,0,1939,1437,0,974,25,392,58,247,7,6,20,131,0,1080,14,15,10,0,7701,3679,1,0,271,0,0,159,171,5,14,280,135,400,49,218,5,0,0,0,0,6366,244,1793,3,5,962,2630,0,1922,0,147,122,1,85,2,166,1,4,0,34,0,468,1,0,3539,0,925,21,1,150,0,0,1,0,0,0,0,2,312,11,0,344,0,1890,6402,57,1994,5758,32,11263,81,212,506,16845,832,3,46,114,0,1,76,1210,10,2,1846,0,92,0,198,49,4575,5,5858,179,0,0,4319,0,5,3082,2,1,2,80,2,25336,0,17330,0,0,8241,1515,33,0,15777,0,2135,191,1920,281,4,17,7827,476,3727,8,1635,84,0,7578,11,108,0,563,35,0,0,0,2,6563,0,0,0,0,3950,7,536,0,3,3,0,138,6056,19,0,0,0,0,1301,123,3,8,107,40718,3,8176,4968,4355,66,21355,0,12,8,0,406,825,3,110,282,0,9,3,0,2,3856,112,403,0,31,11238,699,1,8353,2699,5776,5281,3162,1558,0,106,3579,7,10,53,311,43951,15,30359,27,883,0,8513,2262,0,0,439,0,60,3848,1896,3357,4249,11,0,3029,4,602,4,0,3,2222,453,0,0,208,1,8,0,0,0,676,146,88,326,31,611,0,106,914,0,0,0,17391,0,23,1,696,14,50,2,599,0,0,0,0,820,459,0,5,0,24,42,0,3,248,1,0,431,2,606,0,4,0,0,0,3,3,12,0,0,0,0,13,6,0,868,755,101,0,0,0,914,0,0,5903,312,0,0,2,0,6,0,0,0,1429,2,529,0,3620,1,0,863,0,2,0,0,2,1,1,0,0,3,0,4171,4691,0,0,122,1100,137,0,0,0,24,265,4135,3,15,16,1270,0,140,0,52,0,0,0,2,0,525,0,0,5,18,76,97,153,2,0,40,387,0,0,935,20,0,684,0,9,343,0,0,327,0,84,1572,0,0,1,2824,792,1744,148,0,0,1,0,0,0,7853,31,0,100,0,0,1,322,7,0,573,73,0,746,47,0,65,1,0,1,1,0,1660,0,0,0,82,36,0,0,0,0,0,88,0,6,3449,38,0,0,703,1,3432,79,28,0,22,313,15,366,4,34,317,1,0,220,16,0,0,600,403,95,0,0,1,108,0,0,0,0,201,6,0,1,1,10,0,452,42,2664,0,23,200,876,0,1,0,19,0,0,35,0,0,0,104,0,0,545,4,2,9,2,0,98,198,0,40,0,360,1,0,12,318,0,780,0,1,145,1411,0,0,1304,0,0,156,0,445,3925,0,0,241,356,5,0,5,1,0,267,8,1266,52,155,7,0,0,1918,40,0,0,566,23,55,483,8593,2,0,89,0,1,2008,26,2003,0,11,3185,311,0,0,127,0,4324,12,42,0,6,0,0,7559,0,0,0,0,0,15,10,0,21,5171,275,0,0,173,0,1,0,0,97,0,334,0,0,0,28547,446,70,694,0,1067,0,0,0,219,1,0,15,1391,1796,14,0,176,329,8,0,1,6834,0,644,0,0,0,0,1,0,0,0,0,0,0,0,46,715,16770,51,0,1,0,0,1899,666,252,0,27,0,102,0,0,35,83,126,137,0,13,3,6,0,3,0,6261,4,0,0,1,393,0,0,1324,2107,0,0,0,565,16,168,4709,0,94,0,167,6920,1504,5,1184,3,17,0,0,0,0,0,404,0,0,131,91,14776,0,1,0,2899,12,126,1191,1,0,6,0,351,325,748,0,1,0,10,0,432,0,1125,0,67,0
"gene_700",24,3,19,35,15,7,10,0,13,48,69,79,203,0,18,83,18,15,2,5,2,18,7,59,26,42,25,25,23,30,17,32,12,18,86,57,9,4,19,45,19,16,1,15,27,231,8,7,14,156,8,5,33,6,8,54,3,40,22,0,6,38,19,38,10,1,16,13,29,49,11,1,0,15,55,31,73,13,2,54,9,6,12,12,22,9,8,7,32,23,29,24,1,67,0,0,0,0,0,1,4,0,0,0,2,0,0,0,0,1,0,1,0,0,7,0,0,0,0,17,7,0,4,0,0,0,0,1,0,3,0,0,32,0,0,76,0,0,14,0,4,0,0,0,0,0,0,1,0,0,2,0,0,3,0,0,0,0,0,0,0,6,0,0,2,24,1,0,6,0,0,2,0,16,0,0,0,51,40,228,0,0,0,0,0,0,5,0,0,6,1,0,0,0,3,14,53,5,2,27,51,14,130,12,13,3,0,6,0,30,2,9,33,6,11,1,24,0,90,3,1,26,35,4,115,33,0,129,14,1,35,56,5,114,17,2,55,13,0,2,123,7,19,0,3,55,0,4,37,3,0,12,20,3,1,126,34,2,1,7,22,3,3,2,288,37,111,16,1,11,27,0,43,2,170,2,38,33,2,42,20,441,148,132,138,13,6,104,220,332,6,181,7,87,468,0,0,12,3,141,15,19,27,25,108,54,111,27,39,6,26,188,29,48,111,44,12,2,22,59,7,7,49,50,1,32,16,47,253,62,33,0,258,33,5,4,74,4,198,116,67,47,188,182,88,4,78,3,173,28,436,1,62,63,286,6,2,43,8,7,84,122,35,24,24,243,365,78,8,207,102,150,101,0,124,141,233,61,123,329,44,328,50,47,70,185,28,17,76,75,1,16,2,1,31,307,58,59,31,22,6,38,85,1,298,37,10,38,330,6,165,166,106,1,30,29,148,277,29,238,24,2,4,481,18,429,527,54,179,72,84,114,23,1819,132,0,89,83,1365,2946,170,2,452,639,97,6,7,2419,64,43,417,45,77,3,4,1,57,0,0,0,231,75,33,9,0,553,151,3,0,53,3,65,53,747,403,10,98,62,47,0,27,85,144,11,592,15,4509,1123,1529,330,527,1,63,372,0,338,946,290,316,0,4,6,1178,1233,717,0,191,8096,112,704,1,9,11,14,2,200,1,54,692,486,254,1726,593,364,1,45,222,0,1655,3,2,2,631,177,351,70,2199,433,0,4218,54,8,66,0,1292,545,29,0,1,409,80,311,43,0,49,269,9,88,0,2849,97,19,1764,38,345,23,0,498,17,272,0,68,8,15,0,15,2,856,0,1,0,0,0,143,1,1,203,45,0,76,2,87,385,20,133,8,5,1,693,315,45,0,0,1067,25,18,560,0,241,1,0,9,0,226,11,153,286,49,756,25,348,0,0,740,16,0,0,11,2,0,1,0,213,0,691,1271,0,0,0,34,52,330,46,3,3,4,68,2,1,3,156,12,66,117,19,13,6,0,0,24,0,0,1,65,2,0,4,0,4,36,0,1,3,349,413,92,289,122,77,19,37,91,31,292,0,3,20,0,0,57,12,0,39,22,2,374,218,2,0,529,227,87,320,73,4,0,156,341,3,108,124,0,5,0,1,40,70,50,0,53,14,0,0,22,92,41,30,0,0,127,0,0,0,5,26,0,43,170,36,12,4,302,19,41,12,30,1,32,9,10,5,160,0,318,7,0,0,0
"gene_701",1,8787,414,0,10,4,0,0,1,191,2,45,0,0,251,1,3,149,0,21,13,16,0,0,105,75,51,18,0,5969,3919,3128,0,0,426,0,2111,9,1130,49,177,53,0,3184,0,127,3,0,195,298,0,0,36,64,0,1465,0,0,1,0,0,675,261,82,16,229,875,0,0,2416,4297,9,0,391,0,38,8,7356,7,74,1234,0,0,23,561,0,5,0,0,0,5287,201,10,0,0,15,19,0,14695,0,1,20,0,10110,15171,300,0,0,0,0,5610,31,0,21,136,55,0,0,0,0,0,150,0,18,43,0,0,0,267,3,0,981,0,2,0,0,3364,6258,0,0,139,0,12728,4731,1944,3929,0,0,0,0,3200,0,0,24,0,0,4,7,0,0,0,0,0,0,2,5835,0,0,0,0,0,0,1196,1768,0,76,0,0,0,0,0,2091,22844,0,25238,102,2,0,1,0,0,0,4,0,2,38,0,0,279,0,0,114,56,33,2,547,0,153,441,1144,0,5,0,298,10,3474,0,6,223,0,0,1715,223,3354,0,1,0,9637,0,0,3,0,1,0,0,0,0,61,7711,0,402,272,0,6,0,5,0,0,0,152,1,65,1091,0,70,0,0,2,0,0,0,495,446,0,1417,198,0,766,22,0,57,1962,46,269,47,46,1,225,1098,295,324,243,6721,2037,0,38,0,126,1,1040,91,0,2508,0,0,1210,4560,21,1436,0,1414,25,611,404,0,75,0,0,0,123,6086,58,0,2,58,114,17,0,181,15,0,24,1497,1726,1996,77,242,1076,0,5,1895,0,7,0,0,1,93,401,14,40,425,1932,5490,2,154,620,22,145,44,0,5256,365,0,3,4,191,0,57,0,1,0,0,975,105,2262,1102,936,0,1050,11,41,246,420,41,3,0,0,54,2499,129,5187,962,92,931,0,0,12,712,2,0,0,2,2277,1132,751,1,31,3321,607,7949,0,0,131,74,0,0,0,0,451,0,67,64,4,0,118,507,400,0,278,28,576,282,132,168,391,0,19,0,1959,63,0,18,0,7443,1804,0,321,0,26,0,1962,159,114,154,60,25,12,399,0,1,3,12,2347,0,15,0,196,1423,4,635,399,1,2,39,861,997,1450,22,397,27,244,1000,3,292,1,370,2382,0,0,2,0,301,4245,3,16,14,5797,25,0,445,247,2153,4802,0,74,4228,301,659,52,975,1762,7217,4,125,3006,131,0,1,89,281,1,44,0,346,2397,2,7,557,54,8,1,98,40,0,244,0,753,46,117,283,2,0,790,11,88,544,0,1,0,19,95,452,596,6837,11,190,2,122,1377,404,0,228,13,50,1582,256,0,13,291,8,103,359,485,1556,5290,3,7561,67,0,0,65,11412,0,0,0,0,10,0,0,4,30,0,110,1864,0,94,498,49,2,0,1075,0,0,1,134,486,0,5,1,348,0,55,0,5,70,12,0,0,135,629,0,33,398,0,9346,507,0,0,0,6,415,67,287,17,14,8286,0,0,30,0,58,3,0,0,0,0,0,1,389,9,0,0,3,0,1714,0,0,6254,0,1,705,1,428,0,0,1081,0,4035,0,0,0,2128,415,0,0,3,16,3110,0,0,231,0,0,254,0,68,11,0,0,39,86,107,10276,0,0,444,275,194,7,3670,0,0,0,85,0,0,0,50,1,16361,0,3981,0,0,74,0,62,7,0,0,0,0,1,0,0,30,494,469,0,0,6,0,2140,7,7,0,0,0,0,570,0,0,392,0,2777,0,8,0,0,0,0,6108,0,978,0,1135,2,1,0,5134,0,6491,12,0,0,3405,48,1367
"gene_702",11,0,0,365,602,69,5934,0,1,201,0,0,685,0,85,12,205,802,11,0,811,13,1158,0,73,2,0,566,1,0,0,474,0,564,41,2373,0,0,11,0,480,14,194,9,0,327,0,6,212,0,357,8,5,1,234,1,49,17,1,0,7,5,44,41,34,0,0,123,7,92,121,139,16,0,29,344,27,0,1,8,0,113,0,1269,7,5,6,126,2331,0,263,298,983,4432,3,0,25,1722,0,0,0,0,0,0,0,0,1591,858,0,0,0,0,0,12,50,0,0,0,0,0,0,0,0,85,0,0,0,583,0,0,0,0,5,0,133,0,0,0,0,0,0,0,379,6,2645,0,0,0,511,0,593,0,0,2691,0,0,0,0,263,4,0,21090,199,81,5326,0,151,3004,0,0,0,0,11554,0,1,7,0,14,24,0,1,0,0,0,74,0,63,428,0,0,0,0,579,0,1,0,0,0,0,0,0,0,0,322,0,0,6,0,356,0,28,0,1892,0,16,13,11,768,0,0,129,13,0,2077,0,0,0,9,0,0,659,0,9,22,1227,0,0,0,0,41,0,0,0,1,0,36,2,0,0,0,0,0,19,2,1,0,0,437,0,0,0,0,0,0,7,18,0,0,0,0,0,0,5,0,0,0,0,0,0,0,0,0,669,0,0,0,0,0,39,0,0,0,0,0,136,0,0,0,0,0,0,0,0,0,0,0,0,0,0,0,0,7,0,0,0,0,0,0,0,48,0,0,0,0,0,92,0,0,0,0,0,0,0,0,0,0,0,0,0,0,0,0,0,0,5,0,0,0,0,0,0,20,0,1,0,0,0,0,0,0,0,0,0,1,0,0,0,0,0,74,43,0,4,0,0,0,0,0,0,0,0,0,0,0,0,0,21,0,0,2,0,0,0,0,0,0,7,0,0,0,0,0,0,0,0,0,0,0,0,0,0,0,0,0,1,1495,4,0,1,0,0,0,394,0,0,0,1596,0,0,0,0,0,26,0,0,0,0,0,0,0,0,0,0,0,0,0,0,0,0,0,0,0,0,0,0,0,0,0,0,0,0,0,0,0,0,0,0,0,0,0,0,0,0,0,0,0,65,0,0,0,0,24,0,0,0,1,7,0,0,0,0,0,0,0,0,0,0,0,0,0,0,0,0,0,0,0,0,0,0,0,0,0,0,0,0,0,0,0,0,0,0,0,0,0,0,0,0,0,0,0,0,0,0,0,0,1,0,0,0,0,0,0,0,0,0,0,0,0,0,0,0,0,0,0,0,0,0,0,0,0,0,40,0,0,0,0,0,0,0,0,0,0,0,0,0,0,0,38,0,0,0,0,0,8,0,0,0,0,69,0,0,0,0,0,0,0,0,0,0,818,0,0,0,0,0,0,0,0,0,0,0,0,0,0,0,0,0,0,0,0,0,0,0,0,0,0,0,0,0,0,0,0,0,0,0,0,0,0,0,0,0,0,0,0,0,0,0,0,0,0,0,0,0,53,0,0,0,0,0,0,0,0,0,0,0,0,0,0,0,0,0,0,0,0,0,0,0,34,0,0,0,0,0,0,0,0,0,0,0,0,0,0,8,0,0,0,0,56,0,0,0,0,0,0,0,18,0,0,0,0,0,0,0,0,30,0,0,0,0,0,0,0,0,0,0,0,0,0,0,0,0,0,0,0,12,0,0,122,0,0,0,6212,93,0,0,0,0,118,0,8,0,0,0,0,0,0,0,0
"gene_703",0,0,0,162,0,0,0,0,0,0,0,0,0,0,66,0,51,0,0,0,0,0,0,0,0,0,0,0,0,0,1,0,0,0,0,0,0,0,0,22,0,0,0,0,0,0,0,0,0,0,0,0,0,27,0,0,0,0,0,0,0,0,0,0,0,0,0,0,0,0,0,0,0,0,0,0,0,0,0,0,0,0,0,0,0,0,0,1410,0,0,0,0,0,0,0,0,0,0,0,0,0,0,0,0,0,9,0,0,0,0,0,0,0,0,15,0,0,0,0,0,0,0,1,0,0,0,0,0,0,0,0,0,0,0,0,0,0,0,0,0,0,1461,0,0,0,0,0,2773,0,2,17,0,0,0,0,8,0,0,0,0,0,0,0,0,0,0,286,0,0,0,0,0,0,0,0,0,0,0,0,0,0,0,0,0,0,0,0,0,0,0,0,0,0,0,76,0,0,12,0,0,0,5,0,0,6,0,22,0,3,64,0,0,1277,0,0,0,0,351,0,0,0,196,0,0,7,0,0,0,0,0,0,102,0,0,0,0,0,0,0,0,0,0,0,0,8,0,479,0,33,0,7747,0,120,1,0,0,0,0,0,0,0,0,0,98,0,0,0,0,0,0,0,207,0,0,0,228,0,0,0,0,0,190,0,0,0,0,0,104,0,86,1,0,0,0,0,0,0,0,0,0,0,0,0,22,0,576,0,0,1,165,0,0,0,0,0,0,0,2130,0,0,0,0,0,0,0,0,1,0,0,0,0,0,0,87,19,0,0,0,2,0,0,0,0,0,0,0,0,0,34,0,0,0,0,0,190,0,0,0,0,0,0,7,0,69,2,0,0,0,0,0,1502,135,0,1811,0,0,0,0,0,0,0,280,10,0,0,0,17,0,0,1,12,0,0,0,0,0,101,0,0,642,0,0,0,0,0,0,0,16,0,0,0,0,0,0,0,0,800,0,0,0,1,0,29,0,0,0,0,0,0,0,2,0,0,0,6,0,0,0,0,0,0,0,0,0,0,370,0,0,0,10,0,0,0,0,0,0,0,0,0,0,0,0,0,0,0,0,0,0,0,1384,88,37,0,510,0,22,0,0,9,0,0,1,0,0,0,0,0,304,0,637,0,0,1,1,0,0,0,23,0,0,0,0,0,0,0,0,0,0,0,0,0,74,0,0,0,0,0,0,0,15,0,0,0,0,0,56,5,0,18,0,47,603,2016,0,0,0,2,0,812,4,0,18,0,6,0,0,1,0,0,103,24,0,0,0,27,1,6,0,140,0,0,1265,0,0,0,0,0,5,0,0,0,0,15,0,0,0,0,0,0,0,5581,0,0,0,0,0,2,2877,0,7,0,0,0,0,0,135,0,0,0,0,0,0,0,0,0,51,0,0,0,0,1102,0,0,0,1,0,0,274,3296,0,0,0,0,0,21,0,1,0,0,0,0,0,12,0,0,0,0,0,0,0,0,0,130,0,0,0,0,0,264,0,0,0,0,0,0,0,0,0,0,0,0,0,0,0,98,0,1,0,0,0,0,0,0,0,1,0,0,0,0,188,0,0,0,0,0,0,0,0,0,0,0,0,0,0,1,0,0,0,0,273,437,0,35,0,0,0,0,102,0,27,5,0,45,5047,0,0,1,0,5,0,11,0,0,0,0,45,0,0,0,0,0,0,0,0,163,1,0,0,0,3,114,0,0,0,0,0,0,0,0,0,9,5416,0,0,0,0,1644,0
"gene_704",0,0,0,0,0,0,0,0,0,0,0,0,0,0,0,0,0,0,0,0,0,0,0,0,0,0,0,0,0,0,0,0,0,0,0,0,0,0,0,0,0,0,0,0,0,0,0,0,0,0,0,0,0,0,0,0,0,0,0,0,0,0,0,0,0,0,0,0,0,0,0,0,0,0,0,0,0,0,0,0,0,0,0,0,0,0,0,0,0,0,0,0,0,0,0,0,0,0,0,0,0,0,0,0,0,0,0,0,0,0,0,0,0,0,0,0,0,0,0,0,0,0,0,0,0,0,0,0,0,0,0,0,0,0,0,0,0,0,0,0,0,0,0,0,0,0,0,0,0,0,0,0,0,0,0,0,0,0,0,0,0,0,0,0,0,0,0,0,0,0,0,0,0,0,0,0,0,0,0,0,0,0,0,0,0,0,0,0,0,0,0,0,0,0,0,0,0,0,0,0,0,0,0,0,0,0,0,0,0,0,0,0,0,0,0,0,0,0,0,0,0,0,0,0,0,0,0,0,0,0,0,0,0,0,0,0,0,0,0,0,0,0,0,0,0,0,0,0,0,0,0,0,0,0,0,0,0,0,0,0,3,0,0,1,0,0,1,0,0,0,0,0,2,0,0,0,0,0,0,0,0,0,0,0,0,2,0,0,0,0,4,0,0,0,0,2,1,0,0,0,0,0,1,0,0,1,0,0,0,0,0,0,0,0,0,0,0,0,0,0,0,0,0,0,0,0,0,1,0,0,0,0,0,0,0,0,0,0,0,0,0,0,1,0,0,0,0,0,0,0,0,0,0,0,0,1,0,0,0,0,0,0,0,0,0,0,0,0,0,1,0,0,0,0,0,0,0,1,0,0,0,0,0,0,0,0,0,0,0,0,0,0,0,0,0,0,0,0,0,0,0,0,0,0,0,0,0,0,0,0,0,0,1,0,0,0,0,0,0,0,0,0,0,1,0,0,0,0,2,0,0,0,0,0,0,0,0,0,0,0,0,0,0,0,0,0,0,1479,0,0,0,0,0,0,0,0,0,0,0,0,0,0,0,0,0,17,0,0,0,0,0,0,0,0,0,0,0,0,0,0,0,0,0,0,0,0,0,0,0,0,0,0,0,0,0,0,0,0,3,742,0,0,0,0,0,0,0,0,0,0,0,0,0,0,0,0,0,0,726,0,0,0,0,0,0,0,0,0,0,0,0,0,0,0,0,19,0,0,0,0,0,0,0,0,0,0,0,0,0,222,0,0,0,0,0,0,0,0,0,0,0,0,0,1,0,0,0,0,0,0,0,0,0,0,0,0,0,0,0,0,0,0,0,0,0,0,0,0,0,0,0,0,0,0,0,0,0,0,0,0,0,0,63,0,0,0,0,0,0,0,0,0,0,0,199,0,0,0,0,0,0,0,1550,0,0,0,0,0,189,0,0,0,0,0,0,0,0,0,0,0,0,0,0,0,0,0,0,0,0,0,0,0,0,0,0,0,0,0,0,0,0,0,0,0,0,0,0,0,0,0,0,0,68,0,0,0,0,0,0,0,0,0,0,0,0,0,0,0,0,0,3,0,0,0,0,0,1,0,313,0,0,0,0,0,0,0,0,0,0,0,0,0,0,0,0,0,0,192,0,0,0,0,0,0,0,0,0,0,0,0,0,0,4,0,0,0,0,0,0,824,0,0,0,0,0,0,0,0,0,0,0,0,0,0,0,0,142,0
"gene_705",0,0,96,10,37,0,1340,0,1,0,384,0,0,0,9,285,0,2,0,0,12,52,5289,0,8,29,0,857,0,13,4,96,32,0,8,0,2570,0,0,794,3,0,18,1,32,0,0,4,1,0,11,0,0,108,1793,0,0,0,7,104,8188,0,0,0,0,0,3622,0,569,125,1001,1,117,101,2,0,114,333,656,0,0,86,245,1,0,14,0,39,0,0,1,229,0,1214,0,0,8250,0,274,45,0,0,17,29,684,0,28,65,5,0,0,0,9,0,1056,3077,2,3,0,108,678,40,0,1,219,1,515,0,0,28,0,0,0,102,455,11,0,0,0,0,502,6,89,8,0,3,5,278,134,0,0,1974,67,0,0,14005,27,2415,0,0,26,1,0,21,1221,1968,0,3597,0,0,0,13276,0,0,2,5,7522,0,0,132,75,171,0,5,4904,1,1381,6922,64,77,37,0,1207,332,2,1,0,1,0,1,123,0,1,1091,0,0,396,0,1,0,17,0,0,0,0,0,15,6135,0,0,3453,17,0,0,3,11,0,0,11,73,0,0,378,0,416,874,1466,0,0,0,1,1274,621,0,443,175,1,0,0,0,6,988,2275,411,0,48,1850,2,904,159,0,4,52,0,275,1,184,14604,691,16,60,41,26,59,111,7,0,0,0,248,6,665,1110,2012,0,1536,16,0,1,2255,938,16,0,5932,41,1,6216,859,1580,4818,0,1048,712,0,240,41,6,2,70,27,2093,47,43,0,0,0,147,270,0,796,708,0,0,1238,280,176,5992,0,404,6,59,49,0,1023,19,0,0,6,0,67,0,114,4,1,0,29,1225,1206,5934,4509,0,0,0,402,1039,0,0,0,1251,5,1813,104,1,834,66,66,131,27,115,4688,34,0,19739,9,434,40,0,0,451,1597,0,2914,14395,0,387,0,664,45,0,1,334,1077,0,4387,22,728,0,0,0,365,0,6,0,0,0,0,0,184,0,0,12478,0,0,0,0,6,89,41,35,1066,160,33,0,89,459,0,487,1,1288,0,316,607,6,393,0,1152,11,1101,180,226,10,33,1,19,0,2217,1589,0,2195,199,0,1680,465,131,441,68,0,265,241,3080,25,358,1326,62,6,508,1058,390,539,13,0,70,27,1,681,2,0,0,3,1083,0,0,0,99,0,11,209,1431,33,16,674,0,1812,70,308,0,1829,0,7631,1165,1,0,2,0,6393,0,0,40,0,30,2003,4502,0,0,0,0,0,0,7708,54,53,101,1358,3660,0,12,74,0,7,0,0,0,9,0,0,1241,39,1272,0,31,0,0,228,14,1573,98,517,0,988,0,477,0,156,218,588,6,0,5,0,0,912,0,0,839,555,0,0,2,816,0,394,185,0,383,808,73,10169,0,489,581,8,1,38,4,1,0,0,1,3854,0,0,0,0,2193,0,0,0,1070,404,1,0,5,2600,0,268,2300,2,0,2,1614,0,20,0,140,0,2,33,1,0,0,2,1665,6,7,0,41,766,1248,564,345,0,949,2083,76,5,28,0,2,0,0,1179,458,3553,3,2966,0,2,0,3,0,74,505,0,14,0,3,438,1,25,158,0,0,0,95,0,285,3,382,130,0,36,509,0,0,6861,0,50,129,0,0,28,227,21,0,976,3165,4,34,0,0,0,1,32,0,4062,27,0,664,32,10,0,0,5164,0,0,0,28,0,0,547,2,78,1514,33,0,2,54,24,0,1988,32,0,757,0,47,0,2660,5,8,1163,0,0,989,0,0,25,0,1,0,11,0,423,0,984,0,1,0,200,20,0,1037,0,6,2916,5,14,730,0
"gene_706",0,0,877,0,0,0,0,0,13,0,0,2057,0,0,0,0,0,0,0,9,0,0,0,0,0,0,0,1,0,0,0,0,0,0,1047,17,17,0,0,0,0,0,0,0,0,0,5,716,0,0,0,0,248,0,0,499,0,0,7,0,0,0,0,0,0,0,0,9,0,0,0,0,0,0,0,0,24,0,0,0,0,1,0,0,0,0,0,0,0,19,0,0,0,0,0,0,2,0,0,0,30,0,0,0,0,0,309,0,2,0,0,0,0,99,0,0,324,0,0,0,0,0,0,0,0,0,0,0,0,0,0,0,81,0,0,0,0,3,0,0,0,0,0,0,0,44,0,9,0,0,0,0,0,0,0,1,0,0,0,8,0,0,0,185,0,0,0,0,0,54,0,0,0,24,0,350,0,0,0,16,1,0,0,0,0,0,3,0,0,0,0,1,0,0,0,38,0,0,0,0,0,0,0,0,67,116,0,0,0,0,1,0,0,0,0,4,13,18,0,0,7,6,0,0,0,0,0,747,0,0,0,2,0,0,0,6,0,0,0,0,52,17,0,0,0,2,0,32,0,27,0,5,3,2,22,0,0,0,0,0,0,0,20,0,603,1,0,0,2,449,0,0,0,1595,0,0,0,196,0,0,87,0,0,0,0,0,0,0,0,110,0,0,0,0,47,0,0,0,0,500,0,0,0,0,0,0,0,0,0,76,0,0,0,0,0,0,0,0,0,0,0,0,0,0,0,0,0,81,0,0,0,0,0,0,0,0,16,9,0,0,0,0,0,56,0,0,0,0,0,0,151,502,0,0,0,0,0,3,0,0,743,0,2,1114,2,0,2407,0,0,77,4,0,8,0,0,0,0,0,0,0,0,27,0,0,0,0,0,0,0,0,0,14,0,0,0,99,0,3,0,0,0,14,0,0,0,0,0,0,0,0,0,0,0,0,0,0,0,0,1799,0,0,0,0,0,0,0,0,0,0,1,0,0,0,0,0,0,0,0,0,0,0,0,101,0,0,16,0,0,0,0,1087,0,0,0,2,0,0,0,0,51,0,0,0,652,0,0,0,0,0,0,0,0,0,0,59,0,0,0,0,938,0,0,0,0,0,13,1,0,0,15,0,0,0,239,0,0,0,0,0,0,0,0,0,0,0,0,0,4,1,0,0,1016,0,0,63,200,0,0,0,0,0,0,0,0,0,27,0,0,1,0,0,0,3,0,0,0,0,77,0,0,0,0,231,171,0,0,0,0,0,14,0,0,0,35,0,0,0,261,0,0,0,76,0,34,1026,0,0,0,0,10,0,0,0,0,0,0,0,0,0,0,0,0,0,0,0,0,1,76,0,0,0,0,0,0,0,197,0,0,54,0,0,15,0,0,0,0,0,0,0,3,0,12,0,556,0,0,0,0,0,53,0,0,0,0,0,0,0,2,0,0,0,0,0,0,0,0,0,1728,0,0,0,0,0,0,26,0,0,0,0,0,0,0,0,0,0,0,0,0,0,0,0,0,0,0,0,0,0,0,481,0,0,0,0,0,0,0,0,0,0,0,0,0,0,0,0,0,0,0,39,0,725,0,0,0,0,0,82,0,529,0,0,0,0,1,0,0,2,0,0,1,0,0,0,111,0,0,65,0,3,0,0,0,0,0,0,0,0,0,0,0,171,0,0,0,0,0,0,977,0,0,0,0,0,0,0,98,0,0,0,2,0,0,263,74,0,0,0,0
"gene_707",0,1,0,0,0,0,0,0,1,0,0,0,0,0,0,0,0,0,0,2,0,0,2,0,0,1,0,1,0,0,0,0,0,0,0,1,0,0,0,0,0,0,0,0,0,0,3,0,0,1,0,0,0,0,0,0,0,0,0,0,0,0,0,0,0,0,0,0,0,0,0,0,0,0,0,0,0,0,0,0,1,0,0,2,2,0,0,0,0,0,0,0,0,0,0,0,0,0,0,0,0,0,0,0,0,0,0,0,0,0,0,0,0,0,0,0,0,0,0,0,0,0,0,0,0,0,2,0,0,0,0,0,0,0,0,0,0,0,0,0,0,0,0,0,0,0,0,0,0,0,0,0,0,0,0,0,0,0,0,0,0,0,0,0,406,0,0,0,0,0,0,0,0,0,0,0,667,0,0,0,0,0,0,0,0,0,0,0,0,0,0,0,0,0,0,0,0,0,0,0,0,0,2,0,0,0,0,0,0,0,0,0,7,0,0,0,0,0,0,0,0,0,0,0,0,0,0,0,0,0,0,0,0,0,0,0,0,0,8,0,0,0,0,333,0,0,0,0,0,0,0,16,0,0,0,0,0,0,0,0,0,0,0,1,0,0,0,0,0,0,0,0,0,0,0,0,0,0,0,0,0,0,0,0,0,0,0,0,0,0,0,0,2,0,0,0,0,0,0,0,0,0,0,0,0,0,0,0,0,0,0,0,0,0,2,25,0,0,0,0,0,0,0,0,0,0,0,0,0,2,0,0,1,0,47,0,0,0,0,0,0,0,0,0,0,0,0,0,0,1,0,0,0,17,0,0,0,0,0,0,17,0,0,0,0,0,0,0,0,0,0,0,0,0,0,0,1346,0,0,0,0,0,0,0,0,0,0,0,0,0,0,0,0,0,0,0,0,0,0,0,0,0,0,0,0,0,0,0,0,0,0,0,0,0,0,0,0,0,0,0,0,0,0,59,0,0,0,0,0,0,0,0,0,0,0,0,0,460,0,4,89,0,0,0,29,0,0,0,0,2710,1,0,0,0,0,1350,0,14,75,17,0,527,0,1158,1292,0,1683,0,83,0,370,0,27,87,48,0,0,4,0,15,68,0,0,0,0,50,600,903,1,0,11,0,0,661,0,0,0,896,4695,0,0,11,40,0,0,12,0,0,0,0,0,0,550,240,1542,0,0,309,0,0,1,0,2538,146,0,6404,0,0,2,0,3504,5,0,1958,19,4,3707,12,0,0,3525,4896,6533,1204,0,3,88,457,52,1,0,13,582,124,0,0,0,1760,0,0,0,0,0,1871,0,0,1607,874,1580,0,0,0,237,0,0,0,0,0,1457,0,0,0,0,0,0,0,7,0,0,0,0,0,0,0,0,0,0,0,0,527,1159,0,141,5,248,523,1,0,0,7,0,0,0,0,0,0,0,6299,643,0,0,303,0,0,0,0,0,147,0,0,33,0,1262,0,0,0,0,0,90,0,0,0,0,0,215,0,52,0,1550,0,0,0,0,0,0,0,61,0,0,0,0,0,0,7,109,0,0,0,0,0,368,0,0,0,0,108,0,1052,395,0,0,0,0,79,0,3502,0,0,0,0,0,0,0,59,44,0,754,0,0,0,0,10,0,75,1,0,0,1,0,0,0,0,0,0,0,0,2,0,0,3134,0,0,0,710,1693,2503,0,198,215,0,9,0,0,0,1377,0,0,47,32,35,0,0,3,0,0,147,0,0,0,3,0,32,1,0,0,0,742,0
"gene_708",0,0,0,0,0,0,0,0,0,0,0,0,0,0,0,21,0,0,72,0,0,0,13,0,0,0,593,35,0,0,0,37,0,0,0,0,0,0,164,0,0,0,0,70,0,449,0,2,0,0,0,0,0,0,0,0,0,0,0,0,0,0,0,0,739,0,0,2362,0,0,0,0,0,43,0,0,0,0,0,0,0,3,0,0,54,8,0,0,0,0,0,0,0,0,164,0,0,0,0,0,0,0,0,0,0,0,0,0,0,0,0,0,0,0,0,0,0,0,0,0,8,0,0,0,1,0,0,0,0,0,0,0,0,0,0,0,0,0,0,0,0,0,0,0,0,0,0,0,0,0,0,0,0,0,0,0,0,0,0,0,0,0,0,0,0,0,0,0,0,0,12,0,0,0,0,0,0,0,0,0,0,0,2,0,0,0,0,0,0,0,0,0,0,0,68,0,0,0,0,0,0,1279,0,0,858,0,0,0,0,0,0,0,10,0,506,12,370,0,26,0,0,34,0,0,0,0,0,0,0,0,0,0,0,0,507,0,136,0,0,7,0,0,0,476,0,161,0,0,0,7,0,127,0,0,0,0,0,0,0,0,0,54,0,0,0,0,85,975,1,0,0,0,79,0,0,8,254,2,0,0,25,0,43,0,7,0,0,0,374,0,0,359,6,0,1186,0,0,0,0,0,0,2,1736,0,0,0,37,0,56,0,0,0,0,0,1283,0,0,0,19,0,0,0,0,0,0,0,0,0,0,0,9,0,54,0,7,0,0,0,0,17,14,0,0,0,0,0,0,0,41,0,0,0,0,0,2,0,0,0,0,0,0,0,20,0,0,5132,45,0,0,594,47,0,0,1,0,0,32,0,0,0,0,0,4089,0,1,26,0,0,0,71,0,297,640,0,2432,0,0,0,0,0,0,0,13,0,690,0,52,0,2,11,230,64,0,3461,0,0,0,0,132,0,0,13,0,0,354,0,0,0,0,23,0,0,0,81,0,0,0,0,1,1,0,169,0,0,0,0,89,5,0,0,0,317,0,0,0,0,857,0,41,0,0,0,0,0,0,0,0,0,3,0,1115,0,0,3,0,1,0,0,333,0,0,0,45,0,80,0,0,0,2,0,16,0,1,0,29,0,740,5,0,0,168,0,0,1433,34,20,0,0,1327,0,172,11,10,0,32,0,1,0,0,430,0,0,1,0,0,0,1,66,0,0,583,0,151,2,0,0,0,0,0,0,0,0,18,90,0,92,0,0,37,0,3,412,0,10,723,0,0,0,0,10,5,0,573,0,4,9,40,0,0,0,0,0,0,0,0,0,0,0,0,0,0,0,0,0,0,75,0,0,0,319,2,0,0,0,0,0,0,0,0,0,0,0,0,0,0,0,0,165,0,0,0,0,0,0,0,0,0,0,0,0,90,0,0,0,0,0,0,0,0,35,0,0,0,0,0,11,0,0,0,0,0,0,0,0,94,0,0,0,0,0,79,0,0,0,0,0,0,0,31,0,6,0,0,0,0,2,0,0,0,0,1,0,0,0,0,0,0,0,0,0,0,0,0,0,0,1,70,17,0,40,0,0,0,13,0,0,0,0,0,0,0,0,0,0,0,0,0,0,0,2,0,0,115,0,0,0,0,0,0,1,0,0,0,0,0,0,0,0,0,0,0,0,0,0,0,0,0,0,117,0,0,0,8,0,0,0,0,0,0,0,0,89,0,0,0,0,0,0
"gene_709",0,0,337,0,3,0,0,0,0,696,0,480,0,0,0,4,0,0,0,0,0,0,0,0,0,0,0,0,0,0,0,87,0,1,0,0,0,0,0,0,0,23,0,50,306,0,0,0,0,0,0,25,0,0,0,0,0,0,0,15,0,46,0,0,0,0,0,0,0,0,0,222,0,0,0,0,43,0,0,0,0,19,0,0,0,0,0,0,0,0,0,0,0,0,514,0,0,0,0,0,0,0,0,0,0,0,0,0,0,0,0,0,0,0,0,10,0,0,0,0,0,0,0,0,0,2193,0,0,0,0,0,0,0,0,0,0,0,0,0,0,0,4,468,0,0,0,0,1367,4,0,0,0,0,0,0,2,0,0,0,0,0,0,0,0,0,0,0,0,0,0,0,0,7,0,0,0,2,3,0,3991,0,0,0,0,0,0,0,0,0,0,0,0,0,0,0,0,0,0,0,0,0,0,287,0,172,0,0,167,0,42,671,0,0,0,0,0,0,0,1,0,0,0,0,0,113,0,0,0,262,0,0,0,0,0,0,0,0,0,0,0,0,0,91,0,0,0,0,113,0,0,0,1,0,509,11,0,0,0,0,7,0,0,0,0,0,0,0,0,0,0,0,0,0,0,0,0,0,0,0,0,0,0,0,0,0,0,0,0,0,0,0,0,0,0,0,0,0,0,0,0,0,0,0,0,0,0,0,0,0,0,0,0,0,0,0,0,0,0,0,0,0,0,0,0,0,0,0,0,0,0,0,0,0,0,0,0,0,0,0,0,0,0,0,0,0,0,0,0,0,0,0,0,0,0,0,0,0,0,0,0,0,0,2,0,0,0,0,0,0,0,0,0,0,0,0,0,0,0,0,0,0,1,0,0,0,0,0,0,0,0,0,0,0,0,0,0,0,0,0,0,0,0,0,0,0,0,0,0,0,0,0,0,0,0,0,0,0,0,0,0,0,0,0,0,0,0,0,0,0,0,0,0,0,0,0,0,0,0,0,0,0,0,0,0,0,0,0,0,0,0,0,0,0,0,0,0,0,0,0,0,0,0,0,0,0,0,0,77,0,0,0,0,0,0,0,0,0,0,0,0,0,0,0,0,0,0,0,0,0,0,0,0,0,0,0,0,0,0,0,0,0,0,0,0,0,0,0,0,0,0,0,0,0,0,0,0,0,0,0,0,0,0,0,0,0,0,0,0,0,0,0,0,0,0,0,0,0,0,0,0,0,0,0,0,0,0,0,0,0,0,0,0,0,0,0,0,0,0,0,0,0,0,0,0,0,0,0,0,0,0,0,0,0,0,0,0,0,0,0,0,0,0,0,0,0,0,0,0,0,0,0,0,0,0,0,0,0,0,0,1469,0,0,0,0,0,0,0,0,0,0,0,0,1,0,0,0,0,0,0,0,0,0,0,7,0,0,0,0,0,0,0,0,0,0,0,0,0,0,0,0,0,0,49,0,0,32,0,0,0,3,0,0,0,0,0,0,0,0,0,0,0,0,0,0,0,0,0,0,0,0,0,0,0,0,0,0,0,0,0,0,0,0,1559,0,3,0,50,0,0,0,0,0,0,0,0,0,0,0,0,0,0,0,0,0,0,0,0,0,0,0,0,650,0,0,0,0,0,0,0,0,0,0,0,0,0,0,0,0,0,0,0,0,0,0,0,0,0,36087,0,0,0,0,0,0,0,0,0,0,0,0,0,0,0,0,0,0,0,0
"gene_710",0,0,13,5,0,0,0,632,0,0,2,0,0,0,2,3412,0,0,0,0,0,0,0,0,0,0,643,0,0,0,554,0,0,0,64,91,346,1,998,0,0,0,0,0,0,0,0,217,0,0,0,0,0,0,0,0,0,0,0,24,16,958,2,0,0,0,0,0,83,0,11,0,0,0,0,0,0,0,0,1,0,0,0,0,194,0,0,0,0,0,926,14,1,0,0,0,1,0,54,0,0,0,1,0,166,0,1,0,0,0,0,0,0,122,0,0,1,0,0,0,0,2,0,0,0,0,0,180,0,0,0,0,0,0,0,0,0,0,0,0,0,0,46,0,0,0,0,0,0,41,0,0,0,0,0,0,0,0,3,0,0,0,0,704,0,0,8,0,0,0,0,0,0,91,0,2,0,0,0,7,14,0,221,0,0,0,0,0,0,0,0,0,0,0,152,15,0,0,0,29,0,0,0,66,0,0,0,0,0,2,0,0,0,0,0,0,0,0,0,0,0,0,25,0,1,0,0,0,0,0,0,0,1,317,0,0,0,0,373,0,822,0,23,0,0,0,0,301,21,0,0,0,0,0,0,0,0,0,467,0,3563,0,0,0,0,1,0,0,0,0,0,4,45,0,47,2,0,0,0,0,0,0,1,0,90,7,2,10,0,0,0,0,0,0,1,0,1,0,0,72,0,0,2,0,0,1,0,0,0,0,11,0,0,0,0,0,0,0,0,0,0,0,1,1964,0,0,5,0,0,5,0,0,0,0,0,0,0,0,0,0,0,0,0,0,0,0,0,0,404,0,716,0,1,0,0,68,0,0,1,0,0,0,0,0,0,0,0,0,0,4,0,0,0,0,0,0,0,0,0,0,77,0,25,0,0,0,0,0,0,0,0,0,0,0,0,0,0,2,0,1,0,0,0,0,0,0,0,0,0,78,0,0,0,0,0,0,0,76,0,0,0,0,0,0,0,0,0,0,0,0,1,0,0,0,0,1,0,109,0,2,0,0,7,0,0,3,0,0,32,0,0,0,0,3,3,0,0,19,0,0,0,0,0,0,1,396,0,0,0,0,369,0,0,0,0,9,0,0,57,0,0,0,0,0,21,0,0,0,18,0,0,0,3,0,0,13,0,0,76,0,0,290,9,0,272,10,0,0,0,0,0,0,0,0,0,0,0,0,0,0,0,0,0,51,4464,0,2,0,217,0,118,0,0,0,1,0,0,0,18,0,0,0,0,2,161,0,0,0,0,0,0,0,0,0,1,0,101,0,0,0,17,0,0,0,2,0,420,0,0,0,0,0,0,0,0,0,0,0,0,0,0,22,0,6,88,0,0,0,0,0,0,0,0,0,0,0,0,0,0,0,0,0,0,0,0,0,0,0,0,0,9,0,0,54,0,0,0,0,0,0,0,490,0,0,0,0,0,0,136,0,0,0,0,0,0,0,0,0,0,0,0,0,25,0,0,0,0,0,0,0,703,7,0,0,0,0,0,0,0,0,0,0,0,0,0,0,0,0,0,0,0,0,0,0,0,2,0,0,0,0,0,0,0,0,0,0,0,0,0,1,0,0,0,0,0,0,0,0,0,0,0,0,0,0,0,16,0,0,0,0,0,0,0,0,0,0,0,0,0,0,0,0,0,0,0,74,0,628,0,0,0,0,0,0,0,0,1547,0,263,0,0,0,0,0,0,0,0,0,0,0,0,0,0,0,0,0,0,0
"gene_711",0,67,855,182,15,1011,23,153,2061,10,306,196,8,112,25,628,151,35,5,1705,105,377,5053,93,166,604,513,382,3332,3734,732,189,2,1028,146,257,66,44,14,97,69,166,121,245,1574,588,190,2716,180,189,94,9581,1,2454,635,5,5233,57,422,0,1966,13,7483,5553,921,905,24,1162,413,4,230,599,7,289,839,13,15,760,2281,12,324,4,243,490,43,824,76,1,102,478,132,2290,61,5,335,65,0,8,231,2433,0,1,5,0,6743,0,642,191,0,2,171,10,1,15,7,44,10,54,581,121,1023,24,0,0,36,348,128,160,42,0,0,8,0,116,186,272,1,21,2134,0,1,7,78,324,0,3363,5,42,377,69,91,0,255,1854,344,605,27,2,32,24,0,154,5,2,0,148,0,375,0,9,7,5,0,5,0,0,139,18,0,0,10,0,2405,459,0,224,0,288,0,0,213,83,0,1559,267,795,90,10916,0,81,4001,1,3362,13,417,2,3375,1055,29,2815,8,2119,1953,7157,1235,1003,2220,1842,13,0,944,203,10,3,8,773,812,14,7481,839,356,2093,2712,117,356,691,6992,2001,21784,3409,563,4504,143,312,148,776,73,1474,28,20,8387,9,28,501,0,23,263,3840,12,43798,6999,10039,4820,3906,14293,3388,21766,1899,6781,4860,1960,1546,6264,1157,24688,1008,13573,13098,2152,786,2329,33224,11917,16880,3553,28373,7292,23641,10631,5223,9811,8978,14448,56510,3870,408,278,3681,7790,9445,30231,4097,12272,2846,39092,4933,2122,15003,1012,1712,8940,31996,123,668,1352,16767,11118,36675,29643,8512,2370,15768,4200,13350,5514,21622,1440,1796,3777,8580,14295,2205,23028,4795,16335,6306,2459,2880,16469,19923,3137,9261,929,2062,1928,2366,5036,786,13673,10399,2680,26500,684,12712,22728,11744,6734,7534,21470,5048,5285,4760,3664,23390,8441,52824,6338,6648,786,754,16988,4144,6643,18003,18695,10247,2117,7483,10523,37183,2729,50492,33275,8673,18511,6177,3518,5383,26839,4951,12394,12724,4426,7297,11429,8213,1771,1108,9378,12355,7591,27156,3815,9285,885,17014,3120,12640,1413,8528,7704,2968,878,2785,5500,16045,25221,10859,30665,2551,4289,1347,9072,5885,2022,43328,8380,15,6574,2879,23426,12079,711,2947,372,33,870,5269,3648,5728,2533,3265,5411,889,173,4204,2843,2618,2895,526,12464,2160,365,367,3023,2771,2457,1809,5369,5077,1826,10,14782,108,3339,3224,8571,1403,3267,1891,779,12860,777,4135,147,6355,1947,5714,8600,9514,12339,1712,1606,5482,6040,2281,647,7819,3322,3154,1336,1676,2446,2308,831,778,3760,1104,11981,3275,5157,12806,1418,829,2377,526,1208,1146,998,1212,5599,1240,5881,2366,81,275,1183,2332,5148,1141,466,1053,33,6708,415,132,5749,763,1720,1100,2783,583,1911,11115,4940,2191,1966,3609,8903,9345,844,1784,2525,806,1134,1213,6915,1250,607,2568,11,6358,3201,366,1522,3248,120,378,7,1391,845,764,18888,56,2565,1989,1883,12718,105,2930,101,1375,16,6818,60,1925,28065,2695,6901,3,33,53,8450,5936,206,5186,494,24684,3418,12472,2912,8408,1010,171,1367,206,4071,3776,6470,1708,10937,9936,21496,1023,23,2877,1785,30,83,31,56,1331,10875,15897,185,5571,1047,3405,13384,6247,7344,4198,1370,7,22,8,414,20095,53,6316,17049,668,16071,86,8792,22273,5615,952,4774,25739,7550,24137,2649,354,3961,2760,30652,16908,11,756,2124,3413,578,3831,6575,34412,2361,224,538,4960,4273,6882,128,5789,268,24309,12834,17303,2059,4245,781,24217,1758,1135,822,6222,656,553,488,7385,6476,6071,0,3984,7,2297,14,7050,683,1384,1000,947,986,4414,201,153,16,14882,0,22180,692,1599,1544,5559,3772,9295,22,13963,322,155,52,10,5386,558,203,5647,146,4655,6273,181,953,2115,2382,1,134,10290,24141,22,4,20599,1112,50242,641,8,24,30014,1642,3169,949,396,6860,874,7383,7,4958,37,64591,804,2087,14067,7366,436,1260,68,929,10254,691,4800
"gene_712",8,0,0,0,0,0,91,0,201,0,0,0,0,0,0,3,0,0,0,0,0,0,0,7521,1020,0,0,0,0,4,1030,0,0,0,15,0,32,0,0,78,0,0,0,4,0,0,3,111,0,0,0,0,0,125,145,0,0,0,0,0,0,0,37,0,406,1,0,0,0,2,0,0,0,0,0,260,3,37,7,0,0,0,385,0,0,13,0,3,0,0,0,55,6,0,2,0,0,0,0,0,0,0,169,0,0,0,989,0,0,0,0,0,0,0,0,0,0,2,0,0,0,0,0,0,0,0,0,3238,0,0,0,69,0,1,3,0,0,0,2160,0,0,0,0,0,0,0,0,0,0,0,0,0,0,0,0,0,0,0,0,0,792,34,0,0,0,0,0,0,0,0,0,0,0,0,0,0,1,0,0,0,0,0,1590,0,1042,0,0,0,0,0,0,0,5153,0,0,0,400,216,0,96,0,36,1,2,0,1647,13,3,0,41,21,0,793,0,0,1,7022,0,0,856,401,1536,0,15,176,3248,1,0,0,0,1104,185,53,11,0,1149,4,24,0,2,0,6,0,0,0,0,2,333,0,0,0,15,1,0,0,0,0,3,0,59,0,157,0,0,0,0,24,12,0,0,0,22,1696,0,0,0,0,0,1753,0,54,4,0,0,36,0,0,0,0,14,0,1,38,0,0,0,0,0,27,0,0,0,0,0,0,0,61,0,0,0,329,2,904,2435,0,748,0,0,19,15,1,0,0,0,0,0,0,0,0,0,0,10,18,0,0,0,0,0,178,158,0,0,0,0,1450,0,47,0,128,0,15,0,0,2,0,0,30,10,0,0,44,0,1,0,0,0,0,2,49,4,0,0,2,0,0,0,0,544,219,0,17,691,0,558,51,0,0,9,421,349,0,0,0,0,29,0,0,52,0,57,2457,96,0,13,17,0,15,0,0,0,696,64,0,0,0,0,0,2219,233,0,0,1970,1247,0,39,0,0,2,0,0,0,308,0,53,0,0,0,0,0,14,0,7,0,0,0,255,0,55,2012,0,0,0,0,192,9,0,0,0,0,0,0,2,0,413,0,3237,0,0,3086,0,6,0,0,0,0,872,78,0,0,183,0,374,3,1,0,0,5,0,0,116,5,0,0,285,0,0,97,0,0,0,0,7,5,0,0,0,4,0,124,0,809,0,0,0,0,0,0,0,11,319,0,416,0,0,0,0,0,0,0,1299,0,79,157,0,0,1506,102,152,22,0,0,0,0,5,0,0,2,0,0,112,0,17,57,0,0,0,948,0,2,0,0,0,0,0,0,659,0,0,0,0,1,0,0,0,0,0,342,0,139,0,0,0,0,0,0,0,0,0,0,873,30,0,1,0,0,0,2669,0,0,0,1,0,1795,1,0,0,0,0,0,0,0,0,0,0,0,0,0,0,0,0,0,0,0,0,0,0,0,0,0,404,0,0,0,0,0,0,0,0,0,0,0,0,0,0,0,0,0,0,0,3497,0,0,0,0,0,6,0,0,0,0,0,0,16,0,3,0,0,0,0,4,0,0,0,0,0,0,0,0,1941,0,0,0,0,0,0,0,0,0,0,1,0,0,0,2,0,0,1,0,0,0,56,18,1,0,0,40,0,0,0,0,0,0,0,0,284,3065,0,0,0,0,17,0,0,0,0,0,0,0,0,0,0,0,0,0,0,0,0,0,2482,0,0,0,0,0,0,651,0,0,0,0,190,4,0,0,0,0,0,0
"gene_713",86,2,0,52,0,608,357,10,9,9,1609,1740,0,10,1654,10,0,0,55,269,12,1924,216,136,585,2833,250,76,4,2,0,23,216,1635,1305,0,171,1,271,5111,1260,30,6,38,576,1,8,0,12,539,0,100,275,0,22,691,1118,0,3584,13,1083,35,1395,0,245,126,22,2969,458,277,1199,177,17,0,3,1318,101,23,2750,0,81,259,2896,11,246,0,0,43,11,0,75,1786,6323,0,0,0,0,0,0,0,872,0,0,0,0,0,441,0,16,0,13,0,1433,0,0,0,0,0,0,0,0,0,0,0,0,1,0,0,0,0,0,0,0,584,0,0,45,0,0,0,0,1,469,0,0,0,4787,0,249,3,0,470,2268,0,334,48,0,0,0,0,0,0,43,0,0,0,6293,0,90,0,0,15166,0,0,1,0,0,0,0,84,0,3,51,0,0,0,94,0,185,0,0,0,0,0,0,2,0,28,0,0,19,159,0,2,1,627,0,1,0,0,0,81,8,0,0,0,0,0,0,0,0,6361,0,0,2675,0,0,0,0,0,67,0,0,0,0,4,80,0,0,0,0,0,0,20,0,685,0,0,0,0,877,0,98,0,0,0,0,0,264,0,927,0,12,0,49,0,0,0,457,1,0,594,142,63,0,0,0,149,0,58,0,181,0,131,0,30,419,0,0,0,0,324,0,0,29,0,0,1869,0,31,0,3,0,37,0,0,0,8,32,0,0,14,0,0,0,945,0,300,5,0,0,0,3,20,1,0,45,0,30,0,0,5,1,0,82,0,0,0,0,41,12,0,308,0,0,0,0,0,984,0,15,1153,0,0,0,3,0,0,26,0,0,0,0,0,19,3,0,0,0,1,128,0,9,0,0,0,36,177,813,5516,0,1,0,810,102,0,0,5,230,1,254,0,5,3,0,24,245,0,72,24,0,168,4,21,1,0,0,0,0,0,61,0,116,857,0,0,0,0,0,0,0,0,41,0,0,29,0,50,0,0,43,0,0,3,1,0,5,0,12,0,19,319,3,0,1,0,0,0,816,0,22,0,0,2,83,0,276,0,5,0,5,179,0,216,0,0,0,0,9,57,6,0,2062,200,0,78,0,1,630,0,0,0,0,0,0,6,0,48,0,0,12,0,223,0,58,0,0,0,0,28,0,0,658,8,0,197,0,0,2,37,0,0,0,431,0,0,0,171,0,0,9,0,124,0,0,0,0,1,0,0,0,0,217,0,0,7,0,2,0,0,0,0,6,2,75,0,1,0,0,0,65,4291,1,0,0,0,0,0,0,0,0,0,0,0,0,0,2,0,0,17,0,0,0,0,0,0,76,2092,0,0,0,0,1442,0,0,82,0,0,0,0,0,0,1,7,0,0,0,0,0,0,0,0,0,1,1127,1779,0,0,0,0,0,0,0,1,0,0,10,2,3,19,3,84,0,0,22,115,33,3,97,0,2,0,0,4,12,0,0,66,0,1,0,9,383,1,0,0,135,0,0,291,0,0,73,0,2,0,49,176,0,0,0,0,0,1,0,1,7,0,2,0,36,0,13,0,0,0,900,0,0,0,4,475,2,106,1,7,0,0,1,0,0,6,481,0,0,4,0,0,0,4,8,0,0,0,0,0,0,121,986,2464,7,0,1,0,0,0,6,0,0,21,0,3,0,0,0,194,0,0,1218,0,36,2,166,4,0,0,5,56,0,0,0,0,1086,0,0,0,0,1,0,0,0,0,0,0,2952,64,0,0
"gene_714",0,3455,77,0,0,7,3,0,3,0,4,0,29,14,0,0,0,0,62,0,0,0,0,7,0,0,19,3,805,0,805,486,0,0,0,3201,0,989,4,89,0,1,3,397,5,0,1773,0,10570,0,0,91,0,430,0,0,0,0,0,0,0,275,2,1921,0,1,1,851,16,0,0,0,0,2549,0,0,2011,1610,0,0,0,869,0,34,0,47,0,3,0,0,651,134,66,0,0,0,30,11,0,0,0,0,11,50,3001,0,0,2,20,0,0,223,0,27,0,273,0,5,0,0,0,518,0,0,0,0,0,0,0,0,0,10679,646,0,0,57,0,2707,0,3945,3648,0,0,0,0,0,1,3,359,4,0,47,0,0,0,15,0,0,0,0,0,0,0,629,0,2388,0,0,0,0,0,0,0,0,0,2405,0,0,0,0,0,84,0,282,14099,0,14,0,0,14159,5583,0,409,0,138,83,0,0,15,58,62,0,0,3146,0,0,3951,3087,0,1197,19,0,0,0,174,2559,0,2331,0,173,0,0,0,0,0,977,0,0,2333,0,0,0,0,0,0,1,0,0,0,0,0,0,0,2786,19,4016,0,57,0,0,0,1,0,0,0,0,1,0,56,75,47,16,2002,564,1,60,4,453,27,0,142,397,0,203,4,0,7,644,0,186,20,275,12572,1264,0,22,24,1125,0,5467,559,0,1,0,0,9,5592,1705,145,169,32,5,0,210,3136,23,521,1049,6,11,12,1252,0,28,3810,0,0,22,0,97,4,46,2478,1,0,281,2308,814,60,5,0,1200,5393,103,0,4149,83,3,0,1950,0,13,0,0,1291,0,0,0,399,1547,51,188,7,1180,62,0,10,1096,18,97,1124,1,2,0,0,46,54,27,0,9,0,25,1,9,810,4690,2055,206,0,4,6,890,137,10,34,10879,0,387,63,3572,0,0,0,14274,0,0,14,11,954,0,0,0,482,1,0,1935,1163,161,0,413,850,6,1283,0,2143,1041,360,83,0,174,2,5,0,1047,0,20,243,43,14,1,1734,811,796,0,0,0,171,3,197,5,6,0,408,0,2643,0,3,0,0,0,0,0,265,3,0,13,8,0,924,0,0,61,1918,0,0,0,556,38,0,0,837,3326,26,0,0,68,0,1013,0,462,11226,0,0,0,0,12,0,14,0,8,1,854,0,83,0,0,0,60,19,34,0,402,0,46,0,4,66,193,0,0,2817,0,0,6155,27,0,227,1179,0,0,0,0,740,1280,0,1138,2,32,0,0,1,2240,0,37,0,225,0,44,1,86,7007,7,412,0,998,0,425,2,0,102,687,0,581,489,0,0,0,966,367,0,6,3,0,31,67,773,5473,6936,0,0,105,3,20400,1,105,307,233,0,0,0,0,0,0,60,0,2,0,1,333,1,0,1,0,2114,0,0,208,155,0,150,303,4,0,63,0,0,0,0,683,0,0,21140,37,0,0,33,0,0,0,0,374,212,0,0,0,0,0,0,528,3,0,0,0,0,0,0,0,0,0,10893,11,0,38,0,266,1353,3,4037,0,0,0,3,164,0,0,182,0,0,0,0,26,23,0,35,44,0,0,1732,0,0,385,0,860,677,2,4,67,6,0,1731,1,18,0,0,0,0,3,0,0,0,0,24,0,0,12047,0,0,0,0,709,0,733,0,0,0,0,0,2,0,0,8844,0,92,717,787,0,2,0,0,441,18495,2259,0,0,90,0,0,0,3,0,0,0,0,0,638,1568,530,415,0,0,90,0,2,4,5160,0,6273,0,7,0,0,1818,14,20729,73,0,2,0
"gene_715",849,1905,3136,123,33,266,45,2067,54,15,377,530,289,6,1450,60,1964,4,118,155,3,1,6,626,104,204,104,839,349,89,81,922,0,0,18,533,590,13,14249,44,2580,1168,1145,211,2095,2,17,1054,56,2234,79,2126,1059,58,17,20,385,78,0,280,1799,1155,176,2304,289,279,875,661,0,334,2180,3,73,870,0,689,38,743,51,391,1002,1258,60,2336,9402,142,87,684,281,167,18,3023,2651,0,870,1,0,0,0,49,2070,2,23,9,0,0,0,3,32,161,3349,1750,158,0,0,465,332,55,2,0,41,432,0,1,427,0,0,0,0,0,3,23,251,412,14,4,5,0,937,209,0,2,592,708,0,0,0,11175,3089,78,13233,3209,7,0,65,0,86,0,2,47,5,912,0,0,10,0,5,32,0,0,0,12,224,0,0,0,0,2,82,10,3818,1961,1,369,3817,200,0,0,33,0,61,656,0,0,40,1929,0,9,3,7603,0,7,461,104,1,124,14,248,0,1,5,0,2889,786,11040,372,0,7,1,1,29,0,0,4968,471,2,0,0,0,1326,0,0,21,1967,3475,2778,0,1914,0,0,3551,13,1219,20,0,0,648,10730,0,18,282,0,0,0,0,0,342,0,0,1701,1770,100,735,369,145,3651,947,141,487,1,247,11,166,237,18168,408,12,2990,22,474,0,120,0,1146,970,0,1139,2927,317,419,2017,4,261,11819,9,2211,4600,999,9,31,439,314,5,143,2104,1385,51,602,947,0,742,48,1055,30,2236,1,4,375,335,8518,1731,163,31,6,8,63,875,257,4501,1555,1038,415,6199,201,3200,0,286,980,1547,1813,139,982,3771,2348,10164,0,516,977,2239,563,130,4731,1343,8075,7351,1311,6,864,3507,2256,19,30,7,31,39,2522,6664,41,6455,231,460,4,4475,9,0,2878,561,120,2005,340,25,5094,1152,3651,1684,2306,14,11205,7088,18,9,27,11,698,236,526,53,0,169,172,1071,325,85,52,60,143,2212,70,2101,861,1539,95,5501,101,1837,0,327,1946,4,382,422,6465,903,1717,141,65,4407,150,0,0,104,546,1,758,0,7135,162,330,5753,136,425,13,1260,1481,451,0,82,1185,1494,5012,4,0,2,23,63,102,217,282,2506,1582,135,1234,437,27,40,597,8,818,6153,113,7577,1989,611,1153,8099,6873,6047,63,3344,1717,235,17,194,1,10344,5610,10,0,894,0,54,30024,11,3406,17,237,1,3457,1,8343,3963,1,83,5,6559,5513,41,182,75,3702,70,39,2,1893,711,242,1052,997,0,3,48,0,2770,68,953,13145,246,13387,1,64,8636,644,738,286,0,0,981,402,3932,9248,1077,7304,134,3236,2465,1421,15,0,462,8660,10,1442,3,932,528,8185,1250,3,2,359,6563,0,2,447,2394,60,0,4,898,30,461,11363,25,37,0,0,7097,206,1,1,0,0,46,0,23,0,0,49,2,272,0,0,682,0,0,99,3,1751,0,0,1699,258,0,4973,2079,4030,326,0,48,8289,55,0,15,0,1,10,37,360,9,0,0,65,71,4258,55,1483,38,4,56,972,2,8,1260,0,0,629,78,0,17,0,2188,0,2,2453,6392,0,0,241,19,50,0,1013,154,295,4403,0,12,23,1800,440,15884,18,2,516,4,0,11,48,0,5,0,331,831,0,802,3,182,177,4,1,316,9,6744,2751,13190,1253,0,0,1,243,361,5,0,0,16,44,190,80,0,5300,0,259,3158,0,7,0,1675,341,0,114,175,0,0,222,211,1,2,33,0,3434,111,0,3,0,409,76,0,662,0,0,0,2646,26,0,13,0,227,1742,736,3118,5693,29,0,0,0,13,158,0,0,73,38,7277,102,2254,1062,0,17,9
"gene_716",97,3108,760,404,15,100,0,6,59,402,2431,288,0,3125,373,2609,1229,4,1,703,49,35,2704,416,2,1188,6,103,785,9,58,13,0,1631,106,294,4,216,24,0,45,29,11,55,0,2126,4868,159,1185,141,6,25,309,25,97,359,217,5911,328,191,3457,1431,82,127,271,766,10,15,4,0,87,249,1,3469,4171,285,2468,2418,4,872,1338,5,305,2071,278,4521,9,2,11,286,2629,626,13,0,0,2,0,0,39,0,76,0,0,0,0,0,0,0,125,0,0,0,0,0,0,257,0,0,0,0,0,0,21,0,0,0,0,0,4,0,0,0,0,0,0,0,626,0,3844,0,0,0,0,0,185,2,0,0,77,0,0,1,0,0,7,0,2050,0,0,0,0,0,0,0,0,1931,0,0,0,0,0,5,0,0,0,2,0,0,194,0,0,0,0,177,0,0,4,5301,0,0,0,0,207,1353,266,0,0,0,978,0,0,0,0,0,0,5,0,0,13,0,6,5,0,0,0,0,0,0,0,0,0,0,15,6,0,0,0,0,346,0,0,40,0,15,2,0,0,0,0,0,0,0,0,0,0,0,0,0,0,0,0,0,0,0,0,0,0,0,0,0,0,0,0,0,0,0,0,0,0,2,0,0,0,0,2,0,0,0,0,0,0,0,0,0,0,0,372,0,0,0,0,0,0,0,0,0,0,893,0,0,0,0,0,0,0,0,0,0,0,0,0,0,0,52,10,0,249,0,0,0,0,0,0,0,0,0,0,0,0,0,0,0,0,0,0,7,0,0,0,0,0,0,0,0,0,0,0,0,0,0,0,0,0,0,2,0,0,0,0,0,0,0,0,0,0,0,0,0,0,0,36,0,0,0,0,0,8,0,0,0,0,0,17,0,9,0,0,0,0,0,0,0,0,0,0,0,0,0,0,0,0,0,0,0,0,0,0,0,0,0,0,0,0,0,0,0,0,0,80,0,0,0,0,0,0,0,0,0,0,0,154,0,0,0,0,7,0,0,0,0,16,0,0,0,0,0,0,0,57,0,0,0,0,0,0,0,0,0,0,0,0,0,0,9,0,0,0,0,0,0,0,0,0,56,0,0,0,0,0,0,0,0,0,0,0,0,0,0,11,0,0,0,230,0,0,13,2,0,0,0,0,0,0,0,0,0,0,0,0,0,0,0,0,0,0,0,0,0,0,0,0,0,0,0,0,0,7,0,0,0,0,0,0,0,0,0,0,0,0,0,0,0,0,0,0,0,0,0,0,0,0,0,0,0,0,0,0,0,0,0,0,0,0,0,0,0,0,0,0,0,156,0,0,0,0,0,0,0,0,0,0,0,0,98,0,0,0,0,0,2,0,70,0,454,0,0,0,0,0,0,0,0,0,0,2,0,0,0,0,0,0,0,0,390,0,1,0,0,0,0,13,0,0,13244,1519,15,0,0,0,852,2501,0,0,0,0,0,0,0,0,0,0,0,0,0,0,84,0,0,0,0,0,0,0,0,0,0,0,0,0,2,0,0,0,0,0,0,0,18,0,0,2078,0,0,0,0,0,0,11,0,0,4417,0,1587,0,0,72,0,0,0,0,0,0,0,0,0,11,164,0,0,0,0,0,0,0,1309,0,0,0,20,0,0,0,61,0,0,166,0,0,0,0,369,0,0,0,0,0,0,0,0,170,0,0,1287,0,0,1,5,0,0,0,0,3,3,0,21,1,0,0,0,0,2,0,0,0,0,25,0,589
"gene_717",114,3,8,27,113,12,35,22,7,177,104,262,24,50,114,206,32,136,12,22,29,70,1,304,229,19,103,2,140,31,142,20,11,16,29,8,34,55,285,38,3,0,29,7,23,192,23,18,3,15,13,198,54,14,1,45,22,206,11,25,57,32,0,7,4,4,360,51,51,68,154,37,3,50,240,69,244,81,132,0,128,28,335,55,16,131,0,101,8,2,9,132,0,12,43,0,1,0,70,0,6,0,77,0,0,0,0,0,0,0,539,0,17,0,5,1,0,106,23,59,0,0,0,0,0,0,0,13,126,1,3,27,0,0,175,30,0,2,1,7,0,0,1,3,0,6,0,0,0,3,10,8,122,22,0,2,0,8,0,9,11,0,3,16,0,0,0,0,0,4,206,73,0,1,0,123,0,0,38,3,303,35,2,39,120,35,995,0,57,50,207,15,11,0,1,10,0,39,1,36,188,68,13,39,11,14,4,10,5,0,1,8,42,15,0,1,2,27,4,12,4,42,28,4,0,61,10,26,15,3,2,1,89,67,74,6,78,31,81,1,7,79,0,11,6,30,1,15,52,4,41,6,112,6,36,0,3,3,10,0,116,149,24,19,63,70,76,0,54,68,118,236,56,226,30,109,129,28,58,27,15,2,115,161,26,89,99,13,49,56,57,24,87,149,126,22,58,10,182,115,43,56,14,431,125,75,98,44,11,85,190,134,65,40,104,13,237,25,318,80,104,65,202,25,67,15,164,81,391,118,12,1,148,139,3,11,16,52,126,25,16,15,40,227,138,34,147,17,121,49,343,153,21,73,4,19,19,80,159,36,67,154,1,51,49,4,223,86,15,235,228,83,49,25,17,17,29,45,251,80,49,195,868,26,22,200,26,341,204,64,183,155,116,15,117,193,117,102,145,49,11,15,146,21,51,167,125,220,36,85,23,109,104,14,234,210,129,145,119,281,110,24,5,17,20,34,188,12,509,18,82,137,38,130,21,290,7,21,57,22,16,192,161,82,12,296,63,34,5,52,45,0,0,6,2,148,154,17,43,4,21,48,38,161,30,5,73,73,4,2,11,127,149,31,108,111,19,75,100,27,153,0,16,3,55,143,1,25,3,41,77,58,467,18,7,1,37,7,171,0,7,118,81,35,0,25,86,20,50,4,107,51,63,3,63,43,5,15,7,29,1,2,82,19,15,351,20,77,61,65,74,67,66,113,12,8,8,57,1,0,57,0,0,209,4,17,5,60,0,26,11,44,0,16,89,163,8,91,46,188,84,9,7,91,4,74,42,49,95,3,1945,865,286,1689,279,59,3,49,14,422,1596,411,0,1,309,847,59,0,498,53,119,5,0,394,279,0,0,25,3,389,9,759,63,4,643,1101,428,10,14,0,0,721,1,1678,232,200,15,32,632,0,1,86,347,56,181,2,1,2,1309,70,945,11,4,190,298,67,1760,0,144,119,0,0,62,0,7,417,1,259,1030,16,0,115,0,0,73,560,18,1,5,0,0,1488,60,8,7,7,51,1,1,5,1702,14,7,216,1581,2,1,0,618,0,41,0,410,39,12,3,15,263,0,2,13,121,9,13,207,0,1873,956,99,687,46,192,1190,4,73,3,17,22,115,0,92,110,109,347,5,0,34,569,0,10,136,4,5,9,228,405,1080,1,3,31,482,202,0,64,6,10,2124,0,1,433,539,609,524,0,1468,0,17,333,801,42,393,1,21,830,5,250,19,74
"gene_718",0,0,0,0,0,0,1,0,0,0,44,0,0,0,0,0,0,0,3,0,0,0,0,0,0,0,0,0,0,0,0,0,0,0,0,0,0,0,0,0,0,0,0,0,0,0,0,0,0,0,0,0,0,0,0,0,0,0,0,0,13,0,132,0,0,0,0,0,0,0,0,0,0,0,0,0,0,0,112,6,0,0,0,0,0,0,0,0,0,3,0,0,0,0,0,1234,0,0,0,0,0,0,0,0,0,27297,0,0,0,0,0,0,0,0,0,0,0,0,0,0,0,0,0,0,0,0,0,0,1990,0,0,0,0,0,0,0,0,0,0,0,0,0,0,0,0,0,0,0,0,0,0,0,0,0,0,133,0,0,0,0,0,0,0,0,0,0,0,0,0,0,0,0,0,0,0,0,0,0,0,0,0,0,0,0,0,0,0,0,0,0,127,0,0,0,0,0,1,0,0,0,2,1,1,2,0,0,2,0,0,0,0,0,0,0,0,0,0,0,2,0,0,0,0,0,2,0,0,0,0,0,0,0,0,0,1,0,0,2,0,0,0,1,0,0,0,0,0,0,0,0,0,0,0,0,0,0,4,0,0,0,0,0,0,0,0,0,0,0,0,0,0,0,0,0,0,0,0,0,0,0,0,0,0,0,0,0,0,0,0,0,0,0,0,0,0,0,0,0,0,0,0,0,0,0,0,0,0,0,0,0,0,0,0,0,0,0,0,0,0,0,0,0,0,0,0,0,0,0,0,0,0,0,0,0,0,0,0,0,0,0,0,0,0,0,2,0,0,0,0,0,0,0,0,0,0,0,0,0,0,0,0,0,0,0,0,0,0,0,0,0,0,0,0,0,14,0,0,0,0,0,0,0,0,4,0,0,0,0,0,0,0,1,0,0,0,0,0,0,18,0,0,0,0,0,0,0,0,0,0,0,0,0,0,0,8,0,0,0,0,0,0,0,0,0,0,0,0,0,0,0,0,0,0,0,1,0,0,0,0,0,0,0,0,0,0,0,211,0,0,0,0,0,0,39,24,0,99,1,0,0,0,0,0,0,0,0,0,0,2,136,0,0,0,0,0,0,0,0,0,0,223,0,187,0,0,0,0,0,0,0,0,2,0,0,160,0,0,0,321,0,65,54,24,139,0,0,337,0,35,0,27,0,0,0,0,0,0,0,0,361,0,0,2,0,2,0,2,0,23,0,0,868,0,0,0,0,0,23,0,73,0,0,35,0,0,0,0,9,0,0,5,0,10,0,0,0,0,0,0,734,0,0,0,0,0,0,0,27,0,426,0,1452,0,0,0,0,0,0,29,0,0,0,0,0,0,291,0,0,0,0,0,0,0,1,0,7,0,0,0,0,0,0,2,0,0,0,0,0,0,0,0,0,0,0,0,0,0,0,0,42,0,0,14,0,0,14,9,0,0,0,48,1,0,109,0,0,0,0,0,0,0,0,0,0,0,0,0,0,0,0,0,0,0,0,0,301,0,0,0,0,0,0,0,0,0,0,0,627,8,0,0,0,0,0,0,0,0,0,0,0,0,0,0,0,146,3,0,0,0,0,66,0,0,0,0,0,0,0,24,0,0,0,0,0,0,0,0,0,0,0,0,0,0,0,0,0,0,0,0,0,0,0,0,0,0,0,0,0,0,0,0,0,0,0,41,219,0,0,0,0,0,0,0,0,0,36,0,0,0,0,0,0,0,465,0,0,0,0
"gene_719",0,13217,23,16,346,1,22,404,0,3206,0,1060,3472,499,0,0,0,0,52,2127,0,0,1215,0,271,4,3383,207,3911,4,12,6,418,578,0,54,173,4155,0,76,0,6651,0,1310,216,390,0,288,1,0,0,1449,2,296,0,0,1169,0,0,1,1353,0,0,317,13,42,753,218,1,0,2564,5,83,11,0,254,0,0,5,18,19,0,0,3,1278,3,103,0,1173,2077,3145,1,0,0,19756,0,0,0,1,385,0,54,1,74,0,0,0,0,21,0,0,10,219,4,0,94,0,1,305,0,0,0,0,481,0,0,11,6,0,0,0,2,1025,4,0,508,0,36,113,1993,16852,2,0,474,0,11,0,5,328,0,0,1,0,0,6480,16,32,0,0,0,0,0,0,0,0,0,4405,0,0,0,0,1994,22,2,2058,7,0,1,88,0,0,0,2945,7,0,75,1433,0,10838,0,0,79,0,405,0,1,0,0,0,0,30,63,0,188,0,0,0,0,0,219,0,0,0,0,0,0,5438,6,0,0,0,0,0,0,0,9,761,0,0,0,0,0,0,0,0,0,2942,0,56,2,0,1,0,0,22,0,0,0,0,106,0,0,0,0,3771,0,0,101,26277,0,0,0,0,0,0,172,0,0,0,0,0,0,0,0,0,0,80,0,0,0,0,0,2,0,0,0,0,0,0,0,0,0,0,0,0,0,0,0,0,0,0,0,0,0,0,0,0,0,0,0,27,0,0,0,0,0,0,0,0,0,0,0,0,0,0,0,0,0,0,0,0,0,4,0,0,0,0,0,131,0,0,0,0,0,0,0,0,0,0,0,0,0,0,0,0,0,0,1,0,0,0,0,0,0,0,0,0,48,0,0,0,0,0,0,0,0,0,0,0,0,0,0,0,0,0,0,3,0,0,0,0,0,0,0,0,0,0,0,0,0,0,0,0,0,0,0,2,0,0,0,0,0,0,0,0,0,0,0,0,0,0,0,0,0,0,0,0,1,0,0,0,0,400,152,0,539,0,5685,122,1,567,0,111,1,1616,0,26,1,479,3,310,0,2,0,0,0,216,271,200,1,5,327,124,633,130,2,1305,13,3306,51,621,0,427,147,2,0,0,60,0,7,18,0,126,0,0,74,1,0,20,66,1449,0,0,72,0,3,9,0,246,2,2,425,0,71,0,0,0,1,11,0,718,0,0,4,3,206,0,10,0,4,0,0,0,306,63,4,7669,3,50,34,1,194,767,81,0,116,9,254,0,182,22,25,0,2869,0,900,4,0,15,781,1,0,37,0,0,104,0,7,0,48,2575,25,19,53,147,0,202,0,0,0,2189,0,1764,0,0,0,4,0,212,3523,7381,0,2,0,0,0,0,3052,0,0,1779,2907,2,0,0,15,3423,0,0,0,0,0,184,437,1,0,0,3,0,0,0,0,0,2,0,830,0,9,0,0,0,6,0,0,28,0,20,0,0,0,244,2,0,0,4,0,0,0,41,0,0,0,0,0,0,71,0,0,0,0,0,31,100,0,0,0,0,0,4,0,116,1,17,5,335,0,70,5162,0,0,0,0,0,0,1253,218,0,0,6,0,0,0,0,28,0,0,177,0,3,212,0,743,0,562,0,0,0,0,0,158,0,32,1,2,46,0,3,18,631,0,0,0,0,0,0,347,0,0,0,0,0,0,40,0,16,0,205,2,0,0,0,0,0,0,1,1969,32,632,0,7,0,5,0,0,1,0,0,0,6,0,0,367,0,5,0,0,2710,9410
"gene_720",0,0,0,0,0,0,0,0,0,56,0,13,0,0,0,0,0,0,0,0,0,0,0,0,0,0,0,0,0,0,0,0,0,0,0,0,0,0,0,0,0,0,0,0,0,16,0,0,0,0,0,9,0,0,0,0,0,0,0,0,0,0,0,0,0,0,0,0,0,0,0,0,0,0,0,0,0,0,0,0,0,0,87,0,0,0,0,0,0,0,4,0,0,0,0,0,0,0,0,0,0,0,0,0,0,0,0,0,0,0,0,0,0,0,0,0,0,0,0,0,0,0,0,0,0,0,0,0,0,0,0,0,0,0,0,0,0,0,0,0,0,0,0,0,0,0,0,0,0,0,0,0,0,0,0,0,0,0,0,0,0,0,2,0,34,0,0,0,0,1,0,0,0,0,0,0,0,0,0,0,0,0,0,0,0,0,0,0,0,0,0,0,0,0,13282,313,0,0,2378,0,0,0,0,44,0,6,0,2,0,0,0,1793,2,0,0,0,0,9,0,0,0,0,0,6,0,33,0,0,7492,0,436,581,50,89,2705,0,0,0,0,4,0,17,0,0,0,0,1,0,42,0,547,9,11,961,292,0,644,0,0,0,0,0,973,0,0,0,6,0,0,0,0,0,0,0,0,37,4022,30,0,0,98,0,0,0,0,0,0,0,0,0,109,0,32,0,0,0,0,33,66,0,341,0,0,0,0,0,0,0,76,158,0,122,0,0,487,16,0,0,0,0,0,0,0,0,209,0,0,0,746,36,9,0,609,0,0,0,0,11,0,0,0,1,0,0,0,0,0,0,0,0,0,0,864,0,0,0,57,0,0,0,0,0,0,0,0,0,0,0,0,0,1,1,133,0,0,0,0,0,0,0,101,231,2,0,0,0,4,0,0,0,0,0,0,0,0,0,203,0,165,0,0,0,0,0,0,3,24,1332,0,0,0,0,0,1,1,0,1,0,0,0,0,0,0,822,10,0,0,0,1,0,0,1194,0,0,0,0,0,3,0,0,176,0,0,0,0,0,0,0,0,0,16,0,0,0,0,0,0,14,0,0,0,0,0,0,0,0,0,7,0,0,0,0,0,2,0,0,0,0,0,0,0,1,86,0,0,0,5,0,0,0,0,0,0,0,0,0,0,0,0,0,0,0,0,0,0,0,0,0,0,0,0,0,0,0,0,0,0,0,0,0,0,0,0,0,0,2,0,0,0,0,0,0,0,1,0,0,0,0,0,0,0,10,0,0,1,9,0,0,0,0,0,0,0,17,0,0,29,0,0,0,0,0,0,0,89,0,0,0,0,0,0,0,0,0,0,0,0,0,91,0,0,0,0,0,0,0,0,0,0,0,0,9,0,0,0,0,0,0,211,0,0,0,0,0,0,0,0,0,0,0,0,0,0,0,0,0,0,0,0,7,0,0,0,0,0,356,0,0,0,0,0,0,0,0,0,0,0,0,0,0,87,0,0,1,0,0,0,0,0,0,0,0,0,0,0,0,0,0,0,0,0,0,0,0,0,0,0,0,0,0,0,0,0,0,0,0,0,0,0,0,61,0,0,0,0,0,0,0,0,0,0,0,0,0,0,0,0,0,0,0,0,0,0,0,0,0,0,0,0,0,0,0,0,0,0,0,0,0,0,0,0,0,0,0,0,0,0,0,0,0,0,0,0,0,0,0,95,0,0,0,0,0,0,0,0,20,0,0,0,2,0,0,0,0,0,0,0,0
"gene_721",6267,1877,38,3,783,211,0,790,6507,3145,2,2196,246,13094,3326,481,23,178,3,9,1532,797,2235,729,226,992,8382,1,588,552,4,6,1370,4,884,1,659,3,12093,262,375,15,0,1761,307,59,61,68,129,4,1393,55,92,386,1989,1,125,759,1690,1015,174,588,363,734,570,59,394,12,1134,3248,11,690,2,261,67,1,46,392,719,2207,618,1440,1287,308,2064,3426,50,14298,6,216,3410,408,25,1506,565,1558,3,0,1708,0,5447,4147,160,0,2010,6939,12009,6,1,0,2774,1,0,15112,13,5787,48,2,0,65,2476,297,1,0,51,1076,136,0,1836,0,37,0,1,357,31,0,28326,748,2853,173,1408,309,927,16,10,0,1341,9,51,31,7883,1780,2008,0,578,8296,791,422,0,1286,0,657,596,959,10,236,277,3618,0,2,2637,8872,4471,237,389,2129,1194,0,3,0,10,248,0,240,25501,13986,6339,17,20,0,1036,1,0,13430,205,227,8,1079,24,1093,11125,1057,1,4745,11329,382,111,18,199,4630,4151,8472,35,175,6,782,778,2360,6018,86,636,1092,141,787,25,2964,2997,1314,1078,239,253,1521,0,188,136,6448,3,32,92,47,842,613,3100,2014,396,341,3124,9670,198,11857,17916,4120,6130,136,13677,1179,120,88,348,68,3454,0,0,45,54,2109,129,211,1158,297,428,112,405,449,1073,562,187,841,1,10,10,7713,2102,2302,7713,354,552,7,761,1893,348,932,89,783,3842,30,0,917,133,36,220,1706,8,811,20,0,13,495,0,471,2,1037,113,176,416,0,3066,175,1991,701,1,2,8,21,180,1108,4,40,11996,54,0,0,123,5239,5732,1070,3210,124,196,187,2,1657,1900,14,10605,0,205,431,1769,1353,718,0,1369,0,2,0,524,2446,2806,4194,126,299,0,674,22,193,5049,0,14,475,42,885,1,37,665,671,5178,4565,3630,869,6042,79,3215,1158,0,510,166,531,2503,1550,1054,30,2018,18471,892,1,628,7,2,107,1868,818,117,1089,13,3986,5300,1151,558,41,3251,9,0,20,22624,3444,1,35,328,1153,74,5,2870,1831,0,1115,13934,7,1,797,13500,4464,84,0,1,0,13,1859,149,123,0,12,3849,118,0,18,14,213,8501,66,780,253,0,2,1,0,0,44,0,452,1193,0,0,629,0,2,192,26,226,171,3,1,32,7,1,0,0,391,1490,0,0,0,230,134,2,299,0,2,3,0,0,0,43,0,0,0,0,48,539,60,50,0,3420,12,0,711,0,112,0,0,189,0,401,47,229,4,59,328,0,3,5,0,173,0,113,0,0,940,633,4849,4,0,0,1,163,99,189,1,954,11,4,43,0,4200,25,267,35,0,3,124,0,585,0,163,0,0,10,18,16,0,5,28,0,5333,0,2101,0,15,0,0,5812,895,0,0,0,0,255,0,1,17,0,0,4504,9,0,0,454,2,45,0,9,0,0,0,1790,0,65,0,16,0,0,1,0,202,1797,0,0,0,5134,321,7,0,0,0,398,0,18,0,0,6,0,0,2,15,14,0,0,0,129,34,0,4,4,742,368,0,0,22,0,655,2714,0,0,0,0,221,453,0,0,798,0,0,0,0,555,0,0,2,0,1399,0,0,0,69,14,485,372,3,0,10343,845,0,0,0,4363,376,3864,0,0,0,0,0,0,0,0,0,0,2656,0,19,4,73,0,5,152,16278,0,0,0,0,0,10,0,0,2,0,0,402,0,0,0,0,0,2890,163,1,0,0,2423,0,0,134,0,3187,0,1701,1229,268,0,1386,0,4,0,4,0,0,634,0,186,0,14,132,0,0,93,32,1600,531,489,0,0,105,481,440,0,38,0,52
"gene_722",2,0,0,1,0,23,2,0,0,0,0,273,12,15,1,0,25,4,0,0,0,0,369,0,21,0,1,0,0,0,1,0,5,14,0,0,7,0,0,0,0,0,3,0,0,5,3,0,4,5,0,0,16,20,0,7,0,2,0,0,0,21,0,41,32,0,0,0,1,0,1,0,1,43,0,26,22,0,0,130,0,3,0,0,45,72,2,0,1,2,0,1,0,0,1,0,29,0,0,0,0,0,0,0,762,0,0,4,0,2,0,0,0,17,753,168,0,55,0,3241,0,0,2,0,0,0,0,0,0,0,92,0,0,0,1,542,0,0,0,0,0,0,0,0,0,1,0,0,0,0,0,0,7,0,0,0,0,0,76,0,0,0,0,0,0,0,0,0,0,0,0,0,0,0,0,3997,0,0,0,0,2,0,0,2453,0,0,0,0,0,0,0,0,0,0,0,0,0,0,0,0,0,0,0,0,0,0,0,0,0,0,0,0,0,0,0,0,0,0,0,0,0,0,0,0,0,0,0,0,0,0,0,28,0,0,3,0,0,0,0,0,0,0,0,0,0,0,0,4675,0,23,0,0,0,0,0,0,0,0,0,0,6,354,12,148,0,0,31,53,0,0,0,0,0,0,0,0,0,0,39,0,0,0,0,1,48,0,1,2,15,0,0,8,0,3605,1,3,0,0,36,0,0,0,0,0,0,393,0,0,0,0,0,0,225,1,22,1003,0,0,0,0,351,0,0,0,374,23,19,0,0,17,5,0,0,93,1,1,0,129,45,54,0,0,1,0,0,0,1,17,0,2,0,4320,0,200,0,0,0,0,10,0,0,0,8,0,1,1,0,2,0,92,557,1,0,0,0,0,429,0,220,7,0,0,0,0,0,0,0,0,0,16,2,0,0,0,2,0,0,218,0,108,0,16,2447,0,0,0,58,0,0,1,120,200,0,518,0,0,0,0,248,64,0,76,2,5582,0,1,28,0,23,40,0,0,0,10,63,1,0,6,0,0,0,1,1,5,7,0,0,273,0,0,21,5,0,0,4,1,11,0,1,22,36,63,0,0,0,12,0,1,0,5,457,0,107,4,4,0,0,0,0,0,30,6,7,0,0,3,0,0,0,0,5,0,1,44,4,36,0,0,0,0,1,0,0,0,1,0,1,1,0,0,0,1,0,0,0,15,0,67,0,20,0,0,0,0,0,0,0,0,0,18,0,0,36,10,0,0,203,0,0,0,67,25,0,18,0,0,0,0,0,20,0,0,214,9,0,45,2,0,0,19,0,0,0,1,0,9,0,137,0,0,68,0,1,0,0,0,191,0,0,0,0,0,0,0,49,0,0,0,0,39,0,0,1,0,59,0,0,0,0,0,2,0,0,0,0,0,17,0,0,0,0,0,1,0,2,0,0,0,0,0,0,0,0,0,0,0,0,0,0,95,0,0,0,0,9,0,0,0,0,0,0,10,0,0,0,0,0,0,0,0,0,0,0,0,0,521,0,25,0,0,0,0,0,0,6,0,723,0,97,0,0,0,42,0,0,0,1,0,0,0,0,0,0,16,0,0,0,0,0,0,0,0,0,0,0,0,32,0,0,0,0,0,0,0,22,0,0,0,0,0,0,0,0,1269,0,0,0,0,0,0,0,0,0,0,0,0,0,0,252,0,0,0,0,0,0,0,222,0,0,0,0,0,0,0,0,0,0,0,131,0,0,7,0,0,0,0,0,0
"gene_723",889,571,179,316,9772,48,7538,22051,1487,4,9588,38969,1203,201,1086,3107,5031,700,3,3,1042,7399,4017,33894,849,2462,1071,792,3758,2,7079,2,2956,0,4724,2658,1106,11225,4245,1,1158,104,396,115,880,12494,3753,1301,178,9,24,284,756,111,16,58,11091,0,19,571,34,15,1909,5,4896,72,600,1223,99,10222,15823,13923,615,15891,532,756,118,272,1819,15,5967,1,17601,1337,458,0,450,2393,930,1073,35,351,1078,5866,1734,481,16072,3,7786,3940,266,12852,535,150,1568,0,449,571,676,45,6977,143,3421,3306,0,244,42,456,57,5543,2,7132,0,8824,1,13539,2568,0,5,2398,27,1,0,226,4313,59849,5211,22,2780,0,4,17,4342,17,0,11,964,4745,58090,90,8548,46,422,505,0,0,53600,1435,10132,0,7063,7186,1244,28,42,661,0,6312,1,98,0,3131,137,1599,19443,28252,16,344,4843,996,627,174,8165,5904,452,10685,3855,14463,11677,1817,45,18568,12207,21255,19868,553,227,873,3721,7644,2378,422,952,3715,334,105,18750,4214,45,29,0,15,363,1252,779,40,17118,90,2866,3427,50,4423,17625,5297,3161,7967,1211,4917,2136,2154,2305,3133,4314,165,223,27186,6688,3268,4879,230,7644,33,129,17,35,2832,1189,2342,820,85,56,159,15446,5628,13,21566,190,1,10571,408,34,1762,1069,1555,573,87,150,190,5067,6040,22,837,415,191,207,3341,8278,175,13838,71,756,3959,2403,15794,306,41,235,5549,17,11019,16405,4527,920,2126,1473,7221,325,4321,2190,9493,3373,3749,16,13521,941,19469,803,2794,824,2592,4181,600,3,1995,53,3933,14202,6115,18384,1499,3478,3842,3584,1678,1200,856,3917,3381,36,718,5475,3,507,1224,4472,691,16,6025,1833,6705,330,1240,1499,287,11788,220,1161,2379,409,813,41,8529,3177,0,54,1689,484,377,19679,512,123,468,1821,4016,6228,10588,9539,11264,233,2268,7,886,7719,2,6105,7285,25854,5276,944,682,3974,16267,0,10948,12062,206,82,1627,11744,120,5364,10885,188,239,23011,2098,2936,1439,861,17145,9363,3434,1280,7536,3653,0,242,6278,104,1780,8219,2503,2655,154,1811,12557,606,580,4943,5070,5053,1339,283,3094,377,5771,129,285,281,7493,256,867,1,544,2402,409,59,611,4780,0,1456,48,238,1801,54,270,10087,3947,710,3666,2621,0,6,0,0,1017,10436,0,1775,1705,0,720,0,0,34,28,74,0,51,1844,440,19,7565,1263,0,360,158,202,201,35,479,111,461,147,3592,4272,2,3,15,3,2559,497,10244,4444,4464,0,220,5723,2094,1,0,47,0,7320,76,211,905,14,23,987,86,109,814,4256,14,6,4330,108,92,2,2012,3765,161,98,34,0,1,0,0,32,0,140,0,347,0,1,2773,4380,89,49,0,0,108,433,290,5,1,1985,0,88,26,998,0,666,125,0,0,0,285,0,748,3704,3735,5,3,0,194,1094,0,322,319,13,3962,0,0,8,0,12337,9,1725,0,90,1352,415,1833,0,82,0,5432,13262,554,0,2,433,0,0,450,294,0,5661,3393,135,0,0,34122,17,177,3219,7526,1,587,1,4368,2283,8190,0,3658,0,0,11,0,0,112,96,3195,12133,206,3,3121,540,0,0,12,0,359,3780,3024,17349,2,713,0,0,31,0,40,78,0,36,1,3649,990,1,14134,0,3650,10,1,63,0,0,834,68,1002,14,0,10,0,17114,1569,713,0,0,0,440,2334,393,2462,1498,0,187,0,0,0,2,5,573,246,1251,161,0,1075,2,0,0,0,0,0,363,0,24,0,0,42,3979,0,0,21423,341,1159,0,3,0,7,19,0,99,5495,874,2,1245,0,28,7614,1271,11,0,0,75,10845,18290,20,37,371,0,230,309,1038,26,822,3,0,8224,585,2762,66,0,0,0,0,410,1,172,0,0,18,0,0,0
"gene_724",78,113,0,12,0,0,14,0,281,147,1185,0,0,0,0,0,44,10,420,0,13,0,0,0,0,148,35,0,3,0,1,0,0,1,0,0,0,0,2,0,0,63,0,0,0,0,642,0,0,0,0,0,0,0,0,75,329,0,1,66,0,0,729,1,0,0,0,1,107,0,0,0,0,9,0,1,0,0,0,752,0,0,0,4,24,0,0,1066,0,0,45,0,0,0,6,0,29,0,0,0,0,0,0,0,0,0,0,0,205,0,0,0,0,0,0,0,0,0,0,0,158,0,0,0,0,128,0,0,0,0,3,23,0,0,0,0,0,0,0,0,0,0,0,0,0,0,8,654,5,0,1,0,0,0,13,0,13752,0,0,0,0,0,0,0,0,0,0,0,0,0,0,1,0,0,4,9,0,0,12,0,0,0,1674,0,0,0,0,0,0,0,0,0,0,0,0,0,286,0,0,0,0,0,0,0,0,0,0,0,9,0,0,0,0,0,0,0,0,0,0,0,0,2,0,0,0,0,1057,2772,0,0,0,753,0,2,0,0,0,0,0,0,0,0,0,0,1,0,3,173,20,0,0,2,0,0,0,0,0,0,0,166,355,3,501,0,3099,30,0,0,0,211,0,1,49,0,0,0,71,112,0,0,1,191,0,124,1464,145,26,0,167,1,0,0,0,0,920,0,0,0,0,0,1,0,0,51,0,0,144,28,175,6,1343,0,0,0,0,104,0,0,1047,0,481,0,102,0,0,2,3,54,0,0,0,0,18,9,0,2,0,0,0,72,144,3,231,19,0,0,0,0,509,109,150,0,250,33,1,0,11,0,0,24,0,12,0,0,0,0,0,3,0,23,942,0,7,0,1250,0,8,0,1063,0,0,0,264,0,0,154,0,0,0,0,0,0,82,215,0,3,0,0,18,1,0,0,0,87,5,0,18,0,0,0,0,0,55,0,0,0,0,46,0,0,314,0,0,0,2,0,0,0,339,181,942,0,5,0,0,0,4,140,0,0,0,0,673,2460,0,263,11,0,24,0,0,27,57,0,0,0,0,8,0,0,0,0,0,0,7,0,0,0,0,54,0,0,32,0,0,0,1,0,0,0,997,0,6,3,110,0,0,51,7,0,0,0,0,0,0,664,0,61,0,0,15,119,200,0,88,0,0,0,0,3,0,0,0,0,0,0,0,0,0,0,0,0,0,13,0,1453,0,0,0,2,0,0,9,1,0,0,2244,0,0,0,6,343,3,0,0,39,0,0,0,0,3,0,0,0,0,0,3,0,0,1,141,4,0,0,0,5,0,65,0,0,320,0,0,0,99,3896,0,0,0,0,0,0,0,0,0,0,0,0,0,0,0,18,541,0,0,0,16,0,0,0,62,0,0,0,0,0,0,0,11,0,0,0,0,0,0,0,0,0,0,0,0,0,0,0,0,0,0,0,0,0,0,0,0,139,0,0,0,0,0,0,0,0,0,0,0,0,0,0,0,0,0,0,0,0,0,0,0,0,0,0,0,7,1,0,0,306,0,0,0,0,0,0,0,0,14,0,0,0,261,0,0,4,0,0,0,0,0,0,0,0,0,0,0,0,0,0,0,0,8,0,0,0,0,0,0,0,0,0,673,269,0,0,0,0,0,0,0,0,0,9,0,0,0,0,0,0,0,0,7,0,0,0,0,0,0,0,0,0,0,0,0,0,0,0,0,0,0,0,0,1,0,0,0,0,0,0,0,0
"gene_725",917,145,18,82,1360,1573,367,1535,5,25,1682,864,3078,1000,165,41,382,655,321,291,272,0,1770,2658,314,6,354,713,1592,153,1494,681,449,285,64,2323,2864,1357,119,162,1404,832,117,388,22,37,663,110,317,1498,154,249,118,165,1257,1788,57,173,75,59,3720,694,379,2127,101,110,204,216,629,23,974,157,1,1180,1715,172,16,19,1842,3424,2363,660,147,730,1287,2812,3,1134,133,28,749,173,0,115,0,0,55,2,60,0,631,16,226,0,150,18,0,469,786,57,0,176,483,0,0,5099,11,0,1061,837,76,134,4,0,201,0,0,0,103,0,41,218,0,81,0,1,137,10,1431,52,822,65,2,0,1,281,201,0,8,209,11,78,1,30,519,400,1034,3605,951,77,0,967,3,40,1,0,358,4,5,146,890,52,1860,307,1590,12,284,422,32,3,439,51,2,316,2341,49,328,0,1315,512,733,0,2764,754,79,114,476,1085,238,280,3066,192,1356,67,186,907,325,207,600,152,394,443,425,492,328,124,38,59,1782,54,596,406,278,731,23,35,622,1189,0,415,460,1548,54,158,647,693,7,53,840,206,861,4925,941,254,3099,53,2239,1553,68,0,5,980,1724,4,487,7,232,163,201,0,3276,999,1389,220,10,1364,1230,2366,72,915,1717,82,29,0,128,138,1716,721,383,28,1813,3815,1169,1835,938,3348,710,3004,3473,846,1735,318,17,429,80,394,166,691,1083,774,401,917,367,1438,914,775,170,527,78,409,2673,353,121,1834,336,3192,53,4809,1547,6,21,1386,1924,2054,2769,411,1621,65,3185,880,7050,348,1318,1780,275,886,86,18,131,578,56,9,2043,1315,3773,712,2132,0,1189,68,1736,77,724,27,1142,977,106,4246,1,394,154,742,243,5581,207,1279,448,1245,524,4460,760,1069,1066,1978,707,527,484,236,194,956,281,1057,1322,2983,3664,465,839,116,352,204,156,1858,5395,2846,95,847,2270,106,6,4465,104,1908,779,485,232,3042,996,1852,113,605,1841,1449,2077,3703,575,285,5343,586,785,525,3532,2103,149,4207,3,1298,416,213,6522,17,133,85,509,268,93,81,1035,121,442,3409,195,457,2282,20,22,1234,2098,155,746,1191,525,893,287,92,601,2456,1130,57,377,435,67,174,1301,390,68,262,1690,1998,758,407,732,965,177,495,243,774,111,182,214,445,708,393,902,1654,1279,154,360,366,943,2,138,1531,547,2566,331,36,711,8,2921,14,36,906,143,796,799,1192,1826,393,889,126,76,117,224,157,530,211,6,308,105,135,65,481,1257,10,18,529,296,1555,103,260,306,60,693,490,88,1287,2908,639,207,121,801,920,233,436,263,46,147,674,620,15,4,1448,208,421,110,2727,1572,737,119,2783,1485,0,409,392,227,1035,703,458,60,643,463,3,62,90,52,801,196,3648,455,13,3871,244,1,259,20,24,142,63,2,29,184,96,64,13,1283,13,218,62,95,336,191,549,750,1791,1375,107,13,16,2,208,7,144,683,326,0,282,676,455,466,575,1388,146,726,315,586,7282,38,419,0,2088,0,275,534,256,499,117,1611,52,3,458,153,24,1,2261,680,43,1439,99,494,108,1082,1202,1251,10,736,58,6682,6,516,1223,8,502,62,91,309,19,0,2,367,9,51,1779,1890,800,883,2639,1,0,209,36,1549,1,1281,2693,291,527,30,0,2,3,1441,0,623,1241,1535,1575,408,45,355,66,2578,0,741,90,2567,69,0,3526,319,41,953,54,35,7,275,8,70,73,93,437,164,18,90,647,1682,1077,11,2988,2,3223,141,57,661,0,1081,83,1145,8,35,1430,2003,124,189,8,209,2814,0,762,952,460,11,7,1,2,676,136,1074,1617
"gene_726",0,0,0,0,0,0,0,0,0,0,0,0,0,0,0,0,0,0,0,0,0,0,0,0,0,0,0,0,0,0,0,0,0,0,0,0,0,0,0,0,0,0,0,0,0,0,0,0,0,0,0,0,0,0,0,0,0,0,0,0,0,0,0,0,0,0,0,0,0,0,0,0,0,0,0,0,0,0,0,0,0,0,0,0,0,0,0,0,0,0,0,0,0,0,0,0,0,0,0,0,0,0,0,0,0,0,0,0,0,0,0,0,0,0,0,0,0,0,0,0,0,0,0,0,0,0,0,0,0,5,0,0,0,145,0,0,0,0,0,0,0,0,162,0,0,0,0,0,0,0,0,0,0,0,0,0,0,0,0,0,0,0,0,0,0,0,0,0,0,0,0,0,0,24,0,0,0,0,0,0,0,0,0,0,0,0,0,0,0,0,0,0,0,0,0,0,0,0,0,0,0,0,0,0,0,0,0,0,0,0,0,0,0,0,0,0,0,0,0,0,0,0,0,0,0,0,0,0,0,0,0,0,0,0,0,0,0,0,0,0,0,0,0,0,0,0,0,0,0,0,0,0,0,0,0,0,0,0,0,0,0,0,0,0,0,0,0,0,0,0,0,0,0,0,0,0,0,0,0,0,0,0,0,0,0,0,0,0,0,0,0,0,0,0,0,0,0,0,0,0,0,0,0,0,0,0,0,0,0,0,0,0,0,0,0,0,0,0,0,0,0,0,0,0,0,0,0,0,0,0,0,0,0,0,0,0,0,0,0,0,0,0,0,0,0,0,0,0,0,0,0,0,0,0,0,0,0,0,0,0,0,0,0,0,0,0,0,0,0,0,0,0,0,0,0,0,0,0,0,0,0,0,0,0,0,0,0,0,0,0,0,0,0,0,0,0,0,0,0,0,0,0,0,0,0,0,0,0,0,0,0,0,0,0,0,0,0,0,0,0,0,0,0,0,0,0,0,0,0,0,0,0,0,0,0,0,0,0,0,0,0,0,0,0,0,0,0,0,0,0,0,0,0,0,0,0,0,0,0,1,8,0,0,0,0,0,0,0,0,0,0,0,0,0,0,0,0,0,0,0,0,0,0,0,0,0,0,0,0,0,0,0,0,0,0,0,0,0,0,0,0,0,0,0,0,0,0,0,0,0,0,0,0,0,0,0,2,0,0,0,0,0,415,0,0,0,0,0,0,0,0,0,0,0,1150,47,0,0,0,0,0,48,0,0,0,0,0,0,0,0,0,0,0,0,0,0,0,0,0,0,0,0,0,0,0,0,0,0,0,0,0,0,0,0,0,0,0,0,0,0,0,4,0,0,0,0,0,0,0,0,0,0,0,0,0,0,0,0,0,0,0,0,0,0,0,0,0,0,0,0,0,0,0,0,0,0,0,0,0,0,0,0,0,0,0,0,0,0,0,0,0,0,3040,0,0,0,0,0,0,0,0,0,0,0,0,0,0,0,0,0,0,0,0,0,0,0,0,0,0,0,0,0,0,0,0,0,0,0,0,0,0,0,0,0,0,0,0,144,0,0,0,0,0,0,0,0,0,0,0,71,0,0,0,0,0,0,29,0,0,0,0,0,0,0,0,0,0,0,0,0,0,0,0,0,0,1398,0,0,0,0,0,0,0,0,0,0,0,0,0,0,0,0,0,0,0,0,0,0,0,0,0,1372,0,0,0,0,0,0,0,845,0,0,0,0,0,0,0,0
"gene_727",153,240,38,0,54,0,3,0,19,0,249,4,1,752,812,181,36,253,485,72,194,4,0,24,68,1,0,0,2,95,0,1,0,0,20,81,0,148,0,52,1,0,88,0,5,0,26,0,24,0,8,0,9,7,0,2,0,32,0,5,193,267,8,4,0,118,105,10,1155,0,386,120,2,501,0,0,56,11,0,0,1067,19,0,0,32,159,16,0,5,1,5,25,0,0,0,0,7,0,1,7,0,4,449,0,0,0,0,3,0,8398,0,6,0,0,0,0,1,0,0,3,0,0,7,515,15,0,17,0,0,0,0,0,0,653,0,266,0,2261,39,6968,2961,10392,0,0,0,1,0,0,0,0,1,31,0,17007,0,0,0,0,0,0,0,2,108,0,0,6,109,0,0,15,431,2,0,0,0,0,0,0,0,86,0,3882,0,0,0,0,0,0,0,32,0,1,0,3,583,558,116,287,711,2,0,4,0,271,2,0,0,0,0,0,0,0,0,0,0,0,0,191,0,0,0,0,0,883,14,0,7,0,233,0,1,0,46,0,60,100,2327,0,0,0,0,60,0,132,0,131,10,3887,0,0,0,0,739,0,0,534,14,157,287,0,168,4,15,1,3,1,3,227,3,37,44,1,1,144,46,22,0,86,0,18,44,485,19,12,30,3,0,51,2,0,34,89,101,178,8,58,23,6,73,43,2,135,23,317,19,84,37,24,1,4,0,23,36,0,120,196,0,230,6,2,73,1,39,366,18,2,0,4,26,7,1,6,26,0,20,13,164,30,1,5,7,0,60,2,286,1,0,34,21,44,91,163,2,47,47,9,0,2,5,10,85,0,4,2,99,9,18,52,76,3,29,49,129,10,34,0,49,16,48,31,4,136,657,114,26,2,2,7,46,139,3,0,13,261,67,3,221,353,0,80,2,11,0,2,39,658,26,42,8,13,62,43,0,142,12,6,13,37,0,0,7,13,17,149,0,123,123,20,12,1,6,242,3,0,0,6,0,15,0,0,0,10,0,0,0,136,0,5,165,175,18,0,2,0,11,0,0,22,2,0,238,1,5,0,3,276,47,0,0,26,4,0,1,0,315,0,5,0,4,2,0,203,40,1,31,14,0,0,0,0,270,7,315,0,18,257,0,19,0,9,0,0,14,1,0,43,0,2,0,0,15,18,0,228,26,0,1,22,0,0,4,0,202,104,69,1,23,91,0,1,27,0,13,1,0,7,2,0,0,0,173,14,0,0,20,0,0,66,11,0,0,0,0,0,14,87,5,120,16,1,0,4,393,1,2,0,1,0,0,31,115,47,0,2,0,0,0,10,7,0,30,0,136,0,0,1,0,111,4,2,0,8,0,0,0,0,0,0,0,0,0,0,3,0,1,0,2,0,0,0,0,2,8,0,0,0,0,1,35,92,2,3,0,43,3,0,1,0,1,0,0,0,35,0,10,0,0,7,0,0,0,0,104,0,2,12,0,3,0,0,15,39,36,0,7,0,0,0,0,0,0,0,0,289,3,0,0,30,10,17,0,0,0,0,0,0,0,1,4,2,0,0,3,37,0,0,0,13,1,0,0,0,3,0,0,0,1,2,7,0,0,0,0,78,13,0,9,0,142,28,0,15,2,107,61,11,64,0,0,0,6,2,0,2,0,0,0,35,83,9,2,0,61,1,0,11,5,1,249,0,316,1,0,0,5,0,0,83,10,0,0,0,0,0,0,106,0,1
"gene_728",0,0,0,0,0,0,0,0,0,0,0,0,0,0,0,0,0,0,0,4,0,0,0,0,138,1,0,0,0,0,0,0,0,143,0,0,0,3,0,0,0,0,0,0,0,0,0,0,0,1,0,0,0,0,0,0,0,172,0,0,1,0,0,0,0,0,0,0,47,8,0,0,0,0,0,0,0,0,0,0,0,0,0,0,0,0,0,0,0,0,0,0,1,0,0,0,0,0,0,0,0,0,11,0,0,0,0,0,0,0,0,0,0,0,0,0,0,0,0,4,14,0,0,0,0,0,0,0,0,0,0,8,0,0,0,0,0,0,0,0,0,0,0,0,0,0,4004,0,0,0,0,33,0,0,0,18,0,0,0,0,0,0,0,0,0,351,66,0,0,0,0,0,0,0,27,0,655,0,0,721,0,0,0,0,0,0,0,2,0,0,0,0,0,0,0,0,0,0,0,0,0,0,0,0,0,0,1,13,0,4,0,0,0,0,0,0,0,0,0,3188,0,0,0,0,0,0,2,0,0,0,0,0,0,0,0,0,0,0,0,0,0,0,0,0,31,0,0,0,0,1,0,0,0,0,0,0,0,0,0,0,0,0,285,0,23,178,0,0,6,0,0,29,0,0,0,4,0,0,0,0,0,5,0,0,0,0,1195,7,0,0,7,0,0,12,0,1,0,0,0,0,0,0,0,0,0,131,2,0,0,0,0,133,0,0,1384,21,0,0,0,0,0,0,0,0,96,378,0,0,38,0,0,0,0,699,348,0,0,0,17,1,1,0,0,0,0,0,0,0,0,0,0,0,0,0,0,1,0,43,50,0,61,0,0,0,0,0,0,0,0,0,0,0,0,399,0,0,0,0,0,6,0,0,0,0,0,0,0,0,1,0,0,0,306,0,0,0,0,0,15,0,129,3,0,0,1,2,0,1,0,53,6,0,45,0,0,49,0,0,0,0,59,0,3,111,22,3,0,0,0,0,0,5,0,0,0,3,0,0,0,0,0,0,0,0,0,0,84,0,0,0,0,0,0,0,0,0,0,0,0,0,0,0,0,0,0,0,0,0,0,0,0,0,33,0,0,0,0,0,0,0,0,0,0,0,0,0,0,0,0,0,2,0,0,97,0,0,0,0,28,0,0,0,0,0,0,0,0,0,0,2,0,0,0,0,0,0,0,0,11,0,0,0,0,17,540,0,0,0,0,0,0,0,0,0,0,0,0,0,0,0,0,0,0,0,0,0,0,0,0,1,1,0,0,59,0,0,0,0,2,0,718,0,0,0,17,0,0,0,0,0,0,0,0,0,0,0,0,0,49,0,3496,0,0,0,12502,0,0,0,0,0,0,0,0,0,0,15,0,0,0,0,1043,0,0,0,0,0,0,0,0,0,0,0,0,0,0,0,0,0,0,0,0,0,0,0,194,0,0,0,0,0,0,0,0,0,0,0,0,0,0,0,0,0,0,0,0,0,0,5725,0,0,0,1,0,2,0,0,0,0,4,19,0,0,0,0,325,0,2,0,0,0,0,336,0,0,0,0,0,0,0,0,0,0,0,0,0,0,0,0,0,0,0,28,21,0,0,0,0,0,6,0,0,0,1,117,0,0,5,0,83,0,0,0,0,0,0,0,0,0,0,2,0,0,4922,10351,0,6,0,0,0,527,0,0,0,0,0,2,0,1,0,0,0,0,0,0,0,27,0,2,114,0,2,0,155,0,0,0,0,0
"gene_729",15,352,18,22,0,308,0,0,65,2,1271,234,0,3197,1,1166,1,0,56,4,0,0,460,0,78,568,57,101,3,416,36,136,0,0,9,17,139,215,255,26,0,0,0,2,1,3,766,18,63,2,5,1,169,2,245,0,10,17,298,1,123,0,3569,0,83,0,46,210,125,344,396,4,24,19,117,45,15,0,13,82,12,17,0,138,194,1790,0,1175,11,0,0,1,0,13,1,0,0,0,3315,0,0,3,0,3656,2381,9,0,3,2329,1,0,0,0,0,0,0,0,139,0,4,0,0,0,0,100,0,0,0,570,0,0,0,17,0,1,3,0,0,0,0,0,0,607,3316,128,0,96,0,0,11,0,0,0,0,0,1,509,0,147,0,0,0,388,0,0,0,0,0,0,0,15,0,2,7,0,0,0,3,0,38,0,0,0,0,0,0,0,4997,0,1169,0,9,0,0,0,0,363,0,0,0,5191,44,57,0,1514,0,0,54,0,1790,0,17510,0,0,0,0,0,2,0,1732,1,0,0,370,0,0,0,6,2,0,0,1,11,0,0,0,95,524,64,0,0,3,488,0,314,60,10849,116,0,25,0,1000,0,0,0,0,0,32,0,7141,1,0,0,0,1154,135,1,85,0,2,3682,534,2495,0,0,0,0,209,0,47,8,0,0,3,0,1051,0,264,0,0,0,0,0,0,460,0,404,1954,0,3648,0,0,0,0,1,0,155,69,0,249,0,11,8,0,75,0,1,159,287,207,0,646,0,0,5,0,18,100,416,13,701,70,1143,0,0,6,44,0,47,5,0,0,95,688,0,84,3757,0,0,54,1898,0,41,0,1,486,0,0,736,2217,0,0,92,1061,54,0,52,0,11,0,3,0,17,0,0,0,0,0,0,9,125,0,0,0,170,874,0,0,0,0,0,2,1091,69,44,0,2,0,0,0,38,928,0,30,0,1,1,0,2,2,0,20,629,367,0,0,0,76,77,0,0,197,0,0,0,118,0,0,0,130,41,18,0,33,0,621,41,268,11,0,0,2569,0,0,0,786,19,7,0,994,0,81,31,1,46,0,0,24,80,0,2554,217,2451,140,0,35,61,1,366,0,0,0,0,0,48,3,0,13,21,476,1,0,655,0,1207,13,949,0,1,0,6,0,1052,0,0,43,0,1,452,614,0,932,57,0,6,3,40,0,58,0,135,0,14,1,53,0,0,742,41,2,0,1,2,42,4347,0,0,140,0,0,0,0,568,60,4,4,191,173,0,1250,0,183,558,3,719,2,53,0,0,0,0,110,0,1,5,2,7,208,0,0,1735,10,1,0,0,265,153,0,442,0,0,0,11,34,2,481,5066,77,5972,0,0,1004,15,5,1161,299,0,3,0,1288,0,0,0,0,30,0,17,225,0,2,98,0,0,412,0,6092,1318,2,1533,30,208,0,0,336,887,0,339,623,24,202,3558,7,10,2884,0,8,0,1170,27,2,0,144,0,1265,0,0,0,3,357,1433,1,189,101,965,66,0,290,0,6,0,0,0,1471,0,0,0,13800,0,0,0,0,1,2,25,0,0,9,1652,20,0,59,788,2,0,1996,0,8,1,869,0,1487,0,0,1,113,172,0,0,0,0,0,5756,560,725,0,2,0,70,0,35,0,1,0,254,55,6,2,0,0,0,190,0,0,109,0,0,326,0,0,125,4,4,34,2334,0,4,366,0,22,0,455,3,0,2,20,0,205,210,0,20,75,76,0,54,0,0,151,3,1,7,29,0,0,0,199,0,0,0
"gene_730",0,1713,0,3015,781,0,0,0,0,3628,0,0,0,23,34,104,0,0,53,348,518,23,1072,1,0,9,70,39,4791,0,0,1269,824,26,32,0,436,0,0,279,34,0,0,0,269,0,52,148,1,1396,499,0,0,0,117,2,294,21,0,11,23,0,0,135,0,0,21,970,0,0,18,557,0,112,16,474,3,9,125,458,0,163,3,0,4,4,0,2,10555,0,776,3832,385,142,0,16,39,0,3211,4,1,0,0,3,165,0,3,0,38,0,0,0,272,0,7121,294,51,46,0,0,1,3970,0,486,1259,139,14,322,31,14,0,0,0,25,0,1,1,0,14919,20,683,0,1,276,0,1,0,301,0,1293,2019,0,0,123,0,17,0,8214,1437,1,8227,4987,8103,0,0,0,34,0,44,0,1,2649,3455,7877,25,2477,5277,7553,0,59,203,2,912,0,17033,0,34027,5,1,0,0,0,7091,4407,0,11120,314,35,0,16,14,0,0,4,5450,777,1745,4142,0,1,67,258,2563,62,4,11,9063,1,203,0,971,0,7,158,69,441,8624,48,3713,2,0,129,44,76,1,7,0,21212,22367,0,382,8,2,1222,16,46,0,1214,0,0,0,72,0,443,105,2202,14,37,3,32,0,5,621,2,1466,0,0,0,244,3,692,2704,0,0,228,0,0,0,944,324,0,112,0,2,0,0,3050,8525,2543,0,52,0,3,2750,29,367,0,1806,3,30,0,0,281,477,36,10,4,4389,101,768,2,0,385,43,0,1042,0,7914,287,0,1,67,81,1682,15,7,58,2469,1,72,315,347,11,294,381,0,16,0,71,0,0,5,201,1334,682,0,126,51,0,0,6,0,0,2198,239,842,45,2,3,0,0,12,0,376,59,0,3669,1294,0,3669,16,0,27,0,301,9,3308,0,302,255,2567,318,1738,139,1060,222,0,5889,3448,6419,394,134,246,3,60,1480,19,0,1513,0,1088,31,0,2,91,2283,8,1,0,2307,2173,1249,14,807,0,98,2,2,2641,1246,0,4073,0,0,0,1718,195,0,99,9361,1844,71,75,14,0,1,741,0,4860,1231,83,0,0,0,0,750,7,0,6,7396,0,544,0,0,0,9,101,1,0,1,1021,0,1295,0,2,219,0,71,0,32,0,10477,0,0,697,54,0,2,785,1024,699,10,14,3,0,0,21,0,871,111,0,33,0,0,0,0,3,35,285,0,0,546,1,5,0,0,0,0,0,0,0,2,0,485,374,49,193,16,43,0,1,11,0,0,192,21,33,2102,0,74,2,0,283,1,5,0,27,1266,2,9088,0,278,0,13,0,0,0,2,0,0,161,378,21,0,588,3,0,48,2,0,848,0,442,1,388,0,0,1884,0,2,586,0,678,0,25,0,8508,0,1,0,0,0,184,5,1444,5018,0,0,2962,0,0,0,0,0,0,1,866,45,0,2643,0,204,392,238,0,0,0,0,0,0,0,5,0,0,150,0,3054,2,0,3450,141,0,0,8,17,1,0,0,0,0,217,0,0,1618,2,8,0,454,0,184,185,0,1058,0,0,1,4189,0,0,0,0,14820,0,0,0,7,0,0,0,0,202,8,0,0,859,0,14,0,1652,1392,818,0,152,0,369,0,96,0,0,17,0,0,16,0,72,0,0,51,104,0,607,2,8,0,0,0,0,0,1,0,3,40,105,0,0,0,0,510,1,0,1,1,0,858,160,0,0,658,1628,95,44,0,0,0,3042,0,0,22,0,2,0,0,0,0,0,79,1571,0,145,16482,13,0,161,0,115,0,0,0,119,0,747,0,0,0,5096,15,0,0
"gene_731",0,0,0,0,0,0,0,0,0,0,0,79,6987,0,0,0,0,0,0,0,19,14,0,0,0,0,0,0,0,0,0,0,0,0,0,0,0,0,0,0,0,0,0,0,0,0,1,0,0,794,1,0,0,3,0,0,0,0,0,0,0,0,0,0,0,0,0,0,0,0,0,0,0,0,0,0,0,0,0,104,0,66,1,0,0,0,0,2,0,10,0,38,0,0,0,0,0,0,0,5,0,0,45,0,0,0,0,0,0,0,0,8,572,0,0,0,0,1247,0,0,0,0,0,0,220,0,0,0,0,0,0,0,0,0,0,0,0,0,0,0,3,0,0,0,0,0,0,0,0,0,0,147,0,33,0,0,0,0,0,0,0,0,383,0,0,0,660,0,0,9,0,0,0,0,210,0,0,0,0,0,0,28,0,0,0,0,361,0,0,0,0,0,0,0,0,0,0,3,0,209,0,10,0,5,1439,0,0,0,0,0,0,1,0,419,1,0,9,0,0,0,21,0,3,0,0,104,0,0,485,0,0,175,0,2467,0,0,0,0,0,0,0,0,1435,0,291,527,0,164,41,0,1,0,0,4,0,0,0,6,0,0,122,0,0,0,0,0,0,0,0,40,0,0,0,0,0,0,0,0,2,0,0,0,0,0,1,0,0,0,649,0,0,0,0,0,0,0,0,0,0,0,10,0,0,0,0,0,0,0,0,110,1597,0,0,0,0,0,0,0,0,1,0,0,3,0,0,0,0,0,0,0,0,0,0,0,0,0,0,0,0,0,0,0,0,0,0,0,0,0,0,0,6,0,0,0,0,0,122,17,0,0,0,0,0,585,0,0,0,0,237,547,0,0,0,116,0,0,0,0,0,0,0,0,0,0,0,0,326,0,0,0,0,0,0,0,0,0,0,0,0,0,14,0,0,0,0,0,0,0,0,0,0,0,0,0,0,0,0,0,0,0,6,0,0,0,0,0,0,799,0,0,0,0,266,0,0,0,0,289,3,57,0,41,466,9,0,179,0,0,0,0,0,348,0,3,0,349,20,0,117,0,0,9,184,5,3,12,218,0,9,0,1745,0,2,144,2,1,0,0,275,43,2,1911,0,131,0,3897,0,1577,0,0,303,0,2957,7,31,0,5,0,402,0,0,21,3116,0,1104,14,0,0,7,399,0,0,0,0,23,0,0,67,0,775,352,5,2279,6,12,0,380,0,0,0,41,1693,95,384,292,1909,250,1499,91,0,0,0,0,0,1,412,0,0,0,0,17,318,4,2,0,2,0,0,0,426,0,1,28,550,0,4698,0,0,0,1,0,0,0,0,0,0,0,0,1,0,0,0,0,0,0,0,0,0,0,135,3,411,0,4,2,0,328,0,0,2848,0,0,0,2200,216,0,0,0,0,0,0,0,0,0,34,0,3,0,0,105,0,0,0,0,0,0,0,71,0,782,14,0,0,4056,0,83,0,690,0,0,357,0,0,43,43,0,0,200,1,89,98,507,3374,85,0,11,0,0,0,0,0,0,0,0,0,3885,2651,1187,0,0,73,0,2,0,0,1,0,0,79,0,0,0,289,0,0,24,0,5,0,0,221,0,7,5,0,0,279,0,813,466,0,0,0,0,0,0,69,0,0,603,1697,0,3,0,0,0,0,0,5,0,0,89,13,0,10,0,553,103,0,0,0,0,0,0,0,4382,400,4180,0,0,3,0,0,0,5,0,0,0,241,0,0,0,0,0,58,0,3,0
"gene_732",0,0,0,0,0,0,0,0,0,0,0,0,0,0,0,0,0,0,0,0,0,0,0,0,0,0,0,0,0,0,0,0,0,0,0,0,0,0,0,0,0,0,0,0,0,0,0,0,0,0,0,0,0,0,0,0,0,0,0,0,0,0,0,0,0,0,0,0,0,0,0,0,0,0,0,0,0,0,0,0,0,0,0,0,0,0,0,0,0,0,0,0,0,0,0,0,0,0,0,0,0,0,0,0,0,0,0,0,0,0,0,0,0,0,0,0,0,0,0,0,0,0,0,0,0,0,0,0,0,0,0,0,0,0,0,0,0,0,0,0,0,0,0,0,0,0,0,0,0,0,0,0,0,0,0,0,0,0,0,0,0,0,0,0,0,0,0,0,0,0,0,0,0,0,0,0,0,0,0,0,0,0,0,0,0,0,0,0,0,0,0,0,0,0,0,0,0,0,0,0,0,0,0,0,0,0,0,0,0,0,0,0,0,0,0,0,0,0,0,0,0,0,0,0,0,0,0,0,0,0,0,0,0,0,0,0,0,0,0,0,0,0,0,0,0,0,0,0,0,0,0,0,0,0,0,0,0,0,0,0,0,0,0,1,0,0,0,1,0,0,0,1,0,0,7,0,0,0,0,1,2,0,0,0,0,0,2,0,0,0,0,0,0,1,0,0,0,0,0,0,0,0,0,4,0,0,0,0,0,0,0,0,0,3,0,0,0,0,0,0,0,0,1,0,4,0,4,0,1,0,0,0,5,1,0,0,0,4,1,0,0,0,0,0,10,0,0,0,0,0,2,0,1,0,0,0,0,0,0,1,0,0,0,0,0,0,0,0,0,0,0,0,0,1,0,10,0,0,5,0,0,0,0,0,0,0,0,0,0,6,1,0,0,0,1,1,0,0,0,0,1,3,0,2,0,0,0,0,2,0,9,0,1,0,0,0,2,0,0,0,0,0,1,0,0,1,0,0,0,0,1,0,0,0,0,0,0,0,0,0,0,0,10,110,0,0,0,0,0,0,0,21,0,0,0,0,0,288,32,0,0,0,0,1,0,16,0,0,0,0,0,0,306,0,0,0,0,0,0,0,0,0,0,0,3,1498,0,0,0,501,0,0,0,16,0,34,704,0,0,0,0,6,842,0,0,0,0,0,0,0,0,0,0,0,0,0,0,0,10,0,0,0,1125,0,0,49,0,51,0,0,0,0,151,0,0,0,0,0,0,1,0,0,5,0,0,0,0,0,35,0,0,0,0,0,0,0,0,0,0,0,0,3654,0,0,0,53,7033,0,0,0,0,0,0,2,0,0,0,0,0,0,0,0,0,0,0,0,0,0,0,0,0,4,88,0,0,0,0,363,0,0,0,0,0,0,0,0,0,0,0,0,0,0,0,0,0,0,0,0,0,0,0,0,0,0,0,0,0,0,0,0,0,0,0,0,0,0,3015,0,0,25,0,0,0,0,0,0,0,0,0,0,0,0,0,0,0,0,0,0,0,0,2,0,0,0,0,0,0,160,0,0,0,0,0,0,0,0,0,0,0,0,0,0,0,0,0,0,0,0,0,0,0,0,0,0,0,0,0,0,7,0,0,0,0,4,0,0,0,0,0,0,0,0,5,0,0,0,0,0,0,0,0,1153,0,0,0,0,0,0,1,0,0,0,0,0,0,0,0,0,0,0,0,2699,0,0,0,0,0,58,0,0,0,0,0,0,0,0,0,0
"gene_733",0,0,0,0,0,0,0,0,1047,0,0,2109,0,73,0,545,0,0,0,0,0,0,0,0,0,0,91,0,0,0,0,0,195,0,208,9,0,0,0,0,0,0,805,0,0,96,11,1443,0,0,0,0,0,0,1,308,0,0,0,0,0,0,0,0,0,0,0,0,0,0,0,0,0,0,0,723,76,1,0,0,0,0,0,0,0,0,222,1,0,0,1,0,0,0,0,0,0,0,0,0,0,0,0,0,0,0,0,0,0,0,448,0,0,16,0,0,0,0,0,0,0,0,0,0,0,0,0,0,0,0,0,0,0,0,0,0,0,0,0,0,0,0,0,0,0,0,0,0,0,0,0,0,0,0,0,0,0,0,0,0,0,0,0,0,0,0,0,0,0,0,0,0,0,0,0,0,0,0,0,0,0,0,0,0,0,0,0,0,0,0,0,0,0,0,0,0,0,0,0,0,0,12,2,3,0,0,4,0,0,1,8,0,0,0,0,0,0,1,0,0,1,0,0,0,0,0,0,8,3,0,0,0,0,0,0,0,0,7,0,0,0,0,4,0,5,1,0,0,1,8,0,0,2,1,0,0,0,2,0,1,0,0,0,0,0,0,0,0,0,0,0,0,1,0,0,0,0,0,0,0,0,0,0,0,0,0,0,0,0,0,0,0,0,0,0,0,0,0,0,0,0,0,0,0,0,0,0,0,0,0,0,0,0,0,0,0,0,0,0,0,0,0,5,0,0,0,0,0,0,0,0,0,0,0,0,0,0,0,0,0,0,0,0,0,0,0,0,0,0,0,0,0,0,0,0,0,0,0,0,0,0,0,0,0,0,0,0,0,0,0,0,0,0,0,0,0,0,0,0,0,0,0,0,0,0,0,0,0,0,25,0,0,0,0,0,0,0,0,0,0,0,19,0,0,0,0,0,0,0,83,0,0,0,0,0,0,0,0,0,0,0,0,0,0,0,0,0,0,0,0,0,0,0,0,0,0,0,0,0,0,0,0,0,0,0,0,0,0,0,0,0,0,0,0,0,35,0,0,0,0,0,0,0,0,0,0,0,0,0,0,0,0,0,0,0,0,0,0,0,0,0,0,0,0,0,0,0,0,0,176,0,0,0,0,0,0,0,0,0,0,0,0,0,0,0,0,0,0,0,0,0,0,0,0,0,0,0,0,0,0,0,0,0,0,0,0,0,0,0,0,0,0,0,0,0,0,0,0,0,0,0,0,0,0,0,0,0,0,0,0,0,0,0,0,0,0,0,0,0,0,0,0,0,0,0,0,0,2,0,0,0,0,0,0,1,0,0,0,0,0,0,0,0,0,0,0,0,0,20,0,0,0,0,0,0,0,0,0,0,0,0,0,0,0,0,0,0,12,0,0,0,0,0,0,0,0,0,0,0,0,0,0,0,0,0,0,0,0,0,0,0,0,0,0,0,0,0,0,0,0,0,0,0,0,0,0,0,0,0,0,0,0,0,0,0,0,0,0,0,0,0,0,0,0,0,0,0,0,0,0,0,0,0,0,0,0,0,0,0,1,0,0,0,0,0,0,0,0,0,0,0,0,0,0,0,0,0,0,0,0,0,0,0,0,0,0,0,0,101,5,0,0,0,0,0,0,0,0,0,0,0,0,0,0,0,0,0,0,0,0,0,0,0,0,0,0,0,0,0,0,0,0,0,0,0,0,0,0,0,0,0,0,0,0,0,0,0,0
"gene_734",0,0,0,0,0,0,0,0,0,0,0,0,0,0,0,0,0,0,0,0,0,0,0,0,0,0,0,0,0,0,0,0,0,0,0,0,0,0,0,0,0,0,0,0,0,0,0,0,0,0,0,0,0,0,0,0,0,0,0,0,0,0,0,0,0,0,0,0,0,0,0,0,0,0,0,0,0,0,0,0,0,0,0,0,0,0,0,0,0,0,0,0,0,0,0,0,0,0,0,0,0,0,0,0,0,0,0,0,0,0,0,0,0,0,0,0,0,0,0,0,0,0,0,0,0,0,0,0,0,0,0,0,0,0,0,0,0,0,0,0,0,0,0,0,0,0,0,0,0,0,0,0,0,0,0,0,0,0,0,0,0,0,0,0,0,0,0,0,0,0,0,0,0,0,0,0,0,0,0,0,0,0,0,0,0,0,0,0,0,0,0,0,0,0,0,0,0,0,0,0,0,0,0,0,0,0,0,0,0,0,0,0,0,0,0,0,0,0,0,0,0,0,0,0,0,0,0,0,0,0,0,0,0,0,0,0,0,0,0,0,0,0,0,0,0,0,0,0,0,0,0,0,0,0,0,0,0,0,0,0,0,0,0,0,0,0,0,0,2,0,13,0,0,0,0,0,0,0,0,0,0,0,0,0,0,0,0,0,0,0,0,0,0,0,0,12,0,593,4,0,0,0,0,0,0,0,6,0,0,0,0,0,0,16,0,0,0,0,0,0,0,0,0,0,0,0,1,0,0,0,125,0,0,72,2,0,0,0,29,0,81,0,0,0,0,31,0,0,0,0,0,39,15,0,0,78,18,0,0,0,0,0,0,7,0,0,0,0,0,0,51,0,0,0,0,0,0,0,0,0,0,0,0,1047,0,0,283,0,0,0,0,449,0,0,0,0,0,0,0,0,0,0,0,0,0,0,0,0,0,0,0,0,0,42,0,602,0,0,0,0,0,1,0,33,0,0,1,93,0,0,0,0,0,5,0,0,0,0,0,0,0,2,0,0,0,0,0,0,0,123,13,206,2,0,4,4,0,29,0,6,0,10,0,0,0,1,2,1,0,0,0,0,0,0,14,31,11,0,0,0,35,0,0,2,0,3282,0,100,0,0,0,141,0,0,0,2,198,0,0,0,0,12,376,0,29,0,2,0,0,0,0,1709,0,0,0,2,0,40,0,0,2,0,0,0,296,0,15,0,0,0,59,0,0,0,0,0,0,0,0,586,0,0,0,12,0,0,0,0,160,263,2,0,23,104,234,592,34,1,0,0,2,0,0,676,0,0,0,46,0,0,0,0,0,0,0,0,0,0,0,1,0,0,0,0,0,0,0,0,0,0,0,0,0,0,0,0,0,0,0,0,0,0,0,0,0,0,0,0,0,0,0,0,0,2,0,16,0,0,0,0,2,0,0,0,0,0,0,0,0,0,0,0,0,0,0,0,0,52,0,0,0,0,0,0,0,0,0,0,0,0,0,0,0,0,0,0,0,0,0,0,0,0,0,0,0,0,0,0,0,0,0,0,0,0,0,0,0,0,0,0,0,0,0,0,0,0,0,0,0,0,0,0,0,0,0,0,0,0,0,0,0,0,0,0,0,0,0,0,74,5,0,0,0,0,0,0,73,0,0,0,0,0,0,0,0,0,0,0,0,0,0,0,0,0,0,0,0,0,0,0,6,0,0,0,0,0,0,0,0,0,0,0,0,0,0,0,0,0
"gene_735",44,4025,3089,1432,8442,216,457,3769,6160,1306,3597,3853,1208,56,7212,2366,682,9064,25,2246,567,549,1953,27,746,6259,7824,7290,7671,8094,836,13458,1647,2086,447,16384,196,176,201,7156,776,41,3154,6452,10986,770,1643,292,129,16577,126,216,712,5793,1478,6451,237,25129,4076,4057,599,635,509,5343,610,6302,2875,88,250,38,1059,6215,0,21,16068,817,262,184,112,12715,649,279,2086,117,10,926,209,366,158,1486,261,368,33,2954,7677,0,232,173,373,1487,15,385,0,326,186,12,596,0,1839,0,981,13,320,8,18,346,1120,0,258,1497,1325,1,0,26,0,4223,613,2526,71,994,0,0,14,4,4,594,5256,609,6,1586,3323,5149,0,65,191,945,682,10,328,420,3419,34,0,6,715,0,53,51,2359,275,1503,758,5827,670,197,1244,0,0,387,1658,2408,72,0,771,129,1237,0,461,140,188,434,2419,0,1521,0,749,2857,166,4269,375,0,1,4,1348,239,71,40,83,50,72,242,189,298,168,71,317,70,82,87,167,41,111,87,24,120,4,176,80,72,42,23,85,74,218,223,105,139,16,136,185,21,22,249,34,14,265,4,196,19,30,270,454,53,92,16,48,731,133,125,115,313,94,343,26,347,152,33,53,23,194,1101,94,248,36,160,387,1954,44,52,373,568,929,8,733,65,438,628,25,56,36,144,198,40,591,422,575,68,105,79,32,1431,450,917,141,182,139,213,1170,29,514,78,361,96,1,114,123,1038,86,174,41,83,685,298,97,14,417,24,2342,1163,1086,179,245,15,87,67,45,172,30,474,147,7,11,368,1385,36,256,84,138,669,124,124,4,2535,1374,2008,0,323,17,832,103,149,97,152,473,466,498,226,661,42,258,17,370,223,122,79,1003,88,1077,126,1865,1509,35,277,23,62,589,549,101,838,5948,784,273,283,544,255,5,319,86,101,60,84,785,738,15,456,665,14,18,133,240,830,643,40,93,467,788,519,634,161,225,676,859,529,700,277,42,326,1874,1454,165,187,963,3588,2509,172,6,132,44,445,91,94,171,28,1872,188,1,285,210,4629,120,2211,1362,1069,1593,4396,24,3697,232,69,7549,5084,2919,538,12,1,427,59,644,167,4517,831,88,37,1884,1646,970,5151,1511,5212,27,104,50,753,1232,2485,861,163,103,1045,2277,272,1411,0,24,1972,240,2036,1685,2584,0,61,8049,1705,4121,1419,318,238,11,1,1869,1318,3351,1421,3969,38,4391,3700,502,233,4894,2,116,702,333,1625,214,910,116,804,8336,58,490,211,128,6060,1059,100,88,1211,8461,2104,40,980,276,2174,276,5914,709,3901,1057,2613,7,39,2513,1096,822,1,855,530,1427,674,23,1545,3385,34,13,2982,6,2304,1121,2471,3686,1024,747,833,1455,556,718,0,55,2570,297,303,0,70,1648,5843,10314,8416,122,2530,871,29,5528,1321,13,0,891,397,2531,2,167,0,392,1,2380,0,1,1395,6185,10,4152,1147,227,786,5,2742,959,2292,206,2356,462,119,272,465,6714,0,6,407,296,3416,155,122,713,2259,2,52,712,47,2203,1904,266,49,367,1296,1,2683,465,1948,0,314,2,978,61,2922,46,231,4672,1,49,735,3372,13,0,2235,363,17,7,1435,0,3725,326,445,443,0,35,180,25,124,35,0,1664,21,133,30,89,2,36,3636,3161,1663,3,217,395,269,1244,3,27,22,5,1105,0,1251,2,5901,116,227,95,116,0,342,4613,5,967,41,175,268,4167,15108,3375,275,1,2202,188,4,5234,698,3280,9,0,0,18,2881,5835,4,2908,481,3218,1434,2395,850,0,1604,1484,947,0,92,815,1,768,2730,530,1665,3,110,12769,6,2,1500,113,1465,3011,234,684,110,0,1145,666
"gene_736",2,0,35,242,19,231,2900,0,748,0,5,2771,0,729,1273,7,3430,0,0,155,1,13,0,257,0,11,29,3153,431,0,22,0,0,2158,57,11,0,155,23,0,7465,140,0,132,149,13826,12,567,403,2379,90,6326,12,0,88,5607,20,3206,0,0,0,291,1095,2287,0,1266,13,1511,15,2738,56,271,121,3640,166,21,1946,1979,0,3703,0,0,0,45,21,1745,0,3773,87,0,3,74,0,0,0,1,0,0,3,0,125,0,0,319,0,0,1,0,3710,0,0,0,419,0,0,0,661,34,0,1383,7,760,228,0,0,733,16,0,0,8,45,0,4,17,0,0,0,668,0,0,0,0,148,0,273,0,0,0,2,0,2828,56,489,0,0,0,0,0,0,0,0,50,15,0,0,0,0,0,0,0,0,0,0,2,0,0,0,0,0,0,0,0,1639,283,533,0,0,0,0,0,0,185,569,0,0,0,208,0,0,1,0,0,0,0,0,6,132,10,2,0,35,0,0,15,0,4,0,0,0,0,6,0,2,0,0,0,68,0,0,3,0,1,0,0,0,0,191,0,1,0,0,0,0,0,0,0,0,0,0,1,3,17,0,0,0,0,0,0,657,0,0,0,0,0,0,0,0,1,0,0,0,0,0,5,0,0,0,0,0,0,0,0,2,0,0,53,0,0,260,0,275,0,0,0,0,0,0,1,0,0,0,0,45,0,0,0,8,0,0,0,1644,3,0,0,0,0,0,0,0,0,0,0,0,0,0,0,7,0,127,0,0,0,0,0,0,222,0,0,0,0,22,0,0,0,2,95,0,59,0,0,0,13,0,0,0,0,11,0,0,0,0,0,0,0,0,0,291,5,348,0,0,0,0,0,15,0,8,0,0,0,0,0,54,0,0,0,0,0,0,0,1,0,0,0,63,583,0,0,0,0,0,0,0,0,0,0,0,11,0,0,0,0,0,445,0,0,1,0,0,0,268,0,0,24,9,0,286,0,0,0,0,293,8,0,151,0,0,0,0,0,94,12,0,0,0,0,0,1,0,0,0,0,0,0,0,0,0,0,0,0,0,0,0,0,0,0,0,9,0,0,0,0,0,0,0,0,82,0,0,0,0,0,0,91,0,0,0,0,0,129,0,0,0,0,0,0,0,6,0,0,0,0,1,0,23,1,338,0,0,0,0,0,0,0,276,0,3,241,0,0,0,0,4,0,0,0,0,0,0,0,0,0,0,0,0,0,0,5136,1,0,0,0,0,0,0,0,0,0,0,0,0,0,30,23,0,0,622,0,0,0,0,0,0,4417,0,154,0,0,0,0,0,0,0,981,0,9,0,0,0,0,0,186,0,507,26,0,0,0,1,0,387,0,0,0,0,0,0,2316,9,0,387,304,216,0,6,0,0,0,0,6,12,1,0,0,0,0,0,161,0,294,0,9,0,278,0,1,71,8,0,0,0,0,4,2,0,1,12,0,415,0,65,15,0,0,0,0,3,0,0,0,0,1,287,0,0,1,3,0,0,0,0,0,0,3,1165,5,0,5312,0,0,0,1519,2,0,0,8,1427,0,0,2890,42,0,1,1640,0,0,12,0,0,0,912,0,230,1,0,0,0,0,4,0,0,348,0,0,0,10,0,0,0,32,0,1,48,361,48,4,0,0,16,0,0,0,0,532,0,0,0,137,3,0,0,0,0,0,0,0,167,1,139,206,1329,0,0,6,134,100,0,2,0,0,0,0,0,0,11,209,1192,4
"gene_737",0,0,0,0,0,289,0,0,0,0,0,5,0,0,14,0,0,219,0,0,5,134,5,0,2,0,0,667,0,0,0,233,0,0,0,1,0,113,68,118,0,42,0,0,0,0,0,0,465,1129,0,0,0,0,135,0,6,75,0,0,0,18,0,10,26,0,130,3,138,0,10,0,0,13,342,860,0,95,1694,1059,1,0,30,167,159,917,0,2,1088,93,0,0,0,938,1018,0,0,0,5,5,188,0,0,0,0,0,12,1698,371,0,4,0,0,0,0,62,0,19,2,0,0,130,0,0,0,2,0,2,0,0,54,0,11,0,1144,2855,0,0,6293,0,0,472,12,0,0,552,0,0,1860,0,0,0,2958,0,0,0,623,0,0,0,1,0,0,0,1608,0,80,45,3,0,0,0,0,0,0,229,8,0,0,10,154,0,2258,0,7,0,0,0,0,0,0,0,515,21252,70,0,0,0,0,0,0,0,0,0,0,0,1012,3,0,0,4054,21,0,0,0,0,0,0,1,2,0,0,0,0,0,0,0,1925,13,0,0,0,0,687,5,0,307,40,0,0,0,0,0,416,0,0,0,0,0,0,0,0,4,0,0,0,29,0,0,9,0,0,0,0,130,0,0,0,0,0,0,0,0,1212,0,0,0,0,0,315,60,0,0,1,0,0,0,1,0,0,0,0,10,85,91,0,0,1,0,820,0,0,0,0,0,38,19,0,0,20,0,44,266,69,0,0,118,0,0,20,0,0,0,0,0,0,0,0,0,0,13,0,0,10,0,0,0,160,0,0,0,0,258,0,0,0,0,7,37,46,0,140,0,0,4,0,0,0,0,0,1,1870,0,0,0,0,0,0,1,2,0,0,0,0,0,0,0,0,0,0,0,102,0,0,63,0,0,0,4557,14,1048,0,0,0,0,0,0,0,0,0,0,0,2850,0,0,0,571,0,0,10,0,0,0,0,0,0,0,0,0,0,333,0,0,0,0,0,0,0,1,0,0,0,0,0,0,4,0,0,234,0,0,358,1105,75,1,0,9,31,0,13,71,2,39,0,315,146,0,0,0,35,1,5,0,34,82,2,0,0,1,0,0,0,128,127,20,0,0,0,0,0,0,0,0,0,0,53,0,0,0,1,3,0,0,0,0,0,0,5,0,1,0,6,57,17,0,0,0,0,456,186,0,0,0,0,0,0,7,0,0,23,0,0,0,31,0,1493,0,0,0,0,3,23,1480,0,2,0,0,0,0,427,0,0,0,0,0,1,60,0,0,359,0,0,2,0,0,0,48,0,547,0,0,0,0,132,97,3,0,2,0,0,0,0,0,0,0,0,0,390,0,0,0,0,0,0,191,0,0,0,0,0,28,7,0,0,0,0,0,0,1,0,0,0,10,0,0,0,0,0,0,0,0,0,0,0,0,0,0,0,0,0,0,0,42,0,0,0,0,0,0,0,0,0,0,0,0,129,0,0,0,0,128,0,0,1739,0,120,0,0,0,0,119,0,0,0,0,0,0,0,0,0,0,0,0,0,0,0,0,0,0,0,0,0,0,0,0,0,3,0,0,0,0,0,0,0,0,1,1,0,9,2,0,0,0,0,0,211,0,7,0,0,0,0,0,0,0,3,0,0,0,0,1,0,0,121,0,0,0,0,0,0,0,0,13,0,0,0,0,160,0,1,0,0,0,0,0,0,0,1599,251,0,0,0,0,0,0,0,1648,0,0,0,0,0,0,0,0,0,0,0
"gene_738",0,0,56,0,0,2,468,684,47,1699,0,3,0,369,68,0,0,886,0,12,0,13,0,2,0,0,12,0,1160,0,0,0,0,204,216,510,1148,0,2,268,0,0,10020,0,0,72,0,0,1,0,0,0,0,0,0,21916,7,0,38,1136,559,83,7754,39,0,0,0,0,0,0,1179,0,0,0,13,4,0,0,0,964,0,0,0,0,11,17441,1370,0,31,0,5,0,0,0,0,0,8,0,506,0,30,0,0,774,3,14,0,1,79,0,0,0,0,0,0,0,152,30,0,0,1,0,0,1124,0,0,0,6,0,1,2,2,0,0,4,0,0,0,1884,773,0,3,41,0,0,40,0,0,0,0,0,0,0,0,0,0,64,475,0,0,3,0,0,179,1,0,0,68,0,0,0,0,0,1,1,404,358,8,97,0,0,0,495,56,0,146,0,0,0,0,111,0,0,0,0,0,0,0,0,0,0,0,0,0,0,0,0,0,0,0,0,0,0,0,0,0,0,117,0,0,0,0,117,0,0,0,0,0,0,0,0,0,0,0,0,1,0,0,0,0,0,0,0,0,0,0,0,0,0,0,0,0,0,0,0,0,255,0,0,0,50,0,25,2,0,0,3996,161,0,0,1010,0,1576,0,82,0,0,15,0,0,0,0,0,0,0,0,0,0,318,3,4452,0,0,0,0,0,0,0,0,0,0,0,2,0,0,0,1732,0,0,0,3,717,355,0,0,199,0,2445,5585,0,0,39,0,0,556,0,645,2,48,250,520,0,0,0,9,0,0,0,16,52,2,1695,529,0,1,0,0,345,1361,0,0,0,0,0,0,0,0,1,0,1324,193,29,337,0,463,0,0,0,0,0,0,0,46,8,1,4472,84,1,0,26,387,0,0,2121,0,5456,0,0,0,0,0,596,0,52,1,0,54,0,0,0,0,17,55,324,5707,1,0,41,0,93,0,0,0,0,309,0,0,148,17,27,0,0,0,2,0,0,0,0,0,0,56,0,0,0,2,62,0,0,323,59,2,0,0,0,0,0,3,23,4514,1962,2,305,26,0,0,4,30,7,0,18925,0,0,0,0,0,0,7,0,0,0,16,9,6,114,0,0,0,430,0,289,0,0,5,0,0,0,0,0,1820,0,0,0,0,882,0,0,0,0,4,0,0,2,5,2065,0,0,0,90,312,0,0,5,0,0,0,0,2,0,0,130,8,138,0,436,0,5,0,0,0,0,111,0,2,4,5,20,11,484,1,0,16,1,0,291,0,0,0,1,0,1,16,15616,0,0,0,198,0,0,0,0,886,4,0,1,1840,0,0,0,3,0,0,0,0,1,16,0,0,0,0,0,8,0,0,0,0,52,0,0,25,0,0,0,0,1,0,0,0,0,0,0,0,0,0,0,0,1,0,0,22,45,1,0,0,0,0,0,0,1285,223,435,0,0,0,0,0,7,204,0,3,48,0,0,0,0,0,0,0,2,0,0,0,0,0,0,0,0,0,0,1,51,0,0,0,0,0,0,0,0,0,0,0,0,0,0,0,0,0,0,0,0,0,4419,8,0,0,223,0,0,0,0,0,0,692,0,0,0,0,0,649,0,4,0,0,0,0,2245,0,0,97,0,0,0,0,0,0,0,0,0,100,1,0,0,0,0,0,586,0,0,0,0,0,3,0,0,0,0,0,0,0,0,0,969,0,0,0,0,0,11,0,0,0,0,0,0,0,0,0,0,0,11,0,0,0,0,0,1039,0,0
"gene_739",15,3289,0,0,202,0,255,91,0,0,8,0,124,2761,3965,1229,6,0,0,0,0,94,0,23,0,143,0,0,0,3,51,83,78,0,0,460,0,20,0,0,4,0,7,0,1,835,80,0,9,10,948,371,1402,0,0,58,1,2,0,0,0,82,0,0,0,23,2,1,618,5901,0,92,0,4,0,0,0,6,0,0,0,1,10,0,0,0,5,0,0,0,8,55,0,12214,0,0,0,8,0,6,0,0,0,0,2282,0,0,1,4,0,2,172,5,0,0,767,0,0,0,0,0,324,0,0,4036,9,0,0,0,0,0,0,9,0,40,0,0,0,0,0,0,0,5672,41,373,0,138,0,0,0,0,0,0,183,6685,0,0,0,0,0,0,0,0,0,159,0,238,0,361,0,0,0,0,0,0,0,1990,0,0,0,0,0,13,0,0,0,0,778,0,635,12,0,0,1,0,0,27,773,2116,30,36,0,0,0,982,0,0,0,0,23,224,0,0,42,481,0,0,30,0,5666,6,0,4824,0,0,0,0,3637,0,0,0,0,0,0,18,5003,264,8,6,0,119,0,0,19,0,71,1,778,0,0,1,0,0,0,17,3908,121,0,1045,1,793,76,2,33,36,4,2364,208,423,953,68,59,7178,2823,73,7,0,39,1019,8,136,35,245,2227,171,0,4620,1012,487,0,108,51,1341,238,60,9,134,188,430,445,0,247,2073,0,8615,9,193,352,96,1,2,685,35,43,16,363,1044,257,2937,0,328,71,361,2,929,430,2691,22,4527,719,207,155,157,652,1454,1875,166,66,3,1116,528,1,0,7,81,388,2689,1247,2,260,0,132,3,264,1186,77,1032,348,194,704,109,0,177,48,81,735,0,0,404,1790,4,4694,3,102,0,4252,3,346,1768,882,185,4099,72,7,135,139,1235,23,256,144,999,0,84,286,803,1612,150,5,54,12,2811,1,338,512,311,538,65,312,3649,2664,411,6,140,4779,4085,187,1299,114,30,157,592,211,183,1,0,177,526,0,1238,7,22,65,37,73,584,102,0,0,0,0,12,423,0,1898,0,232,13,3670,3,0,8,224,253,9,235,5,50,0,5853,115,243,803,133,1053,1492,899,258,4,15,20,10,219,223,1616,116,161,126,531,1151,0,415,213,83,0,43,402,10,79,548,0,1909,419,196,2017,24,686,55,81,985,4,0,594,1522,33,0,9,50,490,133,1043,720,0,1452,1800,0,4,0,1,2576,657,20,39,0,5,1629,151,425,825,365,0,434,3742,2783,0,91,17,7,0,78,707,0,46,104,3,0,6,0,83,23,12,29,1678,1485,61,32,0,688,25,0,80,2551,2,230,1663,0,140,1101,347,0,0,0,3428,0,0,7754,70,149,274,0,3072,1,0,37,0,9,8,2,5813,16,1,12549,1,0,591,1073,3238,14,90,20,61,0,48,18,0,22,1,0,234,4016,127,1,18,0,2163,788,63,0,0,905,6312,53,6,0,369,0,39,60,5839,127,160,0,0,12807,0,0,0,150,0,6,11402,0,3,1972,1,2561,1289,309,0,3229,264,0,0,27,0,0,0,1,430,11,0,13,759,0,108,177,141,1266,229,8,15,0,816,2,61,333,768,4564,128,0,1370,499,0,589,28,85,7,184,3406,3106,2394,15,191,355,1078,0,0,1090,815,0,2,74,0,0,7,862,33,0,251,63,0,0,0,744,1923,3284,6894,0,138,837,0,307,33,702,2974,0,0,745,1253,0,13176,3986,0,539,19,19,82,4111,8553,0,118,4644,5718,30,1,0,12,962,399,2,9144,3,24486,1332,1,82,215,0,4
"gene_740",21,22,86,11,2150,20,29,0,0,9,497,2920,1304,25,25,1744,2,0,1,480,91,9,771,4672,2330,94,2,2,1,1102,2169,1180,855,1151,1,0,1,1968,38,1255,73,0,362,2628,0,5629,0,539,99,0,156,1,31,1030,0,3,1501,6,1354,2,14916,0,5082,0,214,140,6,685,812,26,0,8,18,26,223,546,0,73,505,92,67,32,0,0,215,2353,11,1,93,196,128,0,153,75,1439,0,0,93,1971,36,0,0,0,0,0,22,1001,0,89,0,0,3,0,0,471,0,233,1949,2,325,139,0,0,0,7,9,98,69,0,39,4,0,0,0,0,0,575,0,2,0,27,241,4,3,8574,3370,0,0,0,14411,0,2,0,12,211,129,0,19,23,11,414,192,4334,0,6304,477,1348,0,0,56,7007,0,0,194,289,11,575,23,58,0,1262,353,0,1349,1916,0,12,322,0,599,0,6226,0,36595,302,0,166,646,0,1370,0,332,1074,5097,0,0,0,0,0,23,290,8513,246,0,0,0,2,145,0,1457,3,0,5237,26,0,0,0,3,0,1627,0,4721,73,2853,83,8,1,225,96,0,274,334,3499,4,2,0,0,1735,3469,560,0,122,1,2,53,1,5,258,2,0,1,0,0,1198,103,9,1371,7,198,47,623,0,5,0,1,0,887,0,281,0,0,75,0,0,19,29,6,6,40,0,74,37,94,0,0,46,4,4,9,0,14,5,131,0,76,112,0,27,0,0,49,0,50,0,0,0,292,2,2,18,24,800,59,25,3,25,2,37,4803,87,2,11,2,119,79,0,309,385,116,11,2,16,1645,8,1363,0,0,0,0,0,103,0,48,0,0,5,32,0,1560,5,0,0,1027,2,513,26,4,118,43,3,223,9,336,0,0,8,0,1925,756,10,0,196,0,338,14,0,4,15,0,129,0,0,329,6,248,503,13,39,0,1,0,438,106,2,42,0,3,3,0,18,1,660,3,138,7,627,84,611,0,0,0,0,59,136,0,344,1,0,0,0,113,25,0,14,0,62,0,0,1,4,0,0,4,0,3,4,0,0,4,36,0,0,0,0,0,136,10,0,0,1,150,0,0,16,50,217,1,9,0,0,0,2,0,0,35,1,0,0,155,0,0,0,0,23,0,0,0,0,57,0,2,0,0,0,20,0,28,0,0,87,1,0,0,0,0,1,2,0,0,0,0,0,0,0,0,0,9,0,0,0,20,8,2,0,0,34,0,0,0,2,184,119,0,59,0,0,0,0,33,1,0,0,12,0,0,82,0,0,138,0,64,0,0,0,19,0,10,0,0,0,12,0,1,0,1,0,2,1,1,0,0,4,0,10,0,7,0,1,0,0,0,1,0,0,6,2,0,0,0,2,0,1,0,28,0,6,0,0,0,0,0,0,10,4,0,11,0,0,2,8,0,3,1,0,0,3,0,0,0,1,0,1,17,2,2,6,0,0,0,1,0,0,0,0,1,0,0,0,0,1,13,1,0,0,4,5,35,0,0,0,0,0,7,0,2,0,5,2,0,51,0,2,0,1,0,6,0,0,0,0,0,0,9,3,0,0,2,4,0,8,0,0,0,0,0,0,1,0,0,2,9,1,0,1,0,13,0,0,0,2,10,8,1,0,0,2,0,0,1,0,6,0,0,2,12,5,0,0,0,0,0,5,0,2,0,0,1,0,0,4,1,6,0,0,6,0,0,2,1,22,1,0,0,0,0,0,1,0,10,1,0,0,0,0,6,0,0,4
"gene_741",2,16,253,1,45,30,313,64,58,7,222,2,505,0,1,115,2,3,809,225,5,220,938,89,121,166,0,101,469,2,14,0,0,153,0,2,293,224,178,106,602,31,64,186,230,1,365,252,41,6,2,120,412,140,12,10,17,0,52,0,535,47,1,137,1,3,9,801,145,45,0,0,0,0,0,2,47,0,82,7,126,12,81,921,59,3,1,2,6,0,583,2,0,4,0,0,21,123,138,0,199,0,37,0,1,0,338,64,181,62,0,100,0,38,0,0,91,1,0,0,22,0,0,0,0,0,4,39,272,0,0,46,0,0,2,21,1,575,0,3,35,6,0,0,2037,0,9,19,4,670,37,15,97,0,0,96,316,0,401,37,0,0,159,0,10,0,0,0,111,0,11,0,0,0,3,0,0,0,264,453,115,2,689,1641,0,199,0,13,1869,0,0,0,4,55,39,18,0,0,0,1,372,0,14,74,0,2,273,11,1,0,137,2,15,0,137,0,326,0,0,124,0,33,186,3,1,18,0,0,0,34,0,23,8,100,6,16,67,59,197,3,714,42,1,29,0,128,0,2,0,3,0,0,545,1,30,0,0,6,0,0,12,2080,177,18,33,497,2,67,412,297,2240,21,903,48,10,57,0,5,0,2,0,117,0,1308,3,27,694,107,444,0,0,161,2,1,1914,304,3,100,16,2,162,66,333,5,1,42,63,2,164,1,0,21,24,843,0,0,1723,1,28,48,0,0,4,531,6,69,40,187,1199,13,268,19,518,191,641,40,97,0,692,71,4,3,495,5,11,0,34,1,58,0,1146,3,1,463,15,0,2,0,103,173,202,2,102,36,127,382,0,33,203,35,0,8,29,4,1281,23,722,30,12,1468,0,0,35,121,33,78,3,105,153,1141,0,0,154,0,34,632,412,42,192,0,3,20,3,59,1334,0,2,6,381,108,280,1322,0,1655,1,199,3969,350,0,2,1037,22,1179,140,0,1426,128,64,72,46,0,37,134,0,0,25,0,0,340,0,0,6,0,30,321,0,1,1,3,37,444,0,21,0,15,331,2,0,0,0,0,9,156,17,0,0,36,1,0,2,466,0,354,22,1,1,0,4,0,61,47,20,0,0,0,0,17,0,0,120,15,0,0,6,668,14,378,0,0,0,19,0,0,9,1730,0,0,578,0,27,119,0,0,85,0,64,3,1,0,13,0,0,0,16,0,1,0,0,0,0,22,6,7,1056,0,1,22,129,0,1,147,271,0,0,25,0,0,0,0,0,0,13,0,0,4,34,1,16,1,53,10,8,14,0,13,2,0,391,26,1,15,0,0,0,0,2,57,0,0,0,0,0,80,8,4,0,0,0,0,0,190,0,0,43,456,1,0,0,1,0,0,0,0,0,3,44,1,18,682,0,0,0,0,12,0,1037,0,320,0,0,245,0,5,0,711,7,0,6,0,0,0,0,771,1,3,0,0,0,20,0,170,0,0,0,2279,0,6,0,0,4,0,61,0,0,1,1,0,47,0,2087,0,0,0,0,2,4,2,415,0,63,1,13,777,3,0,0,0,727,0,0,0,0,2,0,0,0,0,0,11,0,34,4,2,0,54,0,448,2,11,4,618,0,0,1,202,1759,0,1,0,305,3,0,427,3,1,0,1,0,0,66,0,0,42,0,30,0,0,0,1,0,19,0,0,29,0,0,241,0,1235,0,0,168,10,0,0,2,0,0,177,21,0,1,0,0,0,984,0,192
"gene_742",0,8,671,317,42,0,158,0,7,1,148,334,0,1746,23,36,67,577,0,5,78,7,0,0,19,0,0,0,1,0,5,70,0,0,14,0,0,0,0,160,0,0,0,1,11,0,0,0,0,442,0,0,4,0,67,229,0,0,0,6,54,0,0,0,0,1,4,89,0,0,140,37,0,0,13,0,492,106,0,292,0,8,0,0,5,155,0,1,28,0,3,0,0,0,0,0,0,0,0,0,0,22,8,2,0,0,0,0,0,1,0,0,0,0,0,0,0,10,0,0,0,0,0,0,0,0,0,0,43,12,18,0,0,0,0,0,0,0,0,11,0,0,0,0,678,1,0,0,0,0,5,22,0,45,0,0,42,0,0,2,31,47,0,0,0,0,0,0,0,0,2,0,0,0,0,0,1,0,0,0,520,0,5,80,0,0,0,0,0,0,8,310,0,3,0,0,1,8,0,0,0,3,0,50,0,0,80,37,0,2,0,0,0,5,342,0,5,38,1,0,13,0,8,0,0,46,0,0,0,0,0,25,26,125,0,0,0,20,0,0,19,18,0,1,15,179,0,0,0,0,238,0,3,2,0,1,0,4,0,0,14,477,117,0,178,900,0,686,173,4,334,41,1074,255,81,5004,489,300,160,14,0,195,61,344,674,1998,292,0,73,0,0,4786,23,0,2,202,700,0,0,48,366,0,0,128,2724,2182,48,150,0,3101,322,944,131,563,180,0,0,56,1,9,44,1,297,609,0,267,0,435,3502,9,5403,0,15,48,2857,97,10,186,12,274,6,13,1,0,0,46,837,1146,3546,20,358,78,132,34,1925,4,3,4,2,154,0,1,18,5778,431,36,1301,279,9,146,56,968,316,0,994,143,1580,305,1836,61,1291,50,143,65,726,219,680,22,4372,4,0,0,209,3,15,103,0,1619,59,0,0,32,77,70,1290,4,229,1109,4,725,75,1431,1265,515,0,1312,364,3615,1164,0,10,237,412,8575,17,2954,3,44,848,0,0,1167,169,1,4,0,0,18,21,2,1069,783,42,4,15,1573,0,23,13,799,5,0,28,12,583,1,290,9,15,92,0,96,54,198,638,464,2,11,0,266,197,8,204,42,76,885,174,0,73,840,290,276,165,64,0,8,248,7,32,14,0,200,916,0,19,0,0,932,0,6,6,1610,328,0,4,0,46,7,40,543,1124,12,0,1,0,0,2,32,0,537,2,720,1498,3,1137,2,0,136,0,273,137,0,48,77,107,2,95,0,275,2,412,14,130,2925,2,11,14,68,0,18,0,18,0,1,2,112,139,553,3,957,0,206,3904,0,0,0,821,0,88,12,0,91,123,0,10,0,209,0,42,1,0,70,447,0,1,0,0,545,66,2039,243,0,0,2,0,0,0,0,0,0,1,0,0,2637,0,0,0,0,0,0,0,0,0,496,38,3,0,615,2909,1,0,0,3,0,0,2,2158,0,1,0,0,0,0,0,129,0,35,0,8,0,0,0,1202,0,0,0,0,82,0,0,105,0,0,51,61,0,7,0,0,0,0,0,0,1610,0,0,854,0,0,0,0,239,10,0,0,0,0,0,0,0,0,0,222,123,0,31,438,760,0,0,0,0,0,0,120,0,0,0,0,5,32,0,2052,139,0,0,34,0,0,176,8,0,0,1240,1600,0,0,0,0,1,0,118,0,1,718,0,538,10,0,7,120,26,1189,41,0,0,1,0,0,2,0,0,94,0,0,1148,129,3821,837,718,181,138,0,25,277,15,0,0
"gene_743",1126,26,343,6,1,0,0,84,2,0,13,42,1731,2402,1755,134,105,0,2,157,3,1011,38,59,223,2193,16,0,1495,0,121,7,39,213,2303,354,2,1,233,478,10101,146,3,5380,0,9145,0,315,169,1298,3,29,0,0,165,761,0,3908,220,4,854,44,1244,809,33,42,518,137,480,0,777,0,0,550,1177,1,1744,1,350,3,3,2,66,178,15,26,0,56,33,0,943,148,3816,6,73,0,0,0,0,0,26,0,0,98,2851,534,0,0,4,0,4113,156,191,0,0,0,454,328,1890,0,0,78,0,4,926,0,0,0,0,0,0,988,0,1,0,0,112,0,34,1,233,2559,36,0,15492,0,3,0,0,5,5520,9,0,915,2,466,26,27,0,0,469,95,43,0,327,708,0,5711,0,0,779,461,54,0,1314,14615,1319,0,5109,0,0,32,0,158,2265,0,48,313,10,2416,466,22,1677,541,0,0,0,26,0,398,0,0,0,4272,0,0,0,20,1,0,267,1,0,0,12,4,12,0,0,1,4,123,1,0,0,0,0,0,1,4,0,0,420,0,24,24,10,0,0,32,328,4,7,0,0,8,0,184,302,0,1836,2,1,0,6,0,286,5,0,0,3104,0,198,17,1,0,475,32,0,2216,0,31,1827,6,35,14,286,595,46,541,1,26,0,5,11,9,0,0,1360,1418,0,0,362,1,17,0,0,0,840,0,0,0,148,5,3030,35,3,0,0,167,23,14,467,1419,0,19,0,362,2343,11574,27,0,1553,136,5,77,1376,367,2621,31,5715,0,5307,151,15,0,8,2,2969,603,0,0,6530,611,1,9,0,0,0,7,0,36,0,265,242,7,0,595,2955,403,8,961,582,1,0,0,0,2044,0,571,3,1325,15047,0,3,56,1158,123,0,0,3896,3,59,39,3230,0,378,2,8,11,4,460,4422,0,1445,3,0,1644,149,1,5,138,0,0,1,0,4,391,0,63,2108,4731,7537,1,561,0,43,17,0,0,29,1067,937,1112,30,10,6827,52,100,0,1,0,0,5,35,120,17,0,348,0,0,0,3,93,35,39,0,359,0,0,0,4,104,46,1,65,913,152,1,647,0,191,2,0,0,6,0,0,1344,0,3373,37,52,1,1,1,12,582,49,104,5265,4,576,32,0,1022,565,0,12,4,0,1,78,214,1310,0,0,830,42,2,1,1,5,0,0,2124,13,0,17,112,0,42,0,762,16,107,0,0,4817,2,34,46,1351,4,144,0,0,0,3099,0,0,79,0,1,2170,139,1506,1198,44,0,0,0,0,55,0,4899,608,1,0,0,1,43,1011,10,0,0,0,0,53,865,1661,43,107,0,0,3,125,13,0,233,20,0,0,0,3645,0,0,0,0,85,138,283,1191,0,0,0,15,0,322,1,0,0,6,1315,0,0,0,0,0,0,522,461,0,251,0,143,235,277,0,86,0,0,4,0,91,0,248,0,3636,0,0,0,4,0,212,427,0,563,184,0,0,2600,0,0,616,3409,554,14,0,57,413,752,0,1,359,1238,0,2,0,804,70,0,0,1,1703,17,0,0,9,0,0,846,0,629,1723,4735,184,151,0,533,41,0,0,1,0,77,37,0,0,93,0,2,2633,18,0,0,11,0,434,0,6,841,0,0,18448,0,21,258,564,4805,112,0,12656,111,12,0,0,0,0,1827,1702,0,0,1,17,0,0,735,1262,0,0,0,0,0,0,4,0,0,0,0,0,5899,2,59,0,0,0,0,0,0,0,151,0,2,19,0,0,159,1,0,0,263,0,0,0,3039,105,3087
"gene_744",20,92,0,3,2313,0,0,0,0,0,0,0,0,0,717,0,0,0,1,0,0,0,0,0,0,0,0,0,0,0,0,0,5,1,0,1,0,0,0,0,0,0,3,0,0,25,0,0,0,193,0,0,0,1,0,0,0,0,0,0,0,0,0,0,3,0,0,0,0,0,0,0,0,0,0,2,0,0,0,0,331,0,0,0,2,0,0,0,0,0,1119,0,2,0,542,0,0,0,0,0,0,0,0,0,0,210,5,0,0,0,1,3,0,2,0,0,0,0,0,0,0,65,0,0,0,0,0,0,0,0,0,0,0,0,45,0,1,0,0,0,0,0,0,0,0,0,0,0,0,0,0,350,0,24,125,0,0,64,0,0,0,1051,5614,508,0,373,0,0,0,0,0,0,0,0,0,0,0,695,0,0,0,0,0,16,0,0,0,0,0,41,0,0,0,37,0,0,0,0,0,0,0,0,0,0,0,0,0,0,0,0,0,0,0,0,0,0,0,0,0,0,0,0,0,0,0,447,0,0,28,0,0,0,1507,0,0,0,0,58,0,0,0,0,0,173,0,0,0,0,0,0,2,0,0,0,0,0,0,0,0,0,0,0,0,0,0,0,5,8,0,0,0,0,0,3,6,0,0,325,54,0,0,0,0,184,0,0,0,2,0,1557,0,0,3,0,1112,0,559,0,0,0,0,1,0,0,2,0,0,0,1,0,0,0,0,0,0,3,0,0,0,0,77,4,0,0,27,0,0,0,0,0,3,8,0,0,0,0,47,0,18,0,0,0,0,3,5,0,7,0,0,3,0,0,265,0,417,8,0,10,0,205,9,215,70,36,34,68,0,0,152,0,7,6,0,69,0,0,53,0,0,0,159,0,0,1,0,0,0,0,149,0,1,0,0,0,0,0,0,0,0,0,0,0,20,12,94,0,7,0,0,0,0,0,1,0,0,0,0,0,4,0,0,0,0,0,3,0,0,0,0,30,0,2536,0,103,0,0,0,0,0,0,0,0,0,0,824,0,0,0,4,0,0,0,0,1,0,0,0,0,0,0,0,0,0,0,11,0,0,0,0,0,0,0,0,32,6,0,0,0,0,0,0,0,0,0,0,0,0,0,0,0,0,1,9,0,0,0,0,0,0,0,0,0,0,0,0,0,0,0,22,0,0,0,15,0,0,0,0,0,0,0,0,0,0,1,0,0,0,13,0,0,1,2468,0,48,0,0,0,0,0,1,0,0,0,0,0,0,0,0,15,0,0,0,0,0,0,0,0,0,0,222,0,0,0,0,0,0,0,0,0,0,0,0,2343,8,1,0,0,0,0,0,0,0,0,0,0,0,0,0,0,0,0,0,0,0,0,0,0,0,0,0,0,0,0,0,0,0,0,0,0,0,0,110,0,0,0,0,0,0,0,0,0,0,0,0,0,0,0,0,0,0,0,1,0,0,0,0,0,0,0,0,0,0,0,0,0,0,0,0,0,0,0,0,0,0,0,0,94,0,0,0,0,0,0,0,0,0,0,0,0,0,0,0,0,0,31,0,0,0,0,0,0,0,0,0,0,0,0,0,0,0,0,0,267,0,13,0,0,0,0,0,0,0,0,0,0,0,0,0,0,376,0,0,0,0,0,0,0,0,0,0,0,0,0,0,0,0,0,0,0,0,0,0,0,0,0,0,0,0,0,0,0,0,0,0,0,0,0,0,0,0,495,0,0,0,0,0,0,0
"gene_745",112,0,0,0,0,7,2645,54,0,13,0,0,420,200,0,0,0,0,1,67,0,0,123,967,0,0,2054,0,138,12,0,0,0,0,0,86,41,12,667,0,888,24,0,0,0,262,0,0,0,53,0,0,410,7,415,2323,6,150,2,0,0,0,12,1,1084,3,9420,20,0,3,2171,270,1,0,0,0,218,0,9,2133,0,0,550,0,258,3,5,0,0,0,0,901,0,1767,69471,0,137,0,6,86,4,23,12,0,0,16,27,87,8,0,0,0,0,50,39,13291,0,0,1,0,4,0,0,0,0,1,0,20,52,0,0,0,95,0,44,0,134,0,19,68,9958,0,5,73,455,0,397,0,5,83,16115,10,0,0,3,1,29,0,62086,0,1,0,0,4,19,1370,125,0,0,73,0,0,0,0,2,0,186,3043,8,0,0,12,0,0,0,0,0,0,3,6,125,5238,0,0,21,2,728,0,32,0,3,626,371,0,0,0,35,6,1,18,0,0,0,0,0,0,4,5,0,0,1291,24,169,0,0,0,285,271,64,10602,0,0,0,3264,0,0,0,329,4436,0,0,1,0,35,1262,0,10,1821,0,3074,2158,0,79,0,31,0,0,0,101,0,2343,48,65,20,1811,0,161,21,3,568,51,2,29,1,21,3041,107,425,66,136,151,0,0,117,0,37,15,307,325,875,1480,220,1,685,0,1279,0,30,41,2,0,1,406,55,6906,100,21,0,76,1512,13,482,124,0,0,214,2,10531,47,0,0,23,8,467,498,0,114,17,49,13,170,1,1,514,2460,0,13,4,3358,4,0,2653,7,4,2,6,0,79,0,2,1371,491,5,0,0,1538,0,2,315,93,0,0,6,0,0,84,212,0,181,162,30,124,261,691,19,810,0,17,9,1898,29,0,38,305,301,7,9306,1469,137,0,2,2532,538,911,0,411,5,0,0,763,615,9,69,1,0,41,190,2519,11,7,48,1,0,0,1,1,0,0,6308,0,0,2494,0,0,0,658,1290,619,1054,0,4,13553,74,0,34,220,2180,467,0,2,106,10,2,1,0,1220,625,13,7,2,81,0,206,0,17,15,36,3,1,5228,146,9,33,324,0,609,1,0,466,0,2758,0,25,6,0,0,0,77,248,0,1093,1,1458,3756,56,437,25,642,1,0,882,0,4,0,0,0,4,2880,1,0,0,0,1,19,283,5,0,50,107,33,64,76,10,2066,9,0,534,1078,0,53,22,0,19,612,1945,18,49,746,0,71,82,55,289,51,0,1,207,1524,2445,0,1,363,0,18,1,505,192,48,3,695,3301,59,2004,30,0,0,2455,0,0,17,1368,2,6,0,0,47,0,3,1,1399,1,0,0,24,0,0,372,5453,560,0,0,2,0,0,0,0,0,0,0,19,0,0,0,0,0,82,877,0,175,0,0,0,14,0,0,0,0,0,0,0,172,5,0,0,687,0,3,0,0,0,0,1,0,3613,0,14,255,0,0,4,0,14,515,273,0,535,1914,10,9199,2854,1,0,0,0,4334,0,0,967,17,0,5653,0,0,96,60,3,0,0,0,1054,0,0,0,0,4,0,0,0,0,0,0,1,1,464,0,0,0,0,0,538,0,0,0,64,0,137,1,21,1,0,0,0,0,3184,0,1,0,0,0,59,561,0,0,0,240,0,94,2212,39,0,14,3,0,0,167,8,0,31,169,1284,0,2323,0,0,0,0,0,207,0,37,56,18,4033,0,0,0,0,164,0,3,43,2,0,3,0,0,0,0,0,0,0,0,0,0,36,0,0,0
"gene_746",0,746,20,2,0,103,1405,203,9,72,0,3,0,0,0,0,2,436,0,0,849,11,88,0,81,366,0,0,227,338,2,1,149,3,0,24,0,10,0,0,0,0,0,0,0,4,0,0,0,0,1,0,0,5,0,58,0,0,0,0,0,243,2,0,0,2,0,50,2,4,0,48,0,0,0,0,1434,0,0,118,0,0,0,54,18,0,0,0,6,102,1,0,0,0,0,0,0,0,0,410,0,0,0,0,0,0,2535,0,0,0,674,0,0,0,0,0,0,0,0,0,0,0,0,0,0,0,0,0,0,0,0,0,0,6,0,0,0,0,0,0,0,0,0,7,0,0,0,0,0,0,0,0,0,3,0,0,0,0,0,0,0,0,0,0,0,0,0,0,0,0,0,0,0,0,0,0,0,0,0,0,0,5,0,0,0,0,0,0,0,0,0,0,0,0,3,0,0,0,32,0,4,0,0,3,1,23,0,4,2,21,1,0,0,26,0,0,0,8,3,4,0,0,1,0,11,0,8,31,3,23,11,2,0,0,78,124,0,3,11,0,0,17,0,6,34,0,0,16,0,0,0,4,0,0,0,6,0,0,5,22,1337,289,0,7,2,5,285,5,0,0,47,0,0,1,349,1,140,275,0,0,360,0,1,0,1197,0,3217,1,318,748,0,3,0,9,76,0,209,0,5,1,0,0,0,0,814,0,1,0,401,0,6,0,2,15,1,41,3,10,5,880,236,0,4,97,1,0,770,0,0,1212,235,0,0,0,0,50,0,14,205,0,14,0,0,0,195,27,0,43,0,0,2555,0,40,1,199,0,0,0,35,0,0,45,0,94,15,4,64,0,132,0,41,0,1,0,0,8,433,11,0,29,0,5,106,0,3,298,0,224,2,339,205,67,537,1,208,86,0,0,0,3750,0,32,35,7,0,735,0,0,0,160,1,1,3,180,1093,99,4,234,375,1,12,1400,0,43,0,80,370,59,234,0,0,0,32,17,3,5305,139,279,3,87,514,489,774,1211,936,0,3,102,221,27,209,0,172,0,1364,693,3,349,2,1786,120,27,80,0,0,28,0,0,588,0,128,52,734,204,0,82,2506,92,0,144,640,3181,1,2,1467,220,851,0,0,84,430,2,108,23,44,2266,1363,0,437,2,0,16,83,5,5780,12,0,370,28,3091,11,721,161,0,568,2,0,1934,1476,6,1,505,0,140,0,0,0,1030,4125,0,0,1233,2,0,76,4,147,4,4328,0,646,192,11,2,3440,0,58,1539,26,38,25,135,590,1954,1,0,459,8,16,136,1,168,1401,119,1,1672,262,895,3,1,0,630,1,1,0,1715,2,9,56,0,0,127,183,0,0,9,204,19,0,0,872,2,11,228,0,2,0,1241,0,0,175,1879,0,9,0,4,0,80,101,89,4,9,1,113,0,184,0,0,5,278,0,4,2,61,6193,0,0,0,1119,11,0,0,176,420,717,3902,2162,0,4,0,331,45,0,713,0,380,42,1098,22,55,21,403,0,0,1,0,0,359,6,0,144,0,4,1541,3,458,0,28,2,1,464,0,0,8,0,0,520,10,12,214,140,77,14,1,3,0,1,257,14,0,0,2,0,285,79,2172,0,274,0,134,1676,1883,5,134,0,36,1,91,0,1362,0,96,0,55,67,110,0,1399,43,9,66,0,21,75,2908,2659,0,11,40,572,3113,1,742,4,21,939,7,0,239,0,23,4672,0,3070,0,0,0,0,78,54,2,52,0,0,3,0,0,20
"gene_747",13,0,0,2,117,0,0,0,316,0,7,3,2253,995,74,256,292,0,0,97,5,79,107,1349,0,0,30,0,0,0,1,1,0,2176,3,0,17,19,7,113,3,373,0,60,0,30,194,17,0,19,1,0,101,0,7,0,0,14,198,1963,1,139,0,0,372,0,0,186,0,0,28,0,0,8,0,8,0,4278,1,0,1156,0,4,0,1986,17,24,0,860,36,0,779,0,0,25,0,5717,0,0,0,0,137,47,0,0,0,5,1316,0,0,1,0,526,0,0,0,0,0,0,0,13,0,0,1,2,2,0,36,0,2,0,0,4,0,0,0,0,0,0,5,1095,0,29,17,0,0,0,12,0,178,21,0,0,2306,11,2,0,38,1328,0,64,0,0,0,0,0,0,386,15,0,0,2,8,0,13,0,51,0,621,3,0,140,0,135,982,853,59,0,1095,0,1,0,0,8,180,0,2,0,0,175,8,0,36,25,2129,61,0,22,0,223,0,75,3,152,0,0,9,0,2182,1,51,2583,0,8,3382,0,0,0,0,0,0,0,0,0,4,0,0,0,3,0,30,11,0,0,0,0,12,1013,0,1,397,0,0,0,0,0,423,0,19,19,0,0,0,12,1497,0,524,0,2,126,3,0,0,49,6,0,1,0,0,19,0,1,0,0,0,75,6,0,87,14,0,0,0,0,99,142,12,403,0,1,49,76,4,1146,42,384,214,3,6,6,381,0,47,3,417,0,0,96,0,35,6,4,20,2180,72,265,0,2,3,6,0,0,0,0,1,0,198,0,3,20,40,148,0,0,1,0,0,10,2671,56,0,408,16,0,987,150,149,45,56,0,78,0,8,0,24,7,0,134,0,990,0,1,122,94,204,4472,7,0,1,1713,455,8,40,19,4,43,0,57,0,190,0,3,8,28,198,20,240,2,0,724,506,71,1361,1,178,47,752,2,0,653,0,299,1,370,1,148,121,3,0,0,731,1,0,1524,122,0,0,19,4,3,4,41,37,0,0,78,4,87,0,0,106,0,37,0,0,48,750,4,533,0,291,95,0,0,0,0,0,1,491,121,473,1103,49,8,85,1886,264,1338,0,0,7,1,0,119,469,0,167,0,666,32,368,0,2,1614,2,11,103,513,152,0,1453,10,34,0,0,1810,498,82,0,0,0,4,1,0,327,1068,1,9,5,49,0,1038,28,153,0,0,0,795,800,3572,0,1,798,16,0,1719,31,47,0,0,0,1,141,2212,0,0,0,2,8,0,0,316,0,217,193,0,105,13,41,3,0,15,179,15,27,118,0,0,1471,38,0,0,117,6,0,3,429,38,530,449,0,0,0,148,30,0,0,0,0,0,0,269,0,88,73,0,45,0,0,0,0,447,21,0,0,1,0,0,105,0,9,6,0,1323,0,0,394,267,95,0,0,0,0,18,0,759,213,0,0,0,734,386,0,0,0,7,0,0,58,0,364,0,70,83,0,889,0,90,2,0,2,0,0,0,0,0,89,4348,119,0,223,155,0,31,0,15,659,0,24,0,0,1000,34,0,0,0,606,916,0,0,2,34,0,0,6,1,0,0,901,0,0,0,0,118,0,51,1,29,96,1311,433,0,0,5,8,241,0,621,0,18,532,0,2,0,0,0,0,0,0,1170,0,0,1,278,359,0,0,2953,0,0,3972,0,0,0,0,4,0,0,1426,471,0,0,0,95,0,3,0,203,0,0,0,0,0,250,0,0,25,0,11,5034,0,0,19,0,1,0,0,0
"gene_748",2308,3806,9,628,155,101,48,112,3,10157,0,98,2368,113,314,73,16,232,56,169,74,24,3851,10666,1022,205,5561,66,0,3324,237,0,70,323,1868,1,142,20,13,6448,697,563,224,534,2736,92,50,6,0,2,660,73,34,29,0,3146,139,944,428,196,7,65,10,1023,1670,2601,0,1964,4324,2274,401,74,10,1123,27,6090,8225,130,30,685,3124,1638,307,974,13,858,52,54,1984,378,661,27,627,4706,2,0,28,324,41,11931,18,1340,1082,561,69767,595,445,35411,1,984,1778,4,314,4156,2352,7163,381,388,4,11644,1375,575,1,87,997,5,9,0,206,2727,1207,12835,481,3872,20,0,16,161,537,3193,13790,2523,68,211,2844,301,412,549,17757,17848,3,8955,1,0,66,30743,5721,38840,179,312,12079,577,45,2,19,21405,4,2433,161,310,141,4720,14478,679,5814,7659,672,7503,73162,2039,0,2036,416,16016,3285,2549,39,2422,5998,432,13373,59,3923,180751,10655,439,5901,1008,805,827,6122,14,1386,1638,563,7998,6888,2,3621,348,7998,1309,15,279,20149,277,1395,409,4,7465,81,4500,18,8661,32,18401,0,3915,486,35241,401,966,668,248,126,706,24257,1129,1038,2614,414,0,1093,4785,199,6277,13668,3252,8941,374,13975,948,6,0,1465,375,3986,2,1847,1724,3090,746,783,1166,11,468,1638,3519,1530,13,121,2357,965,20644,2426,133,83,39,3758,986,59,134,2083,273,1152,326,1917,10,514,264,482,356,502,475,42,192,821,456,2,0,2759,924,1089,5258,5204,11785,500,31,0,1159,891,64,1850,608,250,8118,137,671,12678,704,70,12443,2979,121,1168,1013,108,4454,1192,1093,135,40,2471,85,3884,39,1683,12,21,7949,2,293,2743,831,31040,331,1327,1755,0,399,205,2614,2279,1660,1050,18,0,461,489,2210,170,1914,1,117,5703,1584,187,1,2544,129,1628,71,519,523,560,995,3101,971,834,17689,186,254,404,1,8,11862,245,1886,27547,224,1677,311,199,6584,3680,4342,203,1638,203,2885,601,216,1,719,0,67,1070,1601,5551,73,7953,3916,5071,4465,5937,124,21846,8046,4945,36,1140,1,2143,13891,72,6494,3554,300,10077,107,1705,6082,365,90,452,249,1,4,904,2128,0,74,0,527,266,1759,40,0,59,88,1334,315,382,14,5,560,1248,0,470,106,70,0,815,2227,0,90,816,1360,312,0,42,31,187,498,307,0,0,0,313,5,0,1,2,245,0,472,0,11,0,4,215,8,641,2,900,3,17454,8,0,3,87,844,1,2353,10,302,59,652,24,0,7,20,5359,0,3968,121,70,0,649,1176,10,4986,234,0,1582,211,31,4,916,4671,826,0,1972,133,255,172,1,1068,194,1118,3,0,572,9,4,2639,0,2526,279,135,31,1013,54,137,0,4373,10,2,712,84,926,94,23,1,70,42,34,782,155,42,0,2,836,0,4,18290,0,935,3,7,205,50,0,34,119,270,448,483,4977,0,1307,118,211,1047,2,1375,1529,9040,18,0,99,0,13,6167,0,9357,0,1,0,4,2987,66,0,17,0,6274,36,15233,17,2215,11,1,126,0,669,3,0,250,0,1342,699,9142,306,888,0,1,2044,114,376,12194,1,21,6439,92,1512,648,545,14,0,1747,37,16,351,1162,4006,99,1134,185,2990,1337,63,1,4,4363,10,8,665,806,2772,5007,8635,95,1585,8,1,199,22,404,136,64,1156,0,1316,5,230,0,175,0,214,41,3473,2048,4230,58,3839,14194,300,27,97,17419,104,0,37,3064,1,12,0,37,0,18720,3943,0,1369,4,7225,0,3319,0,14827,0,0,0,350,1817,1745,0,335,24,486,6217,37,7003,923,6,813,0,143,9820,2328,3412,4,1,0,128,264,2,31,1,15,17410,32,1286,88,868,1623,4332,2,2471
"gene_749",288,1,759,0,1657,16,1765,123,2,0,640,5,0,0,0,0,195,0,0,0,1,0,15630,375,44,4703,50,2,0,377,0,4,0,0,15,3376,0,103,298,6,0,0,0,0,0,0,173,0,0,202,142,2,4,0,291,11,3100,4,0,0,0,353,1,0,559,0,0,0,1,469,0,0,0,0,7053,0,2,0,1,3,0,5,0,27,6832,0,221,5915,11,379,0,0,0,4,3514,0,0,0,0,12615,0,220,3,0,0,0,1865,3,438,18,709,13,33,9,1,19159,48,0,32,12451,125,0,0,0,8,0,24,2,0,4565,2228,312,11,555,6,4645,3253,17803,0,0,0,0,2928,1693,908,27,205,0,0,15,2301,1,83,0,0,1678,6,0,0,0,1675,90,1504,655,0,2219,0,4105,1763,0,1472,5019,523,144,0,664,2517,348,1,9,55,0,0,0,432,9136,1715,0,5853,0,10,7,2184,0,0,6,0,0,0,0,0,138,118,0,194,0,0,0,7,1816,3,0,0,3149,0,3,0,2733,0,0,0,233,0,0,20863,0,0,2,565,0,0,0,0,0,0,1111,11948,3,1,50,35,0,1,3492,137,433,2989,179,0,0,174,13,77,0,270,11,21,27,1,0,840,28,5,1182,794,3,425,548,0,95,0,235,919,898,41,29,150,178,7,33,131,310,23,1304,1,652,372,48,703,82,4624,774,3074,508,0,4,32,425,1,567,0,12,92,91,17,21,459,0,81,1814,60,1480,144,19,972,5607,5,0,4540,492,405,2402,0,837,3659,505,1243,4482,223,1,0,62,0,365,1,1,0,137,2,730,644,217,54,4,2315,41,1259,57,176,82,2799,10,14,42,185,1940,4093,218,1141,1,1270,46,297,3205,138,794,910,380,4822,2097,2620,0,0,185,1288,5551,7377,4,751,0,21,9155,267,59,1,26,439,116,2845,1,289,16,112,303,879,14,840,5,252,57,783,166,10,1,4322,23,764,43,669,76,124,45,75,9,1847,0,877,271,160,137,188,117,352,608,1383,298,0,96,66,70,207,24,1,0,0,173,0,0,2320,0,50,114,1026,0,505,0,0,0,0,400,10,0,2,6,230,74,0,3538,21,46,24,0,1,159,25,673,8,0,1094,2040,41,209,179,127,38,0,0,0,1,0,1,0,577,2,278,2,0,1984,0,57,0,1031,0,5378,45,338,5745,0,0,765,7,16,2,3,0,0,1,8,35,0,2517,732,0,1481,2173,0,52,528,17,1,0,0,1216,306,310,504,167,0,2,324,0,0,0,2916,2,8,634,0,67,0,479,0,6,3,13,601,512,6,3192,3325,55,0,77,398,16,481,70,0,679,14,67,0,301,0,2,0,555,555,0,2199,0,55,13,4607,1500,18,0,284,1035,66,2,30,0,289,0,0,0,0,0,89,0,185,1,0,0,6,18,0,7230,0,0,33,0,2522,5,0,8,0,29,0,0,520,2,96,22,300,0,0,0,1404,0,170,52,831,0,5,4053,33,0,0,0,2,263,0,49,0,112,0,4,13,0,1052,0,0,11448,6,1208,0,243,7100,371,0,13458,0,826,429,0,110,601,0,31,2351,736,26,758,2,0,1,0,6374,763,0,0,0,11,0,0,0,0,0,1181,0,178,0,0,0,0,0,0,0,0,0,114,112,1,0,2043,0,0,0,0,0,0,0,45,613,0,0,0,40,0,0,920,0,0,1083,59,6,0,6,0,0,1009,0,53,0,0,0,262,0,0,959,0,211,0,0,36,0,0,498,0,8113,23,17,0,2,0,0,9,59,1313,0,32,12,0,0,0,1
"gene_750",61,0,0,0,0,0,0,0,0,0,0,1,61,0,0,0,0,390,0,0,0,0,0,0,0,287,0,3630,0,0,0,29,0,21,259,0,0,0,3,9,0,0,13,0,0,0,0,0,0,0,0,4,128,0,1,0,91,4,0,0,0,0,0,0,0,0,0,0,0,0,0,0,0,0,0,62,0,0,1,55,0,0,0,0,0,0,0,11,0,0,0,0,0,0,0,0,0,0,0,0,0,0,0,0,0,0,0,1,1,0,0,0,0,0,10821,0,0,0,0,2863,0,7255,0,0,47,0,0,0,0,0,0,0,0,0,0,4,0,0,0,0,0,0,0,0,0,0,0,0,0,0,30,2,0,0,0,0,0,0,0,0,0,0,0,0,0,0,2579,2,0,0,725,146,0,1,0,1857,0,0,0,0,1,0,0,10,0,14319,0,0,0,0,0,0,0,0,0,0,85,0,0,2438,0,0,0,0,0,0,0,0,0,0,0,0,337,5,0,0,0,0,0,289,0,0,0,0,0,9,0,0,0,0,0,0,799,0,3,0,0,0,0,0,0,0,522,102,0,0,0,0,9,35,0,0,0,0,0,1,0,0,0,2,0,0,0,0,0,0,0,2,1,0,0,272,0,0,0,181,0,0,3,0,0,0,0,0,0,226,0,0,2,0,1,0,0,0,0,0,0,0,0,0,0,0,52,0,0,0,0,4,0,0,0,0,0,0,0,0,0,0,0,0,0,0,3,0,0,0,0,0,0,0,0,0,0,1,8,0,9,0,0,0,0,0,0,27,0,0,0,0,0,1,0,0,0,0,0,0,0,0,0,0,0,39,235,0,0,0,0,1,0,0,0,0,72,0,0,0,0,0,0,28,0,0,0,0,0,0,0,0,0,0,0,0,0,0,0,0,0,0,0,0,0,0,0,0,0,0,0,0,0,1,0,0,8,0,0,0,0,3,0,0,0,0,0,0,0,0,0,0,0,0,0,0,29,0,0,72,0,0,230,0,0,0,0,0,1,0,0,1,0,0,0,51,0,0,0,36,1,4,80,1,7,3,0,0,12,0,0,0,0,0,34,9,0,0,0,0,0,0,3,47,0,66,0,70,0,0,7,1154,115,0,13,0,4,19,0,0,0,13,0,34,0,0,0,6874,0,14,0,0,0,0,0,0,0,3,10,0,1,0,0,0,0,0,0,33,2,0,0,7,1,1,0,0,11,290,3,0,0,923,784,1,0,0,72,16,3,136,0,0,88,533,277,6,937,0,0,0,0,384,42,0,3,1977,198,0,0,1,0,0,1,10,0,0,0,0,0,0,0,0,0,0,0,42,0,0,890,0,3,0,0,0,0,0,8,0,0,21,6594,0,0,111,0,0,0,366,1,0,0,0,0,0,0,0,0,0,0,0,0,0,0,0,1638,0,0,0,0,0,0,0,0,0,17,0,0,109,2410,0,1446,0,0,0,0,0,0,0,12,0,0,0,0,0,0,0,6,0,258,0,0,12,0,0,25,0,0,0,0,1,168,0,0,0,0,0,1886,0,0,0,0,0,0,3,0,0,0,145,0,852,8,0,55,0,0,20,44,0,234,0,0,0,513,0,30,0,1583,0,1,4,0,0,0,0,57,0,0,0,1,15,0,0,25,147,0,0,383,0,0,0,0,0,0,0,171,0,0,0,0,0,1,0,237,0,0,8,0,5660,9,0,0,0,0,0,0,0,0,0,0,98,121,0
"gene_751",11141,105,8908,1378,2582,12354,1287,136,588,2734,6,26,5038,2093,454,261,1064,1071,1406,4,16,1023,1953,18595,609,4814,22,1054,916,2181,1511,245,546,121,2496,6444,17,677,11238,4443,22462,2998,580,0,285,2882,4679,4854,2242,1966,7005,3709,2509,380,3040,1853,165,25813,1438,3085,731,3102,268,22,3028,459,4524,318,1941,140,156,178,596,1609,536,0,1169,601,3913,11507,8297,517,5262,1118,195,13644,274,27830,72,75,5549,5730,436,4271,163,37,3576,960,677,7,1541,92,6,135,0,2455,25,20965,7992,94,1,0,1060,2397,45,9084,0,1151,82,315,0,5,956,33,41,2,12,208,1386,190,130,1818,2722,0,2198,15,263,119,3770,94,71,45,9,622,674,18,1586,0,6485,0,14506,1,1317,1188,856,1689,23,2581,6395,15,1,4,443,21,1429,0,5698,3736,0,53052,27,0,26,8354,81,0,22785,32,6082,1431,23,6039,0,1467,2265,0,5382,0,455,9218,83,30391,0,22718,0,546,5761,15,0,20,17781,494,1,1050,30,300,9,2,45,896,2,25,1275,1897,1,196,4750,622,4330,246,560,7,4,184,11857,363,578,364,1924,769,95,630,2451,372,1399,2049,9927,8327,28,0,38,8,377,16,6709,119,2250,570,189,2010,7383,1717,189,229,2334,2961,327,0,1112,22,14,1186,30,1283,59,2482,6260,3898,76,831,5,4946,18392,17086,878,1036,1931,3199,3145,47,376,10825,891,3069,640,3,5702,4231,98,5664,284,1131,4947,16,54,1554,2349,4339,53,378,96,742,1796,971,170,663,47,3802,86,738,219,8,4878,0,2316,3450,566,127,1669,140,5041,100,627,2456,1,254,4051,4526,793,16950,8477,35,2479,79,682,0,24,1028,408,10908,238,1,423,750,149,0,526,66,864,168,1867,15,3159,2386,80,0,5690,0,195,311,6097,4594,8,3826,2609,3201,24,1309,161,706,81,11684,15070,686,2454,236,119,6523,0,6033,45,1,8855,13,289,36,1566,779,79,12,2806,1499,16489,118,8048,1069,3085,2252,471,1347,636,266,5278,1078,4162,66,7,999,319,2013,734,2453,3205,3031,3760,1752,1996,145,607,644,305,6683,3,2651,2438,32,0,116,955,460,1740,69,9581,10,40,1,0,3,7104,2564,928,0,761,4276,0,0,59,6,0,0,20,2292,1,192,20,4,0,1,482,0,74,0,1902,5909,935,0,25797,1,3003,1653,35,10037,1486,322,33,0,1112,3912,0,11,0,0,0,112,26,189,1,8,0,290,2423,543,4366,0,15,25,599,27,193,2955,709,15,0,0,0,1,133,0,51,10,4274,252,4,1,1,2497,0,0,3,0,0,18,5650,0,130,8,93,356,2,397,1,0,14095,707,4054,0,0,2,3464,3,7,0,0,13,1074,1228,0,516,638,0,58,2421,0,1124,30,16449,100,26,2429,0,144,1083,0,706,0,0,0,0,0,0,14,0,26,612,1,0,70,1,579,0,6,57,1,2,59,0,1498,0,0,88,54,2286,3,310,161,2,0,0,422,818,0,0,161,20,0,14,311,0,240,156,0,9,0,73,0,11,12,106,0,6,1592,0,0,0,4,30,1070,10,0,0,25,723,0,0,19,4,0,0,0,189,692,47,0,839,39,1,28,0,0,67,1014,578,22,766,5276,0,0,4025,1,1075,48,302,1283,2852,0,1040,8363,0,1,0,0,2315,2886,0,0,3,16,197,0,1,96,0,142,1,0,0,24,0,14,3504,0,0,0,0,0,45,1883,1,0,0,208,10271,693,2,18,1,0,41,4685,4493,19,0,0,800,0,0,0,0,715,1236,0,396,53,442,0,0,4,0,0,279,203,111,0,938,0,0,2937,0,0,1760,418,0,0,0,0,0,28,137,0,742,0,4762,27,216,20,0,70,0
"gene_752",9,29,0,18,46,0,0,0,786,0,70,68,155,0,0,0,1,41,0,0,0,0,97,0,0,0,47,0,2683,45,0,0,0,0,0,0,0,473,321,0,14,8,0,0,0,0,0,0,13,0,0,0,0,0,84,0,1223,0,22,573,6,332,0,1809,0,0,6,0,9637,0,498,471,0,180,0,0,18,0,974,0,0,3,0,2,0,0,0,295,9,0,0,0,0,0,0,3,0,191,0,0,0,0,0,0,1,576,90,0,0,0,0,0,0,0,0,0,0,0,0,0,0,0,0,0,0,15,0,0,0,0,111,0,0,0,0,0,3766,0,0,4,0,0,0,0,2190,0,0,11,0,0,0,0,0,0,0,2,0,0,0,0,0,0,0,6,0,0,18,0,0,0,0,9930,19,0,0,0,0,0,0,0,0,0,0,0,0,0,0,0,0,0,0,0,0,0,2,0,0,0,0,0,0,0,653,0,0,120,0,0,0,0,0,95,0,6,0,55,27,0,0,777,1,0,0,0,1589,226,0,0,0,4,0,0,216,0,0,0,0,129,24,0,0,0,0,100,0,0,0,0,0,0,0,0,0,0,279,0,0,0,0,258,0,0,0,0,0,14,0,0,0,5,0,0,0,0,0,0,0,0,0,0,0,9,0,0,0,0,0,0,0,0,0,0,0,0,0,0,0,27,0,0,0,0,0,0,0,0,0,1,0,0,0,0,0,0,0,0,0,0,0,0,0,0,0,0,0,0,0,0,0,0,0,0,0,15,0,106,0,0,3,0,0,0,0,8,0,0,0,579,0,0,0,0,0,0,0,0,0,0,0,0,3,0,0,3804,0,0,0,0,0,0,0,5,0,0,0,9,0,0,0,388,0,0,629,0,0,0,0,2,0,0,31,0,0,0,3411,0,0,2,0,288,0,0,0,0,8,0,0,0,0,0,0,0,0,0,9,0,0,0,0,0,0,0,101,0,0,0,0,0,0,0,56,0,0,0,0,0,0,0,0,0,0,0,0,291,0,0,0,0,0,0,0,0,0,0,0,0,0,0,0,0,0,0,0,0,0,0,0,0,0,0,0,0,0,0,0,0,0,0,0,6,0,0,0,0,0,0,0,0,0,0,0,0,0,0,0,0,0,0,0,0,1,0,0,0,0,0,0,15,0,0,0,0,0,0,0,0,0,0,0,0,0,0,0,0,0,0,0,0,0,0,0,0,0,0,0,0,0,0,0,0,0,0,0,0,0,0,0,0,0,0,0,0,0,0,0,0,0,0,0,0,0,0,113,0,0,0,0,0,0,0,0,0,0,0,0,1,1,0,0,0,0,0,0,0,0,14,0,0,0,0,93,0,0,0,0,0,0,0,0,0,0,0,0,0,0,0,0,0,0,0,0,0,0,0,0,0,0,0,0,0,0,0,86,0,0,0,0,0,0,0,0,0,0,0,0,0,0,0,0,0,0,2,0,0,0,0,0,0,0,0,0,0,0,0,0,0,0,0,0,0,0,0,0,0,0,0,0,0,0,0,0,0,0,0,0,0,0,0,0,0,0,0,0,0,0,0,0,0,0,0,0,0,35,0,0,0,0,0,0,0,0,0,0,0,0,0,2,0,0,0,0,0,0,0,0,0,0,0,0,0,0,0,0,0,0,0,0,0,0,0,0,0,0,0,2,0,0,0,0,0,0,0,0,0,0,0,0,0,0,0,0,0,0,0,0,0,0,0
"gene_753",0,0,0,0,0,0,0,0,798,0,0,0,0,0,0,0,87,242,0,1,0,0,0,0,0,164,710,0,0,0,0,0,6,0,0,1,0,18,0,0,0,55,577,0,0,132,0,0,816,2,0,1,0,0,5,0,0,0,0,0,0,0,1649,0,0,0,0,0,0,0,0,0,0,0,0,472,126,0,0,0,0,0,0,0,0,0,8,0,399,0,0,2,0,0,0,0,0,0,0,0,0,0,0,0,0,0,0,0,0,0,0,0,0,0,0,0,0,0,0,1,0,0,0,0,0,2515,0,0,0,0,0,0,0,0,0,0,0,0,0,0,0,0,0,0,0,0,24,0,0,0,0,0,0,0,0,0,491,0,0,0,0,0,0,0,0,0,0,0,0,0,0,0,0,0,0,0,0,31,0,1,0,0,0,0,83,0,4,0,0,0,0,0,0,0,466,0,0,0,0,0,0,0,0,0,403,0,0,0,1,18,0,0,0,0,0,0,0,394,0,0,0,186,0,0,6766,0,0,3,0,0,0,0,0,0,0,0,0,112,0,0,0,0,11,0,0,0,0,0,0,0,0,0,0,0,0,0,0,0,695,0,0,0,0,0,0,0,1,0,0,0,0,0,9,0,0,0,0,0,4,0,0,0,0,0,0,0,0,0,0,0,0,0,0,0,0,0,0,5,0,0,0,0,0,0,8,0,0,0,0,0,0,1,0,0,0,0,0,0,0,0,0,0,2,0,0,0,0,0,0,0,0,0,0,0,0,0,0,0,0,0,0,1,0,0,0,0,0,0,34,1,0,0,0,3,0,0,0,1,0,27,0,0,0,0,0,0,0,0,0,0,0,0,0,0,0,1,0,0,0,0,0,0,0,0,6,14,0,0,0,0,0,0,0,0,2,8,6,0,0,0,0,0,0,0,0,0,0,0,0,0,0,0,0,0,0,0,0,0,0,0,0,0,0,0,0,0,0,0,0,0,0,0,0,0,0,1,0,0,1,0,0,0,0,0,4,0,2,0,0,0,1,0,0,0,0,0,11,0,0,0,0,0,2,0,0,0,0,0,0,0,0,0,0,0,0,2,0,1,0,0,1,0,0,0,0,0,1,0,0,1,0,0,1,0,0,0,0,0,0,3,2,0,5,0,0,0,0,0,0,0,0,0,0,2,2,0,0,0,0,1,0,2,0,0,0,0,0,0,0,3,1,0,0,0,0,1,0,0,0,0,0,0,0,0,0,1,0,1,3,0,0,6,0,0,0,12,0,0,0,0,0,0,0,1,0,0,2,0,0,0,0,0,8,0,0,2,0,0,0,0,1,0,0,0,1,0,0,4,0,0,0,0,0,0,0,0,0,15,0,2,0,0,0,2,0,0,0,0,0,2,0,2,6,1,0,0,8,0,0,0,0,0,1,0,0,0,0,0,0,0,0,1,17,0,0,0,0,5,0,0,0,0,0,7,0,1,0,0,0,11,2,0,0,0,0,0,1,0,0,0,0,0,0,0,0,1,0,0,0,0,0,3,6,0,0,0,4,0,0,0,0,0,0,0,0,0,0,0,0,0,0,0,0,0,0,0,0,0,0,0,0,0,0,0,0,0,0,0,0,0,0,0,0,0,0,0,0,0,0,0,4,0,0,0,0,0,0,0,4,0,0,0,0,0,7,0,0,0,0,0,0,0,0,0,0,0,0,0,0,0,0,0,0,0,0,0,0,1
"gene_754",0,184,0,0,0,0,1213,0,0,0,0,0,0,1462,177,0,0,0,0,0,0,0,1,1134,193,0,625,443,0,0,2311,0,0,0,1,0,0,0,1,0,0,0,0,3185,535,0,0,2432,7,0,0,0,0,294,0,0,0,0,19,0,0,127,0,0,5,1,2,0,4,2,0,0,0,76,669,0,1,0,3,0,0,0,424,1474,0,6,0,22,4,95,1,266,0,0,0,25,0,14,0,11,0,0,909,0,0,0,0,0,0,0,0,0,0,0,1763,1143,0,2,0,0,0,0,0,0,0,0,0,0,0,0,23,3,0,0,944,0,0,0,0,511,0,0,0,322,0,0,0,0,0,37,0,0,0,0,0,0,0,0,0,11,0,37,0,11,0,0,0,0,0,0,369,0,0,0,0,0,0,0,0,2,0,0,0,1,0,0,0,1,0,0,0,0,0,0,0,0,12,0,0,0,0,2,0,0,0,0,0,0,0,0,0,8,0,0,0,0,0,0,0,43,0,0,0,0,0,54,0,0,0,0,0,0,0,0,0,6015,0,15,0,0,0,0,0,0,0,0,0,0,0,0,53,0,0,0,0,0,0,0,0,0,0,0,0,0,0,0,0,0,0,0,0,0,0,0,0,0,0,0,0,0,0,0,0,0,149,0,0,0,0,0,0,0,0,0,0,0,0,0,0,0,0,0,0,1228,0,0,0,0,0,0,10,0,0,0,0,0,0,0,0,0,0,0,0,0,0,0,0,0,0,0,0,0,0,0,0,0,0,0,0,0,0,0,0,0,0,0,0,0,0,0,0,0,0,0,0,0,1,0,0,0,0,0,0,0,0,0,0,0,0,0,0,0,0,0,0,0,0,0,0,0,0,0,0,0,0,1,0,0,0,0,0,0,109,0,0,0,0,0,0,0,0,0,0,0,0,0,0,0,0,0,0,0,0,0,0,0,0,0,431,0,0,47,0,0,0,0,0,0,0,0,805,1438,0,1,0,0,0,0,2,0,0,0,0,0,1,1,0,0,0,2,0,0,1,0,0,0,0,0,0,0,1,0,0,1,0,0,1,0,0,0,1,0,1,0,0,0,0,0,0,1,0,0,1,0,0,0,0,0,0,0,0,0,0,0,0,0,0,0,0,0,0,0,0,0,0,1,0,1,0,0,0,0,2,0,0,0,0,1,0,0,0,0,0,1,0,0,2,1,0,0,0,0,0,0,0,0,0,0,0,0,0,0,0,0,0,0,0,2,0,0,0,0,0,0,0,0,0,0,1,0,0,1,1,0,0,0,0,0,0,0,0,0,0,0,0,0,0,0,0,0,0,53,0,0,0,0,0,7,0,0,0,0,0,0,0,0,0,0,0,0,0,0,0,0,0,0,0,0,0,0,0,0,0,0,0,0,0,0,0,0,0,0,0,0,0,0,0,0,0,0,0,0,0,0,0,0,0,0,0,0,0,0,0,0,0,0,0,0,0,0,0,0,0,0,0,0,0,0,0,0,0,0,0,0,0,0,0,0,0,0,0,0,0,0,0,0,0,0,0,0,14,0,0,0,0,0,0,0,0,0,0,0,0,0,0,0,0,0,0,1,0,0,0,0,0,0,0,0,0,0,0,0,0,0,0,0,1,0,0,0,0,0,0,0,0,0,0,0,0,0,0,0,0,0,0,0,0,0,0,0,0,0,0,0,0,0,0,0,0,0,0,0,0,0,0,0,0,0
"gene_755",0,2,0,0,2,0,0,0,0,1,0,0,1,0,0,0,1,0,0,0,0,0,0,3,0,0,7,0,0,0,0,0,0,0,0,0,0,0,0,0,1,0,0,0,0,0,0,3,0,0,0,0,0,0,4,0,0,7,0,0,0,0,2,0,2,1,0,0,0,6,0,0,0,0,0,6,2,0,0,1,2,0,0,1,0,6,0,0,0,3,0,0,0,14,0,0,0,0,0,0,0,0,0,0,0,0,0,0,0,0,9,0,0,0,0,0,0,0,0,0,0,0,0,0,0,0,0,0,0,0,0,0,0,0,0,0,0,1308,0,0,0,0,0,0,0,0,0,0,0,0,0,0,0,0,120,0,0,0,0,0,0,0,0,0,0,0,0,0,0,0,0,0,0,0,0,0,0,12,0,0,0,0,0,0,0,0,0,0,0,0,0,0,0,0,0,0,0,0,0,0,0,0,0,0,0,0,0,0,0,0,0,0,0,0,0,0,0,0,0,0,0,0,0,0,0,0,0,0,0,0,0,0,0,0,0,0,0,0,0,0,0,0,0,0,0,0,0,0,0,0,0,0,0,0,0,0,0,0,0,0,1309,0,0,92,0,0,0,0,0,0,0,0,0,0,0,0,0,0,3,0,0,0,0,0,0,0,0,0,0,0,0,0,1064,0,2,0,0,0,600,0,0,0,523,5,0,0,0,0,0,0,21,0,0,0,0,0,0,0,0,0,0,0,0,0,0,0,186,0,0,146,241,0,190,0,0,0,0,0,2283,0,0,0,0,2,0,0,0,0,0,0,0,203,0,0,0,0,0,48,0,0,0,0,33,0,0,0,0,62,0,0,0,0,0,0,0,0,0,0,0,0,0,2,0,0,0,0,0,0,0,314,0,0,0,26,0,98,31,0,0,0,38,0,0,0,667,0,0,0,0,0,0,0,0,0,0,0,0,5,0,0,0,0,0,0,0,0,0,5,0,0,0,0,0,0,76,0,230,6,0,0,0,0,0,0,0,521,0,0,0,1,0,0,0,0,0,150,0,0,0,0,1,0,11,0,0,0,3,1016,0,0,0,0,0,11,71,0,4,0,0,0,209,0,0,0,0,2289,0,0,0,0,0,0,0,0,0,0,0,66,37,8,0,0,1,1,207,0,0,0,0,0,0,0,0,41,0,0,0,0,0,0,0,0,1,0,0,0,0,0,195,0,0,3,96,0,0,24,0,0,0,5010,414,0,0,56,3,0,0,0,3,0,0,0,0,0,0,0,0,58,0,0,0,0,0,0,1203,4,0,0,0,0,0,0,0,0,0,0,0,0,0,8,0,0,0,0,0,3,0,0,0,0,0,0,0,0,0,0,0,1,0,0,0,0,0,0,0,0,0,0,0,1,0,0,0,3,0,0,0,0,0,0,592,0,5,0,0,3,0,0,0,0,0,0,82,0,34,1538,0,0,0,0,0,19,0,0,3,0,142,0,0,0,0,0,0,0,15,0,0,0,0,0,0,0,0,4,0,0,0,0,0,0,0,0,0,0,0,0,0,0,42,0,0,0,2883,0,0,120,0,0,450,0,0,0,3,0,0,0,195,0,0,0,0,0,0,0,0,0,2,0,0,0,0,0,0,14,0,0,0,0,0,2,0,0,222,2,0,0,0,0,0,0,0,0,0,0,0,7,0,228,0,0,0,82,0,0,0,1,0,0,0,2364,0,257,4,197,6038,0,0,0
"gene_756",0,18,0,0,0,0,2206,0,0,718,1,0,2,32,693,0,0,5,0,0,0,0,11,0,0,0,0,0,1077,0,1,0,0,13,0,368,1195,1647,0,0,2858,0,5,0,495,0,2,0,15,0,35,3471,0,0,1143,0,0,2,0,0,0,0,1,0,1,0,0,0,0,0,0,0,0,0,321,0,0,0,0,1,0,0,0,0,0,0,75,168,0,0,1,0,0,0,0,0,19,0,0,0,0,0,0,0,0,0,0,0,0,0,3,0,0,0,0,0,3,0,0,0,0,0,0,0,0,0,0,0,0,0,0,0,0,0,0,198,0,0,55,30,0,0,0,0,0,0,1688,0,0,33,0,0,0,1312,228,0,0,0,0,0,2,0,0,0,0,0,0,0,15,0,260,0,0,0,0,0,0,1,0,0,0,335,0,18,0,0,5,0,0,0,0,0,0,0,0,0,0,59,0,1,1,0,0,0,0,0,8823,0,0,0,0,47,0,377,8,0,17,0,0,147,0,0,125,0,0,0,0,0,8948,0,0,0,4,416,1511,455,0,47,0,0,0,1,0,235,0,60,886,0,0,0,0,9,0,0,64,0,0,0,0,0,95,314,0,0,0,0,0,0,0,0,618,0,1339,0,0,0,0,0,373,0,0,2131,0,0,0,11,0,0,342,0,415,0,0,14,11714,91,0,0,0,3,0,0,77,2479,0,0,1,0,0,0,0,0,0,0,0,0,59,0,0,14,0,0,0,0,56,991,214,616,0,0,0,1,0,1,352,0,0,0,0,1134,3,66,134,0,0,12,21,61,0,0,0,0,0,0,617,0,1,15,2,1210,0,1275,0,187,0,0,843,0,0,0,0,0,442,90,0,1142,3699,0,526,5,0,16940,702,0,936,4,0,0,0,0,1,906,0,0,0,0,0,2738,3257,45,0,0,5025,0,0,0,0,207,2,12,2361,0,252,0,3373,0,19,0,0,39,0,33,0,0,0,0,0,24,479,1,49,568,0,0,0,3,0,0,4,55,76,0,0,0,2166,0,6,0,0,0,0,0,0,32,0,0,48,2417,0,0,32,0,0,98,636,0,1098,0,34,0,0,0,0,0,0,7,0,1338,0,0,0,0,1,260,0,0,0,340,153,1,0,0,0,2,0,0,675,0,3,14,46,0,0,0,0,0,52,498,0,22,0,0,635,0,0,0,0,2010,0,83,0,0,2,0,0,0,4046,0,2,0,165,5,108,0,0,0,939,2,663,0,0,331,0,0,13,0,0,2,0,0,3,0,498,0,0,80,267,901,1,543,0,0,128,567,0,0,0,0,1004,2,0,0,0,0,0,0,0,0,0,0,0,0,0,0,0,0,1792,364,4408,0,0,0,0,1096,0,0,0,0,0,0,0,0,150,0,10,0,0,0,0,0,0,0,0,1,0,0,616,0,0,0,0,0,27,0,0,0,0,0,0,0,0,0,0,0,0,0,0,0,0,0,2375,0,0,0,0,0,0,0,0,0,0,10,0,15,0,0,0,0,0,0,0,0,0,0,1,20,0,14,17833,0,0,0,0,0,0,0,11,137,0,0,0,133,0,0,0,123,0,0,0,0,1796,0,0,0,0,0,0,0,0,0,0,0,0,1,0,0,0,193,0,0,0,0,0,0,0,0,0,0,0,0,0,0,0,0,2,0,0,0,1996,106,0,0,1,496,0,3178,0,0,0,28,0,0,0,0,0,0,0,0,0,0,0,0,0,68,0,14,0,0
"gene_757",127,558,1112,165,808,229,37,334,59,288,1240,517,819,337,45,75,56,571,83,896,584,80,68,134,42,137,902,92,173,81,18,628,50,20,596,233,69,1,265,212,118,97,474,162,32,399,125,14,253,274,342,255,135,54,64,26,367,420,279,147,127,1390,638,200,124,189,197,195,111,101,260,169,26,95,1180,0,294,99,1795,32,200,315,791,116,991,119,63,28,346,13,116,64,34,0,4,8,9,8,7,8,9,0,1,325,74,290,207,354,0,71,1436,0,1,23,0,0,82,53,233,112,212,50,22,23,504,21,5,0,0,0,21,11,9,0,14,13,7,0,0,8,0,10,2,2,15,69,0,0,355,90,26,1,189,0,11,34,1,1,24,6,0,0,5,3,206,40,771,107,0,0,0,0,144,0,498,106,3,306,418,0,1257,8,0,2,0,2,267,110,58,197,21,0,621,3,588,562,92,398,34,3,0,354,251,6,2244,773,134,606,39,20,1139,485,113,3,498,104,453,12,614,1,365,2723,665,2268,84,981,193,2327,0,1031,81,8,9,118,856,22,1015,1394,31,204,0,155,202,1049,427,145,1339,4,188,0,1149,104,2656,16,5824,194,1066,621,27,2374,175,1027,28,485,544,134,1881,93,172,524,1096,2216,529,1359,1473,110,99,1252,1848,3,255,2273,324,1205,177,39,272,1454,2329,1593,247,1329,1785,1268,1070,1017,11,529,269,3359,78,93,514,446,280,259,168,2,49,71,2644,1847,384,40,321,19,793,2903,732,324,342,2873,1729,1490,393,911,50,13,52,1812,1507,83,3092,192,672,405,208,632,4374,759,5,117,765,452,194,220,2443,71,420,67,1655,1734,15,34,757,174,289,100,234,1509,1570,78,96,117,1878,144,1456,462,119,753,399,2721,171,302,43,325,3007,1339,718,2140,2423,3696,301,339,1115,1050,115,2407,507,477,640,1516,35,425,1961,337,2817,1016,3007,10,184,1388,1046,792,385,84,525,778,124,210,858,724,2575,2442,906,1923,3589,1259,735,1801,1633,385,1460,227,445,154,483,88,360,571,654,1334,533,648,815,165,335,724,1381,206,17,1236,1724,91,1748,2082,1382,547,118,3591,0,24,426,0,210,700,4,448,1340,931,13,945,741,0,301,408,1598,340,1394,311,323,40,1345,1340,238,168,401,758,405,533,188,292,341,32,569,45,85,186,204,588,63,393,153,885,1540,454,144,713,442,568,1158,414,304,635,603,266,358,1256,25,518,161,307,467,3876,382,106,532,134,92,1294,126,33,141,302,65,482,948,19,815,536,149,338,1192,103,134,239,466,186,189,2149,2,359,25,806,65,179,62,92,150,159,1017,238,443,272,467,275,691,4287,45,55,101,394,3254,559,36,213,88,1594,11,31,888,565,1,43,72,83,681,0,26,3674,211,190,17,344,287,530,89,2987,1002,90,341,70,168,1156,107,509,2822,3317,3,189,35,366,589,148,608,359,2156,902,307,1255,174,649,7,8,2891,635,1224,14,435,1217,757,5,360,20,763,21,222,4,29,1361,1283,149,5,34,2446,1087,2007,906,154,2045,52,2229,319,783,1287,30,4,1,34,243,232,673,993,107,447,0,401,268,0,856,680,289,8,83,2,99,269,357,100,20,96,183,123,584,1228,181,26,462,32,1424,11,1317,5,1207,14,280,38,402,437,70,90,1090,10,732,48,0,72,201,287,2977,280,914,161,1016,14,1572,214,1,267,0,779,534,334,23,449,174,840,1960,1505,211,244,256,568,44,994,43,140,977,308,609,696,153,182,1044,913,47,1359,3900,97,247,252,475,799,776,824,178,46,729,526,348,435,593,83,750,21,912,101,168
"gene_758",13658,711,1156,1188,1253,312,1613,83,62,147,6864,377,5921,1177,211,2514,2367,3070,103,454,1439,660,14183,13496,3652,1366,2197,1021,2697,987,1323,63,456,11,2922,561,3468,5649,251,3374,290,2969,400,777,2295,4774,250,1008,807,699,1871,484,1407,1072,2888,186,364,1935,204,5826,261,11370,2535,383,3654,1087,147,2347,15991,12065,2811,13,420,4830,592,205,1382,672,114,2963,14018,457,2366,2173,13974,14,754,78,75,538,2478,183,3181,162,37,25,401,2,0,0,180,48,0,4934,15,41,307,2287,19457,97,0,3210,179,644,322,3,67,0,2861,0,65,0,0,3,836,86,0,21,191,390,1119,0,100,967,1201,53,10650,3828,0,0,40,0,150,2330,196,134,70,61,2,3,89,234,0,31392,53,3,0,199,4394,139,2064,51318,12883,1399,3654,133,0,38,90,6,3274,24,6726,0,13359,9,67,0,1103,10083,13044,2,393,0,25,82,226,12761,0,29,1,6177,11519,9612,271,0,555,3,2356,1129,210,10,701,0,2940,61,1130,4,2924,193,26,922,68,223,702,1,107,854,1026,9,2511,110,249,177,0,38,198,98,19,580,21,52,609,897,47,369,54,5,67,0,1249,552,11,102,0,10,2944,1006,2020,25,427,891,323,126,213,928,127,413,1944,760,1462,687,153,10,356,287,44,812,23,386,182,121,37,402,223,30,120,123,32,43,39,624,301,57,1,853,284,1117,8,147,291,103,129,49,147,36,9,19,59,725,34,5,488,208,217,212,25,101,368,140,145,220,155,344,45,346,101,570,185,71,103,791,37,154,7,13,46,59,52,173,471,14,63,73,88,198,43,287,39,171,4,0,108,134,155,14,60,340,977,341,65,285,97,399,851,90,359,65,30,222,149,389,48,51,302,39,137,143,746,13,110,531,39,291,297,71,468,251,1084,1840,355,525,106,2,17,0,62,4,619,6,765,114,534,119,500,276,0,223,574,428,217,41,0,124,152,252,726,6,33,191,952,532,77,1211,115,114,98,169,179,815,17,1230,86,92,31,1240,2269,227,64,273,528,1204,302,1168,48,19,2,4,23,862,44,1384,588,360,63,2650,83,99,4,28,124,402,247,1,42,60,34,5,8,2259,629,327,685,0,47,804,50,24,415,86,2,255,709,679,208,153,189,50,359,392,193,1,228,1,190,2,22,296,57,145,8,388,367,12,209,69,14,42,237,1956,130,612,464,683,2159,648,963,758,906,44,5,269,53,1,387,134,303,114,2753,1166,0,640,347,195,11,723,64,85,343,751,508,59,409,2,4,212,1125,362,1,327,1846,6,0,0,0,5,0,434,555,8,6,169,177,788,109,7,71,45,442,48,1551,1,101,438,345,272,126,4,28,829,2,186,0,57,3,313,252,23,1294,127,69,573,1239,31,0,1065,13,284,4,878,91,174,185,766,544,26,172,109,1952,562,1,62,4,58,510,24,16,608,247,973,0,3050,56,2140,2381,0,699,0,2,14,112,50,2812,624,16,14,46,2,667,0,5,550,55,979,16,461,1032,61,17,55,1092,236,161,89,1141,200,1,0,11,2,0,42,1047,0,35,219,45,357,11,549,0,18,18,1715,20,21,52,123,200,134,205,861,898,145,4,125,65,2051,1,114,0,12,1003,3,681,150,203,89,1027,289,0,0,678,856,193,3,61,544,18,1063,11,5,318,121,1938,29,331,384,1002,16,117,0,449,308,386,1378,0,25,13,2,1951,37,3,1,1029,2499,131,333,80,32,13,11,1,104,235,0,29,353,239,174,1269,31,55,648,1,125,0,499,32,1799,97,336,0,44,1021,57,27,36
"gene_759",0,0,0,0,0,9046,0,0,0,0,0,0,0,0,2,224,511,3451,0,0,615,5,0,0,0,6,0,0,169,0,0,0,109,0,0,0,33,0,503,13,0,94,0,0,0,48,0,0,0,0,0,79,0,0,1232,0,1,0,230,0,0,211,0,5746,0,0,16,0,474,1538,0,15,0,1,0,0,0,0,0,0,2,0,0,6,11942,0,2,0,7,0,5883,0,433,0,0,8,0,73,0,0,252,4,140,0,0,0,0,13,0,0,72,0,0,0,0,0,4052,7265,0,0,4,0,0,57,3455,0,0,0,0,0,0,792,0,0,10,0,0,0,0,0,0,0,0,17,1405,0,0,0,0,0,0,0,0,0,104,0,0,298,1,0,0,166,0,0,0,12,0,0,1,0,0,0,0,0,1648,1335,0,0,1,324,3058,8,0,0,243,88,19,4838,151,0,0,2,2165,5277,4815,66,0,1,7,0,549,252,0,37,0,0,13,4,754,0,1,0,1080,1146,716,0,0,0,6,0,4,150,0,87,24,0,0,16281,0,0,9,0,5,14,0,10411,139,8,0,0,0,0,1,0,0,7522,5198,79,1929,0,0,0,0,0,0,1,92,0,0,14380,21,0,0,0,1,0,0,0,1,2316,0,2,0,3,0,0,0,0,0,0,0,0,0,0,0,0,0,0,0,0,14,0,0,1,0,1,2,0,0,0,0,0,0,0,0,0,0,0,0,0,31,0,0,36,208,417,0,76,0,2213,0,0,14,0,0,0,0,722,0,2,4,0,0,0,0,0,0,2037,0,0,1,0,2,5,11,0,27,0,0,0,59,0,224,0,2732,0,0,0,0,1,0,385,39,0,0,0,0,4544,0,0,0,0,789,0,5,1,0,0,0,0,6825,0,0,0,0,0,0,0,0,0,0,14,490,0,47,0,0,0,228,0,0,0,0,248,1,0,0,605,0,0,0,0,0,0,0,0,0,188,1,0,63,0,924,93,0,257,0,0,0,0,0,0,0,0,5094,1071,0,186,168,201,6285,0,0,0,751,2,739,8,0,115,0,13,445,0,0,10,1336,0,38,572,105,0,78,0,0,0,0,314,0,4269,40,0,1716,0,186,0,0,0,57,8878,0,0,100,0,0,0,0,221,2,194,0,0,0,0,0,0,147,883,457,1,106,0,6810,25,0,0,1,0,8,0,0,0,0,17,148,1,40,2,402,0,0,0,0,1591,0,0,6,89,0,0,2,0,0,0,107,199,0,0,4268,113,0,27,0,189,11,140,2325,0,0,0,0,0,0,815,0,0,5,0,3,511,0,0,7,11,0,1,0,1007,185,17,0,0,1,0,0,0,0,0,5,0,0,0,62,0,0,0,2943,0,0,33,1210,0,31,0,0,0,0,0,4,0,0,31,0,0,0,0,0,0,0,0,0,0,0,1211,0,0,0,0,0,0,0,44,0,125,0,0,233,1,135,0,0,0,6909,0,13,0,0,0,7,0,80,0,0,0,595,11,0,0,58,0,0,0,0,0,0,0,860,0,0,0,3966,0,44,0,0,0,0,0,0,0,0,0,0,0,1511,0,0,358,0,0,182,0,27,1,0,0,214,0,0,0,0,0,1,2,0,0,0,209,0,0,0,0,0,0,0,0,6,0,0,7117,0,2276,0,0,0,0,0,0,13,71,3,0,0,0,0,0,0,0,0,0,0,103,0,0,0,0,0,51,555,0,0,0,0,26,0,0,0,0,0,0,2623,0,0,0,96,0,253,0
"gene_760",21,0,305,109,4025,594,0,405,187,14,267,695,5532,1024,1003,4,1252,143,580,347,0,41,674,487,391,1699,47,845,132,7,4,3,51,3524,209,7,2,9,428,1123,494,13,500,20,462,413,2041,12,39,4,383,540,1390,972,16,1749,464,110,385,222,1978,1067,34,238,346,4,408,823,604,181,62,2115,17,578,509,4,1,74,1004,3,6,94,60,4648,0,358,28,0,868,184,19,3353,66,3023,13789,696,1360,131,7416,1100,4522,11411,0,4035,10556,3473,4663,8033,497,714,1222,279,81,372,109,72,15,685,448,1978,1627,7,8,777,903,12385,16,951,2096,0,59,693,1455,1034,1762,351,48,5605,4713,2,5088,11338,8294,9690,8910,0,5460,231,737,2425,2459,0,862,124,4315,237,1526,8461,8405,505,9293,20652,40,265,3364,1624,2576,3343,656,13700,798,1109,0,358,34088,213,4932,6,4852,2491,6,375,22728,8372,596,1424,2179,3407,8298,13842,0,13,2640,23,1407,2648,1095,481,3775,223,2854,422,17156,7855,511,1078,3409,2472,461,7140,210,304,2205,22,3604,1375,2091,1502,1225,5619,915,3093,7535,2017,9100,8139,175,2556,75,330,187,159,109,7753,3290,2557,2492,1121,728,94,7031,3319,11356,17,6406,179,6421,26859,108,23,723,8249,9904,186,12328,425,7175,566,17390,2983,1503,4148,2101,468,210,11455,300,2812,2743,8695,2086,19316,4219,2195,5599,3125,1865,6418,5252,2034,276,6048,5366,1776,833,2844,11426,2755,14256,2330,1848,222,4935,1986,7784,2925,738,2971,3651,1194,4391,3105,2911,4037,13701,217,2015,2851,2667,423,7223,2562,2459,1681,1042,4520,1094,11576,11290,348,4978,4307,13383,7674,666,2079,4776,3944,3024,5995,6499,378,1425,1590,7439,798,335,837,126,11150,1996,4962,17935,4671,12860,220,2716,7057,8799,16,11311,749,1049,3277,4522,174,350,4477,2650,864,736,3081,6166,2635,2930,8124,3786,8953,1755,3925,523,180,2778,5485,2224,10943,5979,11372,182,2841,4383,14600,4683,3694,6832,4256,156,536,8136,13444,6885,10881,1584,8490,2673,3417,3992,2015,3444,5439,8271,4419,2537,4043,4007,1560,2336,3185,531,3531,10164,3992,28297,857,11805,1803,5165,1310,3144,5038,6893,1605,2949,6273,222,12131,2057,2889,9510,4948,1344,8134,2166,5812,8609,6324,4220,5257,1657,6623,8308,1870,7866,4379,7171,9611,27641,6714,3696,2122,15225,2345,9379,721,7445,1817,33534,11425,13374,11664,3664,5673,4193,2720,12008,625,11528,1611,4959,7417,5942,3749,10401,384,2465,2496,5109,7684,510,1061,2649,4147,4890,1673,5923,620,3153,8883,2009,3349,2804,13716,14197,16820,3166,2787,2230,6252,2478,10777,2612,5126,1021,6465,6353,2553,7587,8780,7320,293,3211,9194,2364,2342,5479,1106,3672,9485,4265,5511,807,6757,5576,6021,1649,8118,8339,18619,7361,6942,8587,3828,2293,21315,13581,17554,9496,6985,6677,29947,9745,2916,4102,5215,2454,9544,4456,3757,641,6887,1157,1619,16389,6966,8575,16695,6732,17025,2900,1758,2423,4771,15437,3403,8030,3117,7872,1707,1146,8689,7685,9383,2234,10289,11229,24118,8672,8059,11,34543,11930,89885,13914,11799,10483,1531,4344,18934,27691,1460,6088,1078,10958,990,4688,25,2776,3606,3514,7706,6490,9880,4456,7428,15951,20354,10737,12191,352,1057,10714,14866,1090,124,5509,2312,2744,6033,8646,5551,2553,3848,2201,764,35435,34919,17944,6035,1378,4384,7437,24647,7873,1035,2156,32984,16992,6564,9031,14151,3092,5136,24182,10781,11538,290,8133,43595,12700,3224,2402,408,38,753,268,5363,8971,1933,523,687,5301,2546,6606,86,39,18483,218,2159,14407,15936,6885,7877,322,4604,954,2016,2418,885,991,2600,1449,7577,17560,5008,20139,2853,885,3911,40451,16526,14824,5101,587,4235,21506,2050,7347,4287,2859,4840,11,3576,18783,184,34850,1296,1092,23198,6274,3930,4849,2061,727,1651,877,7692,1505,7921,119,13538,906,20210,14460,2264,7783,38823,4465,13068,30520,1201,230,492,841,16677,3939,16053,1349,20385,10518,177,28829,1477,3120,11098,3215,37024,9872,5509,829,80,1980,33162,5188,447,1093,15652,1315,685
"gene_761",1808,0,0,0,0,2,0,0,0,171,4,1163,0,135,7,262,31,3,1,0,0,3,0,0,10,0,0,213,0,32,63,0,1343,0,43,0,0,1,0,0,0,0,0,0,7,0,0,0,3,0,0,0,2,56,0,0,0,0,0,0,0,0,0,0,0,13,0,188,0,0,0,184,0,0,0,51,0,3,1618,0,304,2,17,0,0,171,12,0,0,0,0,0,0,0,0,1,14,0,0,0,0,23,0,0,0,0,0,11,0,0,0,0,0,0,0,55,30,0,4,0,0,0,66,0,267,0,0,100,0,0,1,0,0,0,0,0,0,1,0,0,211,83,323,0,32,0,0,0,0,185,0,3181,0,3372,0,0,1,0,0,0,0,0,0,0,131,8,0,0,0,22,0,503,0,12,0,0,0,0,3656,0,0,0,0,0,27,1910,0,0,0,0,0,0,0,1,0,0,0,0,0,0,4,69,5,51,0,0,181,758,0,138,0,0,123,37,705,0,0,3,0,0,0,285,11,0,1,0,0,0,0,2255,0,1541,0,0,2,0,22,312,172,0,0,0,0,0,3631,4,584,0,0,0,0,0,297,0,12,0,4,0,4,0,0,11,0,0,0,0,0,1,0,0,0,0,0,0,1,0,1365,7,0,0,0,0,572,0,0,0,0,0,0,0,0,1411,0,0,0,0,0,44,0,0,0,0,0,0,0,1,0,0,0,0,0,0,3,0,1,0,0,0,0,0,0,0,0,6,0,0,0,0,0,0,0,63,25,0,0,0,0,0,0,811,0,0,0,0,0,2,0,0,1,0,83,0,0,0,215,0,0,0,127,0,0,695,0,0,0,0,0,0,0,0,0,0,0,0,0,9495,0,0,74,0,10952,0,0,682,0,0,0,0,0,2,0,0,34,33,538,0,0,62,0,3129,0,0,2,0,0,0,0,1,0,0,0,0,0,0,0,0,63,1196,0,0,0,15,5,565,31,0,0,0,35,4,0,0,0,0,0,0,2,0,0,398,0,0,0,40,0,0,1,0,0,4217,0,0,0,0,2,26,818,10,0,229,11,0,0,426,0,11,0,0,68,0,38,615,0,0,0,468,0,3,0,0,8,0,49,102,0,0,0,5,11,0,0,531,3,1,0,0,6,0,0,212,0,0,3127,0,137,0,1,1,0,0,5,0,26,0,11,0,0,0,0,13,0,2,12,0,0,0,1940,0,0,0,0,0,0,895,0,0,0,125,0,0,0,52,0,0,0,1,0,0,0,0,19,0,0,2,0,0,0,0,0,0,46,0,0,0,0,0,0,235,27,454,0,0,0,0,0,19,0,0,40,0,0,2021,0,0,6,0,0,8,0,0,419,0,21,0,621,0,397,0,0,0,0,0,0,0,0,0,81,0,0,723,0,1,0,0,0,0,1,0,1,0,0,1,0,12,0,32,0,13,0,0,0,25,0,0,0,8307,94,0,63,0,5,0,0,0,0,0,0,0,64,3,0,2,0,0,0,0,0,0,0,0,0,0,0,0,0,0,0,2166,0,111,0,0,0,0,0,0,0,642,0,0,0,0,0,0,0,0,0,0,1,64,0,0,0,0,116,0,210,0,0,25,0,0,7,15,0,0,1,0,0,0,0,0,0,0,2,1174,0,0,2634,0,0,0,0,4,2898,379,0,0,0,0,0,0,0,1,72,0,0,0,0,0,0,0,0,0,0,0,0,0,0,0,0,0,0,0,0,0,0,39
"gene_762",0,0,0,0,0,0,0,0,0,0,0,0,511,0,0,0,0,0,0,0,0,0,0,1692,0,0,36,0,0,0,1,0,0,0,0,14790,0,0,0,0,0,0,0,0,0,0,0,520,0,4,0,219,0,0,358,77,0,0,0,0,0,0,0,2729,0,0,5,0,0,0,0,1,0,0,0,0,0,234,575,174,0,0,0,0,0,0,0,0,0,0,0,0,0,0,0,0,0,0,0,0,0,0,22,0,0,0,4,0,0,1,0,5,0,0,0,0,0,0,0,0,0,0,734,0,0,0,0,1,0,0,0,0,0,0,0,0,0,0,0,0,2955,0,0,0,0,0,0,0,0,34,0,0,0,0,16,0,0,0,0,0,0,0,0,15,0,0,1,358,0,0,0,0,0,0,0,0,0,0,0,0,0,4619,0,0,0,0,0,0,0,25,0,0,0,0,3,0,0,0,0,0,0,0,0,0,0,0,0,0,0,0,0,0,0,58,6884,8,0,0,0,0,0,0,2,0,0,0,1,0,0,0,0,0,13,0,0,0,0,0,0,0,0,0,0,3128,0,0,0,0,0,0,4,0,0,0,0,0,0,0,0,0,0,1,0,60,0,111,0,0,0,0,709,0,0,0,0,0,0,0,0,0,61,0,406,0,0,0,0,0,1815,0,0,0,0,0,0,0,0,0,0,0,0,0,0,0,0,0,49,88,0,1,0,2351,1669,4,17,25,6,0,0,0,0,0,0,0,187,0,0,0,16133,127,5,72,32,1022,403,1,438,0,0,0,0,29,0,0,0,0,0,0,0,0,4094,0,0,0,1,2,0,602,0,0,0,0,37,0,0,0,2,0,3830,0,0,0,0,0,0,482,474,0,0,97,182,0,0,4,0,2,3,0,0,0,0,0,703,368,2,0,0,24,0,0,0,2289,0,5268,0,0,280,0,1330,1,3,0,8,23043,0,0,0,0,0,0,0,0,0,0,98,0,176,0,0,0,0,0,0,0,0,0,1,0,0,0,21,73,0,0,42,0,0,0,0,37,0,1,0,0,0,1187,0,0,242,8,67,0,0,52,0,5,0,0,534,2,0,1,0,42,1479,431,0,0,1158,0,0,2043,0,2681,0,0,0,0,0,0,15,3,0,0,0,0,0,658,95,0,0,0,0,10715,0,0,0,32,0,0,0,0,0,14,0,0,0,0,0,0,4,0,0,7,11,77,126,16,1540,1,0,0,0,0,0,0,844,0,294,134,0,73,0,1,0,274,0,0,2,1,0,0,0,2235,0,0,0,0,0,0,0,0,0,1434,0,0,0,22,0,0,0,11,0,0,0,0,0,0,0,0,0,0,0,0,0,0,0,16843,22,0,0,0,52,1,48,1182,40,0,0,242,0,0,0,5,2240,0,0,0,0,0,0,0,0,18,0,0,0,0,0,0,0,476,0,0,321,4594,0,0,0,7,0,0,0,0,0,0,0,0,0,0,0,0,0,0,0,0,27,0,0,4756,0,3518,0,0,384,0,0,0,0,1087,0,0,0,692,0,0,0,0,2,0,0,0,0,0,0,0,0,153,0,0,0,0,0,0,0,31,0,38,0,0,0,0,0,0,106,0,7744,0,0,0,612,0,0,0,0,54,4,0,0,0,438,275,0,0,1,0,0,0,0,0,2,0,0,0,0,0,2,0,0,0,0,0,0,0,74,0,0,15,0,0,9,0,0,0,0,416,420,2623,56,203,0,0,0,0,0,0,0,0
"gene_763",106,0,0,0,357,0,0,0,0,0,0,0,0,84,0,1,0,0,0,0,0,0,0,0,0,0,0,0,0,0,0,0,0,0,0,0,0,0,0,0,200,0,0,0,0,0,0,0,10,0,0,0,0,0,0,0,0,0,0,0,0,0,0,0,0,0,0,0,0,0,0,0,0,0,0,0,0,8,0,0,0,0,0,0,0,3,0,0,0,0,0,0,0,0,0,0,0,0,0,0,0,0,0,0,0,0,0,0,2,0,0,0,0,0,0,0,0,0,0,0,0,0,0,0,1,0,0,0,0,0,0,0,0,0,0,0,10196,0,0,0,0,2,0,0,0,0,0,0,0,0,0,0,0,0,0,0,0,0,0,0,0,0,0,0,0,0,0,0,0,0,0,0,0,0,0,0,0,0,0,480,0,0,0,0,0,0,0,0,2,0,0,0,0,0,0,0,0,0,0,0,0,0,0,0,0,0,0,0,0,0,0,0,0,0,0,0,0,0,0,0,0,0,0,0,1,0,0,0,0,0,0,0,0,6,0,0,468,0,0,0,0,0,0,0,0,0,0,0,0,0,0,0,0,0,0,0,0,0,0,0,0,0,0,0,0,4,0,0,0,0,0,0,0,0,0,0,0,0,0,0,0,0,0,0,0,0,0,0,0,0,0,0,0,0,0,0,0,0,1,0,0,0,0,0,0,0,0,0,0,0,0,0,0,0,0,0,0,0,0,0,0,0,0,0,0,0,0,0,0,0,0,0,0,0,0,0,0,0,0,0,0,0,0,0,0,0,0,0,0,0,0,0,0,0,0,0,0,0,0,0,0,0,0,0,0,0,0,0,0,0,0,1,0,0,0,0,0,0,0,0,0,0,0,0,28,0,0,0,0,0,0,0,0,0,0,0,0,0,0,0,0,0,0,0,0,0,0,0,0,0,0,0,0,0,1290,0,0,0,1873,0,0,0,0,0,0,0,323,0,0,0,0,0,0,0,0,0,0,0,4,0,0,1,7,0,0,0,0,0,0,1,2,0,8,0,0,0,0,0,1207,0,0,0,28,0,0,0,89,12,0,0,0,0,0,0,0,0,0,20,0,106,0,0,0,0,0,310,159,5512,0,0,0,0,0,0,0,0,0,16,0,0,0,0,0,0,0,0,0,0,0,0,0,0,0,0,13,0,0,0,0,0,67,0,0,0,0,0,0,0,0,0,0,0,0,0,0,0,221,0,0,0,0,0,0,0,0,0,0,0,0,0,0,0,0,0,0,0,0,0,0,0,0,0,0,0,0,0,0,0,0,0,0,0,178,0,0,0,0,0,0,0,0,0,0,0,0,19,0,0,0,0,0,0,0,0,0,0,0,0,0,0,0,0,0,0,21,0,0,0,0,1,0,0,0,110,0,0,0,0,0,0,0,0,0,0,0,0,0,0,0,0,0,0,2,0,0,0,0,0,0,0,0,0,0,0,0,0,64,0,0,0,0,0,0,0,0,0,0,0,0,0,20,0,0,0,0,0,0,0,0,0,0,0,0,0,0,0,0,0,0,0,0,0,1,0,0,0,0,0,0,0,0,0,0,0,0,1,0,0,0,0,0,0,0,0,0,0,0,0,11,0,0,0,0,0,0,0,0,0,0,0,0,0,0,9,0,0,0,0,0,0,0,0,15,0,0,0,0,0,0,0,5,0,0,0,0,0,0,4,0,0,0,0,0,0,0,0,0,0
"gene_764",0,0,0,0,0,0,0,0,0,0,294,0,0,0,0,0,690,0,0,0,0,0,17,0,2,0,5,0,0,0,0,0,0,2,38,0,283,0,1,1,0,0,0,0,0,38,0,0,0,0,0,0,0,0,0,0,0,0,0,0,0,0,0,0,6,0,0,0,0,0,0,0,0,0,5,27,498,226,0,1100,0,0,0,0,5260,0,0,0,0,0,0,0,0,0,0,0,0,0,0,0,0,7,0,0,0,0,0,0,0,0,0,0,0,0,0,0,0,0,0,0,0,0,0,0,0,0,0,0,0,0,0,0,0,0,0,0,0,0,0,0,0,0,0,0,0,0,0,0,0,0,0,0,0,0,562,0,0,0,0,0,0,0,0,0,0,0,0,0,0,0,0,0,0,0,0,0,0,0,0,0,0,0,0,17,0,0,0,0,0,0,0,0,0,2,0,0,2,0,2,2,0,29,0,2,3,0,2,0,0,0,2,0,4,0,4,0,0,0,0,2,0,19,0,0,6,0,0,2,0,0,0,0,0,6,5,0,0,0,0,0,0,20,0,4,0,2,2,1,0,0,3,0,0,4,0,0,17,0,1,1,0,0,0,0,0,0,0,0,0,0,0,0,0,0,0,0,0,0,0,0,0,0,0,0,0,0,0,0,0,0,0,0,0,0,0,0,0,0,0,0,0,0,0,0,0,0,0,0,0,0,0,0,0,0,0,0,0,0,0,0,879,0,0,0,52,0,0,0,0,0,0,0,0,0,0,0,0,0,0,0,0,0,0,0,0,0,0,0,0,0,0,0,0,0,0,0,0,0,0,0,0,0,0,248,0,0,0,0,0,0,0,0,0,0,0,0,0,0,0,0,0,81,0,0,0,0,0,0,0,0,0,0,0,0,0,0,0,0,0,0,0,0,0,0,0,0,0,0,0,0,0,2,0,0,0,0,0,0,0,0,0,0,0,0,0,0,0,0,0,0,0,0,0,0,0,17,0,18,0,0,0,0,0,0,0,273,0,0,0,0,10,0,0,0,0,0,0,0,0,0,0,0,0,0,0,0,0,0,0,2,0,0,0,0,382,0,0,0,0,0,0,295,0,0,0,0,701,0,221,1524,0,0,0,0,0,0,2,0,0,0,0,0,0,0,0,0,29,0,0,11,0,0,0,0,0,0,0,0,0,0,0,0,0,0,0,0,0,0,0,0,0,0,0,0,0,0,347,0,0,0,0,0,0,0,0,0,0,0,0,0,4,0,0,0,0,0,0,0,0,0,0,0,0,0,0,0,5,0,0,0,0,0,0,0,0,0,0,0,6,0,0,0,0,0,0,0,0,0,0,1,41,0,143,0,0,0,0,0,0,0,0,0,310,0,0,0,0,0,0,3,0,0,0,2,0,0,0,611,0,0,0,0,1,0,0,0,27,0,0,0,0,0,5,0,0,0,0,790,44,0,0,0,0,0,0,0,0,0,4,0,0,0,0,0,0,0,0,539,0,0,13,0,0,0,0,0,0,0,0,0,0,0,0,0,0,0,0,0,1,0,0,0,0,0,0,0,0,0,0,0,0,0,1,0,0,0,0,0,0,0,0,0,0,825,0,33,0,0,0,0,0,0,0,0,0,0,0,0,0,0,0,0,0,0,0,0,0,0,1,0,2,0,0,0,0,0,0,0,0,12,0,0,0,0,0,13,0,0,0,0,0,0,0,1,0,0,0,71
"gene_765",0,0,102,204,0,0,0,0,0,0,1436,0,0,0,0,0,0,0,0,0,1,0,8,0,41,0,0,1,1,6,0,0,0,0,0,2,0,0,116,162,0,381,45,54,0,13,0,4,324,1,1,0,0,2,0,19,0,0,1,94,538,37,0,0,0,0,4,0,0,0,1,0,0,0,0,2108,2,0,0,0,0,0,0,315,0,0,0,949,19,0,0,0,0,0,0,0,0,0,0,0,0,0,0,0,1,0,0,0,0,5,0,0,0,0,0,6622,0,0,355,0,6,0,0,192,813,2,0,0,209,0,0,62,0,0,0,0,0,0,15,0,0,2831,0,0,0,0,9968,0,0,0,0,448,0,765,0,0,0,0,4393,0,0,25,79,0,0,197,1,100,0,0,0,0,0,0,0,0,0,0,0,0,0,0,0,0,0,0,0,7,0,0,2666,0,0,0,8753,44,0,0,41,4,0,3,0,0,0,0,806,0,0,0,0,0,306,0,4245,0,0,0,0,0,153,0,0,1535,397,0,0,0,0,134,0,3,507,0,457,0,11310,1,586,0,0,207,363,0,33,9,0,0,1,682,0,63,2,215,0,0,200,0,43,0,0,0,0,2,0,0,0,0,0,0,0,0,0,0,0,0,2,0,0,0,0,0,0,0,0,0,0,0,0,0,0,0,0,0,0,3,0,0,0,4,0,0,0,1,0,0,0,0,0,0,0,0,2,59,0,0,13,1,0,0,0,0,0,0,6,0,0,515,0,0,0,0,78,0,0,0,0,0,0,0,0,0,0,2,0,5,0,0,0,0,0,0,0,0,0,0,0,0,0,0,0,0,0,0,0,0,0,0,0,0,0,59,0,0,0,0,0,0,0,0,0,0,0,0,0,0,0,0,0,0,0,0,0,2,0,0,0,10,0,0,0,0,0,0,0,0,0,0,0,0,60,0,0,0,0,0,0,0,0,0,0,0,0,9,0,0,0,0,0,0,0,0,19,3,0,0,0,0,10,0,0,0,2,0,0,0,0,18,0,48,1442,4,1,0,91,105,0,0,0,0,349,506,81,0,0,3,0,1,0,122,0,0,61,0,0,117,0,0,0,0,0,0,1,0,0,0,0,66,0,0,469,338,0,0,677,0,0,0,78,0,0,0,0,0,1,28,0,32,24,0,0,121,1,42,3,1,0,0,0,0,0,614,14,0,2,16,48,0,50,0,0,0,0,0,0,55,0,0,1,0,0,2,0,84,95,0,0,27,76,92,0,239,1,0,0,0,0,0,0,424,0,0,6,0,0,5,0,22,320,0,18,0,0,252,2676,6,0,1,0,0,191,689,21,1844,0,0,522,2948,0,207,0,2,0,0,0,5,0,0,1,0,0,263,0,1,0,0,8,0,0,0,0,288,843,19,0,0,33,0,6,0,22,0,0,1303,51,10,0,0,604,0,0,0,0,12,89,0,465,0,0,0,0,0,0,0,435,254,112,0,0,0,16,0,357,137,0,0,7,0,0,1666,44,1359,0,0,65,5,1,0,1,0,0,10,2,0,0,0,139,157,0,1,0,50,444,102,3,53,65,5,75,3,27,0,2085,2,0,0,1,0,0,53,0,90,4,0,0,2343,1616,0,107,0,0,10,0,0,2812,0,0,0,0,0,0,0,0,10,93,633,857,0,80,0,0,0,0,82,0,0,339,44,0,10091,0,0,39,2,0,0,448,29,0,0,0,0,0,11,0,0,0,0
"gene_766",0,0,0,0,0,0,0,2,0,0,0,0,0,0,0,0,0,0,0,0,0,0,0,0,0,0,0,0,0,1450,0,0,0,0,0,0,0,0,0,0,0,182,0,0,0,0,0,0,0,0,0,0,0,0,0,0,0,0,0,0,0,0,0,0,0,0,0,0,0,0,0,0,0,0,0,0,0,0,0,0,0,0,398,0,0,0,0,0,0,0,0,4,0,0,33,4,1,1,2,0,178,998,2,6786,0,0,5335,0,120,2,0,254,204,10,0,0,0,1575,447,1,0,3437,8,0,101,3,0,4,0,1855,246,0,2776,0,11,0,40,654,2664,0,14,0,0,0,3164,4,267,147,0,47,27,0,352,5794,8,13865,12473,0,0,0,227,1930,0,0,3576,4,4,2406,725,4,264,17167,0,0,67,1,0,0,716,0,3665,0,107,776,0,2896,313,1317,1,0,0,331,368,134,0,2,132,0,0,11,0,0,0,0,5,1227,7,380,44,0,46,53,10346,22,1,1795,6,314,0,391,297,215,0,0,0,2115,455,0,6514,9,0,0,45,55,0,26,0,5510,0,0,4,0,0,124,11,95,0,2748,27,1521,0,0,20,1,101,0,0,0,218,376,0,0,0,0,0,0,0,0,0,0,0,0,0,0,0,0,0,0,0,0,0,0,0,0,0,0,0,0,0,0,0,0,0,0,0,0,0,0,0,0,0,0,0,0,0,0,0,0,0,0,0,0,0,0,0,0,0,0,0,0,0,0,0,0,0,0,0,0,0,0,0,0,2017,0,6,0,0,0,0,0,0,0,0,0,0,0,0,0,0,0,0,0,0,0,0,0,0,0,0,0,0,0,0,0,0,0,0,0,0,0,0,0,0,0,0,0,0,0,0,0,0,0,0,0,0,0,0,2,0,0,0,0,0,0,0,0,0,0,0,0,0,0,0,0,0,0,0,0,0,0,0,0,0,0,0,0,0,0,0,0,0,0,0,0,0,0,0,0,0,0,0,0,0,0,0,0,0,0,0,0,0,0,0,0,0,0,0,0,0,0,0,0,0,0,0,0,0,0,0,0,0,0,0,0,0,0,0,0,0,0,0,0,0,0,0,0,0,0,0,0,0,0,0,0,0,0,0,0,0,0,0,0,0,0,0,0,0,0,0,0,0,0,0,0,0,0,0,0,0,0,0,0,0,0,0,0,0,0,0,0,0,0,0,0,0,0,0,0,0,0,0,0,0,0,0,0,0,0,0,0,0,0,0,0,0,0,0,0,0,0,0,0,0,0,0,0,0,0,0,0,0,0,0,0,0,0,0,0,0,0,0,0,0,66,0,0,0,0,0,0,0,0,0,0,0,0,0,0,0,0,0,0,0,0,0,25,0,1167,0,0,0,0,0,0,0,0,0,0,0,0,0,0,0,0,0,0,0,0,0,0,0,0,0,0,0,0,250,0,0,0,0,0,0,0,0,0,0,0,0,0,0,0,0,0,0,0,0,0,0,0,0,0,0,0,0,0,0,0,0,0,0,52,0,0,17371,0,0,0,0,0,0,0,0,0,0,0,0,0,2,0,0,0,0,0,1,0,0,115,0,328,0,0,0,0,0,0,0,0,0,0,0,0,0,0,0,0,0,114,0,0,0,0,0,0,0,0,2,548,0,0,0,0,0,0,0,0,0,0,3164,0,0,0,0,0,0,22,0,0,0,0,0,0,0,0,0,0,5,0,0,0,0,0,0,0,0,0,0,0
"gene_767",440,0,0,0,0,0,65,0,0,0,0,0,0,0,0,0,0,0,1,0,0,0,0,0,0,0,0,0,0,2099,0,1,0,0,0,0,0,51,0,1,0,0,0,0,21,0,0,0,0,0,0,0,0,0,0,0,0,0,5,1,0,0,0,0,0,0,0,0,0,0,21,0,0,0,0,0,0,0,115,0,0,0,0,1,0,0,0,0,0,0,0,0,0,0,1,0,0,0,0,11,1,0,2,0,1,4,1,1,0,1,0,0,1,0,1,0,0,0,0,1,0,0,0,0,1,0,0,0,1,1,0,0,3,0,1,0,0,1,0,0,1,3,0,0,6,0,4,0,1,2,4,0,1,0,0,1,3,6,0,0,2,3,2,0,0,1,4,0,0,0,0,0,0,2,3,3,0,0,0,0,2,1,0,7,0,5,0,4,1,6,9,0,0,6,0,0,0,0,214,427,0,0,0,0,0,0,0,0,0,0,0,0,0,0,0,0,0,0,0,0,0,0,0,210,0,0,0,0,0,3169,0,13,1,0,0,0,0,0,0,0,34,0,0,0,0,0,0,0,36,0,0,0,0,0,0,0,96,0,3,0,0,0,0,0,0,0,0,0,2,0,1,0,0,0,0,0,0,0,0,4,0,0,0,0,0,0,0,0,0,0,0,0,0,0,0,0,0,0,0,698,0,0,0,0,0,0,0,0,0,0,0,0,0,0,0,0,0,0,0,0,0,0,0,2889,0,0,0,0,0,0,0,0,0,0,0,0,0,0,0,0,0,0,0,0,0,0,0,0,0,0,0,0,0,0,0,0,0,0,0,0,0,0,0,0,0,0,0,0,0,0,0,0,0,0,0,0,9365,0,0,0,0,0,0,0,0,0,0,0,0,0,0,0,0,0,0,0,0,0,0,0,0,0,0,0,0,0,0,0,0,0,0,26,0,0,0,0,0,0,0,0,0,0,0,0,0,0,0,0,0,0,0,0,0,0,0,0,0,0,0,0,6,1,0,3,0,1,0,0,0,0,0,0,0,0,0,0,0,0,0,0,0,0,0,0,0,0,0,0,0,0,0,0,0,0,9,0,0,0,0,0,0,0,0,0,0,0,0,0,0,0,0,0,0,0,0,0,0,0,0,0,0,0,0,0,0,0,0,16,0,0,0,0,0,0,0,0,0,0,0,0,0,0,0,0,0,0,0,0,0,0,0,0,0,0,0,0,0,0,0,0,0,0,0,0,0,0,0,0,0,0,0,0,0,0,0,0,0,0,0,0,0,0,0,0,0,0,0,0,0,0,0,0,0,0,0,0,0,1847,0,0,4,59,0,0,0,0,0,0,0,0,0,0,0,0,0,0,0,0,0,31,0,0,0,0,0,65,0,0,0,0,0,0,0,0,0,0,0,0,0,0,0,0,0,1,0,0,0,0,0,0,0,0,0,0,0,0,0,0,0,0,0,0,0,0,0,0,0,0,0,0,0,0,0,0,0,0,0,0,0,26,0,0,0,0,0,0,0,0,0,0,0,0,0,0,0,0,0,0,0,0,0,0,0,0,0,0,0,0,0,0,0,269,0,0,0,0,0,0,0,0,0,189,0,0,0,0,0,264,0,0,0,0,0,0,0,0,0,0,0,0,0,0,0,0,0,0,0,0,0,0,0,353,0,0,0,0,0,0,0,0,0,0,0,0,0,0,0,0,0,0,0,0,0,0,0,0,6,0
"gene_768",0,56,76,0,0,674,0,1,383,0,18,1,192,659,12,508,0,8,23,0,0,0,330,0,8,1,0,0,0,16,2129,725,0,0,1956,636,11,0,1663,0,15,0,0,676,0,3,0,422,0,124,12,15,0,17,1,1133,26,18,3,1,31,0,0,0,0,1820,0,385,0,0,0,73,2,2500,147,52,0,990,0,0,0,0,3,4493,12,0,0,0,19,12,433,0,0,0,345,0,0,80,5,0,0,0,0,0,0,0,0,0,0,0,0,0,0,0,0,4,0,0,0,304,0,0,0,0,0,0,0,0,0,4,0,0,0,4,0,0,0,1,0,0,0,0,0,0,987,0,18,0,0,0,0,0,0,0,0,0,0,36,0,0,0,0,0,0,0,0,0,0,0,0,7650,14,0,0,0,0,0,0,0,0,0,0,0,0,0,0,0,0,0,0,0,51,0,0,0,0,0,0,0,0,0,0,0,0,0,0,0,0,0,0,0,0,0,0,0,0,0,0,0,0,0,0,53,0,0,0,0,0,1,0,282,0,0,0,12,219,0,0,0,0,0,0,0,0,0,0,0,0,0,0,0,166,0,0,13,0,2,0,0,0,0,11,0,10,0,0,0,43,0,0,36,0,7565,0,0,0,997,0,1,4585,1,7,0,0,0,0,485,139,0,13006,0,1131,1162,0,0,0,170,165,4134,0,975,0,0,2120,0,0,1,13,218,0,2916,0,0,0,21,0,0,2,0,189,0,0,1,61,0,9,54,0,0,514,3,26,0,0,0,4,7,218,0,2049,0,1,0,210,68,0,0,558,0,0,0,0,0,618,4,584,0,393,0,0,67,136,6,0,1332,2,21,0,1,0,235,88,367,30,2,0,0,0,4773,633,0,0,29,0,0,18,2877,0,0,0,770,0,0,0,0,0,197,1464,1638,8,0,0,174,0,1083,1,0,0,0,0,84,144,203,1,0,1238,0,284,0,0,0,61,0,0,40,0,11,21,1,0,0,0,1567,0,0,0,0,0,0,0,0,0,0,0,0,0,0,0,0,0,0,0,943,0,0,0,15,0,360,0,0,0,24,83,0,0,0,0,0,0,0,0,15,0,0,0,0,0,0,0,0,0,0,130,0,0,4,0,0,0,0,0,0,0,0,0,0,0,0,0,0,0,1,0,0,0,0,0,0,1,0,0,0,0,0,0,433,0,1,28,0,0,0,0,0,0,47,0,0,0,2943,0,0,0,0,4552,0,0,0,0,28,0,0,0,0,0,0,0,0,0,0,0,0,0,0,457,0,0,0,0,1,0,10037,0,1,0,0,0,0,0,0,0,0,0,0,0,0,0,0,0,0,0,0,0,0,0,1,0,0,0,0,0,0,0,0,0,1,0,0,0,0,0,0,0,0,0,0,0,0,0,0,0,0,0,1,0,9,0,0,1,89,0,0,0,0,0,0,0,0,0,0,0,0,0,0,0,0,0,0,0,0,28,0,0,0,0,2,0,0,0,0,0,1,0,0,0,0,0,2,0,0,0,43,0,0,0,9,0,0,0,0,0,0,0,0,279,0,0,0,0,0,0,0,0,0,0,0,0,0,15,1,0,0,0,0,0,0,0,0,0,0,0,0,0,0,0,0,0,0,0,0,0,0,0,0,0,0,0,0,0,0,0,0,0,1,0,0,42,0,0,0,0,0,0,0,0,0,0,0,0,0,0,0,0,0,0,0,0,0,0,0,2465,0,0,0,0,0,0
"gene_769",0,0,0,0,8204,0,16,5,0,4,408,0,1,0,528,17,0,0,0,0,0,0,0,2814,0,0,0,0,0,0,0,0,0,46,0,0,154,4,27,0,0,2,0,0,0,0,0,0,0,0,306,0,0,0,125,0,0,0,0,1063,0,0,0,0,0,6,0,6,0,0,0,5,0,0,0,0,0,4,0,0,0,0,0,0,0,0,0,0,0,0,0,0,0,0,0,0,0,0,0,0,0,0,0,0,0,0,0,0,0,0,0,0,0,0,0,0,0,0,0,0,0,0,0,0,0,0,0,0,0,0,0,0,0,0,0,0,0,0,0,0,0,0,0,0,377,0,0,0,0,0,0,0,0,3,0,0,0,0,0,0,0,0,0,0,0,0,0,1884,0,0,0,0,0,0,0,0,0,0,0,0,0,0,0,0,0,0,0,0,0,0,0,0,0,0,0,0,0,0,0,0,0,5006,0,0,0,0,0,0,0,0,0,0,0,0,0,0,0,0,0,0,0,0,0,0,0,0,0,0,0,0,0,0,0,0,0,0,0,0,0,0,0,0,0,0,0,0,0,0,0,0,0,0,0,0,0,0,0,0,0,0,0,0,9,1,0,0,0,0,0,0,0,0,1,0,0,0,0,0,0,0,0,0,0,0,0,0,0,0,0,0,0,0,0,0,0,0,0,0,0,0,0,0,0,0,0,0,0,0,0,0,0,0,0,0,0,115,0,0,0,0,0,0,0,0,0,0,0,0,0,0,0,0,0,0,0,0,0,0,0,0,0,0,0,0,0,0,0,0,7,0,0,0,0,0,0,0,0,0,0,5,0,0,0,0,0,0,0,0,0,0,0,0,0,0,0,0,0,0,0,0,0,0,0,0,0,0,0,0,0,0,0,0,0,0,0,0,0,0,0,0,0,0,0,0,0,0,465,0,0,0,0,0,585,0,0,0,0,0,0,0,0,0,0,0,0,0,0,0,0,0,1,0,0,0,0,0,0,0,0,0,0,0,0,0,0,0,0,0,0,0,0,0,0,0,0,0,0,0,0,0,0,0,0,0,0,0,0,0,0,0,0,0,0,0,0,0,0,0,0,0,0,0,0,0,0,0,0,0,0,0,0,0,0,0,0,0,0,0,0,0,0,0,0,0,0,0,0,0,0,0,0,0,0,0,0,0,0,0,0,0,0,0,0,0,0,0,0,0,0,0,0,0,0,0,0,0,0,0,0,0,0,0,0,0,0,0,0,0,0,0,0,0,0,0,0,0,0,0,0,0,0,0,0,0,0,0,0,0,0,0,0,0,0,0,0,0,0,0,0,0,0,0,0,0,0,0,0,0,0,0,0,0,0,0,0,0,2,0,0,0,0,0,0,0,0,0,0,0,0,0,0,0,0,0,0,0,0,0,0,0,0,0,0,0,0,0,0,0,0,0,0,0,0,0,0,0,0,0,0,0,0,0,0,0,0,0,0,0,0,0,0,0,0,0,0,0,0,0,0,0,0,0,0,0,0,0,0,0,0,0,0,0,0,0,0,0,0,356,0,0,0,0,0,0,0,0,0,0,0,127,0,0,0,0,0,0,0,0,0,0,0,0,0,0,0,0,98,0,195,0,0,0,0,0,0,0,0,0,0,0,0,0,0,0,0,0,0,0,0,638,0,0,0,0,0,0,0,0,0,0,0,0,0,0,0,0,0,0,0,0,0,0,0,0,0,0,0,0
"gene_770",167,9673,59,12,105,300,230,1004,104,362,2548,14384,113,5,382,108,324,7201,2239,155,18,3810,659,882,1174,134,393,6,1672,632,2956,0,57,232,8706,5443,1615,3449,76,15557,875,176,1811,294,9565,274,324,5389,41,3708,664,3632,222,2019,2769,1430,1248,5047,2816,443,1893,11431,1471,499,749,4649,2685,2641,6112,1231,12549,639,158,979,3879,316,982,1218,7669,5165,1209,99,935,1813,6678,1196,429,4055,1573,1122,9827,1134,634,8127,5409,25,5887,23,15284,573,283,1883,240,0,7092,0,396,2941,31,90,47874,497,2976,0,8285,507,25,69,150,198,0,1501,281,501,1366,1,9,326,893,1939,112,4429,2199,3,542,13240,12914,2895,17,1214,652,0,85,3820,37353,741,571,8188,2654,297,6,5672,453,365,8636,10157,15831,94,347,96,2090,1,78,5573,43076,1250,19988,322,497,40380,2405,13507,19579,89,0,4,871,894,8377,6,78,431,27,0,1171,4737,64,12233,9,16,13922,1808,1970,4080,14166,15855,2299,738,361,4946,2122,218,759,40,680,40,3802,55,2136,149,137,4662,5240,444,630,3594,4374,138,1,21709,117,891,706,20257,2,20775,0,865,13330,104,0,7456,1,6,4796,1875,7571,1583,6702,97,17176,7892,1070,140,4577,97,111,8,217,9097,8559,104,7114,8850,1775,1837,1860,2062,1131,1096,10,4,1521,5,11007,20,8324,1,177,1,29,18087,58,3,563,58,1158,5044,8323,1344,369,3842,3332,110,802,1306,734,3973,171,101,1851,87,5754,10586,450,163,8277,0,1508,3687,34,3002,297,223,4703,2778,1,216,107,0,4950,0,14386,932,4,1195,159,20223,4572,267,253,3661,366,0,577,0,726,2146,330,13011,5,710,6799,51,1479,1577,7188,745,2383,4,113,1,1530,3474,66,101,527,21,0,304,1702,4544,937,16562,20,744,1002,2824,1634,548,297,9394,4888,1614,1705,8,9155,5183,56,190,29,399,2946,59,2605,17172,6468,3,1010,5,5943,9777,405,8721,5658,9401,15,8548,7,5113,1,794,43,0,1117,10712,1113,13261,471,5693,205,180,20,159,9,3750,25,3910,4,69,975,75,968,52,13198,458,305,242,616,5528,2905,265,2543,1590,38,1579,5824,233,0,527,3166,3379,3434,1364,0,180,75,229,3476,0,426,1797,1,14,173,1674,5654,54,34,51,428,0,383,46,122,2450,4,3464,1700,373,3,0,716,0,1,4,8,768,56,265,16,1223,3153,3,29,6,2,5,0,1551,0,1,0,5214,3218,721,169,0,1218,0,192,0,9411,423,910,0,407,0,2498,23,476,369,488,0,270,108,752,1820,121,601,0,1777,1387,63,13,263,3,117,84,1812,2,0,142,736,11,1689,568,11,0,46,1528,0,109,3,1549,0,108,7,29,3086,2455,227,119,288,49,0,0,1989,2604,7267,1,1937,2,0,78,124,2662,35,33,479,1445,708,188,269,911,255,18619,1764,661,3504,8003,2334,1025,966,0,69,74,1845,0,6056,28266,7,0,1,0,0,1634,2949,3,6,149,45,13622,0,54,16,11721,0,5353,43,6609,2407,97,5520,9371,709,3632,9013,7221,3891,36,423,1141,0,0,1,1,0,3,1403,708,155,271,6,8,0,435,49936,0,3151,1651,178,1,128,250,683,25654,1159,0,264,1882,0,0,15,165,0,557,16,5149,202,2416,0,19,1,419,1300,648,4802,12,32,0,6258,151,149,7,15911,2260,116,3358,3360,369,17894,276,5,0,0,636,2,1206,2,94,0,4503,445,8,16717,649,3,390,160,705,0,3116,0,2,0,3110,0,9412,1049,276,3,144,1196,0,323,0,8918,2093,38,32,0,996,606,243,8520,0,0,21,0,0,0,602,0,8,0,23,1384,4558,271,320,3536,124,399,1707,21269,9642,23690,31,4241,461,1124,24726,1356,159,0,484,8612,1568,918,705,0,34,3,9721,172,350,0
"gene_771",3026,0,1175,835,14,520,528,139,2582,2868,695,9399,33864,397,9,15792,25,2119,2289,23,2625,0,4227,473,86,14,0,19563,71,4048,15,837,78,5341,193,0,5450,551,414,2,1943,149,566,14,183,673,405,871,1152,10,1134,0,1123,877,87,0,730,87,1247,1956,5668,2453,0,1075,1049,9,2696,2167,7,2571,1271,281,0,247,1019,2603,2134,7461,1694,641,34,18,60,313,33,230,899,11634,1366,239,820,0,2564,221,2479,0,258,0,0,3,0,135,0,4916,3,943,2627,6737,0,0,2601,0,2,24,101,1781,40,0,3,1451,10,207,2011,1253,18619,839,20,0,2210,0,0,2,2041,6211,2,1,8349,0,3973,285,883,2783,2392,102,0,40870,13341,236,11204,87,246,6224,1508,3647,9583,5367,160,35600,0,243,609,106,4515,5223,0,9869,308,25,412,137,4587,8287,671,2559,0,1132,38,2,67,0,12081,35246,18832,30462,266,0,16471,15127,18,0,0,428,795,469,0,903,3,128,0,75,11,9,0,0,261,0,19735,0,0,10,1,38110,0,0,749,6232,10,344,927,21918,0,0,451,92,0,7121,0,526,968,1,0,0,2347,0,269,36,0,166,1,36,1007,0,867,36,0,255,0,131,0,0,792,0,0,0,0,5,43934,4,46391,11,9060,5,89,183,29,420,30326,278,738,2070,2638,3098,4444,7997,1627,3758,14841,1,267,32,1,4069,1567,604,311,3740,2701,4,163,6206,7012,2454,89,3805,1134,2477,267,364,590,5435,16,1,9,539,156,55,8,2,504,3,11635,209,3200,76,446,27,0,16385,1945,375,31,12118,3175,6308,534,7539,457,20765,3196,1426,1749,476,22803,5121,16,37,178,1160,5,5,6,607,158,5269,17,1451,5747,137,2884,693,163,88,4589,905,1474,16280,6184,3167,8,2926,102,511,3061,0,18439,3001,2979,923,575,24,7744,6,6590,36,38,694,11,1426,6690,2222,4298,11793,540,127,6361,1288,159,9822,953,88,1203,89,11213,6129,3641,2404,35635,420,3918,1029,2364,779,17,778,339,1514,190,850,43,1032,577,1,67,80,223,706,0,726,490,744,4122,278,30,2,307,48,286,4,5195,1403,4277,104,97,5497,406,8,367,5,0,896,313,57,766,27,1771,1534,6923,64,31,646,0,54,41,1,792,15,2285,2304,0,4836,1,0,25,1525,1062,24038,1333,9862,15,1540,0,250,75,4,624,12,23,285,825,1,1046,17,9,0,23,128,793,0,187,67,0,0,1042,199,1,26,9162,315,14,2,59,2960,3460,2239,651,766,37,1648,103,0,0,2064,291,653,6215,1280,104,4525,33,46,394,22,5,64,5,0,367,446,1,4978,12837,47,811,7180,688,370,8,1570,2792,3,183,0,415,994,623,0,1040,44,8,36,5,2,1442,7505,5,0,21,6263,0,0,1,365,2120,117,3,2087,112,452,0,33,0,0,0,185,0,560,1155,0,0,71,3,4,0,0,1,0,2,5,0,0,23,23,814,3457,0,2,231,0,189,500,7895,44,361,945,81,0,0,1735,446,5009,364,277,0,0,364,382,665,3609,15,1,1650,1,3992,3,0,92,32,26,0,0,8567,7,44,7,1101,1,9633,14,0,6374,137,11,1450,0,0,7895,32,0,5128,0,2446,17,0,1463,10472,28,0,0,3,318,1,40,0,3171,712,370,518,324,8903,81,2,10386,1,4389,1,0,1,1006,43,17,26,318,8,736,3312,0,1,896,22428,13,76,282,0,0,1,444,9,626,23,985,12028,0,210,0,0,378,0,14504,103,21,42,230,63,30,1510,29200,7,85,25,51,0,2145,5886,5,0,0,4076,1201,181,4629,7,0,21,2,0,0,592,85626,39,0,33,0,4,0,66,6,368,0,197,3,1,517,40,9381,0,2653,4805,5861
"gene_772",0,0,0,16,0,0,13,0,307,0,0,0,0,0,0,4476,365,0,0,0,7,0,0,8,0,0,0,0,0,0,0,0,0,0,0,0,0,0,604,0,0,0,0,115,0,0,0,0,0,0,0,0,0,0,0,0,0,0,0,0,0,0,0,0,0,151,0,7,0,0,0,0,11,0,0,0,0,1,0,0,10,0,0,0,0,0,0,0,0,7,0,0,0,0,0,0,0,0,0,0,0,0,0,0,0,0,0,0,0,0,0,0,0,0,0,0,0,0,0,0,0,0,0,0,0,0,0,0,0,0,0,0,0,0,1,0,0,0,0,0,0,0,41,0,0,0,0,0,3,0,0,0,0,0,0,0,0,0,0,0,0,0,0,0,0,0,0,6,0,0,0,0,0,0,0,0,0,0,0,0,0,0,0,0,0,0,0,0,0,0,0,0,0,0,0,0,0,0,0,0,0,0,0,0,0,0,0,0,0,0,0,0,0,0,0,0,0,0,0,0,0,0,75,0,0,0,0,0,0,0,4,0,0,0,0,0,0,0,21,0,0,0,0,0,0,6,0,0,0,0,0,0,0,0,0,0,0,0,0,0,4,672,0,0,0,122,142,585,0,0,0,0,228,0,0,0,0,0,1,0,0,0,0,0,0,0,3,0,0,0,0,0,0,0,0,0,44,0,0,0,0,2,0,0,0,31,1,0,140,0,645,0,0,0,0,36,0,75,0,1,0,1,4,89,0,2,0,167,0,281,2,0,0,0,189,4,1376,0,45,0,1,38,693,0,0,13,0,4,0,31,242,94,0,9,1,1,0,0,1,0,37,97,0,37,87,0,0,0,0,0,118,0,0,0,0,1784,388,700,4,3,0,0,403,0,0,0,0,11,0,0,0,5,11,0,0,0,0,3505,486,1,0,0,0,0,0,0,1,0,0,0,0,712,0,0,0,0,0,1,0,0,0,0,0,9,0,0,9,0,0,111,0,105,0,0,0,133,0,0,0,0,0,0,1,0,1,0,0,0,0,0,0,0,0,0,0,0,0,0,0,0,0,0,0,0,0,0,0,63,309,0,248,0,0,0,0,0,0,0,0,0,0,1,0,5,0,0,87,42,0,0,0,0,0,0,12,0,0,0,0,0,0,0,0,0,5,0,0,0,0,0,0,20,0,0,0,1,0,0,0,3061,0,9,0,0,0,0,0,1,0,1573,0,0,0,0,0,0,0,0,159,0,0,0,0,449,362,0,0,0,0,0,0,4,0,0,0,0,0,21,4,0,0,0,0,0,0,0,0,0,1,7,0,0,0,0,0,0,0,0,0,0,0,0,0,0,1,5,0,0,0,1827,0,17,26,0,0,0,0,0,0,0,0,0,0,0,0,0,0,0,0,0,0,0,0,0,0,0,0,0,0,0,0,0,0,0,0,0,0,0,0,0,0,0,0,0,0,0,0,0,0,0,0,0,0,0,65,0,0,113,0,0,117,10,0,0,192,0,0,144,0,0,0,0,0,0,0,0,0,0,0,0,0,0,0,0,0,0,0,0,0,0,0,17,0,0,0,0,0,0,0,1,0,0,0,0,2,0,134,0,0,0,0,0,0,0,0,0,0,0,0,0,0,0,0,0,0,0,0,0,0,0,0,0,0,0,0,0,0,0,0,18,13,0,0,0,0,0,0,0,0,0,1,0,0,0,0,0,0,1,0,1,0,0,0,0,0,0,0,0
"gene_773",76,1948,49,0,0,3874,456,718,0,0,2,119,1,0,675,0,19,3,0,0,277,216,17,347,523,0,133,347,589,125,0,4,0,47,0,3,266,6,3,123,144,1,1893,8,98,2,1,159,0,0,20,0,201,0,81,0,78,26,49,92,0,86,47,3115,119,343,277,1021,18,1414,3,304,0,327,2,10,0,3016,606,246,28,8,26,90,68,172,0,0,679,190,92,1,3238,4066,60,6755,839,120,31454,19027,3328,19567,11216,6154,33397,4261,2225,7747,4829,2460,7473,6306,1538,6145,33657,1988,61,6142,2327,13839,800,3729,1504,2690,2389,6072,6359,2817,4284,16432,2718,2136,76,12711,110669,18314,8686,20230,32648,679,8794,23790,5126,35600,14971,20031,5021,138810,7679,20454,4278,397,1296,11009,58915,2587,9348,18211,18790,21,10461,3373,6278,12792,12988,18361,11111,9384,1844,7200,204183,71350,85611,8388,11227,50942,11259,2151,1442,52820,615,40077,22008,33166,28904,28999,33204,27123,25387,40553,52819,34033,109067,8966,4509,18959,8549,1210,7192,1939,4204,1173,8827,1788,1407,1705,895,7851,1152,2625,15700,1997,11822,7362,7328,2949,5204,9876,3279,4801,2599,4561,4194,1431,16502,2347,350,3732,27831,11937,6031,21185,1571,2666,13025,18531,9840,25078,3927,868,9309,5290,13470,5558,74,14671,28152,6627,1056,1438,11822,9477,2828,2169,9271,27312,8032,636,869,5529,64153,97361,14139,38170,38066,54055,98443,72344,34226,29880,53103,73782,38532,183427,61253,62706,35724,37418,73717,23113,29019,100399,173145,135953,74844,69883,32139,84027,85344,103786,19678,76214,42604,97261,136100,33846,19667,50675,86062,43084,68696,53686,52448,25679,59167,55256,84587,115331,72153,29583,68265,87596,62042,41174,86263,24558,102758,192314,64588,18924,39284,29808,23667,55979,21200,77165,157847,220029,186095,79594,40843,14126,93566,92316,55412,63644,19283,26995,110986,55682,13701,34012,114779,100424,165915,8837,65600,103532,178638,31086,64657,72694,65485,37251,86993,20958,73434,132509,79479,70414,42114,59684,32038,84325,92302,45695,26930,159862,35114,163430,78410,33721,22141,55761,33613,99083,104654,76556,149803,21009,133461,57017,91457,42220,95691,44474,29838,139466,147343,162062,92721,61326,52241,96358,105148,84492,74251,27020,131431,43299,72056,23792,108010,64273,89527,45477,60046,140583,49891,68918,25056,60911,59862,150173,60829,115180,109466,136221,6860,92085,77206,75083,44654,134536,8992,94758,82144,20506,103752,77348,82851,116084,4262,5807,18922,5659,1434,10940,23102,21169,34004,4917,7481,8049,16297,7181,26585,577,45926,3841,7997,10427,5030,4831,5627,5067,27222,14399,16963,4044,5163,23212,31819,24211,20241,4045,2733,14529,7472,985,3678,9165,3834,4450,10033,16418,18536,2261,10320,3563,64418,14238,5639,3850,2970,2471,4441,3469,3197,7779,6855,32876,19133,3405,19879,7005,2707,15561,10943,11468,24964,6344,25814,16741,54875,41533,7301,6309,4739,12948,1245,8898,3222,12847,9853,11538,5599,22725,11334,114060,1970,2880,28169,8059,9326,7762,45035,45873,19893,49046,77326,497,6014,15452,16008,9856,14393,42171,21838,1599,17174,1202,16096,4211,36409,17332,11730,2491,1602,19341,16664,12917,14631,9428,10228,6877,12029,1524,10511,46313,6818,19736,11966,29992,9980,66415,11139,15826,3052,8864,53613,5136,3743,7814,6532,6671,9542,26123,14188,8531,43966,2522,9658,2761,48337,16055,5639,40258,1760,822,4343,329,4427,9107,8315,8321,47876,26,4808,18566,19468,32468,1973,28708,2217,4931,6159,1954,12246,155,3446,646,4560,6627,11480,7185,9269,12204,19925,9658,22764,2418,8479,52,219,1639,2998,8600,2836,3908,9020,6516,8175,138,6350,21846,37720,6373,866,3613,47729,1821,20124,4092,7065,22018,8645,224,6706,73975,5099,4648,1193,956,2769,21300,15417,21731,7150,27786,5093,4350,1197,10508,11924,25856,22,6441,166,3510,5088,2340,13343,3200,8074,776,2163,2763,4113,18161,10197,6460,16976,3195,526,6889,2964,21766,18651,12789,3518,5822,0,44756,1020,6428,12462,23402,12,1621,64524,2073,6369,2068,7612,1481,586,17891,12864,33548,2998,6247,3608,11116,9265,16116,150,3100,8922,17646,7974,4368,10737,2148,7114,15773,10416,8860,854,2855,2753,28984,3829,4223,151,2369,3289,40115,8499,1969,15199,196,64,7746,16732,50232,10487,5048,7949,19196,23899,17383,2282,13300,6313,2752,5477,4126
"gene_774",0,10,0,0,368,0,0,0,34,0,0,0,5,0,274,0,0,0,27,1,0,1,1079,1,0,169,221,0,0,1418,0,12,0,0,1738,0,0,269,0,1969,0,0,0,0,0,0,68,0,321,0,0,424,0,0,0,0,0,0,0,0,0,145,450,0,0,1,1438,0,0,0,3,7,2,0,1,0,0,9,0,3346,0,1,0,0,0,0,0,0,0,0,0,0,0,0,0,0,0,3,0,0,0,0,2,0,0,1,0,0,0,68,0,0,0,0,0,0,0,227,0,0,6,1,0,1,0,0,61,0,0,0,0,18,0,0,0,84,0,3,0,0,31,9,9,0,0,1,0,0,0,0,0,0,0,0,0,6,0,0,0,0,0,41,0,37,0,2,1,5,1,2,85,0,0,500,0,2,1,0,0,209,2,0,0,0,0,177,0,0,0,0,0,74,1,0,0,0,0,0,0,0,0,12,0,0,161,0,0,0,0,0,0,3,0,0,51,0,85,0,0,0,5,0,0,0,0,0,0,0,0,2,0,0,0,0,14,0,0,0,0,9,22,0,0,0,0,0,271,0,0,0,0,662,4613,0,0,0,250,0,3398,175,1,0,0,0,0,0,0,0,0,0,1,0,0,0,0,0,0,0,0,120,0,0,452,9,0,0,0,0,0,0,0,0,0,0,0,0,0,0,4,0,0,0,0,0,0,0,0,0,0,365,0,0,0,0,0,0,0,1,0,0,0,0,0,0,0,0,0,0,0,0,0,0,0,0,0,0,0,0,0,0,0,0,0,0,0,0,0,42,0,0,0,0,307,0,0,0,0,0,0,0,0,0,0,0,0,0,0,0,0,0,0,0,0,0,46,0,0,0,0,0,0,0,0,0,0,0,0,0,0,0,0,0,0,0,0,0,0,0,0,0,0,0,0,1,2,0,0,0,0,0,0,0,0,71,739,0,0,0,0,0,13,0,0,0,0,3,0,0,0,0,0,112,0,0,0,110,0,0,0,0,0,0,0,0,0,1,0,0,0,0,0,0,0,0,0,0,0,0,0,0,0,0,0,0,0,3,0,0,0,0,0,0,47,0,7,0,0,14,0,0,0,0,0,16,0,0,0,0,0,0,0,0,0,0,0,20,0,0,3,0,0,0,0,0,0,0,0,0,0,0,105,0,0,0,0,0,0,0,0,0,0,0,0,0,0,0,0,0,0,0,0,0,0,0,0,0,0,0,0,0,0,0,0,0,0,0,0,0,0,0,0,0,0,0,0,0,0,0,0,0,0,0,0,0,0,0,0,0,0,82,0,0,0,0,0,0,0,0,0,0,0,9,0,0,26,0,0,177,0,0,0,0,0,0,0,0,0,0,0,0,0,0,0,0,0,0,0,0,0,0,0,0,0,0,0,0,0,0,0,0,0,0,0,0,0,0,0,0,0,0,0,0,0,0,0,0,0,0,0,0,0,0,0,0,0,0,0,0,0,0,0,0,0,0,0,0,0,0,0,0,0,0,0,0,0,0,0,0,0,0,0,0,0,0,0,0,0,0,0,0,0,0,0,0,0,0,0,0,0,0,0,0,1,0,0,0,0,0,0,0,0,0,0,0,0,0,0,0,0,0,0,0,0,0,0,0,0,0,0,0,1,0,0,0,0,0,0,0,0,0,0,0,0,0,0,0,0,0,0,0,0,0,0,0,0,0,0,0,0,0,0,0,118,0,0,0,0,0
"gene_775",16,167,4186,0,342,409,0,357,202,13,1198,2,806,1125,311,0,3717,3178,4852,472,17,176,3712,1535,456,19,397,1727,609,1904,48,2841,0,5,3348,461,25,152,774,812,990,3,3319,7,5,7359,1,0,3363,186,394,440,368,0,46,2640,608,1936,127,3733,0,27,110,3492,203,247,351,2,113,842,3,0,3,57,5664,1883,274,18,285,46,651,536,167,5277,1,763,0,28,268,46,5771,189,12008,475,8958,233,3503,2,1417,2120,24370,2086,170,4507,8198,4320,2722,629,12550,605,9439,45,1099,9075,34933,640,1264,222,5927,148,576,946,1237,2599,12,16038,1482,876,8173,7738,429,16859,2508,9482,1400,11100,21,16961,2,1296,0,1434,3134,669,84694,4454,154,34602,71329,46483,15773,2487,3132,12562,2483,2849,36409,15814,2,307,3328,5098,27,8489,2913,4614,288,3756,180,5335,15695,30043,1627,11900,2099,5246,685,323,8335,10400,7352,13266,1,1451,12,20684,1839,4924,12458,33,2349,4129,34,12357,28279,639,6825,6875,15210,2254,1642,1121,109,1805,11948,1094,1876,404,3179,2551,10939,12918,584,115,4677,887,2177,245,2011,2257,706,20780,3845,3125,3010,2144,8854,407,1647,5202,1071,1552,3571,3033,9215,28582,2229,320,6859,1428,9623,2213,847,5603,17574,7487,1900,16394,0,765,672,47336,7817,2063,2979,243,52,360,8952,670,86,0,9,0,0,3114,1809,438,4,164,228,289,829,1,0,3,108,1718,3098,88,28,7455,2560,164,40,1,17,15,27,294,158,149,2,3351,133,0,20,367,0,2,0,139,122,1890,1530,1010,273,1751,37,37,759,1209,125,0,389,1476,194,15,31,35,11,43,253,2608,0,254,123,284,0,21,1,10,293,681,340,5,24,63,11,153,4,41,184,290,0,79,2629,660,713,462,2710,653,3608,0,1475,522,13,4068,4,4,143,374,200,225,64,31,31,63,1209,324,8,8,13,2824,78,4,1481,384,692,230,1569,508,701,1369,13,1537,0,1622,298,4,928,522,25,262,211,11,4,4694,7,86,381,435,6,1,416,157,507,0,45,5064,373,244,424,638,4215,1805,3,12,9,0,48,25,14,353,165,810,5415,34,62,0,688,599,54,0,0,4252,1058,545,224,10429,108,2521,35,2312,298,130,0,2,0,1481,2080,1,20,1,0,19,0,4933,103,795,0,126,0,292,1154,0,4499,218,2487,231,48,10164,342,2,2607,167,0,634,0,533,6264,50,0,0,393,1969,54,1083,54,0,0,1952,2,335,1010,1513,159,264,0,368,56,0,0,999,9,184,1600,1,0,0,0,104,33,0,0,422,58,0,17690,41,29,0,1000,924,2020,5498,0,99,6,0,145,2494,584,3399,16,0,0,286,21,330,0,0,1,1005,0,1249,81,2607,0,2123,1,99,362,882,0,123,0,0,3838,10,2685,0,594,0,226,74,51,0,0,367,0,59,3114,0,118,2084,18,4,483,0,2165,0,2,105,191,0,6890,55,0,335,102,0,856,1685,1458,1961,171,597,351,0,0,623,3,0,10,1934,390,0,283,5093,3822,0,4047,0,0,85,6,0,51,496,581,216,85,1726,3,0,2,10,15,0,0,0,55,919,330,798,2,92,0,44,1318,619,35,0,0,1845,1973,33,0,262,16,597,0,145,5435,371,13,21,200,0,166,5,764,1729,1376,0,0,0,744,143,9,7,579,164,1258,0,25,1,2,1,136,6851,80,59,0,0,0,21,18,0,0,2885,0,0,6924,0,58,42,0,1732,108,2895,9491,4,5661,389,24,240,1,234,385,1536,0,0,3068,1,0,537,0,0,0,0,24,41,0,0,0,6,933,65,1,0,357,121,599,37,50,172,0,0,3,0,557,0,1138,9912,0,74,4,1,0,818,0,3,2744,48,0,1187
"gene_776",0,50,0,0,0,0,2234,52,0,0,0,0,14,0,0,0,0,0,0,0,0,0,0,0,2526,0,0,0,34,0,0,0,0,88,0,7216,0,0,0,0,0,0,29,12,0,0,0,0,0,1403,0,0,10,47,0,0,0,0,0,0,0,0,0,0,0,2,0,0,0,2,0,0,0,0,1770,14,0,0,0,0,0,0,0,0,0,0,0,0,0,0,0,0,111,0,0,0,96,0,9,0,0,26,0,0,0,0,0,0,0,0,0,14,0,0,0,0,0,106,0,0,0,0,0,84,0,0,0,2892,10,0,54,0,0,360,0,0,12,0,572,391,0,0,0,0,0,0,43,0,0,0,0,8,0,0,15,0,114,28,33,56,236,0,0,58,0,6386,0,0,3,208,0,338,0,0,0,1,819,0,2,0,457,0,10234,0,0,0,0,16,0,0,0,6,0,0,0,0,0,0,0,0,0,0,0,0,0,0,0,0,0,0,0,0,0,0,0,0,0,0,0,0,0,0,0,0,0,1,0,0,0,0,0,0,7,0,0,0,0,0,0,0,0,0,0,0,35,0,0,0,0,0,0,0,0,0,0,0,0,0,0,0,0,0,0,0,0,1715,0,1,0,0,0,0,0,0,0,0,0,0,0,0,0,0,0,0,0,0,0,0,0,287,0,0,0,0,0,0,0,0,1025,0,0,0,0,0,0,0,0,0,0,0,5053,0,0,0,0,0,0,0,0,0,0,0,4,0,0,0,0,0,44,0,0,0,0,0,0,0,0,4,0,0,0,0,0,0,0,0,0,0,0,0,0,0,0,0,0,0,0,0,0,0,0,0,0,0,0,84,0,0,0,0,0,0,1,0,0,0,0,0,1345,0,0,13,0,0,0,0,0,0,0,1852,0,0,0,0,0,0,0,0,0,0,0,0,0,0,0,0,1,0,0,0,7,0,0,0,0,0,0,0,0,0,0,0,0,0,0,0,965,0,0,0,0,0,0,0,0,0,0,0,0,0,0,0,0,0,0,0,0,0,0,0,0,0,0,0,0,0,0,0,0,0,0,0,0,0,0,0,0,0,0,0,0,11,0,0,0,0,0,0,0,0,0,0,0,0,0,0,0,0,0,0,0,0,0,0,0,0,0,79,0,0,0,0,0,0,0,0,0,0,0,0,0,0,0,0,0,0,0,0,0,0,0,0,0,0,0,0,0,0,0,0,0,0,0,0,0,0,0,0,0,0,0,0,0,0,0,0,0,0,0,0,0,0,0,0,0,0,0,0,0,0,0,0,0,0,0,0,0,0,0,0,0,0,0,0,0,0,0,0,0,0,0,0,0,0,0,0,0,0,0,0,0,0,0,0,0,0,0,0,0,0,0,0,0,0,0,0,0,0,0,0,0,0,0,0,0,0,0,0,0,0,0,0,0,0,0,0,0,0,0,0,0,0,0,0,0,0,0,66,0,0,0,0,0,0,2,0,0,0,0,0,0,0,0,0,0,0,0,0,0,0,0,0,0,0,0,0,0,0,0,0,0,393,0,0,0,0,0,23,0,0,0,0,0,54,0,0,0,0,159,0,0,0,0,0,0,0,0,0,0,0,0,0,0,0,2,0,0,0,0,0,330,0,0,0,0,0,5,0,0,0,3,0,0,0,0,0,325,0,0,1702,0,0,0,0,0,0,0,0,0,0,0,0,0,0,0,0,0,0,0,0,0,0,0,0,0,0,0,0
"gene_777",6,1112,0,27,60,8,361,255,292,914,34,161,0,1048,0,1191,0,3,5,45,18,376,0,0,0,64,399,2,0,173,0,101,0,4,2300,2929,553,1,957,347,1617,981,9,1,0,0,44,129,17,2,52,475,16,94,0,0,4,2042,721,84,302,704,715,3,1268,2057,0,10294,0,1154,209,0,2,161,185,0,1770,2,310,1,3120,6,0,36,1667,1,1000,122,132,118,21,428,17164,2,4,0,89,354,475,2050,242,107,177,93,9,8,2641,19341,62,197,0,31,0,652,3355,183,102,0,24,383,971,1008,45,0,80,18,0,0,480,2,184,0,537,38,1,2,115,8914,12733,2511,3373,19548,920,1230,9579,614,0,0,3517,0,40,267,1018,4705,16456,21,690,8649,0,517,0,109,708,0,37,10,2687,4266,14,0,1153,16569,0,1010,120,359,10982,1846,170,43,399,301,0,0,39,986,26,3369,2321,72,1153,0,2030,4,2,1609,3773,1,0,1682,0,253,8271,6184,0,49,447,360,0,0,7018,4825,1323,1064,0,7069,153,10,7512,1855,161,1,1174,288,1463,253,58,17,6,111,959,3,131,415,69,30,10,2190,904,2,335,379,4,431,3843,1,5276,0,1781,7,7787,561,117,2,0,0,0,79,6,34,27,0,3,0,0,0,699,55,0,204,98,1112,0,0,1,992,1,17,351,148,80,192,1,4,0,0,192,3222,192,0,1,524,0,763,0,840,0,256,3,188,0,0,44,13,3387,1,21,4,0,43,0,0,29,0,1,0,0,240,1,265,15,690,0,0,0,75,515,474,0,35,174,1,0,0,1,0,0,4,551,615,16,55,2638,72,775,3,2,359,323,19,122,1120,5012,10,402,9,42,1,359,7,678,47,0,174,3,0,59,379,4,728,12,71,674,1528,0,6,61,24,387,11130,0,15,0,0,0,1,23,2240,4,224,0,0,2661,13,0,0,294,7106,28,1,11,617,163,2410,4,0,136,1,674,0,1,144,0,5426,48,79,0,0,186,2656,0,187,126,3,23,473,0,0,352,67,281,6,90,0,113,0,0,0,1908,0,0,18,12,2,13,0,42,535,0,0,0,2,537,12,15,51,0,0,1498,220,0,0,14,50,5328,0,0,2,311,0,203,100,0,0,1,0,5,4,80,10,82,0,119,0,0,130,230,0,0,1166,103,0,0,0,1613,0,0,410,0,328,0,0,44,0,12,15,1,2028,432,0,0,0,0,5,0,650,48,37,0,22,3,17,489,0,0,0,0,11,0,0,0,0,4,96,0,0,1,2,7683,1212,331,0,0,0,0,0,0,0,422,52,6,100,0,0,0,0,0,0,1357,284,0,3,0,271,0,0,0,123,0,20,9,0,0,0,0,0,0,0,0,7,14,281,506,0,0,26,17,4,6,0,0,121,10030,1280,0,0,316,4,3,0,169,465,0,0,7,0,0,0,8,0,16,1,0,7,932,0,0,3003,4682,2377,0,31,0,35,14,86,0,0,0,0,13,2,0,0,1,2210,5,3,0,137,0,0,1018,30,0,7,0,1,0,2208,0,0,3826,0,41,0,575,3928,8,0,0,0,0,0,0,0,44,0,0,0,9,0,0,28,0,2599,0,39,639,1,0,2255,0,0,0,0,0,0,0,0,0,1,0,140,149,4,0,0,2,60,0,0,0,0,365,12,8,0,321,0,0,157,374,0,312,651,0,0,0,0,241,926,0,0,0,0,2495,0,237,0,15,0,0,614,0,0,0,1,2,6507,0,17,0,1,0,0,0,615,0,40,224,929,1,76,696,0,0,0
"gene_778",0,0,0,0,0,0,0,0,0,0,0,0,0,0,0,0,0,0,0,0,0,0,0,0,0,0,0,0,0,0,0,0,0,0,0,0,0,0,0,0,0,0,0,0,0,0,0,0,0,0,0,0,0,0,0,0,0,0,0,0,0,0,0,0,0,0,0,0,0,0,0,0,0,0,0,0,0,0,0,0,0,0,0,0,0,0,0,0,0,0,0,0,0,0,0,1,0,0,0,0,0,0,0,0,0,6,0,0,0,0,0,0,0,1,0,0,0,0,1,0,0,0,0,0,0,0,0,0,0,0,0,0,0,0,0,0,0,0,0,0,0,0,0,0,0,0,0,0,0,0,0,1,0,0,0,0,1,1,1,0,0,1,0,0,0,1,0,0,0,3,0,0,0,0,0,0,0,0,0,0,0,1,2,1,0,0,0,0,0,1,0,0,3,0,0,0,0,0,0,0,0,0,0,0,0,0,0,0,0,0,0,0,0,0,0,0,0,0,0,0,0,0,0,0,0,0,0,0,0,0,0,0,0,0,0,0,0,0,0,0,0,0,0,0,0,0,0,0,0,0,0,0,0,0,0,0,0,0,0,0,0,0,0,0,0,0,0,0,0,0,19,0,0,0,0,0,2,0,0,0,0,0,0,0,0,0,0,0,0,0,0,0,0,0,0,0,0,0,0,0,0,0,0,0,0,0,0,0,0,0,0,0,0,0,0,0,0,0,0,0,0,0,0,0,0,19,0,0,0,0,0,0,0,0,0,0,0,0,0,0,0,0,0,0,0,0,0,0,0,0,0,0,0,0,0,0,0,0,0,0,0,0,0,0,0,0,0,0,0,2,0,1,0,0,0,0,883,0,0,0,0,0,0,0,0,0,0,0,0,0,0,0,0,0,0,0,0,0,2,0,0,0,0,0,0,0,0,0,0,0,0,0,0,0,0,0,0,0,0,0,0,0,71,0,0,0,0,0,0,0,0,0,1,706,461,11,5,703,0,0,28,0,0,1909,0,19,0,0,84,0,0,963,0,0,0,0,4,10,0,0,0,0,0,3,3,0,17,79,0,0,0,0,0,1453,0,1,45,0,0,0,8,0,0,4,0,0,765,0,16,0,44,132,60,0,0,0,0,19,0,0,0,0,46,0,0,0,1,1592,0,0,0,2,3,0,0,0,0,3,2,23,13,0,0,67,28,0,0,0,0,0,10,9,278,1,0,1861,0,0,0,0,0,21,189,7067,0,0,0,53,0,0,0,0,0,1,0,2128,0,0,0,1,0,6,14,1,0,0,0,129,0,24,0,0,1421,0,7985,0,1,0,0,388,4,0,13,0,5,1,1027,6,0,0,0,0,0,2,2285,0,0,0,1,358,0,0,0,0,0,2,1006,3,0,8,0,0,0,31,0,0,583,0,0,150,0,0,46,0,0,1,0,246,0,0,0,0,353,0,0,10,0,0,0,0,0,1126,0,87,0,31,0,0,0,0,0,582,2,0,87,0,0,0,0,5,684,0,0,0,1,0,0,0,3,277,0,0,285,308,0,0,0,0,0,13,0,0,0,1,0,0,0,1102,0,2964,9,0,0,0,1263,0,0,0,0,1,0,0,5645,0,0,2603,0,0,0,0,232,0,0,0,0,0,0,0,0,72,0,0,2,129,128,808,0,0,0,0,3,0,34,0,0,1,0,209,119,0,0,0,0,0,0,3,0,0,0,0,0,0,0,0,0,1878,10,0
"gene_779",0,0,0,0,0,0,0,0,0,0,0,0,0,0,0,0,0,0,0,0,0,0,0,0,0,0,0,0,0,0,0,0,0,0,0,0,0,0,0,0,0,0,0,0,0,0,0,0,0,0,0,0,0,0,0,0,0,0,0,0,0,0,0,0,0,0,0,0,0,0,0,0,0,0,0,0,0,0,0,0,0,0,0,0,0,0,0,0,0,0,0,0,0,0,0,0,0,0,0,0,0,0,0,0,0,0,0,0,0,0,0,0,0,0,0,0,0,0,0,0,0,0,0,0,0,0,0,0,0,0,0,0,0,0,0,0,0,0,0,0,0,0,0,0,0,0,0,0,0,0,0,0,0,0,0,0,0,0,0,0,0,0,0,0,0,0,0,0,0,0,0,0,0,0,0,0,0,0,0,0,0,0,0,0,0,0,0,0,0,0,0,0,0,0,0,0,0,0,0,0,0,0,0,0,0,0,0,0,0,0,0,0,0,0,0,0,0,0,0,0,0,0,0,0,0,0,0,0,0,0,0,0,0,0,0,0,0,0,0,0,0,0,0,0,0,0,0,0,0,0,0,0,0,0,0,0,0,0,0,0,0,0,1,0,0,0,0,0,0,0,0,0,0,0,0,0,1,0,1,0,0,0,0,0,0,0,0,0,0,0,0,0,0,0,0,0,0,888,0,0,0,0,0,0,0,0,0,0,0,0,0,0,0,28,0,0,0,0,0,0,0,0,0,0,0,0,0,0,0,0,10,0,0,0,0,0,0,0,0,0,0,0,0,0,0,0,0,0,0,0,0,0,0,503,0,0,0,0,0,0,2073,0,0,0,0,2,0,0,0,0,0,0,0,0,0,0,0,0,0,0,0,0,0,0,0,0,0,0,0,0,0,0,0,0,0,0,0,0,0,0,0,0,0,0,0,0,0,0,0,0,0,0,0,0,0,0,0,0,0,0,2332,0,0,0,0,658,0,0,0,0,3,0,0,0,0,0,0,0,0,0,0,0,0,0,0,0,14,0,0,0,0,0,0,0,0,0,0,0,0,0,1183,0,0,0,0,0,1,0,0,12,0,0,0,0,0,0,0,0,0,0,0,0,0,0,0,0,0,0,0,0,13,0,0,0,0,0,0,0,0,0,2,0,0,921,0,1,0,0,0,0,0,0,0,0,0,0,11,0,0,0,2,0,0,0,0,0,0,10,0,0,0,0,0,0,0,0,3,0,0,0,0,0,0,0,0,0,0,1,0,0,0,0,198,0,0,0,0,0,0,0,0,0,0,0,0,348,10,0,0,0,0,0,0,0,1,0,0,0,1,20,0,0,0,0,0,0,0,0,0,687,0,13,0,1886,0,0,0,0,0,0,0,1,0,0,0,0,216,0,0,0,0,0,0,0,0,0,0,0,0,1,0,0,0,3,0,0,55,0,0,0,0,0,0,14,0,0,0,396,4,0,0,0,2,0,0,1,0,0,0,0,0,0,0,0,10,0,44,0,0,0,0,0,0,3,0,0,0,0,0,0,1051,0,0,11,0,0,0,0,0,0,286,0,0,0,0,0,0,14,0,16,0,0,537,0,0,5,0,7,275,0,0,0,1302,0,5,0,744,0,0,0,0,0,0,0,0,0,0,0,0,0,0,0,0,0,0,0,0,178,0,281,0,0,0,0,0,0,0,0,0,227,0,128,0,0,0,0,0,0,69,65,0,0,0,0,0,0,0,0
"gene_780",2871,3712,220,2813,1722,3,2962,3750,644,1723,19600,11987,5121,236,4170,6402,6163,950,5671,157,518,245,11933,39,7592,6164,49,2342,7151,11685,4512,2188,220,1905,10195,13472,1,2054,414,33,8651,282,3032,5809,338,2915,146,166,239,325,6183,204,1407,1591,608,13,11639,21303,642,3472,4460,5021,4988,81,556,2907,685,2,43,879,616,2171,29,2540,2013,48,6,2221,411,1194,11536,98,8019,982,495,374,765,2781,17140,322,3284,968,3022,3024,19,416,7324,7,7863,71,272,163,63,5951,9,520,205,6221,2955,1630,158,1108,124,481,1,6062,1446,81,3265,73,1,568,889,2462,32516,25108,44,517,414,8814,164,20,1353,3155,2140,10,116,1508,5564,8056,774,498,18371,76,3,177,16,72,25107,6741,477,74,9131,990,21569,6842,12366,3491,356,242,22083,933,1864,893,467,4335,1351,245,45,64,846,4541,5123,5997,586,1604,163,460,241,6264,16560,1407,10636,521,27,3885,5,2197,6290,772,16123,189,5063,2351,723,1043,637,130,5063,309,59,337,7694,0,123,785,5,232,6600,7378,3204,12170,3417,414,1002,15686,460,763,8375,18595,468,0,6193,244,1679,1,297,6480,53,893,0,144,764,4,875,1681,3,85,3674,1740,4506,5331,13,754,334,1755,5977,0,99,8108,20939,117,113,351,10095,64,26717,84,1392,4131,20,2629,112,162,102,4966,841,140,150,899,14480,15169,2583,3934,11641,1827,20,3108,3398,401,80,2011,6235,14600,31,3464,3120,1261,11828,1047,3847,0,27,466,3685,922,435,3026,125,4036,7036,1397,5547,3581,229,16257,623,275,667,2995,4026,1112,5721,1895,0,3981,648,2931,5154,1375,126,9497,532,799,4803,0,508,2486,2686,880,85,49,10,254,855,7157,783,986,6934,34,1413,459,10456,11585,3115,193,801,6600,327,346,3236,17411,0,1580,3216,703,1509,1382,310,1730,824,7464,774,11142,381,224,909,3546,294,707,1156,811,1,313,3894,3422,173,2246,3039,1,300,909,1,975,3125,51,1,15288,384,4495,419,4,1,6791,2,152,1389,1700,165,15644,4530,9354,1041,5717,105,90,3012,0,60,3428,2814,1143,1643,226,4437,2299,5,9001,369,3526,783,8693,1634,1061,12,2885,3797,940,63,373,1941,726,0,165,75,525,207,210,139,470,226,124,380,487,3,468,1969,1427,10,30,0,384,6,81,1828,0,299,313,658,1451,137,648,569,0,0,8,147,887,244,1571,123,88,35,287,788,1114,245,466,42,9,72,328,394,81,47,63,41,2514,44,42,24,4413,328,187,32,0,5,2,214,2,0,519,462,232,1340,252,26,112,695,208,774,4,188,287,47,63,186,0,6106,2,6,162,46,2,14,2943,3741,711,2164,1,25,1522,358,0,106,42,104,487,1,11,2333,37,284,2218,395,0,42,20,906,55,313,28,464,218,1978,3066,13,9321,178,63,12,136,351,0,711,0,864,142,102,0,0,11,0,9267,0,337,17664,550,5,786,54,0,0,3201,1,1,0,0,3,334,5,2,1434,246,1502,1,22,0,40,0,1,0,72,0,2,7,6,5620,29,187,299,31,366,786,2219,1414,2020,0,5732,2,24,1,0,5,1054,808,0,69,33,1945,35,3781,4,46,0,2047,402,53,289,0,0,425,1558,325,320,99,2848,468,0,1030,619,398,0,105,2,0,7,7,1070,624,628,0,172,42,1,1,44,0,0,0,0,8,1,1,169,0,21,262,4588,15,414,11,35,233,3270,13,0,42,73,60,0,0,18,1,23,160,719,61,145,53,4,146,1061,138,1,0,0,8,4964,5502,0,895,818,8,644,0,1297,82,334,0,282,1,6,1134,135,4521,701,486,870,910,88,0,3266,1385,112,119,804,645,0,2,772,6627,377,1638,7,767,21,65,2547,147,18,4286,242,891,268,0,158,6263
"gene_781",0,0,0,0,0,0,0,0,0,0,0,0,0,0,0,0,0,0,0,0,0,0,0,0,0,0,0,0,0,0,0,0,0,0,0,0,0,0,0,0,0,0,0,0,0,0,0,0,0,0,0,0,0,0,0,0,0,0,0,0,0,0,0,0,0,0,0,0,0,0,0,0,0,0,0,0,0,0,0,0,0,0,0,0,0,0,0,0,0,0,0,0,4,0,0,0,0,0,0,0,0,0,0,0,0,0,0,0,0,0,0,0,0,0,0,0,0,0,0,0,0,0,0,0,0,9395,0,0,0,0,0,0,0,0,0,0,0,0,0,0,0,0,0,0,0,0,0,0,0,0,0,0,0,0,0,0,2,0,0,0,0,0,0,0,0,0,0,0,0,0,0,0,0,0,0,0,0,0,0,0,0,0,0,0,0,0,0,0,0,0,0,0,0,0,0,0,0,0,0,0,0,0,0,0,0,0,0,0,0,0,0,0,0,0,0,0,0,0,0,0,0,0,0,0,0,0,0,0,0,0,0,0,0,0,0,0,0,0,0,0,0,0,0,0,0,0,0,0,0,0,0,0,0,0,0,0,0,0,0,0,0,0,0,0,1382,1,0,0,59,0,0,0,0,0,0,0,0,0,0,0,6,0,0,1565,0,12,0,0,0,0,0,95,0,0,0,0,0,0,0,0,0,0,0,0,0,0,0,0,0,0,0,0,0,0,0,0,0,0,0,0,0,0,0,0,0,0,0,0,0,0,0,0,0,0,0,0,0,0,0,0,0,0,0,0,0,0,0,0,0,0,0,0,0,0,0,0,0,0,0,0,0,0,0,1020,0,0,0,0,0,0,0,38,0,0,0,0,0,0,0,0,0,0,0,0,0,0,0,0,0,0,0,0,0,0,0,0,2,0,2,0,0,0,0,0,0,31,0,0,0,0,0,0,0,0,0,0,798,0,0,0,0,1260,0,0,0,72,0,0,0,0,1,0,0,0,0,0,0,0,0,0,0,0,0,0,0,0,0,0,0,0,0,0,0,0,0,0,0,0,0,0,0,0,0,0,0,0,0,0,0,0,0,0,0,0,0,0,0,0,0,0,0,0,0,0,0,0,0,0,0,0,0,0,0,0,0,0,0,0,0,0,0,0,0,0,0,0,0,0,0,0,0,0,0,0,0,0,0,0,0,0,0,0,0,0,0,0,0,0,0,0,0,0,0,0,0,0,0,0,0,0,0,0,0,0,0,0,0,0,0,0,0,0,0,0,0,0,0,0,0,0,0,0,0,0,0,0,0,0,0,0,0,0,0,0,0,0,0,0,0,0,0,0,1356,0,0,0,0,0,0,0,0,34,0,0,0,0,477,0,0,0,0,0,0,0,0,0,0,0,0,0,0,0,0,0,0,0,0,0,0,0,0,135,0,0,0,0,0,0,0,0,0,0,0,0,0,0,0,0,0,0,0,0,0,0,0,0,0,0,0,0,0,0,0,0,0,0,0,0,0,0,0,0,0,0,0,0,0,0,0,0,0,0,0,0,0,0,0,0,0,0,0,0,0,0,0,0,0,0,0,0,0,0,0,0,0,0,0,0,0,0,0,0,0,0,0,0,0,0,0,0,0,0,0,0,0,0,0,2,0,0,0,0,0,0,0,0,0,0,0,0,0,0,0,0,0,0,0,0,0,0,0,0,0,0,0,0,0,0,0,65,0,4,0,0,0,0,0,0
"gene_782",0,0,0,1124,47,0,75,594,0,0,31,0,2053,0,8,6855,1390,1,0,0,8,28,34,370,109,0,0,0,0,221,124,95,2116,2,0,0,0,200,6540,0,794,0,119,265,978,0,2,0,292,2442,0,396,243,0,2,0,1,78,8,0,0,82,0,257,0,143,151,3,0,1,0,5491,0,1,7,0,18,0,797,0,47,0,0,64,2,0,0,1567,858,0,995,46,0,0,0,0,0,0,0,0,0,0,0,0,0,0,0,0,0,0,0,0,0,0,0,0,0,0,0,0,0,0,0,0,0,0,0,0,0,0,47,0,0,0,0,0,1265,0,0,0,0,0,0,0,0,0,69,0,0,0,0,0,0,0,0,0,70,0,0,0,0,0,554,0,0,147,3,0,0,0,0,0,0,0,0,0,0,0,0,0,0,0,0,0,0,0,0,0,38,0,11,0,0,0,5630,0,0,0,0,0,0,0,0,0,0,0,0,0,0,0,0,0,0,0,0,0,219,0,0,61,1,0,0,26065,0,0,0,558,23,0,0,0,0,0,0,0,0,54,0,0,0,0,30,0,0,0,3,1,0,0,14948,0,0,0,728,0,2,17,0,190,0,1,0,0,0,0,0,40,0,0,0,0,0,0,0,0,0,0,43,0,0,0,12,0,0,0,12,0,0,0,29,183,0,0,0,181,0,0,0,0,0,0,0,1746,0,0,0,0,0,0,0,49,114,83,0,0,0,0,0,0,0,1,0,0,18,0,14,25,0,0,0,0,0,0,0,0,0,0,0,0,0,0,0,0,824,0,0,0,2,2,0,0,0,1,0,0,2,0,0,0,47,0,0,0,0,0,426,0,0,0,0,0,0,0,0,0,71,86,0,2,0,1,0,0,0,0,0,0,8059,0,0,0,0,0,0,38,0,0,0,0,0,0,0,0,0,0,0,0,0,0,0,0,3,0,3711,0,189,0,0,0,0,0,0,0,0,22,0,0,0,0,1,2,0,1,0,10,0,0,0,0,92,0,0,0,12,329,0,0,0,639,0,0,0,81,0,0,4,0,0,0,0,8,16,0,13,0,4,0,6,0,3,0,0,0,0,2,0,1436,0,545,0,0,63,67,0,0,88,860,0,0,0,0,242,0,0,0,0,0,0,0,0,0,211,143,0,0,10,0,421,0,223,3,0,0,0,0,0,0,0,1122,0,0,0,0,0,19,0,0,0,37,404,9,109,0,0,48,3,0,0,0,0,138,0,0,250,0,0,3,0,0,0,0,0,0,0,0,0,0,0,0,0,0,59,0,27,159,0,0,6,0,0,0,0,0,0,0,0,0,0,0,2461,0,0,0,0,7,2732,0,0,0,1,0,0,0,0,0,0,0,87,0,0,0,0,108,0,0,0,0,45,3,0,0,0,0,0,23,0,0,0,45,0,0,5,0,0,0,0,39,0,0,0,0,0,0,0,0,0,0,0,0,0,0,1,0,5,0,0,0,0,0,11,0,0,0,0,1,0,81,0,0,0,0,0,479,0,0,0,0,0,0,11,0,0,0,0,0,0,0,0,0,2,0,0,3,0,0,0,0,64,0,0,0,0,120,0,0,14,0,0,0,0,1436,7,0,0,0,0,0,0,0,0,0,0,0,0,0,15,70,0,0,0,0,4,0,479,0,0,0,0,337,0,0,0,0,0,0,0,0,0,0,413,0,0,0,0,229,0,0,0,0,0,0,0,16,4,0,0,0
"gene_783",23,327,0,1,0,0,998,3,0,0,9,0,9,0,0,0,0,0,0,0,0,0,0,0,3,0,0,0,0,0,52,0,0,0,0,0,0,3,0,0,0,3003,1,0,0,0,0,0,0,463,0,0,0,1,0,0,0,0,0,0,0,0,0,0,5,2,0,0,3,851,0,0,0,0,0,189,0,0,0,0,0,0,0,0,0,584,0,0,0,12,0,0,0,2,0,0,0,0,5662,0,0,0,0,0,0,0,460,4,2,0,0,17957,0,0,0,0,0,0,0,0,0,25,4,0,0,0,0,0,4978,0,0,0,0,788,0,0,0,0,0,0,0,0,0,0,0,13,0,0,66,0,0,0,0,0,0,0,0,30,79,0,0,0,0,0,3227,149,1221,0,6,0,0,0,9303,0,1700,0,18,0,0,0,15,0,0,0,3126,0,0,0,0,146,1,0,0,0,0,0,329,1122,0,0,0,0,0,0,0,0,0,0,0,1297,0,0,0,0,0,0,2,0,0,0,0,0,0,0,0,2,0,59,0,0,0,0,0,0,0,0,0,0,0,0,0,0,0,0,0,1063,0,0,0,0,0,0,0,0,0,0,0,0,0,0,0,0,0,0,0,0,0,0,0,0,0,0,0,0,0,0,0,0,0,0,0,0,0,0,0,88,0,0,0,0,0,0,0,0,0,0,0,0,0,0,0,0,0,76,2,0,0,0,0,0,1,0,0,0,0,0,0,0,0,0,0,0,576,0,0,0,0,0,0,0,0,0,0,1,0,0,0,0,0,0,0,0,0,0,0,0,0,0,0,20,0,0,0,0,0,0,28,0,0,0,0,0,0,0,0,0,0,0,0,0,0,0,0,0,0,0,0,0,0,0,0,0,0,0,0,0,0,0,0,0,0,0,0,0,0,0,0,0,0,0,0,0,0,0,0,5,0,0,0,0,0,0,0,2,0,0,0,0,0,0,0,0,0,0,0,0,0,0,0,0,0,0,0,0,1,0,0,0,6692,0,0,0,0,0,0,0,0,0,0,0,0,0,0,0,0,0,8,0,0,0,0,0,0,0,0,0,0,0,0,119,0,0,0,0,129,0,126,0,0,0,0,0,0,0,0,5,0,0,9,0,0,0,0,1916,0,0,0,0,0,0,0,0,0,264,0,0,0,0,0,0,90,0,0,294,408,107,0,0,0,0,0,0,0,0,0,0,0,12,0,0,0,0,0,5856,0,0,0,0,0,0,0,0,0,0,17,0,0,970,0,0,0,0,0,0,0,136,0,0,0,0,0,0,0,0,0,0,9,0,0,0,0,0,0,0,0,0,0,0,0,0,0,0,0,0,0,0,0,0,0,0,0,0,0,0,0,0,11,0,0,0,0,0,0,0,0,0,0,0,0,0,0,0,0,0,0,0,0,0,0,573,0,0,0,0,0,0,0,0,0,0,0,0,19,0,0,0,0,0,0,0,0,0,0,0,0,0,0,0,3,0,0,0,0,0,0,0,0,0,30,0,0,0,0,0,0,0,0,0,0,0,0,14,10,0,0,0,0,0,0,0,0,0,0,0,0,0,0,0,0,0,0,0,0,0,0,0,0,0,0,0,0,0,0,0,0,0,0,0,0,0,0,0,0,0,0,0,0,0,98,0,0,0,0,0,0,0,0,0,0,0,7,0,42,0,0,0,0,0,0,0,0,0,0,0,0,0,0,0,0,0,0,0,0,0,0,0,0,0
"gene_784",0,0,0,0,0,0,0,0,0,0,0,0,0,0,0,0,0,0,0,0,0,0,0,0,0,0,0,0,0,0,0,0,0,0,0,0,0,0,0,0,0,0,0,0,0,0,0,0,0,0,0,0,0,0,0,0,0,0,0,0,0,0,0,0,0,0,0,0,0,0,0,0,0,0,0,0,0,0,0,0,0,0,0,0,0,0,0,0,0,0,0,0,0,0,0,0,0,0,0,0,0,0,0,17,3907,0,0,0,0,0,5,0,0,1,0,0,0,0,0,3967,0,0,0,0,0,0,0,0,0,0,0,0,0,0,0,0,0,0,0,0,0,0,0,0,0,0,0,383,0,0,0,2,0,1,0,0,0,0,0,0,0,0,0,0,0,0,319,0,0,0,0,0,0,0,0,0,0,0,0,0,0,0,0,8815,0,0,118,0,0,7,0,0,0,0,0,0,0,0,0,0,0,0,0,0,0,0,0,0,0,0,0,0,788,0,0,0,0,0,0,0,0,0,0,0,0,0,0,0,0,0,0,0,0,0,0,0,0,0,0,0,0,0,0,0,0,0,0,0,0,0,0,0,0,0,0,0,0,0,0,0,0,2,0,0,0,0,0,121,0,0,27,11,0,0,0,0,0,0,0,0,0,0,0,0,0,0,26,0,0,0,2,0,0,0,0,2,15,0,0,0,0,0,0,0,24,0,0,0,0,0,0,826,0,0,0,0,0,0,73,0,0,0,0,0,0,0,0,0,0,0,0,0,0,37,0,0,156,0,0,0,0,0,0,1,18,0,0,0,0,0,0,0,0,0,0,0,171,0,0,0,13,0,0,0,0,0,0,0,0,0,0,0,0,0,0,0,0,0,0,0,0,0,0,2520,0,344,113,0,76,0,0,0,0,0,0,0,0,0,0,0,0,0,2,0,0,1154,0,0,0,0,0,0,12,0,0,0,0,0,0,0,0,0,0,0,0,0,0,0,0,0,0,0,0,35,0,0,0,0,0,0,0,21,0,0,1,0,0,0,0,0,0,0,0,0,0,0,0,0,0,0,0,0,0,217,1728,0,0,4,0,0,0,0,0,0,0,0,0,0,0,0,0,0,0,0,0,0,22,0,0,0,0,0,0,0,0,0,0,0,0,0,0,0,0,0,1165,0,0,0,0,0,0,528,4,0,0,0,0,0,0,0,0,0,0,0,0,0,0,0,0,0,0,0,0,0,0,0,0,2,0,0,0,0,0,0,0,0,0,0,0,0,0,5,0,0,0,0,0,0,0,0,0,0,0,0,0,0,0,0,0,0,0,0,0,0,0,0,0,0,0,0,0,0,0,0,0,0,0,0,0,0,0,0,0,0,0,0,0,0,2,4726,0,0,0,6995,0,0,0,0,0,0,0,0,0,0,0,0,0,0,0,0,0,0,0,0,0,0,0,0,918,0,0,97,0,0,0,0,0,0,0,0,0,0,0,0,0,0,0,0,1,0,0,0,0,197,0,0,0,0,0,0,0,0,0,0,0,0,0,0,41,0,0,0,0,0,0,0,0,0,0,0,0,0,0,0,0,0,0,96,0,0,0,0,0,0,0,0,0,41,0,0,0,0,0,6,239,0,0,0,0,0,0,0,0,0,0,0,0,0,0,0,0,0,0,0,0,0,5,0,0,0,0,0,0,0,0,0,0,0,19,0,0,156,0,0,0,0,472,0,0,0,0,0,0,0,0,0,0,11
"gene_785",0,0,0,0,0,0,0,0,0,0,0,0,0,0,0,0,0,0,0,0,0,0,0,0,0,0,0,0,0,0,0,0,0,0,0,0,0,0,0,0,0,0,0,0,0,0,0,0,0,0,0,0,0,0,0,0,0,0,0,0,0,0,0,0,0,0,0,0,0,0,0,0,0,0,0,0,0,0,0,0,0,0,0,0,0,0,0,0,0,0,0,0,0,0,0,0,0,0,0,0,0,0,0,0,0,0,0,0,0,0,0,0,0,0,0,0,0,0,0,0,0,0,0,0,0,0,0,0,0,0,0,0,0,0,0,0,0,0,0,0,0,0,0,0,0,0,0,0,0,0,0,0,0,0,0,0,0,0,0,0,0,0,0,0,0,0,0,0,0,0,0,0,0,0,0,0,0,0,0,0,0,0,0,0,0,0,0,0,0,0,0,0,0,0,0,0,0,0,0,0,0,0,0,0,0,0,0,0,0,0,0,0,0,0,0,0,0,0,0,0,0,0,0,0,0,0,0,0,0,0,0,0,0,0,0,0,0,0,0,0,0,0,0,0,0,0,0,0,0,0,0,0,0,0,0,0,0,0,0,0,5292,131,1,1,169,336,0,184,343,935,47,718,3071,2271,3931,4904,724,1690,50,33,132,1098,1072,417,16,155,1477,1105,721,3487,3,2419,112,10126,10,3423,822,897,2930,428,664,530,108,6631,815,3,100,47,819,4,7619,702,2078,480,24,2615,4455,53879,53,853,113,321,12647,4919,2751,116,201,22,0,5134,320,0,29,1659,882,6,1434,6272,21,2646,8,13,1258,2,367,489,17824,2,1718,4084,897,13931,442,102,1820,0,1140,570,6890,3060,1777,1502,12,2526,5581,4877,228,314,1,2447,20,0,698,1081,600,2,6215,98,191,6315,80,6346,9821,197,0,182,1060,35,4259,3304,385,339,16,1715,0,1,6179,1192,2140,899,445,674,1213,1912,2229,0,0,136,51,1,145,748,37,53,30,626,4095,79,57,245,2388,204,639,3163,1988,157,404,1113,126,2312,3549,4,1,2347,1,9993,10,760,1695,52,9,68,15746,39977,8,14,397,2506,893,229,834,9,52,674,2,4422,6671,0,0,0,3095,0,1082,1,635,69,203,591,1777,5676,5,53,0,1158,2421,151,10601,3464,272,123,37,523,1479,0,953,106,236,2783,0,3685,19,13,1866,79,1829,0,511,0,9,19,30,1542,2168,1216,11919,3024,42,3479,21218,32,1,6,7,0,12,954,861,4441,35,4,0,421,2786,911,0,3,587,0,1404,2092,7577,0,788,2013,3,113,177,363,61,0,1688,124,250,28,30,0,2573,5023,66,1064,2559,3851,5883,1643,0,393,739,0,838,0,0,0,5466,283,2,1909,0,4392,0,1103,0,0,0,3,97,15803,0,0,4,0,0,322,0,0,4,0,1527,0,0,0,0,0,87,0,0,0,0,1,0,0,0,70,0,0,0,0,0,0,0,0,0,0,0,0,469,1529,0,0,0,0,0,0,0,5,0,0,0,3406,0,0,20,0,621,0,0,658,0,0,0,3,1100,0,0,0,0,0,2,62,18881,75,0,0,11,0,0,0,0,0,0,0,590,0,848,0,0,0,0,0,0,0,0,158,0,2094,0,0,0,0,1,0,0,0,1015,0,261,56,0,4,0,5,0,0,0,20,0,0,0,0,0,5,29,0,0,30,0,0,0,0,0,0,183,0,0,0,0,0,0,0,0,0,0,0,0,0,0,0,0,0,0,0,0,0,0,1,7,0,0,6289,0,0,680,25,0,0,0,0,0,0,0,0,0,13,0,0,0,0,0,0
"gene_786",0,2332,0,0,0,446,0,10,0,0,0,1146,2631,0,0,0,0,420,101,19,0,1747,0,0,0,11,0,2,0,0,0,677,243,0,0,0,0,0,30,0,0,6,0,4412,3585,0,26,0,0,0,0,0,0,0,0,42,1537,0,0,31,0,4584,0,0,535,0,62,0,0,21,0,0,0,0,0,4710,6,9,0,0,7,0,0,0,0,1463,0,2,6862,12,0,17,0,0,0,0,0,0,0,6836,0,9953,0,0,0,0,0,0,0,0,0,0,0,0,0,0,7,0,0,0,0,0,0,0,0,0,0,0,0,0,0,0,0,0,0,0,0,0,0,0,0,20828,0,0,0,0,0,0,0,0,1,0,188,0,0,0,0,0,0,0,0,0,0,434,0,0,0,0,311,0,0,0,0,0,0,0,0,0,0,0,0,609,0,0,0,0,0,0,0,0,0,0,0,0,0,33,0,0,0,0,7,0,18,0,1,12,0,0,0,0,40,0,0,0,0,0,0,0,0,0,2,0,0,0,0,0,0,0,5,0,0,0,0,0,0,0,0,0,0,0,0,1,0,0,0,32,0,0,0,0,0,0,13,0,0,0,5,0,0,0,0,0,0,0,1,6,0,0,0,16,0,16,0,0,0,0,0,0,0,0,0,0,0,4,0,0,0,0,0,0,0,0,0,0,0,0,2,0,0,0,0,0,0,0,0,0,0,0,5,5,0,0,0,3,0,0,0,0,0,0,0,0,0,0,0,0,0,0,0,0,0,0,0,0,14,0,0,0,0,0,0,0,0,0,0,0,0,0,0,0,1,0,0,0,0,0,0,0,0,0,1,0,0,0,0,0,0,0,0,0,0,0,24,0,0,0,0,0,0,0,0,0,0,0,0,0,0,2,0,0,0,0,0,0,0,0,0,0,0,1,0,0,0,0,0,0,0,0,0,0,0,0,0,0,0,0,0,0,0,0,0,0,20,4,0,0,0,0,0,3,0,0,1,0,0,0,4,0,4,0,0,0,0,1,0,0,0,0,1,204,40,0,0,147,0,0,0,0,0,0,0,0,0,0,0,0,0,4,0,0,0,0,0,0,0,1,0,0,0,0,0,0,0,0,6,0,432,442,0,0,2,0,19896,0,0,0,0,0,0,0,0,0,0,0,26,245,0,0,0,0,0,2207,0,0,175,1,307,0,0,81,0,1,120,0,0,9,0,13,0,2,0,51,0,94,0,0,0,0,569,0,0,30,0,0,0,0,0,0,30,0,15,8,83,0,0,1,0,0,1865,0,0,0,0,0,43,26,478,0,0,0,0,0,0,0,0,0,0,0,0,0,0,0,0,0,110,0,0,0,0,0,0,0,0,0,0,0,0,0,0,0,0,0,0,0,0,0,0,42,0,0,0,0,0,0,0,0,0,0,0,0,1,0,0,1,0,0,0,0,0,0,0,0,0,0,3,0,0,0,0,0,0,45,0,0,0,0,0,0,0,0,35,0,0,0,0,0,0,0,0,0,0,82,800,0,0,0,0,0,0,0,0,0,31,0,0,0,0,0,0,0,0,0,0,0,0,0,0,0,0,0,0,0,0,54,0,215,0,0,0,0,0,0,152,0,0,0,0,0,0,0,0,0,12,0,0,0,0,0,0,0,0,0,0,0,0,0,0,1036,2,0,0,0,0,0,0,0,0,0,0,0,0,0,0,0,0,0,0,0,0,0,0,0,0,0,0,0,0,0
"gene_787",0,0,0,0,0,0,0,0,0,0,0,0,0,515,0,0,0,0,0,0,0,0,0,0,0,0,0,0,0,0,191,0,25,0,0,1,0,0,22,13,0,0,0,0,70,9,80,0,0,0,0,0,0,0,3965,0,0,0,0,0,0,0,5,3116,0,0,0,0,0,9,0,0,0,0,0,0,0,0,64,0,0,0,0,0,0,1,0,0,0,0,6,0,0,0,0,906,0,0,0,0,0,0,0,0,0,351,0,21,0,183,0,0,0,0,0,0,97,0,2115,0,0,0,0,3,0,0,0,0,0,0,14,0,0,0,0,497,0,0,0,0,14,0,0,0,0,0,3172,0,0,0,0,0,0,0,0,0,0,0,0,0,3059,0,0,0,0,0,0,0,0,0,0,0,1847,0,0,0,0,0,0,0,0,586,0,0,979,0,0,0,0,0,0,10,3,328,0,0,1,38,0,7,0,0,0,453,0,0,0,48,0,0,0,0,0,19,0,0,1214,7,0,0,0,0,0,0,1340,0,0,0,0,0,103,0,0,0,0,0,8,0,0,0,0,671,0,3,0,0,0,0,0,0,0,0,0,0,0,0,0,0,0,0,0,0,0,0,0,0,0,0,0,0,0,0,0,15,0,0,0,104,0,0,0,0,0,0,24,0,0,0,0,1,0,0,3398,0,0,5,0,0,0,0,2,0,0,1,0,0,0,2331,0,0,0,0,0,51,0,0,0,0,0,0,0,0,0,0,10,0,0,0,0,0,3,0,12,0,0,2649,0,0,0,0,0,215,0,1524,0,0,0,0,0,0,0,0,0,0,69,0,0,0,2409,53,0,0,0,0,0,0,0,0,0,0,5,0,11,5,0,0,0,0,0,8,0,0,0,0,0,0,0,0,0,0,0,0,0,0,0,1,0,0,0,0,0,0,0,0,0,0,0,0,0,0,0,0,0,0,247,0,0,253,0,0,0,0,0,0,2,0,0,0,1321,0,0,0,0,0,21,571,0,244,94,0,0,3,0,0,3,8,367,0,0,0,0,0,2,0,0,0,0,5,0,12,9,0,0,0,180,0,1,18,0,0,16,10,2136,0,122,0,30,0,0,0,293,0,0,1,2735,0,0,35,0,76,0,0,0,206,249,0,32,3,0,0,9,126,0,0,55,931,0,2,0,134,0,0,0,7,9,48,4,0,0,0,0,2,0,1093,0,0,1,6,2,0,483,1417,0,4,0,278,37,0,145,0,8,8,0,0,357,0,54,0,0,3,2,1,0,0,59,0,1,0,3,0,322,0,1,0,0,0,153,0,0,0,0,0,0,0,0,0,0,0,5208,0,0,0,0,0,0,323,0,0,0,550,0,0,0,0,0,0,0,0,0,0,0,0,0,0,0,3300,0,0,0,0,0,0,0,0,0,0,0,0,0,0,506,0,0,0,0,305,0,0,0,0,0,0,0,0,0,0,0,0,0,0,53,0,0,0,0,0,0,0,0,0,0,0,0,0,0,0,0,0,295,0,0,0,0,0,0,26,0,0,0,0,0,0,0,0,0,0,0,3454,0,0,0,0,0,0,0,0,0,0,0,0,0,0,0,8,0,321,0,0,199,0,0,0,0,0,0,0,0,92,0,0,0,0,0,75,0,0,0,0,0,0,0,1,0,0,0,0,166,0,0,0,0,0,0,0,0,0,0,0,0,0,0,0,662,0,0,0,0,0,0,0,0,0,0,0,0,0,0,0
"gene_788",22,16679,1,2,47,8832,2890,0,5652,6253,2997,1110,4,212,97,0,4919,10891,666,63,0,0,34,5395,949,953,0,755,7,10,3150,0,15,0,0,451,2949,2,2,9357,105,1372,2396,0,17,304,30,1,2,7,57,0,2149,5393,12,387,13,13,736,0,823,1005,11,1150,899,12,0,4924,2948,28381,31,8,0,10703,397,408,950,82,648,4621,0,0,0,9,1802,41,14,0,65,10,773,5516,1,0,662,0,500,53,1055,89,9,22,241,0,57150,1,239,0,0,8685,2288,3628,7,4,0,442,96,328,0,0,0,5550,39,101,5578,0,1017,0,0,0,2615,0,2213,2,0,0,0,12266,26,2072,401,1,1747,221,105,2929,7974,4053,2,5983,2,14127,0,20024,59,3155,19935,0,0,0,0,0,0,1810,41,89,516,2069,97,358,821,313,88407,5160,1063,0,4207,0,0,18571,12961,1612,0,1,69,4443,280,83,1444,539,198,0,1030,27,0,161,640,0,5,1615,0,32,0,903,1288,0,443,36,26635,217,529,42,0,0,0,0,0,0,0,1076,0,0,0,175,0,1086,968,0,0,159,44,1056,0,7,0,528,0,183,0,4,1412,493,31,1,0,730,0,85,2926,1291,14,123,0,70,1288,41951,623,146,4718,5372,16,5,0,275,97,21,8682,429,3,1488,1963,0,0,0,11591,2,155,83,189,108,547,0,305,1,17,3273,2,2609,0,205,0,1381,324,2,12005,0,5,0,0,8,2809,6,15,0,164,1,63,1,174,0,675,14,8,12,0,0,0,262,0,217,512,16,93,15,5,0,23,0,683,276,0,0,520,0,3,0,235,32,15336,2795,2061,579,438,9603,705,15,760,1646,575,20,8,77,0,489,15,0,1456,2,0,0,0,212,1048,0,3229,890,0,730,199,0,4,670,30,6,815,0,70,1,168,0,1,0,78,6642,222,415,31,218,4405,0,1,210,2429,7702,1811,92,103,0,12,0,33,0,4,1284,23,246,585,0,2660,223,3374,91,1065,3,0,1172,0,4623,0,311,2,153,0,1,46,0,201,1,0,0,5304,0,0,36,1,84,127,2,1174,1,0,0,0,4440,2070,0,0,0,4,0,1848,152,0,0,70,1,0,73,0,1300,12,0,411,1,9,0,0,5,8472,243,0,0,968,756,21,294,10,0,187,1,0,0,0,0,463,24,1252,21,336,0,0,0,0,0,0,5,1,0,236,177,6,1451,1,0,45,4,27,194,0,1,0,418,1287,956,465,0,895,240,84,17,42,0,151,0,0,1,27,711,1,526,145,111,2675,1625,0,6,0,0,0,109,0,1497,0,162,246,0,129,81,50,1,0,126,0,130,0,43,465,3,0,1240,0,0,258,31,180,0,2268,1495,0,0,4977,0,1,0,0,0,0,12759,5,0,0,0,1,0,0,6368,0,146,0,0,0,0,6,792,54,0,0,8,0,0,1,0,0,6,0,0,136,0,3772,0,0,0,21,1896,0,1179,0,5,0,5931,1249,0,2,0,51,861,0,11,0,0,0,22,14,0,0,611,0,0,0,0,0,8,43,0,0,0,0,1496,2811,458,0,0,0,725,311,36,257,0,0,0,0,3,599,12,1139,1077,0,20,0,0,427,0,1,0,6,1,0,0,589,0,0,0,0,29,0,5,233,0,372,0,0,0,0,1,193,420,789,1,0,393,0,7354,24,110,2,0,14,0,0,34,0,52,244,0,8693,0,0,18,594,388,44,6,0,0,2356,0,94,0,0,402,0,12719,1,4,70,0,0,0,0,0,0,10598,0,12,0,0,0,0,3,793,0,113,0,0,0,1,4,1
"gene_789",0,0,18,0,0,0,0,2,0,0,3182,0,0,7,0,1574,0,22,49,0,0,39,2,0,0,0,0,0,766,0,539,0,0,17,0,0,1184,0,78,0,0,0,0,3,0,0,1120,0,1814,0,0,60,817,0,0,0,0,0,726,0,0,1261,1027,63,24,0,4647,0,0,0,2,0,0,0,0,0,0,0,0,52,6966,0,96,13,538,0,0,2447,0,0,0,0,0,0,7600,0,4,0,0,0,2,305,0,0,28,0,0,0,1,0,0,0,0,0,0,1,0,119,2,0,0,0,0,0,0,5,78,592,0,0,165,0,0,10,175,0,0,2,0,0,900,77,0,0,3,2,0,0,0,0,0,52,2020,2,0,0,1,0,5,0,861,59,4,4,217,0,0,315,0,0,0,1,376,244,0,0,0,0,0,302,0,3,0,62,0,0,0,1,1121,0,0,0,0,9,1475,0,0,0,0,0,0,20,0,0,0,0,894,0,0,0,0,0,0,0,0,0,0,0,0,0,3,0,0,0,0,0,9,9,0,0,0,0,210,0,2022,966,0,0,0,0,0,0,0,372,0,3,0,3,0,0,0,0,3,0,0,0,0,0,0,0,0,2226,0,0,0,0,0,0,0,0,0,244,11,0,0,0,0,0,0,0,0,0,6,0,0,0,0,0,0,0,0,0,0,0,0,0,0,0,0,0,0,0,0,0,0,0,0,0,0,0,0,0,0,2,0,0,0,0,0,0,0,0,0,0,0,0,0,0,0,0,0,0,0,0,0,0,0,0,0,0,0,0,0,0,0,0,0,0,0,0,0,0,0,0,0,0,0,0,0,0,0,0,0,0,0,0,0,0,0,0,0,0,0,0,0,0,0,0,0,0,0,0,0,0,0,0,0,404,0,0,0,0,0,0,0,0,0,0,0,0,0,0,0,0,0,0,0,0,0,0,0,0,0,0,0,0,0,0,618,0,0,0,0,0,0,0,0,0,0,0,0,0,0,0,0,0,0,0,0,0,0,0,0,0,0,0,0,0,0,0,0,0,0,0,0,0,3,0,0,0,0,0,0,0,0,0,0,0,0,0,0,0,0,1,0,0,0,0,0,0,0,0,1,0,0,0,0,0,0,0,0,0,0,0,0,0,0,0,0,0,0,0,0,0,0,1,0,0,0,0,0,0,0,0,0,0,0,0,0,0,0,0,0,0,0,0,0,0,0,0,0,0,0,0,0,0,0,0,0,0,0,0,0,0,0,0,0,0,0,0,0,0,0,0,0,0,0,0,0,0,0,0,0,1,0,0,0,0,0,0,540,0,0,0,0,0,0,0,0,0,0,0,0,0,0,0,0,0,0,0,0,0,0,0,0,0,0,0,0,0,0,0,0,0,0,0,0,0,0,0,0,0,0,0,0,0,0,0,765,0,0,1,0,0,0,0,0,0,0,0,0,0,0,0,0,0,0,0,0,0,0,0,0,0,0,0,0,0,0,0,312,0,0,0,0,0,0,0,0,0,0,0,0,0,126,0,0,0,0,0,0,0,0,0,0,0,0,0,0,0,0,0,0,0,0,0,16,14,0,0,0,0,0,0,0,0,0,0,0,0,0,0,115,0,0,0,3,0,0,0,0,0,0,0,0,0,0,0,0,0,0,0,0,2,0,0,0,0,0,0,0,0,0,0,0,0,249,0,0,0,0,0,0,0,0,0,0,0,0,0,0,0,0,0,0,0,0,0
"gene_790",0,0,0,0,0,0,0,0,0,0,0,0,148,0,2286,1729,23,0,0,0,0,0,0,0,0,0,0,0,0,0,0,0,8,0,0,0,1,0,0,0,0,0,0,268,0,0,0,0,0,0,0,34,388,0,0,0,0,0,3,0,0,0,0,0,0,0,0,0,0,0,0,0,0,0,0,0,0,0,0,0,0,0,0,0,0,0,0,0,1,0,0,0,0,0,0,0,0,0,0,0,0,0,0,11,0,0,0,165,0,8,31,0,0,10,0,0,0,78,0,0,0,2,0,0,0,0,0,0,0,0,0,0,0,0,0,1,0,0,20,0,0,0,0,0,0,1,0,0,0,22,0,0,0,0,0,0,0,0,0,0,0,0,0,0,0,0,631,0,0,0,0,0,0,0,62,0,0,0,0,0,0,0,17,0,82,1,0,30,109,0,0,0,0,0,2,2,0,0,8,0,0,0,0,17,0,0,67,0,0,0,17,0,0,0,0,0,0,0,7,0,0,0,0,0,0,0,0,0,0,0,0,0,0,0,0,0,0,0,0,0,0,0,0,8,0,0,0,0,0,5,0,0,6,0,0,14,0,0,0,0,0,0,0,0,0,0,0,0,15,0,0,275,0,0,0,13,0,0,0,0,0,3400,0,0,0,6,0,337,1,0,0,0,0,0,0,0,47,0,10,0,0,0,0,0,0,752,0,0,0,0,203,0,0,0,361,0,497,0,0,0,0,0,0,0,0,0,0,0,0,0,9,0,0,729,0,11,0,0,0,0,0,0,0,0,0,15,0,0,1,0,0,0,0,0,4,4,21,0,1294,0,0,0,0,0,0,0,0,0,0,0,18,0,0,0,0,334,0,0,0,0,0,0,0,0,0,0,0,0,0,6,0,1185,0,0,0,0,0,0,6881,0,0,0,0,2,2,0,0,146,174,0,0,0,0,0,171,0,0,4,0,0,0,0,0,0,0,0,0,0,0,0,48,0,0,0,291,2,0,0,997,1,0,0,0,35,0,5,0,0,44,0,0,12,0,13,0,0,0,0,0,0,1,0,3012,0,1,1,0,0,0,0,0,0,113,0,0,0,924,77,59,5,0,24,0,9,0,8,0,100,0,0,0,0,39,1,3,328,9,0,115,59,295,0,2,6,0,116,65,0,1876,0,0,0,0,15,0,0,0,17,0,3,0,0,434,17,2,0,641,14,0,1,6,1061,0,0,0,0,509,57,0,14,715,0,0,0,0,0,0,0,1,19,120,0,0,0,17,42,43,0,0,0,0,0,0,438,0,3095,0,101,0,0,0,0,4,0,0,0,353,0,0,0,0,761,30,0,205,0,0,34,0,0,0,343,10,1,0,3,0,0,0,0,0,0,0,0,1,3250,12,0,0,0,0,0,0,0,7,0,0,0,0,0,0,0,0,0,0,0,0,114,0,0,1879,0,0,0,0,0,19,0,0,0,0,414,0,0,0,0,1,3417,0,0,0,101,0,0,0,0,0,0,0,0,0,5,6,895,0,0,0,1,0,0,0,0,0,3,0,0,0,0,0,0,0,0,0,0,0,0,0,0,0,26,0,0,0,0,0,693,1,0,0,0,0,0,108,899,0,0,171,0,0,2997,0,2,0,0,0,4,0,0,0,0,58,0,0,0,0,27,4,0,0,0,0,0,0,0,2,0,0,0,555,0,0,0,0,0,0,214,0,1,0,0,44,381,0,0,0,0,0,0
"gene_791",0,0,0,77,1,0,0,0,0,0,40,0,4,0,141,0,1328,0,0,0,0,0,0,400,0,0,0,1,0,0,0,0,0,0,219,0,0,306,472,0,0,46,0,0,0,1,0,0,121,0,0,0,89,0,0,2706,0,0,0,0,0,0,0,0,2791,0,0,0,0,0,3747,0,68,0,0,0,0,73,0,0,0,0,3,898,0,0,0,0,0,0,0,0,41,5,2,0,0,0,0,6,0,0,0,0,0,0,0,3,21,0,0,0,0,0,5,14,0,0,4,0,0,0,0,0,0,0,0,0,2,0,0,0,33,0,1,0,0,0,0,83,0,0,0,0,0,0,0,0,0,0,0,0,0,0,5,0,0,9,0,0,0,120,0,41,1,0,0,1,0,0,4,0,143,5,0,6,0,2,0,0,0,0,0,0,0,0,0,0,45,186,0,0,0,0,29,0,0,0,0,0,0,0,0,0,0,0,0,0,0,0,0,0,3,0,0,0,0,0,0,0,0,0,0,0,0,0,0,0,0,0,0,130,13,0,0,0,0,0,23,0,116,0,0,0,0,0,0,0,7,0,452,19,0,79,24,0,0,44,0,0,5,19,0,0,0,9,0,42,0,3,0,3,0,0,0,0,0,0,0,0,22,8,3,0,0,0,0,0,1,0,0,0,0,0,0,0,190,0,0,0,0,669,0,0,0,0,0,0,0,0,0,0,96,0,0,0,0,0,0,0,0,1825,0,133,0,149,0,0,0,0,0,17,0,14,10,0,0,4,9,14,0,0,0,0,0,0,0,0,0,0,0,36,0,0,0,0,0,0,0,0,0,224,0,0,0,0,385,33,0,0,0,2,74,0,0,0,0,8,0,0,17,0,1,0,0,0,0,0,204,16,0,13,0,2142,0,1,285,109,0,753,0,0,3,0,0,0,0,0,0,0,5,0,435,0,0,0,0,1023,0,0,0,0,0,0,17,0,0,0,0,0,1,134,0,0,0,0,0,0,0,0,12,1,714,0,0,0,0,16,0,1,2460,0,0,11,0,0,0,1,0,0,0,0,0,0,0,0,0,0,314,0,10,0,0,0,5,0,159,0,0,504,0,0,2,15,0,486,0,197,0,0,0,0,0,0,1000,0,0,79,27,0,0,0,0,0,9,2343,1367,0,6,0,0,3,0,41,2,31,0,1692,0,0,29,0,127,0,0,254,57,0,0,0,16,0,1808,0,135,20,0,1,114,0,136,310,0,55,0,0,1751,0,0,0,0,0,0,5,0,0,0,0,0,0,0,12,0,0,0,2,7,0,0,0,98,359,2833,0,4,0,18,0,0,0,0,0,10605,1,0,62,41,0,0,0,0,158,105,0,2173,0,0,23,4,0,0,0,34,5661,0,0,0,0,0,430,0,2,0,1346,0,4,226,0,0,0,0,357,0,0,1947,0,29,0,0,0,0,0,0,0,0,0,0,3,1757,597,1,0,0,0,112,0,74,36,0,0,45,0,2,0,0,1,0,0,0,41,0,0,0,0,65,452,0,14,1265,0,0,0,3,0,81,0,0,1,221,196,107,309,0,0,0,0,0,0,0,4812,0,1402,5685,0,2,0,0,0,0,1,17,151,0,0,0,452,1828,8,0,0,0,69,0,0,73,78,0,76,0,5,0,0,0,0,0,0,0,1379,0,5,0,0,0,130,0,0,0,9140,915,0,378,0,0,0,0,0,487,0,0,0,0,39,0,0,11,0,0,0
"gene_792",2,2,0,0,0,380,118,88,283,3,28,70,436,0,81,248,63,1,1,30,495,0,21,0,0,149,58,228,1,0,0,555,42,114,538,9,3,0,14,25,148,51,17,56,18,37,5,95,104,253,8,8,36,24,137,121,222,288,253,279,20,0,1,22,1,99,1,75,0,0,3,104,13,265,69,8,0,22,4,43,45,20,19,331,259,0,12,2,79,68,128,26,0,0,2614,748,0,0,0,202,0,0,12,0,220,512,0,1,0,0,177,468,0,0,0,0,0,15,23,2,0,512,0,0,0,51,0,89,0,42,13,0,0,53,0,0,0,0,134,0,1,0,1,0,0,1,0,0,0,41,1087,0,0,0,1064,437,347,0,3056,0,0,0,0,61,15,2,0,119,0,0,837,0,0,26,0,486,60,0,2764,0,145,0,3,0,0,5,0,0,0,0,0,0,40,1,2233,219,0,0,268,0,773,4517,0,20,1283,0,1,0,59,0,18,0,116,244,61,0,0,0,0,0,1792,6,41,0,0,0,0,0,1496,1,9,0,0,0,0,14,1,4,956,17,0,0,0,2,0,783,2,0,0,279,120,0,0,0,1,0,3396,574,23,2026,51,14,116,35,31,50,11,26,8,69,11,364,38,16,103,171,54,27,44,66,1,71,17,26,71,46,157,74,82,81,76,2,45,91,76,68,17,31,105,30,48,33,3,17,20,56,55,18,206,149,32,115,12,27,30,115,21,229,56,59,124,219,184,47,4,5,142,54,609,4,124,2,330,10,31,42,36,10,245,17,12,273,378,45,0,14,42,12,70,66,68,119,2,3,75,25,6,21,28,65,161,11,97,130,7,60,19,49,8,35,89,49,87,25,92,138,236,247,235,49,110,123,91,10,74,17,3,250,61,176,130,54,72,315,125,8,19,12,52,5,19,330,71,51,13,36,285,18,8,132,111,70,98,107,447,13,220,65,92,56,4,129,41,39,8,82,11,4,771,31,99,25,0,196,0,0,42,26,578,41,119,16,602,2,389,484,4,62,542,0,195,9,0,0,370,129,52,54,68,1,20,1,130,301,302,154,8,1,187,0,1,1,0,0,31,73,153,1,13,29,32,2,208,16,0,28,0,1,111,1,0,358,159,257,83,3,28,36,79,57,273,265,87,75,301,942,113,27,53,0,42,23,323,128,154,25,8,0,238,2441,1,0,96,1,0,735,9,5,0,0,269,1,296,49,0,315,428,365,5,259,2,301,369,348,63,193,756,176,171,7,12,40,0,165,31,33,197,77,95,28,8,15,0,681,298,13,1,25,67,324,0,0,969,0,184,88,0,2,711,1,0,5,1156,205,398,6,0,43,23,0,4,0,4,23,0,19,114,0,0,0,0,11,0,825,0,57,0,45,729,0,0,133,1810,0,0,692,0,164,1649,493,2,441,10,0,34,31,0,196,1,8,0,17,236,954,0,18,0,1,0,1,52,0,403,637,433,0,0,12,143,0,551,702,824,3,0,0,0,307,1,10,0,1,0,6,4,1,0,20,3,0,5,19,80,51,20,0,1,0,1119,42,147,2486,1,17,1,0,0,4,1415,0,0,2,5,418,5,127,0,0,859,312,670,0,0,0,96,349,11,72,167,0,0,294,1,26,23,38,107,1056,0,25,1,446,0,0,177,0,29,44,113,0,881,55,0,1,0,0,3,1,0,0,113,3,0,0,0,6,11,5,389,76,309,3,161,192,21,0,0,3226
"gene_793",0,0,0,0,0,4,7,0,0,0,128,0,303,399,18,0,0,0,4,0,155,0,561,0,0,52,0,3,0,4,57,652,0,0,0,177,0,8,496,99,0,96,857,0,9,0,0,0,0,0,0,34,0,0,266,0,305,0,0,0,0,0,72,0,0,0,0,16,0,0,544,0,0,8,710,0,0,0,75,0,4883,75,19,0,1,0,0,270,78,1,97,16,4,0,0,0,0,0,0,0,0,0,0,0,1154,0,0,0,0,21,2,0,0,0,375,0,3,0,1317,0,0,0,0,0,23,0,0,0,0,0,0,0,0,47,0,0,0,0,0,0,0,0,0,38,12758,0,0,0,2,450,51,0,5,0,0,0,0,0,18,1154,0,9,0,0,3,0,95,14,1,0,0,0,0,0,0,0,0,587,1019,0,0,0,0,0,0,5,0,0,0,0,0,0,0,0,0,27,1812,0,0,0,0,0,0,0,0,64,6872,0,31,264,0,50,0,0,0,7,808,0,0,0,257,0,738,0,0,0,0,0,0,0,0,110,2611,0,0,0,88,0,0,0,0,0,1,0,0,196,0,0,0,0,0,0,0,0,0,6,0,0,266,0,0,0,19,0,0,0,5,0,2,18,219,0,522,0,47,4,20,39,0,75,0,1,1,243,1,0,0,0,0,25,0,0,60,0,0,0,240,139,0,14,0,23,1,0,6,0,0,0,109,5,0,0,0,52,0,446,107,56,91,18,0,71,0,0,0,0,0,0,0,0,4,1,0,5,0,1,0,0,0,0,25,0,1438,0,0,26,0,75,84,0,0,5,0,0,0,0,51,4,1076,0,2,0,0,0,0,8,0,0,1,55,0,21,0,6,1,0,280,0,0,0,784,0,59,1,0,0,88,3,0,0,0,0,36,0,278,0,0,0,0,0,0,0,0,0,0,0,193,0,0,234,0,1,0,1,0,0,0,0,0,0,953,0,0,0,0,1,555,0,0,16,497,0,41,0,0,0,0,194,0,2450,0,0,2,0,0,0,0,18,1554,51,0,0,0,0,0,0,0,3,0,0,0,0,0,27,5,1554,11,8,3,0,0,0,0,0,2544,550,0,0,0,1176,1850,0,0,6,0,0,311,0,0,22,2,0,0,1189,0,794,39,0,0,0,9,0,1,0,2,0,0,144,0,0,223,0,0,81,0,0,0,0,0,8,0,0,0,98,3,0,1656,32,0,193,0,0,0,0,338,0,456,1833,4,3,682,62,2717,0,75,0,0,0,1929,0,2724,102,58,0,0,372,0,0,0,1123,0,0,0,0,0,0,0,1735,0,0,0,0,3,0,0,1,0,0,0,0,0,0,26,0,0,0,0,0,0,0,0,0,0,9,0,0,9,0,1,0,0,0,0,0,0,0,0,0,0,0,0,0,13,1,0,0,0,0,0,0,0,528,0,0,224,2795,0,6222,9,0,0,0,0,0,0,0,0,0,1337,0,0,4,0,0,0,9,0,0,1,0,37,0,0,36,0,0,0,0,0,0,0,0,0,0,0,0,0,0,0,0,0,0,2,0,0,0,1,0,0,0,21,0,0,0,0,0,0,0,0,0,0,0,88,0,0,0,0,0,0,0,200,0,0,0,0,0,0,0,0,1086,0,0,0,0,0,0,0,17,0,2,0,0,0,3,0,1,0,0,0,0,0,0,0,0,0,905,0,0,55,0,0,0,0,0,0,0,0,0,0,0,0,0,0,0,0,0,1248,0
"gene_794",1,0,0,329,0,493,0,1,0,0,916,1,168,0,0,0,664,0,0,0,0,0,836,283,0,662,1871,340,0,0,30,0,0,0,4,0,0,0,2057,0,0,0,1,0,1353,0,19,0,0,24,56,0,0,1,0,0,8,0,0,0,8,0,0,222,0,256,24,20,2567,427,0,0,103,0,0,0,0,6,47,1,1,108,1452,0,0,252,1,5,0,6,2,0,0,0,0,0,0,0,0,0,0,0,0,0,0,0,0,0,0,721,0,0,0,143,0,0,0,0,5,0,2128,0,0,0,0,0,0,145,0,0,0,0,0,0,459,0,0,0,0,0,0,0,0,6776,0,0,0,0,46,0,0,0,12281,0,0,0,0,1169,0,0,0,0,0,0,0,0,4630,0,0,7985,20832,0,0,0,0,0,0,0,0,0,0,0,0,0,69,0,1395,0,0,0,0,0,0,0,0,0,0,0,0,7,0,0,0,0,0,0,0,0,154,0,0,0,0,4498,0,0,31958,0,0,0,0,2,0,0,10,1,8,0,0,30481,0,0,0,5,344,0,0,0,0,66,2009,0,0,1,0,0,0,0,0,3469,0,0,0,80,0,7,61584,0,3,0,0,0,109,0,0,0,3,0,0,450,6,0,0,111,0,6,651,0,0,0,197,240,0,313,525,1,3,76,0,8,0,0,4,0,5,3,2,0,178,0,0,0,0,0,6498,133,428,206,0,24,372,169,0,0,0,1312,0,0,0,3,17,587,2582,39,24,0,78,880,0,0,0,0,0,4,0,0,0,0,405,0,439,2,0,4,0,1,1,1,53,20,25,0,43,224,0,0,2,0,1,2079,0,1727,0,0,23,4,23,0,0,361,269,13,0,0,0,3,4,0,0,1,1,321,0,0,71,0,1,0,4,81,1298,0,0,0,25,0,2498,0,0,3034,1,761,0,0,8514,51,0,53,0,107,557,1,19,0,0,1,20,0,0,0,1672,0,1,506,8,0,0,0,30,25,67,0,13,0,0,0,0,0,12,196,78,0,5,0,224,0,20,215,0,0,0,563,0,0,0,0,0,10,0,224,0,0,75,0,0,0,0,20,0,0,0,0,0,0,0,0,0,0,28,0,0,0,189,1,0,0,0,0,15,0,0,0,0,0,0,14,0,108,29,0,0,0,0,1416,0,0,0,2310,1,1443,0,0,0,1,0,0,0,0,0,0,0,0,14,0,0,0,0,0,0,0,0,0,0,1232,0,1455,0,0,1,287,545,0,0,0,0,0,0,0,954,0,0,37,0,106,0,0,0,0,0,0,0,0,216,1777,3,0,0,0,0,0,0,0,0,0,0,0,0,521,0,0,0,0,0,18,0,0,0,0,0,0,17,0,0,0,1,0,0,143,5,0,0,0,0,0,0,5921,296,0,0,0,0,0,1,0,0,0,0,0,0,0,0,228,0,0,0,0,0,0,635,0,0,632,0,0,25,0,251,2654,0,0,0,776,0,0,0,0,3,0,0,56,0,0,0,0,0,0,0,0,0,0,0,0,0,0,0,0,1,0,0,0,0,0,2600,0,0,1979,0,0,0,0,0,0,0,0,0,214,0,291,0,0,0,0,0,0,0,327,0,18,9509,0,0,0,0,0,0,3476,0,0,0,0,0,553,0,3477,0,0,0,221,0,0,0,0,0,0,0,461,0,0,1,1643,0,132,0,0,0,0,0,0,0,467,0,0,0,0,27,0,0,0,0,7,0,0,0,0,0,0,0,0
"gene_795",0,0,2197,1961,71,0,0,1,6094,1,1,0,1706,23,0,1844,0,348,1009,19,8,21,0,0,64,1031,15,0,126,0,1529,12,0,488,5188,2313,4,83,1,2,10111,823,0,0,612,1701,3,340,0,20,0,0,20,0,126,0,1,0,76,3900,2342,18,0,36,0,100,1,0,2916,0,1,506,0,53,0,91,0,1091,4,186,1,2716,0,0,2460,31,0,3,3,5,4,0,3,8,0,0,127,0,23,0,0,0,0,0,0,0,0,1125,1,0,0,0,0,0,0,0,0,0,0,0,0,0,0,0,0,0,0,0,0,1403,0,0,0,1315,0,0,1628,0,0,715,8,3,0,0,0,0,0,0,0,96,0,0,0,0,0,0,0,0,0,0,0,0,0,0,0,0,0,0,0,0,0,0,0,0,3,0,0,0,0,0,0,2338,79,0,0,67,0,13664,0,0,0,0,0,0,0,0,0,0,66,0,0,0,0,0,55,0,0,0,0,0,0,0,0,0,0,0,1,0,0,0,0,0,0,0,0,0,0,0,0,0,0,0,0,0,0,0,0,0,0,0,0,0,0,0,3,0,0,0,0,0,0,0,0,0,0,0,0,0,19,0,0,0,0,0,3,0,0,0,0,0,0,0,0,30,0,0,0,9,0,473,741,0,0,0,0,4600,13,4,0,0,0,0,36,55,0,0,0,0,0,0,5,0,13128,0,11093,0,1,0,0,0,0,0,0,11,0,0,0,0,191,0,1,0,0,0,0,0,0,0,1,0,111,0,0,0,0,0,48,0,0,0,8,0,23,42,0,0,0,40,0,0,0,18,0,0,0,0,0,0,689,0,0,0,90,0,0,0,0,0,0,0,0,0,25,0,0,0,9427,0,0,0,0,44,0,22,5,0,0,0,21,0,0,0,0,265,0,0,1,0,0,0,0,0,24,0,2379,0,0,0,0,0,0,0,0,0,0,0,0,395,0,0,0,0,2242,0,0,207,14,127,340,1,0,0,0,507,6510,0,0,0,422,0,0,0,0,626,25939,205,0,0,0,0,0,0,0,20,0,0,0,0,0,0,0,0,0,453,1788,33,0,293,0,0,0,0,0,59,0,11,64,0,0,0,632,1,0,454,0,0,0,0,0,16,0,0,0,39,0,0,0,77,0,30,0,0,0,0,0,0,0,0,0,0,0,0,12,1,2466,0,0,0,0,0,5,0,1,0,0,0,1,0,0,1690,0,11,0,0,1054,0,477,0,0,0,0,21,0,0,0,0,0,0,0,0,0,0,0,0,5,0,0,0,0,0,0,0,0,0,0,0,0,0,0,0,0,0,0,0,0,25,0,0,0,0,0,0,0,0,0,0,0,0,0,0,0,0,0,0,49,0,0,0,0,0,0,0,0,0,0,0,0,286,3,0,0,0,0,0,0,0,0,0,0,0,0,0,0,0,0,0,0,0,0,0,0,0,0,0,0,0,0,0,0,0,0,0,2,0,256,0,0,0,0,0,0,0,0,0,0,0,0,0,0,9,0,0,0,0,0,3,0,0,1,0,0,0,0,0,58,0,0,7,0,0,0,0,0,0,0,0,0,0,0,0,0,0,0,0,0,0,0,0,0,0,2,0,0,0,0,0,0,0,0,0,0,0,149,0,0,0,0,0,0,0,0,0,0,0,0,0,0,0,0,0,0,0,195,0,86,0,0,0,0,0,0,0,0,0,0,0,0,0,0,0,0,0,0,0,0,0,0,0
"gene_796",7,0,0,0,0,0,0,2,0,65,0,0,0,0,7,0,4,0,0,0,0,0,0,0,0,0,0,0,0,0,0,0,0,0,1,0,0,0,0,0,0,0,0,1,0,0,0,14,0,3,0,0,0,21,0,0,2,9,0,0,0,0,0,0,0,0,0,0,0,0,0,0,0,0,0,0,0,12,0,0,0,0,0,0,0,0,0,0,0,0,0,0,1,0,0,0,0,158,0,0,0,0,0,0,0,0,0,0,0,0,0,0,0,0,2451,0,0,0,0,0,105,0,0,0,0,67,147,0,0,0,2,215,34,0,2,0,0,0,0,0,0,38,0,0,998,0,0,0,0,0,0,0,0,322,6,0,0,0,0,0,0,93,0,0,0,0,0,384,0,0,0,0,0,0,0,0,0,96,0,0,0,0,0,0,0,0,0,0,23,0,0,0,0,17,0,5,0,0,0,69,0,0,0,0,0,0,0,0,3,0,0,0,0,1,0,0,0,0,0,0,0,0,0,0,0,0,0,0,0,0,0,0,0,0,0,0,0,0,0,0,0,0,0,0,0,0,0,0,0,2,70,0,0,0,0,4,0,0,0,0,49,0,0,0,0,0,0,0,0,0,0,0,0,21,0,1,0,0,0,0,0,0,340,0,0,0,0,0,0,0,0,0,0,0,0,29,135,0,0,0,182,0,0,0,273,42,0,0,51,6,0,0,0,0,1,0,0,63,0,83,0,2,1,0,0,0,0,0,4,0,0,0,0,0,0,0,0,30,0,0,0,0,0,0,0,4,0,5,0,0,0,0,0,0,0,0,0,0,0,201,26,0,0,0,0,0,0,0,0,0,0,0,0,0,3,0,0,0,0,0,3,0,1,0,6,0,0,8,0,0,32,0,0,0,0,0,0,0,0,0,0,0,0,0,0,0,59,0,0,0,0,28,0,0,0,0,2,2,0,0,0,0,0,0,2,0,0,0,0,0,0,0,0,0,0,0,0,0,0,0,0,0,0,56,0,0,0,0,0,0,0,0,0,0,0,0,0,0,12,0,0,118,0,0,1,2,0,0,0,8,0,0,0,0,17,0,3,0,4,0,0,0,0,6,5,166,0,0,2,0,0,0,0,0,0,0,0,0,0,0,0,0,1,30,0,0,0,0,397,0,49,0,0,3,0,0,0,0,0,0,0,0,0,0,0,0,0,0,10,0,1,0,0,14,0,0,0,0,53,157,0,0,0,0,0,243,0,0,0,0,0,0,0,4,0,0,0,154,0,0,0,0,0,0,0,0,0,0,4,0,1,0,0,1,8,3,56,0,0,268,0,0,0,1,0,0,0,0,0,0,0,0,224,0,367,0,60,3928,1,0,0,1,0,0,0,296,0,822,1,0,75,0,4,18,0,0,0,0,154,0,0,0,0,0,15,0,0,0,0,2,35,2,1,0,0,3,190,0,0,0,0,0,208,0,0,0,0,172,218,159,8,6,391,0,47,0,0,0,0,1,1,557,24,2,1230,27,0,0,2,0,0,0,0,0,0,0,0,0,0,91,0,91,0,5,0,90,0,0,0,5,16,0,0,58,4,119,0,0,0,2625,8,10,3247,1,0,228,0,41,0,0,0,0,0,0,0,0,1,3,0,589,0,3,0,0,0,0,0,0,300,0,0,0,1,0,1,0,194,3036,0,0,0,0,0,21,0,0,0,5138,440,143,59,48,0,33,1,404,0,3
"gene_797",2107,0,132,394,637,260,520,695,5,0,1,2464,0,1282,199,0,79,475,24,10,355,898,175,33,222,1,432,762,279,1288,6,0,0,0,37,42,66,0,4262,79,569,0,107,0,310,0,47,1,0,1,20,1574,37,14,0,36,33,0,0,103,3061,1,213,4,56,0,0,134,700,3,1,27,6,1094,0,148,11,205,41,0,7,443,43,22,2,0,1,0,3,0,0,0,3,0,0,3807,1359,0,0,1193,0,6,129,410,2,4,262,0,0,76,2571,7,233,0,63,6902,87,0,57,5569,14,0,0,43,6,1856,0,5432,4,724,32,0,46,4047,0,79,10,120,10,93,1135,49,81,1043,1,10740,1287,16,34,16,667,0,0,591,3163,2635,10,32,52057,4,9536,0,0,0,0,40,25,1585,0,51,5,5,39,304,677,0,0,7511,0,238,2,9707,0,122,67,1296,0,933,0,30,10604,4,4,276,731,0,265,2240,2643,39,0,16,0,42,1627,0,0,177,4,0,75,306,345,714,215,39,0,437,706,0,4,27,0,0,12,120,4168,22,3154,3,268,0,1560,37,0,0,248,998,1136,97,2440,1818,6,4,684,60,415,8778,0,487,338,0,241,0,0,27,0,0,494,91,7076,2257,16,161,6619,191,3774,0,1827,54,556,450,1779,1764,388,616,1323,3924,29,0,0,0,889,1444,0,460,1178,36,408,472,240,1,1814,50,158,0,374,1677,3013,128,1567,1211,1315,273,1072,16,750,0,17,0,0,286,953,2193,127,334,183,9526,2492,249,1711,2,79,3,756,587,2,17,13150,0,468,35,522,4199,5687,0,288,3686,7,1887,74,160,264,4437,343,14,1859,1319,3586,522,483,9063,0,4481,689,19,1813,903,1487,359,17,41,2177,68,548,722,52,417,2891,24,995,1791,82,41,303,12388,236,262,264,1,6,13875,511,46,683,1503,0,1,499,3404,2227,54,3626,44,2795,2722,57,2994,6,5703,235,5509,120,0,2257,12,7645,697,0,354,2820,71,5940,20431,2835,7,75,555,26,9417,200,18,371,532,447,2726,1181,11,90,106,454,1794,0,0,0,0,0,530,514,115,5,623,4,0,0,0,0,634,0,3,0,345,154,15,4,2461,0,12,441,104,0,29,91,5,9,339,1542,0,599,1,0,289,407,566,2,258,0,23,0,0,9,3542,9,116,2538,0,172,2460,94,3,0,0,2,1,0,3138,560,1,0,17,1,0,523,7,0,278,91,3041,14,1,0,525,507,69,0,237,78,1036,0,0,2,21,19,124,0,598,3,1043,58,347,767,0,94,2,18,169,1,2,305,24,5509,784,19,0,406,7,530,90,37,18,735,0,0,2135,739,100,0,33,73,7,6254,764,90,111,75,911,494,841,549,17,35,0,81,14,0,0,0,1,25,0,0,0,1,0,771,1,0,0,0,532,4,30,0,2164,0,27,0,109,2195,47,30,403,0,0,0,94,17,0,45,0,0,172,26,84,0,0,158,1,0,0,0,2,0,88,0,0,750,0,7338,0,0,0,90,0,0,0,0,234,0,0,0,0,0,0,0,1,4319,0,0,0,2141,0,90,0,0,0,0,1147,0,0,4,2,0,0,1,58,69,2213,0,0,0,617,0,0,0,325,159,650,0,0,0,0,0,991,0,67,7,0,389,0,0,257,0,32,0,233,356,195,0,756,0,11,3,0,1,0,1986,15,0,64,6,0,15,0,1,0,0,128,1,0,0,3,0,0,6,174,0,1,0,2687,0,386,3710,69,0,24,0,0,0,0,0,0,0,12,0,3295,1,0,148,1,0,0,16,2,0,0,12,18
"gene_798",0,0,0,0,0,0,0,188,0,0,0,0,0,52,0,0,0,0,0,0,0,0,0,0,0,0,0,0,0,0,1487,0,0,0,0,0,0,0,0,0,0,0,0,1,0,0,0,1,0,0,0,0,6,0,0,0,0,0,0,0,0,0,0,0,0,0,0,0,0,0,0,0,0,0,0,0,0,0,0,0,0,0,0,0,0,0,0,0,0,0,0,0,4,0,0,0,0,0,0,8,0,0,0,0,0,0,0,0,0,0,0,0,0,0,0,0,0,0,0,0,0,21,0,8,0,0,0,0,0,0,0,0,0,0,0,0,0,0,0,0,0,0,0,0,0,0,0,0,0,0,0,0,0,0,0,0,0,0,41,0,0,0,0,0,0,0,0,0,0,0,0,0,0,0,0,0,0,0,0,0,0,0,0,0,0,0,0,0,0,0,1,0,0,0,0,0,0,0,0,0,0,0,0,0,0,0,0,0,0,0,0,0,0,0,0,0,0,0,0,0,0,0,0,0,0,0,0,0,0,0,0,0,0,0,0,0,0,0,0,0,0,0,0,0,0,0,0,0,0,0,0,0,0,0,0,0,0,0,0,0,0,0,0,1,0,19,0,0,0,0,0,0,0,0,0,0,0,0,0,0,0,0,0,0,0,0,0,0,0,0,0,0,0,0,0,0,0,0,0,10,0,0,0,0,0,183,0,0,0,0,0,0,0,0,0,0,0,0,0,0,0,0,0,0,0,0,0,0,0,0,0,0,0,0,0,4,0,17,17,0,0,0,0,0,632,0,32,0,0,0,0,0,0,16,0,272,8,123,31,0,0,1,0,0,0,0,0,596,0,0,0,0,0,0,0,0,2497,0,0,0,192,0,0,0,0,0,0,0,0,0,0,0,0,3207,0,23,0,0,0,0,5,0,0,0,0,0,0,0,0,0,0,0,0,0,0,0,0,1,0,0,2,0,0,0,0,0,0,0,0,1,0,5,0,599,25,0,0,0,0,1,0,0,29,0,0,0,2894,0,20,0,0,0,464,0,0,0,0,0,0,0,0,0,0,0,0,0,18,0,0,0,0,43,0,0,0,0,0,0,18,0,0,0,0,0,0,0,0,2,48,0,0,0,0,0,0,0,0,0,0,0,6,0,0,159,42,0,0,0,0,0,0,0,0,0,0,0,0,0,0,8,0,0,0,0,0,0,0,0,3,0,0,1,0,705,0,0,0,0,0,0,0,0,5,0,0,0,2567,35,0,1,0,0,0,0,0,479,0,494,0,1,19,0,0,0,0,0,0,0,0,0,0,0,0,0,0,0,0,0,0,0,0,0,0,0,0,0,0,0,0,0,0,0,0,0,0,0,0,0,0,0,0,0,30,0,0,1,0,0,0,0,11,422,37,0,0,0,0,0,95,0,0,0,0,0,0,0,1,0,0,0,0,0,1,0,0,0,0,0,0,0,0,0,0,0,0,0,0,0,0,0,0,0,0,2,0,0,7,0,0,0,0,0,0,0,0,0,0,0,0,0,0,0,57,0,0,0,0,0,0,0,0,0,0,0,2,0,0,0,0,0,0,0,0,0,0,0,0,0,0,0,42,0,0,0,2,11,0,0,0,0,0,0,0,0,0,0,165,0,0,0,0,0,0,0,0,0,0,0,0,0,0,0,0,0,0,0,0,1,0,2763,0,0,0,0,13,0,0,0,0,0,0,0,1,0,0,0,0,0
"gene_799",656,667,1,0,1367,8,0,0,8,37,10,338,59,2,0,0,80,237,52,0,52,1862,25,0,51,15,0,0,0,3280,194,547,20,2,0,37,1,198,502,1,0,0,0,73,5062,65,154,1,0,0,337,0,1,10,32,7951,0,476,0,0,8399,627,98,0,122,22,9,0,4656,0,3913,19,0,2124,0,0,3,188,0,0,13,0,293,0,826,374,0,0,44,9,377,4,0,0,9,3588,0,0,264,6,102,4,8,584,0,652,98,0,0,916,718,0,0,1,0,0,0,980,0,20,373,376,1160,0,398,0,0,1,2,0,0,0,75,0,283,0,19343,3,3782,11,3233,0,1318,0,0,0,0,0,21,0,0,5,51,1445,37,53,0,0,0,102,1,15310,0,0,0,0,26,44,0,0,9,6606,0,61,0,0,0,2822,38,429,0,1505,0,0,0,0,3024,210,0,4407,0,0,0,0,18,0,8443,584,0,0,1282,0,0,0,521,19992,1065,27,58,0,0,0,0,6718,7695,0,97,3,0,6396,1,5889,0,37,0,16592,0,0,717,0,413,17325,0,0,0,0,8904,8,409,2051,3066,76,0,0,0,16,0,0,911,1829,4350,1126,477,653,45,2,0,6,9,260,3768,159,0,121,2623,0,6,0,0,5973,0,0,0,2,0,42,860,0,0,0,54,548,0,68,0,0,0,1,5,0,3,0,0,6,1,0,0,0,235,0,0,4281,2,1942,0,1,0,4,0,14,104,1,0,0,608,0,9,0,0,0,0,0,2,20,0,0,2180,0,844,0,0,119,0,1,0,0,3,0,15,0,0,0,16,0,1193,0,0,0,0,0,13,0,24,492,3,0,0,0,0,3,9,30,0,4,0,109,9,0,34,1,0,27,482,0,0,0,767,0,0,11,0,0,0,19,0,0,0,0,0,0,0,378,0,20,0,0,0,0,0,8612,1769,1416,1429,88,10841,3456,11,0,3893,2,6,0,0,0,933,0,0,49,122,0,0,0,0,924,0,0,18,115,0,0,0,0,0,0,0,0,669,0,0,0,0,0,2,0,59,1,0,0,7,0,0,0,0,0,26,2,0,0,3,0,0,0,0,0,0,0,4,24,0,0,0,0,0,0,0,0,0,0,0,15,0,0,0,0,0,0,5,1,0,0,1,37,1054,0,5,0,0,311,3054,0,0,0,0,228,0,0,0,0,0,0,42,0,0,0,0,0,0,0,0,13,0,0,0,0,0,0,0,9,0,477,0,0,53,0,176,0,91,0,0,0,0,20,0,0,0,0,151,0,0,0,0,0,6,0,0,154,45,0,0,0,0,928,0,1,0,0,4,0,0,559,0,0,0,0,0,1219,0,744,0,0,0,0,0,1,45,43,0,0,0,0,0,0,0,233,0,0,0,0,0,0,0,17,0,0,0,2,0,0,0,0,5725,0,0,0,0,0,0,0,0,0,1997,0,0,0,0,0,0,0,0,0,0,0,27,0,0,0,0,1,0,49,0,0,0,2402,0,0,0,0,0,0,380,2721,0,0,0,28,1,0,0,83,0,0,839,5,0,0,0,0,0,0,0,0,0,330,5,0,0,0,0,0,1062,0,0,0,0,0,0,3,0,0,0,1,0,0,0,1,0,0,0,0,0,0,0,0,0,0,0,0,0,0,0,0,620,0,104,0,0,0,0,0,34,0,0,0,0,0,0,0,154,16,0,1,0,0,0,74,0,0,130,1,0,0,0,0,0,0,0,0,0,0,1113,0,0,0,0,0,3,3
"gene_800",0,3,73,0,0,0,5,0,0,0,0,0,0,278,251,119,0,0,2,255,0,201,22,0,0,187,0,0,0,8,0,0,0,0,0,0,2350,0,4,0,0,1590,0,9,0,519,0,588,0,0,28,0,3,121,447,0,0,0,0,0,0,0,6,0,0,263,2,2,0,3236,1660,0,0,0,0,0,4,0,0,0,0,0,88,1,0,0,20,212,14,16,0,0,929,0,55,0,0,0,170,0,25,0,206,0,0,0,0,0,0,60,5388,0,12,0,1467,18500,0,12,0,0,0,86,0,0,0,0,0,2050,0,0,540,0,0,0,132,276,6521,2,0,23,405,0,0,253,23,12714,5,405,0,0,369,17,1089,0,0,12,0,0,0,0,0,256,0,0,0,135,13,387,0,0,0,2,0,2,1629,251,24,5,0,6806,0,0,0,0,138,0,0,0,8,0,6,0,0,0,72,0,1,0,0,0,1,3,1,0,0,2289,132,0,1387,0,0,2441,0,0,10,17,0,1457,0,0,0,0,0,0,0,0,0,0,1,0,0,0,26,17,0,0,0,0,0,605,138,0,0,0,0,0,0,0,34,0,0,76,0,0,35,0,0,0,0,38,110,520,0,0,0,14,14,0,0,0,0,0,0,2425,13,0,0,2413,0,0,10,885,0,0,209,8,0,62,0,88,294,0,827,0,0,1,0,0,0,10,0,13,819,0,0,0,1,2020,0,257,0,0,0,0,0,0,0,0,0,1,0,264,0,0,18,34,1,0,10,0,502,0,0,0,0,0,0,1196,31,14,0,24,22,0,0,0,0,106,1505,2,0,107,0,1096,1,0,0,0,5,3,2702,0,0,0,223,173,0,15,76,0,4697,0,12,0,5,0,55,242,4,357,8,150,0,102,11,175,2,508,272,0,493,0,409,2,1,2636,0,0,0,0,0,5515,0,0,0,0,0,0,0,168,0,0,0,7234,0,578,1191,0,0,0,0,0,0,3,0,262,1,0,40,24,0,0,0,0,24,0,0,0,3,0,0,6,0,0,129,14,0,0,0,0,0,3,0,0,0,0,2,0,0,0,0,10,0,0,1,0,0,26,0,0,0,0,0,0,5,0,0,0,0,0,0,0,0,4,3,57,0,0,87,4,0,0,0,13,0,0,0,0,0,41,179,0,0,0,0,159,0,0,0,0,0,0,0,0,0,0,0,0,0,0,0,0,1,0,28,0,0,0,1,0,0,53,0,0,33,0,0,0,0,452,0,0,0,0,0,20,0,0,2,0,0,0,0,10,0,0,0,0,0,534,0,0,0,0,0,0,2753,0,0,0,0,171,21,0,0,0,0,0,67,1,2,0,0,0,0,0,0,0,0,0,0,0,1,0,0,0,1,0,0,0,0,0,0,2,0,1,0,0,0,0,2,65,644,0,0,0,0,106,0,0,0,0,0,0,44,0,0,147,0,0,0,0,0,0,0,0,0,0,0,0,0,0,0,0,0,0,0,0,621,1,0,1,0,0,0,0,0,0,0,0,0,0,0,1,0,0,0,0,15,0,0,0,0,0,0,0,10,0,0,0,0,0,0,2,0,0,0,0,0,0,104,0,0,0,0,0,0,0,201,0,1303,0,18,0,0,1288,73,0,0,0,0,5911,224,1217,0,0,0,0,0,0,0,0,0,0,0,0,0,0,0,3,0,26,0,1,0,0,0,0,0,0,0,0,153,0,428,0,0,0,5,8,0,0,0,0,0,0,0,16
"gene_801",0,0,0,29,0,1048,0,50,0,16,268,0,17,107,1,65,0,9,21,18,22,0,3059,0,0,31,0,0,0,200,0,39,0,1,0,6,30,0,348,0,1101,13,0,5,26,1,0,7,0,0,1,138,0,0,27,197,9,125,0,11,0,0,619,305,0,0,682,0,546,1062,0,726,0,59,47,0,16,1,0,0,8,15,0,0,632,0,3,6,2494,10,2,162,27764,0,0,0,0,0,13,0,0,0,0,0,0,0,0,0,0,0,462,3,0,124,0,577,175,0,0,0,0,0,0,0,0,0,10,0,43,1327,0,0,13,0,0,2,8025,0,7338,34,0,0,0,0,186,0,0,0,10,0,2,83,0,0,0,0,4,0,0,1,276,0,0,0,0,0,0,1,0,0,23313,13,2003,0,0,0,0,0,0,0,1,0,0,18,0,0,0,534,0,0,0,4917,0,0,5245,7,2,0,0,6,0,0,0,0,307,1,0,190,0,0,0,27,0,1436,0,0,0,0,129,358,109,0,0,0,451,0,0,0,0,47,0,0,0,0,0,0,0,0,0,8,24,95,0,0,0,20,938,1234,0,61,20,1,38,0,640,0,832,0,1,0,29,56,1,12,2,2,1893,0,70,0,2150,202,531,20,112,785,63,0,125,130,153,3,1104,0,0,4617,6,799,1136,76,0,103,0,0,117,85,1289,0,0,0,47,196,0,26,0,0,54,989,2,0,6,0,592,112,3,1,0,0,1,0,0,60,344,0,0,0,819,16,61,0,0,0,2932,0,750,0,2,13,0,0,0,0,0,22,0,5,1,0,95,4,1,136,2,12,38,561,48,1,5,0,4,273,0,0,1209,456,2,0,18,5,227,142,1,251,0,153,44,0,0,0,739,0,0,111,52,4161,66,0,0,8,0,183,3,0,0,0,207,515,0,30,0,0,1,0,84,0,0,155,419,3,362,0,295,292,2,6,3583,5,664,11,0,0,0,0,0,4571,0,0,59,1493,1,197,0,5,478,0,0,61,0,3,258,7,0,41,0,19,58,4,381,12,13,151,86,0,28,0,0,5,0,56,251,0,2,20,1,0,1,61,2,206,0,6,89,0,186,62,0,1,0,6,26,0,0,0,0,210,0,294,0,0,0,5,91,196,0,79,0,0,0,0,4,33,0,0,317,288,0,9,42,0,0,3,0,126,24,0,45,0,0,13,0,98,59,275,0,60,1,34,0,0,103,0,1,0,0,4,0,92,160,0,102,1,81,656,178,732,1136,442,0,14,218,23,877,1,32,0,0,0,0,13,38,0,4,0,263,0,0,5,0,0,0,0,1,397,4,9,0,5,8,0,0,0,5,0,0,0,0,0,2,0,1367,0,137,0,0,52,185,3,0,0,0,0,94,0,0,0,233,0,266,4,2,5,20,8,0,138,1309,0,226,542,201,0,2744,0,27,0,1,0,82,3397,0,0,291,0,1997,0,4,1,645,0,0,724,384,6,0,0,0,1,0,0,0,0,767,0,200,732,100,6,0,0,120,1,132,0,68,29,0,130,0,7,3,90,0,0,1,0,0,0,3,0,1,0,0,132,0,303,0,0,0,0,0,4,16,0,0,0,0,0,0,34,552,68,22,11,2,0,0,427,0,0,818,0,0,0,0,0,118,0,0,16,0,15,1109,0,295,2,83,484,153,0,0,0,119,0,70,4,3,0,0,1,0,7,190,20,56,0,0,0,0,254,0,290,0,103,0,17,26,486
"gene_802",1961,147,1,646,1,1,6,271,272,143,152,29,2488,22,15,104,98,212,1136,68,17,1,264,270,177,1831,2,243,18,2,1086,2,475,199,481,38,34,0,0,2,40,20,111,22,1,469,211,2,29,13,20,77,0,69,1,668,3,2582,432,100,385,26,6,47,62,1,26,737,194,13,1389,0,0,480,351,2,647,279,980,46,620,72,156,12,139,229,8,3,5,23,4,38,8,114,1857,0,13,0,689,98,0,0,0,5793,26,0,0,0,0,17,0,75,0,0,2,0,0,2,509,0,3,0,0,0,3026,0,0,0,0,0,2,730,0,0,355,0,18,1314,0,5,1,3,0,0,0,0,0,0,2108,0,0,83,3000,3238,4,0,0,0,0,0,0,104,0,0,1,5,2,0,2251,64,0,0,0,0,0,0,0,4740,536,194,139,0,0,1,0,8880,0,5,5,85,0,0,0,0,273,0,35,335,2194,3,757,39,2,7,4,0,120,384,199,20,5,2215,54,1378,1528,0,5,0,30,0,69,0,113,37,1034,7,0,800,936,11,464,5,19,11,594,0,0,3106,714,10,0,1,1730,0,0,3,0,189,0,6,917,47,0,8,257,37,21,34,0,1,13,272,71,12,1525,0,38,513,7,945,1,40,0,13,1036,28,157,35,0,45,131,86,1,7,5,136,0,0,161,152,1394,20,615,36,1516,260,6,278,729,15,1181,191,0,382,0,687,2774,116,0,162,6,100,1,31,27,1,3,243,7,20,0,315,18,38,410,0,3,493,4803,282,5,0,1923,494,2,229,45,74,13,699,28,0,31,53,153,89,14,0,219,101,28,21,503,69,641,73,0,241,132,174,305,0,158,1,194,138,631,361,8,108,439,84,3918,5,529,41,146,0,591,2,0,127,928,183,0,22,347,2,16,83,0,1,531,0,102,78,1834,0,343,0,21,133,167,71,70,747,0,293,74,798,0,603,66,0,0,89,697,5,20,388,76,521,0,794,3,147,17,4,6,362,2,50,104,0,2,63,2,30,340,207,33,1,25,0,0,112,6,471,7,179,100,45,134,51,2,13,2,1,3,10,25,0,477,1006,65,51,0,21,0,784,207,46,193,27,24,185,258,392,12,85,10,54,8,0,270,133,0,48,2,36,169,0,5,32,232,5,56,11,209,24,40,34,43,329,1,58,755,72,1,0,0,265,1,233,71,0,0,148,3342,957,0,110,1,303,340,1209,5,0,16,284,248,0,11,13,3,463,54,6,0,652,5,50,3,2,351,512,3,7,2,1,66,3,125,0,4,12,55,25,0,170,40,32,483,45,292,493,40,2042,260,1,73,1,0,3,1,3,99,413,142,0,879,21,99,73,23,139,100,1,92,3,0,55,13,508,115,102,0,8,193,0,27,1,169,69,439,983,59,457,89,66,1,70,8,0,1,0,52,9,16,9,263,177,10,68,255,11,0,68,37,426,0,49,29,244,38,4,1,11,10,89,3,0,2,0,2,3,622,534,653,17,32,0,179,5,2,5,12,77,15,302,17,22,0,116,0,2,0,7,10,510,2,85,79,1,43,9,2,111,54,273,0,8,25,42,1,16,18,34,14,0,18,0,35,1,0,71,0,0,0,347,0,4,8,1,0,343,0,203,1,17,74,27,7,0,0,0,0,8,1,76,1,0,0,302,0,651,697,142,148,0,51,1,308,5,3,1,15,0,0,6,0,270,10,40,27,22,0,94,232,84,116,42,50,0,5,1,0,1523
"gene_803",22,8,20,4,1160,0,2,543,580,265,0,2047,0,168,0,36,0,32,0,0,872,41,3764,2067,0,70,0,0,7,330,54,115,0,105,5917,49,2029,1988,0,2,0,1122,0,65,330,1272,0,2,0,397,0,1022,250,16,1269,21,0,3,102,0,0,4,0,922,6,0,0,4,385,0,252,1,3,109,0,0,5,0,59,0,82,0,58,106,0,0,201,166,166,48,4,11,0,0,0,11,2583,410,0,0,2,0,67,0,0,0,76,0,0,0,0,0,0,196,73,20,14,215,0,1242,0,81,0,0,0,46,0,54,0,0,6,21,1427,1755,1,0,0,0,0,123,0,0,9,0,0,6,0,2,0,1,0,1520,4,0,0,0,28,78,0,103,0,0,2,0,0,0,12,246,0,0,149,0,0,0,428,0,0,0,236,0,0,0,235,35,878,282,0,0,35,2978,0,374,0,322,116,0,220,0,0,0,0,0,0,0,152,361,0,618,1,0,19,34,0,54,0,0,239,48,0,16,0,242,6095,25,1,1,0,0,0,416,0,0,1,0,0,0,0,0,0,0,0,0,0,0,49,0,0,0,5,0,0,0,0,0,0,409,0,0,33,0,0,0,0,45,0,0,0,0,2,0,0,0,0,0,0,0,0,0,0,0,0,0,0,123,0,0,0,0,0,0,0,12,0,4,181,1,0,94,0,0,0,1,0,7,0,0,1,19,0,0,0,0,0,21,0,0,0,0,0,2,0,0,0,0,0,0,0,0,0,0,0,0,0,0,0,0,0,0,0,0,0,0,0,0,0,0,0,0,0,0,0,0,0,0,0,0,0,16,0,0,0,2,0,0,0,0,0,0,0,1483,0,0,0,0,6,0,0,0,0,0,502,0,0,0,0,0,0,0,870,0,0,0,0,0,1,3,0,0,0,0,16,0,0,0,0,0,4481,0,0,0,0,0,0,0,0,0,3,184,0,0,26,0,0,0,0,0,0,1,0,0,0,0,163,0,0,23,0,0,0,0,0,0,0,22,0,0,0,195,0,6,0,0,0,1,0,0,63,0,0,0,202,0,0,0,0,0,0,482,0,0,0,114,0,0,0,797,0,0,0,0,1,0,1,0,0,0,1,0,3,0,0,0,3075,589,0,0,0,22,0,110,0,55,0,0,0,0,1323,0,0,0,327,0,0,0,0,0,0,0,0,2,73,0,0,0,291,4,0,0,0,0,305,0,0,0,0,403,20,0,1813,0,31,56,0,0,0,0,0,41,0,0,0,0,0,0,0,0,0,0,46,0,0,0,29,0,0,0,0,0,0,0,0,0,0,0,0,0,0,0,0,0,0,0,257,7787,0,2,3,0,0,0,0,0,7,0,80,33,0,0,201,0,0,0,0,49,13,0,0,0,0,0,10,0,0,0,0,400,0,0,0,0,0,0,0,0,0,0,0,0,0,12,0,0,113,303,0,0,0,1454,0,85,0,0,0,70,780,0,0,0,7,0,21,0,1059,0,0,0,0,2,0,0,0,6,28,0,48,23,0,0,237,179,0,200,0,0,183,453,17,0,0,0,1,0,0,0,866,0,0,10701,0,0,0,0,0,1,242,0,0,0,4,3043,0,0,0,0,0,0,0,0,0,0,44,0,93,0,0,0,70,0,0,0,0,0,0,0,0,11,0,5,2693,738,0,0,0,0,0,0,0,0,0,0,397,0,0,20,27,0,0,0,6,0,2704,0,0,0,0,0,0,146
"gene_804",0,0,0,0,0,0,0,16,3,0,118,2032,0,49,124,0,80,9,339,0,111,2,0,0,40,37,0,282,0,0,2,9,246,0,3647,0,1,548,618,2,390,82,10,32,0,1556,198,0,51,0,600,1486,3738,22,390,3,0,2613,105,23,370,4,2,3378,16,0,0,1566,0,0,0,0,0,39,0,4,6,144,6,2945,0,2,1290,0,53,0,0,0,2256,0,376,0,0,0,6,322,881,0,3,1065,17,539,15,302,0,626,0,0,6,4645,0,1472,3,0,2,1291,0,0,0,1244,379,0,67,13,0,0,1,0,0,801,8,0,0,926,2,0,127,231,441,0,9,5922,503,7373,1681,7318,34,6751,1433,0,0,0,0,9,164,0,0,3,2,5,230,0,0,126,13238,0,0,0,0,35,698,3,2458,356,0,1,7,0,2985,1,0,128,0,18,18,79,0,0,423,0,10471,68,0,309,2879,0,0,1,0,0,0,0,0,483,0,0,1368,100,0,0,0,0,0,666,0,0,0,0,27,0,0,160,0,91,2,0,18,0,19,0,0,0,0,0,0,0,0,0,0,0,786,0,1226,26,769,0,0,0,0,20,2676,1,0,0,0,0,0,0,0,2347,0,0,2,0,0,0,264,21,0,0,577,0,0,0,92,79,1,464,296,0,3,0,0,18,0,218,0,0,19,0,10,0,5,570,188,2,0,508,0,0,0,15,0,0,0,0,0,0,0,0,91,0,3,0,31,2248,0,0,0,0,0,0,0,0,1412,2724,26,0,0,153,0,0,0,0,0,3,0,52,31,0,169,1,1,12,3,0,0,1392,0,770,0,0,0,496,0,0,294,1688,0,55,2,0,4,0,0,0,26,6,329,1,0,0,0,0,122,0,0,0,0,0,0,0,0,966,0,2,0,0,0,0,0,0,0,0,3612,0,0,0,3,0,0,1392,0,0,318,0,2,0,0,134,0,0,0,213,34,0,0,1,0,0,0,0,1,0,0,0,1,521,0,0,158,0,5195,978,130,0,0,0,0,0,29,357,196,0,0,0,290,0,10,2,1897,0,0,35,8,0,81,0,0,1,0,1,0,0,251,0,758,172,0,27,3,0,0,0,1,222,315,1466,0,57,20,106,36,328,0,1,42,0,6,0,0,4882,444,12,1,0,0,0,0,5,0,0,0,84,0,0,0,21,0,3,0,1886,0,62,0,7,135,0,18,0,18,9,256,3694,22,0,536,2,35,0,25,57,857,206,1,383,12,0,0,2,27,0,1400,2177,0,0,0,1792,0,1226,6,0,54,831,0,2,1,1652,3,22,0,1228,0,2398,33,4646,0,34,269,2,0,0,12742,0,0,0,0,0,0,0,0,0,1307,0,0,27,0,0,0,0,322,2,0,185,3,0,0,0,1,4001,0,774,0,0,17351,13,10,0,0,1739,0,0,11,0,0,0,0,0,0,0,0,262,5,0,302,0,306,5081,0,0,0,0,0,0,0,0,2,3,0,0,790,0,3164,0,3828,0,0,0,3296,1200,0,0,357,84,476,0,0,3,0,60,0,0,0,6,0,0,208,0,0,0,0,1424,0,1,120,0,4001,0,8,0,269,0,0,1381,0,4,0,0,1730,0,0,0,0,0,8,0,0,0,3,0,2,0,0,0,0,10,0,15,0,348,0,0,0,0,0,0,2435,0,0,0,0,0,1097,0,20,12,0,0,3,27,137,0,0,0,2,25,10,179,30,0,0,1,157,0,3,8,0,0,6,3278,0,1,0,3,0,3562,187,0
"gene_805",0,3,0,0,0,0,0,0,0,0,0,0,0,0,0,0,0,0,0,0,0,0,0,0,0,0,0,0,0,0,0,0,0,0,1,0,0,0,0,0,129,0,0,0,0,0,0,0,0,0,0,0,0,0,0,0,0,0,0,0,0,0,0,0,0,0,0,0,0,0,0,0,0,0,0,0,0,0,0,0,0,0,535,0,0,3,0,0,0,0,0,0,0,0,0,0,0,0,0,0,0,0,0,0,0,0,0,0,0,0,5,0,0,0,0,0,0,0,0,0,0,0,0,0,0,0,0,0,0,0,0,0,6,0,133,0,0,0,0,0,0,0,0,0,0,0,0,19,1,0,0,0,0,0,0,0,0,0,0,0,0,0,0,0,0,0,0,0,0,0,0,0,0,0,0,0,0,0,0,0,0,27587,0,0,0,0,0,0,0,0,0,0,0,0,0,0,0,3,0,0,0,0,0,136,0,289,0,0,0,0,0,0,0,0,0,65,4779,0,0,0,0,1,0,0,1,0,0,0,0,0,0,0,0,340,0,4,0,0,0,0,2070,2,0,0,0,0,0,0,0,0,0,0,0,17,0,0,0,0,1,0,28,44,2,37,320,0,10,7,0,0,0,28,0,0,2,0,1,0,13,0,0,0,17,49,0,75,0,0,0,2,1,2,0,0,0,0,0,0,0,0,0,0,0,2,0,3,0,0,0,3,0,104,0,0,0,30,0,0,0,25,0,0,0,2,63,0,0,3,2,0,0,0,0,1,27,0,0,0,0,0,15,5,0,149,0,0,9,0,22,0,0,0,0,46,0,0,0,0,0,0,0,0,32,0,0,2,83,26,0,0,0,0,0,0,0,52,2,4,0,0,2,0,3,0,0,4,0,48,243,0,4,0,5,0,0,4,0,0,23,0,0,0,24,0,0,0,0,0,0,0,0,0,12,0,0,6,0,0,0,0,24,0,0,0,0,0,0,0,0,0,0,0,148,23,0,0,190,18,0,1,0,9,0,3,0,1,0,133,0,0,0,271,0,0,0,76,3782,223,0,0,0,31,255,0,0,0,0,0,0,0,1,0,0,1,0,0,0,0,0,10,0,0,0,6,0,33,0,86,0,60,4,0,0,15,0,0,0,0,0,0,0,29,0,0,4078,0,0,57,533,27,0,0,0,0,0,1,0,4,0,0,0,1132,0,170,0,2725,94,0,0,0,0,0,0,389,0,0,1002,0,0,607,10,0,331,0,0,0,0,184,0,1,0,78,0,0,0,0,0,9655,0,1,0,0,5,0,1321,0,18,30,0,0,0,0,145,0,0,0,0,0,0,0,0,0,314,0,0,0,9,0,0,0,0,0,0,0,0,55,0,0,0,0,0,0,964,0,0,0,0,0,0,0,0,0,0,0,0,0,0,0,0,0,0,0,0,0,0,0,0,0,0,0,0,0,0,0,1369,0,0,0,0,93,0,0,0,0,0,0,0,0,0,0,0,0,0,0,98,0,0,8,0,0,0,0,0,0,0,0,0,0,0,0,0,6,0,0,0,0,0,0,0,0,0,0,0,0,0,0,0,0,0,0,0,0,0,0,0,0,0,0,0,0,0,0,0,0,0,0,0,0,0,0,0,59,0,0,0,0,0,0,0,0,0,0,0,0,0,0,0,0,0,0,0,0,0,0,0,0,0,0,0,0,0,0,0,0,0,0,0,3201,0,0,0,0,0,0,0,0,0,2
"gene_806",5833,3082,13490,1058,2467,4963,15439,3374,762,6435,301,9195,10871,6499,22300,2079,445,6019,1761,1166,2083,5,12893,1836,1443,1169,50,121,6219,5382,155,22007,688,2437,5139,1501,1717,4933,2,2606,347,187,1738,63,2705,1998,1038,2002,128,1065,2416,115,4,1989,2302,7249,314,1280,649,6756,679,14334,3627,8239,1284,754,72,2843,6083,844,8957,642,915,1267,3171,1723,194,1454,2153,7969,2135,71,25,4,5904,1163,574,2033,2412,1760,1,2588,1127,493,32888,11,605,241,1501,484,13,1258,3634,3,0,15474,7988,12215,32,771,1235,123,85,6,258,10427,0,1910,2188,2,95,335,2,60,2146,4611,17,651,280,0,68,1431,7573,566,3209,1428,1008,529,28588,86,126,0,587,1053,19826,12,943,367,0,16029,1,1223,95,8397,4926,4951,6966,13773,2432,343,109,325,4436,0,1510,10028,7945,478,134,693,16859,97,5635,7,2632,112,16,53,301,238,81,333,23995,3276,2159,26304,20033,1965,1723,865,9155,6,5868,2206,3672,0,35,1432,797,390,2064,0,89,409,131,50,2,217,2011,1850,0,6383,184,19,1,0,456,0,376,0,18,1468,83,1,15989,4916,35,81,3101,0,665,174,308,2922,4,26,1405,16,12,5,55,774,0,0,434,0,4910,474,20,3357,111,963,7665,809,3401,0,60,477,10,111,1144,135,0,202,10945,978,261,1940,7,5004,3498,1066,3876,127,1647,0,1136,337,17,4235,205,2318,2995,2,73,1,1250,249,8648,18,1047,1996,518,1262,1178,451,141,2420,5844,46,0,93,1633,6034,2664,9729,757,2732,1030,350,1,363,3,1372,1,1663,328,5,1113,729,2586,892,29,868,593,0,735,2139,3958,769,5284,394,5350,0,6766,1424,727,129,346,1549,31,10,5819,520,45,20,4,2107,93,127,13,3532,52,171,425,15,1464,3231,12116,3131,7,208,2045,670,757,29,134,1334,1446,7594,8717,519,11,14,313,2863,16,8719,957,4948,2040,890,387,3387,16,650,0,3376,704,262,11,7655,16333,2686,694,0,1658,1077,3699,379,1319,433,3216,315,571,640,5047,139,1016,2041,1611,1345,105,418,188,4076,152,2479,107,7588,753,372,1337,0,200,133,8702,35,9,91,8574,8677,0,151,108,1,21,4,0,439,61,101,7,7,1366,242,106,9,2,1610,3478,398,207,0,180,5448,2928,0,45,246,7,3595,908,157,45,108,3236,935,5,285,0,352,76,576,6425,27,506,75,1304,33,14,401,15,6,1522,134,7,274,1,208,360,33,307,1105,1514,1195,14,2,0,291,8,0,37,622,1588,4,906,254,9,25,26,434,25,1068,265,604,0,0,7,0,0,1,45,1794,713,430,0,264,197,1718,1368,106,234,2147,246,123,30,1,62,0,0,1361,3215,4721,0,1120,619,1604,542,6,22,125,2556,0,175,21,6,100,84,583,47,243,5242,23,490,0,269,3,71,1,493,0,0,0,84,1,51,2,0,7569,129,0,1513,1,0,114,0,0,765,1,0,7,0,0,47,11,0,1413,0,0,6129,0,190,0,30,3,12,82,527,0,1196,0,56,0,18,38,0,5,20,0,1363,14,4956,0,18,31,6,0,0,0,6892,2926,1,0,0,0,0,0,0,3305,2,1,3,18126,643,0,194,0,0,160,0,0,5072,19,0,501,443,4,1,49,0,143,0,4,0,5637,0,1258,63,0,0,269,0,262,0,0,0,31,4,0,0,152,0,122,0,0,38,3,5433,0,0,3,0,0,0,4858,7,0,0,373,457,184,0,0,363,0,2098,0,30,0,419,0,0,0,0,3,0,102,194,59,0,208,10,21,1,0,0,218,0,247,103,4276,0,77,0,0,0,5815,190,856,0,0,4,0,27,0,0,0,0,0,0,435,2,39,12108,0,4122,7
"gene_807",0,2,3,33,0,2,0,2,0,0,0,0,0,0,78,22,255,116,93,1,0,388,9,0,0,0,2,0,0,0,0,0,8,0,88,0,0,0,0,0,0,0,0,0,0,2,0,0,5,0,0,272,0,0,0,2313,1302,0,0,708,0,7,14,0,0,0,0,145,47,0,0,0,0,0,0,0,0,0,2,0,670,0,0,0,0,0,1,1096,0,32,0,0,0,1806,0,0,0,1695,0,896,0,8,0,1,0,0,193,754,0,0,0,0,578,0,0,0,7,0,0,2,0,0,16,0,206,6,2,1,0,0,14,124,46,0,0,495,34,0,0,0,0,0,2,3,272,0,116,0,149,115,0,0,0,0,279,0,0,0,0,0,0,0,0,117,564,1265,745,0,0,0,0,0,467,0,0,0,0,0,0,278,704,0,0,0,9,0,287,2603,0,0,0,14,242,1,0,0,0,1,1,0,0,8,1,0,0,0,27,213,0,0,0,0,602,6,0,1596,0,0,56,126,0,45,517,0,22,0,0,23,443,1838,0,0,0,0,0,814,0,812,0,45,0,0,0,0,71,0,5,5,0,0,394,169,0,0,0,6,1526,0,11,0,0,0,0,1,1,0,0,65,2768,0,83,11,31,0,0,2,272,0,0,10,0,0,0,0,373,0,0,6,0,1135,138,0,338,0,0,306,40,0,1,907,0,0,0,294,0,0,119,0,0,91,0,0,872,113,0,0,0,260,341,0,52,178,0,6,63,3,0,0,0,0,1336,0,92,0,0,5,0,0,0,0,0,0,35,1,0,0,14,0,0,0,19,98,1695,25,0,30,0,222,0,18,0,30,3840,0,0,35,0,0,0,3,0,0,0,28,4458,6,4635,2,0,1115,3,7,132,0,1,18,117,28,0,709,175,0,708,64,2,1741,72,0,5,35,27,0,27,1124,328,2470,0,99,0,0,0,0,0,14,0,0,6,0,0,333,0,0,1766,119,0,0,0,7,1,0,0,3,0,0,0,0,0,0,0,0,0,0,0,0,0,0,4080,0,0,0,1,51,7,0,181,36,0,152,26,277,269,2,0,0,0,0,0,11,24,0,0,0,510,0,0,0,0,0,0,0,1,0,12,474,0,0,0,539,0,0,0,0,0,0,0,1096,0,0,726,0,0,0,0,0,17,0,0,27,0,0,1724,0,0,0,0,0,0,1,0,282,0,0,0,0,0,0,0,0,0,0,0,0,0,8248,0,0,0,0,0,0,0,0,0,0,0,0,0,0,2,0,0,0,0,1,0,0,0,0,0,0,0,2076,0,7531,0,0,0,0,1,0,0,0,0,0,0,735,0,74,0,17,95,96,0,0,0,0,50,0,0,0,0,3,0,0,0,0,0,0,0,0,2,0,0,0,0,0,0,0,0,1370,0,36,0,0,0,723,0,0,0,138,0,103,0,25,0,0,0,0,0,15,1,0,497,0,0,0,0,35,0,0,0,44,0,0,0,0,0,0,1312,0,0,0,32,0,0,0,0,0,0,5000,0,0,0,1,0,0,0,0,0,0,0,0,0,0,0,1,116,0,4,0,43,419,0,0,0,0,7,0,0,1505,0,1,0,6,0,0,0,0,237,0,12,166,0,67,119,0,0,422,0,0,0,3,0,0,0,0,0,0,0,38,0,0,0,16,0,0,0,0,273,2,0,0,39,0,0,0,0,0,0,0,0,759,10,0,0,0,0,0,13,0,6,1,0,0,0,128,25,2889
"gene_808",2945,0,0,0,0,0,0,0,4245,1,6,0,1,23,6,0,0,0,0,0,1188,457,35,0,0,2581,0,0,116,2964,0,808,3,1286,0,327,0,3,1155,3173,0,0,17,0,0,0,1503,4658,2,0,0,1033,16,3,15,742,4,0,0,66,898,3,0,120,2,263,4,903,89,0,0,0,217,851,1,0,117,39,0,3,0,838,0,1367,6003,0,0,2,94,0,1619,255,2109,0,3134,0,11318,0,0,0,0,874,0,6084,115,0,2917,0,0,0,263,0,4,394,2465,1724,0,55,12,0,456,0,0,0,0,54,0,0,190,0,33,2666,88,0,0,0,0,0,2,3725,0,37323,0,2,300,6165,0,0,0,0,0,107,2,15,0,0,65,0,752,0,0,6,0,0,4685,0,0,6117,4,0,41,0,0,49,11818,0,29,0,4,67,1112,4328,1598,0,10310,54,1,36,0,0,1111,560,0,0,1809,0,0,5,0,0,4939,0,0,0,1126,67,53,1,72,0,713,60,2168,39,181,0,0,36,0,0,61,2434,26,0,5,306,0,0,90,2246,0,0,81,9,6657,0,0,0,0,0,3780,0,0,2,0,0,0,0,18,23,0,14,0,1632,1,36,633,188,38,18,11,364,5,2,0,0,0,41,219,10,5,0,11,2,0,16,1,0,13,990,9,0,0,11,0,9596,2,0,42,96,2172,0,0,2570,42,0,9,1106,260,45,0,0,0,12,14,113,2912,0,0,0,15,0,0,0,0,154,0,40,292,0,3287,0,0,178,0,5,754,0,4,183,10,0,0,1781,455,0,141,80,1136,67,2,17,0,663,0,0,14922,115,435,887,1,0,95,5,0,0,8,41,1,12,5,1452,0,207,0,0,0,0,0,854,1,0,73,0,10,0,63,89,1061,708,18,0,4,0,139,0,529,0,109,0,0,0,4293,652,2,0,0,5,0,0,69,593,3,26,0,1,0,138,0,307,0,0,2778,0,0,513,6,9,3,0,0,45,809,0,2,18,813,0,0,0,12003,0,0,7,580,0,0,0,0,5,2,0,0,134,89,0,37,0,40,1,0,0,0,233,1,0,0,0,133,68,0,0,1,847,8,18,0,0,0,0,0,65,32,97,0,0,0,104,1,52,290,0,360,0,0,1769,0,0,0,0,0,4,70,57,0,0,10,0,0,3,208,0,0,1,39,19,0,4427,0,12,0,2243,0,0,0,0,1,287,2597,333,6,62,0,25,0,511,0,0,11,1,1121,1815,0,0,16,0,0,2,44,43,73,0,0,77,52,0,2609,0,3,1227,0,0,0,0,203,112,687,149,31,13,0,417,0,0,0,0,5,0,0,157,53,0,0,0,0,447,0,0,37,1,0,0,0,0,0,25,0,0,0,0,1,2189,183,8,0,0,0,0,3194,0,0,303,12,0,0,0,73,0,0,0,80,0,48,0,0,1415,0,0,61,0,426,0,0,0,0,0,0,1,0,1,27,14,3,0,1627,21,0,42,0,2225,0,2287,0,0,0,0,0,0,0,0,0,0,0,0,0,0,0,0,0,1,0,2652,0,0,2294,519,0,2749,180,0,11745,0,49,0,0,155,228,683,7,29,305,0,388,1,0,0,0,3,0,0,1502,3864,0,0,0,0,0,0,4,0,0,390,95,0,0,266,0,0,0,1188,910,0,0,1,0,2,0,0,4,0,7,0,0,0,5,0,0,0,0,0,15,0,0,1,1505,0,2801,0,0,54,0,0,0,0,0,16,0,19,4,0,4,15385,61,5,18,0,0,0
"gene_809",134,910,0,0,0,0,0,26,85,1,7,6,0,0,1,59,2,0,0,3,0,2,0,0,10,3,176,64,0,468,2,0,0,0,0,0,114,1519,0,59,20,8,5,0,2,0,0,628,0,0,0,0,0,0,11,0,17,0,0,0,0,0,0,779,0,0,39,0,0,2,0,0,0,585,0,0,0,0,1,1470,0,0,0,0,66,0,0,1,0,0,0,17,40,2,0,0,0,0,0,0,0,0,0,2,1,0,0,0,30,0,0,0,0,9,15,0,22,15,24,0,2,0,0,0,0,0,0,0,0,0,0,0,0,0,0,0,0,0,0,0,0,0,0,0,0,0,0,16,0,0,0,0,0,0,0,0,0,3,41,0,0,0,0,9,1015,0,0,0,0,0,0,16,0,0,0,0,0,0,0,0,0,167,0,0,16,0,0,0,0,0,0,0,0,0,0,0,1,0,0,0,0,0,0,0,0,1,0,0,0,0,0,0,0,0,6,0,14,0,0,0,0,0,0,27,82,2,0,8,0,0,0,0,107,1,0,0,0,3,0,0,16,0,12,0,0,0,0,0,0,84,0,0,0,0,1,0,0,0,0,3,0,5,225,0,13,0,0,0,0,0,4,571,0,0,0,0,0,0,4,0,0,1,1,0,142,0,0,0,0,0,0,0,0,0,0,0,0,55,111,0,105,0,0,0,1,28,0,0,5,0,1,0,0,0,0,0,0,0,0,0,0,60,0,0,0,0,15,2,1,0,2,0,1,21,0,0,0,0,0,4,0,0,1028,315,0,14,2,0,0,0,24,30,0,1,0,0,4,0,10,32,0,0,0,95,0,0,524,1,0,0,4,0,5,0,0,0,0,434,135,0,0,0,0,0,2,0,34,24,187,0,0,0,0,262,0,1,0,0,3,0,0,0,55,0,0,0,2,0,0,0,140,0,0,0,50,0,2,5,21,5,1,194,1,647,7,0,39,0,0,4,0,47,0,15,145,0,57,0,1,117,0,0,0,30,0,0,0,4,0,2,0,332,0,1037,506,15,20,0,0,0,0,0,1,0,1,8,0,14,344,0,0,28,778,0,0,0,2,0,7,0,0,472,0,0,0,3766,7,9,0,0,84,4350,4,1,13,0,98,0,0,229,0,0,0,3096,0,22,1143,4,0,246,0,9,66,2535,0,7,0,0,0,0,0,36,1,235,0,1536,36,0,0,0,305,0,0,0,0,0,2,6,308,414,63,0,18,0,0,0,1,23,0,4,12,0,0,63,0,189,0,0,0,0,0,0,30,216,2,1508,0,0,36,1,0,0,191,0,0,0,2700,5,0,0,0,0,0,0,1,0,100,0,0,8,0,0,0,0,0,12,89,616,0,0,0,0,0,0,47,0,0,277,0,26,256,0,1,0,0,0,0,0,0,0,1,0,0,0,120,1,0,0,32,0,0,0,39,0,6,7,0,1,0,0,0,3,568,101,0,0,0,0,0,1,0,0,0,0,0,51,0,0,0,2,0,0,0,30,0,0,11,173,2276,50,4,2626,0,660,0,0,0,2,0,334,1478,82,1408,0,42,0,0,54,0,0,60,0,19,482,1138,0,0,0,0,0,403,0,0,0,140,3,0,0,0,0,0,0,0,0,0,173,6,34,0,0,0,0,0,0,0,0,0,0,0,0,0,323,2,4,96,752,667,0,9,209,0,0,0,4,17,5,38,454,2049,0,0,0,0,0,0,0,9,0
"gene_810",0,0,0,0,0,0,0,0,0,0,0,0,0,0,0,0,0,0,0,0,0,0,0,0,0,0,0,0,0,0,0,0,0,0,0,0,0,0,0,0,0,0,0,0,0,0,0,0,0,0,0,0,0,0,0,0,0,0,0,0,0,0,0,0,0,0,0,0,0,0,0,0,0,0,0,0,0,0,0,0,0,0,0,0,0,0,0,0,0,0,0,0,0,0,0,0,0,0,0,0,0,0,0,0,0,0,0,0,0,0,0,0,0,0,0,0,0,0,0,0,0,0,0,0,0,0,0,0,0,0,0,0,0,0,0,0,0,0,0,0,0,0,0,0,0,0,0,0,0,0,0,0,0,0,0,0,0,0,0,0,0,0,0,0,0,0,0,0,0,0,0,0,0,0,0,0,0,0,0,0,0,0,0,0,0,0,0,0,0,0,0,0,0,0,0,0,0,0,0,0,0,0,0,0,0,0,0,0,0,0,0,0,0,0,0,0,0,0,0,0,0,0,0,0,0,0,0,0,0,0,0,0,0,0,0,0,0,0,0,0,0,0,0,0,0,0,0,0,0,0,0,0,0,0,0,0,0,0,0,0,0,0,0,0,0,0,0,0,0,0,0,0,0,0,0,0,0,0,197,0,0,0,0,0,0,0,0,0,0,0,0,0,0,0,0,0,0,0,0,0,0,0,0,0,0,0,0,0,0,0,0,0,0,0,0,0,0,0,0,0,0,1,0,0,0,0,0,0,0,0,0,0,0,0,0,0,0,0,0,0,0,0,0,0,0,0,42,0,0,0,0,0,0,0,0,0,0,0,0,0,0,0,0,0,0,0,0,0,0,0,0,0,0,0,0,0,0,0,0,0,0,0,0,0,0,0,0,0,0,0,0,0,0,0,0,0,0,0,0,0,0,0,0,0,0,0,0,0,0,0,0,0,0,0,0,0,0,0,0,0,0,0,0,0,0,0,0,0,0,0,0,0,0,0,1,0,0,0,0,0,0,0,0,0,0,0,0,0,0,62,0,0,0,0,0,0,0,0,0,163,0,0,0,0,0,0,0,0,0,0,0,0,0,0,0,0,0,0,0,26,0,0,0,0,0,0,411,0,0,0,0,0,0,0,0,0,0,0,0,0,0,0,0,239,0,0,0,0,0,0,0,0,0,0,0,0,0,0,0,0,0,99,0,0,0,0,0,0,0,0,0,0,0,0,0,0,0,0,0,0,0,0,0,0,0,0,0,0,0,0,0,0,3,0,0,0,0,0,0,0,0,0,0,0,0,0,0,0,0,0,0,0,0,0,0,0,0,0,0,0,0,0,0,0,0,0,0,0,0,0,0,0,0,0,0,0,0,0,0,0,0,0,0,0,0,0,0,0,0,0,0,0,0,0,0,0,0,0,0,0,0,0,0,0,0,0,0,0,0,0,0,0,0,0,0,0,0,0,0,0,0,0,0,0,0,0,0,0,0,0,0,0,0,0,0,0,0,0,0,0,0,0,0,0,0,0,0,0,0,0,0,0,0,0,0,0,0,0,0,0,0,0,0,0,0,0,0,0,0,0,0,0,0,0,0,0,0,0,0,0,0,0,0,0,0,0,0,0,0,0,0,0,0,0,0,0,0,0,0,0,0,0,0,0,0,0,0,0,0,0,0,0,0,0,0,0,0,0,0,0,0,0,0,0,0,0,0,0,0,0,0,0,0,0,0,0,0,0
"gene_811",4118,1569,2,100,2576,393,3,41,1600,0,1,129,4488,62,91,319,1961,4209,381,11,1286,64,1,1219,256,462,225,21,11,4,17,1022,11,20,54,9440,111,596,4236,4692,10,103,559,0,1120,945,0,3411,214,4,81,1783,16,145,0,81,3395,1,259,403,75,259,127,1694,129,2,362,6000,237,60,873,3089,0,10197,2685,0,1,209,58,38,1333,239,0,921,15,170,5,419,23,80,295,1859,29,62,16,544,0,145,8,1,0,66,544,108,0,0,0,34,1943,5,0,3,183,64,1176,0,23,0,0,0,0,0,1,1004,2,3,7,267,99,0,0,1277,1910,3,4316,420,3314,0,744,2276,215,28,4988,334,4,787,1771,4838,1013,61,1,904,12,7017,379,1449,9702,330,757,713,640,1,247,11,7,154,1,0,663,20,2,1806,2400,63,3,11258,0,324,2329,32,73,4,96,1,0,0,773,16,2652,36,166,8756,0,87,1547,183,1069,0,3385,3415,20438,0,2016,113,108,1328,156,5,0,613,20,0,7,1404,0,348,3,20,0,253,122,107,0,26,0,20885,683,3,2359,1322,92,3861,125,473,0,11559,268,2601,0,806,454,5845,453,307,1383,1899,1168,543,0,524,347,0,484,320,0,248,7823,1,1,341,58,0,1,0,6693,0,524,0,135,1776,828,100,1102,191,25,181,12,1232,648,2,162,0,1,132,692,3,93,109,12,34,60,140,1,249,57,25,1085,4,7,524,171,147,5612,16,0,70,545,19,0,45,1877,134,835,0,43,32,357,25,7589,107,1,101,29,772,109,13,29,0,3479,390,409,0,622,29,145,58,0,597,19,311,0,2,34,1836,13,0,1040,0,2436,70,0,3,49,0,152,1376,0,1,3607,2518,2,69,13,9,73,5,3,554,641,15,2,210,28,0,0,2154,92,1132,3278,11,6,355,1,0,1700,284,0,25,1,1,26,242,33,1935,11,1,0,2,0,0,7,0,571,108,0,135,44,407,600,425,0,1,27,0,0,39,3,411,0,908,13,2557,34,971,50,163,219,20,0,2144,0,3,1,0,11,346,646,0,4,0,0,152,0,5,0,0,13,267,0,0,144,3,62,0,311,0,227,2,0,0,62,0,0,4,254,2164,334,0,1637,45,0,0,27,0,0,45,54,0,0,14,9,20,5,415,121,0,0,0,0,20,20,0,1,756,165,0,1,130,43,0,10,14,314,69,19,383,13,1,0,23,107,1,79,12,0,0,0,55,0,303,0,13,1,1,0,6,0,0,0,0,0,1428,183,540,21,0,47,283,85,0,172,11,87,0,6,1819,0,62,1,6,9,4,5,14,9,28,0,0,3,2586,0,42,235,4,0,237,55,414,147,365,0,0,274,0,3,11,2,2,0,11,88,537,0,109,292,0,0,66,1,7,1,110,6,0,3,2,1129,0,119,14,167,11,46,1,103,0,8,108,0,0,31,0,14,0,0,0,26,1,5,0,91,407,1,2133,231,0,57,0,0,335,1,9,3,0,0,3,1193,0,0,0,6,0,0,563,0,7,18,21,19,9,0,8,30,0,46,0,10,0,3,3,4,19,0,0,458,0,0,3,0,616,1999,1,4,904,0,3,263,1,8,0,354,5,0,159,0,0,0,1639,5,52,0,116,0,538,1,0,0,125,3,2,0,2273,74,54,1194,0,0,15,10,2,15,0,53,6,0,1,17,0,0,0,0,1,89,286,10,0,7,0,837,52,2,0,0,1,0,12,1,0,18,0,0,0,128,24,504,3,487,0,2,0,0,0,0,119,18,872,5,1196
"gene_812",1,0,0,0,0,2,0,0,0,4,0,1,0,0,0,0,0,1,1,0,0,2,0,0,0,0,1,1,1,0,2,0,1,0,0,0,0,0,0,0,0,0,0,0,3,0,0,0,0,0,1,0,0,1,1,0,0,0,0,0,0,0,0,0,0,1,0,0,0,0,0,2,0,0,2,0,0,0,0,0,0,0,0,1,0,0,0,1,0,0,0,0,0,0,0,0,0,0,0,0,0,0,0,0,0,0,0,0,0,0,0,0,0,0,0,0,0,0,0,0,0,0,0,0,0,0,0,0,0,0,0,0,0,0,0,0,0,0,0,0,0,0,0,0,0,0,0,0,0,0,0,0,0,0,0,0,0,0,0,0,0,0,0,0,0,0,0,0,0,0,0,0,0,0,0,0,0,0,0,0,0,0,0,0,0,0,0,0,0,0,0,0,0,0,0,0,0,0,0,0,0,0,0,0,0,0,0,0,0,0,0,0,0,0,0,0,0,0,0,0,0,0,0,0,0,0,0,0,0,0,0,0,0,0,0,0,0,0,0,0,0,0,0,0,0,0,0,0,0,0,0,0,0,0,0,0,0,0,0,0,137,200,0,127,0,0,0,478,0,0,0,0,0,0,0,0,0,0,0,0,0,0,0,2,0,0,0,0,0,0,0,0,0,0,0,0,0,0,0,0,0,722,0,0,0,0,0,0,0,0,0,0,0,0,0,0,0,0,0,0,21,0,0,0,0,0,0,0,0,0,0,0,0,0,0,0,0,0,0,0,14,0,0,425,0,0,0,0,0,0,9,0,0,0,0,0,0,0,0,0,0,0,0,0,0,0,0,0,0,0,0,0,0,0,0,0,0,0,0,0,0,0,0,0,0,0,0,0,0,0,0,0,0,0,0,0,0,0,0,0,0,0,3376,0,0,0,0,0,0,0,0,0,0,0,0,0,0,0,0,0,0,0,0,0,0,0,0,0,0,0,0,0,0,0,0,0,0,0,0,0,0,0,0,0,0,0,0,0,0,0,0,0,0,0,0,0,0,0,0,0,0,0,55,0,0,0,0,0,4662,0,0,0,0,0,0,0,859,0,0,0,0,0,0,0,0,0,0,0,0,0,0,0,0,0,0,0,0,0,0,0,0,125,7,0,12,5,0,0,0,0,0,0,4421,0,0,0,0,0,0,1,4,0,0,0,0,0,0,0,0,0,0,0,0,0,0,106,1,0,0,0,0,0,0,0,0,8,8,0,36,0,0,0,0,0,0,0,95,0,0,0,0,1,0,0,0,0,0,100,0,0,0,0,0,0,0,0,0,0,0,0,0,0,0,0,0,0,0,0,0,0,0,0,0,0,0,0,0,0,0,0,0,0,0,0,0,0,0,0,0,0,0,1,0,0,0,0,0,0,0,0,0,0,0,0,0,0,0,0,0,0,0,0,0,0,0,0,0,0,0,0,0,0,0,0,0,0,0,0,0,0,0,0,0,0,0,0,0,0,0,0,0,0,0,0,0,0,0,0,0,0,6853,0,0,0,0,0,0,0,0,0,0,0,0,0,0,0,0,0,0,0,0,0,0,0,0,0,0,0,0,0,0,0,0,0,0,0,1,0,0,0,0,0,0,0,0,0,0,0,0,0,0,0,0,0,0,0,0,0,0,0,0,0,0,0,0,0,0,0,0,0,0,110,0,0,0,0,0,0,0,0,0,0,0,0,0,0,0,24
"gene_813",105,6467,943,101,101,61,1057,203,613,1065,611,1305,26,421,593,98,127,0,945,320,0,115,526,498,258,766,10,969,1620,0,10,30,456,1208,103,0,402,517,3835,1188,141,472,6,167,901,92,3,223,83,12,165,141,83,104,531,241,1053,7088,203,129,1434,0,91,935,132,734,30,274,0,1125,1565,2069,0,40,112,691,1919,1726,40,4489,1549,659,4270,577,172,3898,23,4754,0,28,979,10,0,0,0,0,151,18,0,16,0,0,0,4,0,0,2554,10,0,1,0,59,2,0,11,385,161,1,0,0,159,53,0,0,51,19,0,211,48,2,1,1,0,0,1,41,0,0,8,0,0,0,0,0,0,0,1,0,13,1,335,0,0,501,0,0,1,0,137,0,0,0,0,102,0,0,0,69,92,32,0,0,0,9,0,0,721,0,19,0,0,0,7,0,0,0,0,4762,0,0,0,0,0,1398,49,54,0,87,281,27,653,109,60,61,232,11,127,15,22,88,108,334,9,87,24,14,216,403,94,132,62,34,101,95,10,13,294,117,20,46,13,118,54,144,63,11,211,287,606,3,0,33,2,5,23,49,61,7,19,220,11,624,335,28,88,449,161,62,61,62,330,53,49,11,77,53,30,250,27,408,346,39,62,63,390,83,118,96,158,30,13,65,233,264,299,45,77,61,449,62,126,144,5,222,60,190,31,45,64,71,4,6,119,37,14,170,40,84,75,70,42,126,407,14,89,25,316,381,559,306,277,19,193,159,185,71,46,405,78,144,181,20,164,373,185,69,26,107,277,150,71,292,95,77,575,30,149,45,28,207,167,234,43,92,151,77,191,160,333,56,58,51,45,334,92,52,7,157,113,72,416,162,820,61,34,907,171,36,545,259,133,84,115,327,2,81,85,455,109,303,40,415,195,375,61,113,6,77,198,27,15,101,78,69,66,151,94,89,79,168,271,102,65,335,263,222,329,221,479,43,76,175,40,553,93,385,25,22,252,91,100,812,0,1146,436,3161,45,1626,221,493,3981,3,508,851,1381,80,246,225,595,285,30,1635,0,317,66,525,863,859,198,2,7,73,10634,926,79,2006,25,93,897,1164,3,152,614,1490,1641,1905,419,2120,72,193,48,336,261,299,938,1000,1292,328,43,485,4,2418,8233,748,117,2307,4089,2440,738,1577,271,1746,854,370,7486,129,374,494,4527,6736,124,125,22,339,149,9,126,578,4373,795,72,42,4356,24,694,469,0,2971,1665,640,1141,676,15,715,308,136,0,3152,2459,40,3126,114,1041,147,247,879,110,428,28,276,784,0,3319,1454,3858,953,2618,0,8,917,21,548,826,380,46,82,53,1,689,546,5806,525,2950,120,11016,298,5853,10,3513,0,5212,0,0,8309,334,6686,1183,107,516,2514,325,2420,244,6102,471,14,0,532,972,33254,17,2718,116,3722,643,3058,2450,70,2,2,358,1983,3,5864,5707,20,4614,5,1674,0,4635,438,9089,466,1,34,170,6973,6886,0,1553,3036,335,38,5171,1886,64,687,37,88,0,0,1332,10418,366,3822,64,484,688,47,3134,795,553,10,266,14,135,50,63,411,1215,416,67,1134,1675,859,418,152,0,4571,9,5363,64,188,0,572,17,7812,2480,3592,196,1600,188,285,9,14,186,14,25,47,1338,67,2548,51,281,292,0,1206,0,1524,311,20,69,60,53,4046,843,482,159,131,228,1,2,112,2,725,347,129,1,5602,4422,2,2613,3,420,39,1765,354,5645,18,6885,5870,19,99,0,164,1489,4022,1286,1,1261,961,432,12,15,3134,968,1462,2649,1262,99,797,1886,2033,152,569,0,0
"gene_814",0,0,2,0,0,4,0,1,0,2,0,0,0,0,0,0,0,0,0,0,0,0,0,0,2,1,0,0,1,0,2,0,0,0,0,0,0,0,0,0,1,0,0,0,1,0,1,0,0,0,0,0,0,0,0,0,0,0,0,0,0,4,0,0,0,0,0,3,1,0,0,0,0,0,0,0,0,1,1,2,0,0,3,0,0,0,0,0,0,1,0,2,0,0,0,0,0,0,0,0,0,0,0,0,0,0,0,0,0,0,0,0,0,0,0,0,0,0,0,0,0,0,0,0,0,0,0,0,0,0,0,0,0,0,0,0,0,0,0,0,0,0,0,0,0,0,0,0,0,0,0,0,0,0,0,0,0,0,0,0,0,0,0,0,0,0,0,0,0,0,0,0,0,0,0,0,0,0,0,0,0,0,0,0,0,0,0,0,0,0,0,0,0,0,0,0,0,0,0,0,0,0,0,0,0,0,0,0,0,0,0,0,0,0,0,0,0,0,0,0,0,0,0,0,0,0,0,0,0,0,0,0,0,0,0,0,0,0,0,0,0,0,0,0,0,0,0,0,0,0,0,0,0,0,0,0,0,0,0,0,0,0,0,0,90,0,1,0,0,0,0,0,0,0,0,0,0,0,0,0,0,0,0,0,0,0,0,0,0,0,0,0,0,95,0,0,0,0,0,0,0,0,0,0,0,0,0,0,0,0,0,0,0,0,0,0,0,0,0,0,0,2,0,0,0,139,0,0,4,0,0,0,0,0,0,0,0,112,0,0,0,0,0,0,0,0,0,0,0,0,0,0,0,0,0,0,0,0,0,0,105,0,0,0,0,0,0,0,0,0,0,0,0,0,0,0,0,1649,0,0,0,0,0,0,0,0,0,0,0,0,1,0,0,0,0,0,0,0,0,0,0,0,0,0,0,0,0,0,0,3,0,0,0,0,0,0,0,0,0,0,0,4,0,0,0,0,0,0,0,0,0,0,0,0,0,0,0,0,0,0,0,0,0,0,0,0,0,0,0,0,0,0,0,0,0,0,0,0,0,0,0,0,0,0,0,0,0,0,0,0,0,0,0,0,0,0,0,0,0,0,0,0,0,0,0,0,0,0,0,0,0,0,0,0,0,0,0,0,0,0,0,0,0,0,0,0,0,0,0,0,0,0,0,0,0,0,0,0,0,0,0,0,0,0,0,0,0,0,0,0,0,0,0,0,0,0,0,0,0,0,0,0,0,0,0,0,0,0,0,0,0,0,0,0,0,0,0,0,0,0,0,0,0,0,0,0,0,0,5,0,0,0,0,0,0,404,0,0,0,0,0,0,0,0,0,55,0,0,0,0,0,1934,0,0,31,0,0,0,0,0,0,0,0,0,0,0,0,1,0,0,0,0,0,0,0,0,0,0,0,1,0,0,0,0,0,0,0,0,0,0,0,0,0,44,4,1,0,0,0,0,0,0,0,0,0,0,0,0,0,0,0,0,0,0,0,0,0,0,0,0,0,0,0,0,0,0,0,0,0,0,0,0,0,0,0,0,0,0,0,0,0,0,0,0,0,0,0,0,0,0,0,0,1,0,0,0,0,0,0,0,0,0,0,0,0,0,0,0,0,32,0,0,0,0,0,0,0,0,0,0,0,0,0,0,0,0,0,0,0,0,1835,0,0,58,0,0,0,0,0,0,0,0,0,0,7,0,0,0,9251,0,0,0,1,0,0,0,0,0
"gene_815",0,289,207,257,66,0,0,3,1,21,0,14,4608,128,0,0,583,4,155,1122,0,0,74,0,0,60,10,0,0,0,0,3,0,300,103,1,0,0,0,0,0,0,44,0,0,280,1080,0,7,928,0,0,9,0,17,823,990,38,0,137,1003,189,0,0,373,273,0,284,0,388,3,171,0,0,1,0,0,0,472,0,0,0,0,0,1283,0,0,0,262,1,264,0,1,0,9396,126,1505,1,0,0,0,18,1,0,27,3,2,3,0,0,0,0,0,0,10,11081,4,0,0,0,54,16,7,25,0,368,0,0,1620,0,0,0,0,0,163,27,0,0,9,0,9,7,0,3159,0,1512,2946,1,2,0,0,126,0,604,87,0,248,0,29,0,0,0,5,0,0,1,618,488,51,0,5,0,2,96,0,0,0,0,152,0,0,627,0,0,0,8,27,71,0,27,865,0,12,2,0,1,0,0,0,388,0,0,1768,0,5,0,0,248,0,18,0,0,0,1,316,1,0,0,0,0,81,0,0,0,77,283,0,4389,1261,0,7,28,123,0,126,0,0,0,0,0,0,0,0,152,0,0,0,0,503,308,199,507,0,48,0,0,0,24,10,0,0,1582,0,22,0,155,0,33,0,0,273,32,0,150,0,0,0,0,288,0,0,0,58,3,0,0,0,0,0,0,0,0,147,0,0,0,0,0,0,3559,0,174,0,0,0,0,0,0,4,0,0,0,0,1,7,1414,12,15,0,0,0,0,0,0,1,51,0,0,0,0,0,0,0,0,0,1,4,0,0,1,0,0,0,3,5,0,0,0,0,0,144,1,0,0,580,0,0,0,0,9,0,0,0,13,0,49,13,0,0,0,0,0,0,0,0,0,0,72,122,0,0,1452,0,0,0,0,0,235,0,0,25,0,0,531,0,64,13,0,0,0,0,0,0,1314,0,0,0,9,2698,2,0,0,0,1853,0,67,0,0,0,0,5,0,0,0,2,0,1048,10,27,401,240,0,59,0,83,0,351,488,675,4365,1,36,2,0,0,2,0,1527,0,0,0,2,3,149,1,31,612,351,0,666,5,120,66,444,9,0,160,0,536,1,749,1602,4,0,738,0,0,2695,0,0,0,101,1,0,0,95,0,0,45,16,13,47,0,0,0,0,20,1,9,0,1,1,118,89,13,36,250,880,0,0,0,1,12,0,2,0,0,0,716,0,4,0,1,0,54,1613,49,135,0,0,425,3,0,1084,3,0,0,10,0,4751,6,31,2,22,62,160,1204,21,0,1898,0,111,59,1,0,0,111,0,0,0,0,0,39,46,0,172,0,6,3,5,0,0,0,0,0,0,140,3,237,0,1688,3819,0,0,0,0,0,0,492,0,0,0,0,0,1858,0,4979,14,0,0,0,786,6,339,7,0,13,0,4,0,0,0,0,0,0,1140,0,0,0,1356,0,0,371,0,0,0,0,0,1,2,0,0,30,94,0,0,5419,8,0,1751,0,1,131,0,51,0,0,3,0,0,0,7,0,0,5,0,0,0,0,0,0,0,0,0,6,1,277,2491,0,0,2,977,0,3289,2036,0,28,0,0,10,0,0,53,0,0,7,0,2,2,0,0,0,0,0,0,0,1,125,0,817,0,0,8,0,0,3996,0,0,0,62,0,0,0,83,0,0,0,1,5,0,0,0,0,0,3,7,0,0,0,707,0,0,0,0,4,3381,151,0,0,90,642,19,0,450,0,0,0,0,23,15,2,355,0,0,130,0,414,84
"gene_816",239,11,2,0,0,0,0,70,4,31,267,0,1886,57,95,0,17,2005,1,162,3,29,13,115,0,4,0,1,0,165,0,0,0,0,539,117,335,2,471,0,1318,5,23,0,0,1830,0,166,1,845,5,3003,3,26,4,31,0,0,4,0,55,1445,110,176,0,650,1420,0,172,3,0,484,0,0,0,4,410,0,0,55,3309,31,2,2,33,6,359,242,6,235,84,0,2490,78,45,0,0,6,915,544,544,0,1333,1316,0,0,2,28,92,44,10345,0,0,1440,33,7,76,5,26,1995,13,1820,389,45,20147,33,0,175,2532,1,0,0,994,0,0,1,2,15265,4,59,577,125,790,268,0,3169,1,7,0,0,0,0,0,5,68,5173,119,35,0,183,3,636,6086,114,888,0,7412,44795,61,1155,2997,5,9646,106,171,3104,0,346,770,0,803,43,0,0,3385,0,24,309,31,13419,0,52,1606,124,963,30,6953,0,326,281,0,0,0,0,0,0,3956,604,357,83,0,38,0,0,4,0,0,269,0,1,0,54,0,1,5765,0,0,0,0,0,0,29,30,5,0,66,1685,17,165,86,4,59,2,0,959,4863,3076,0,1258,0,240,2,733,32,7,0,0,10,0,30,0,1979,0,1,0,3,0,0,0,0,0,0,0,0,0,98,0,55,0,0,5,12,0,0,0,34,4,0,0,0,24,0,0,0,48,0,7,1138,0,0,0,0,0,4,3314,0,0,0,1,1,0,69,0,0,0,392,0,0,0,0,0,0,0,0,34,0,0,0,5,23,0,0,0,0,10,0,0,0,0,0,0,2591,1366,0,0,0,0,9,0,0,83,0,438,0,0,0,252,0,0,7,172,0,0,0,0,0,0,0,0,0,40,0,0,0,0,0,584,4804,0,0,0,0,0,169,0,0,34,0,9,0,0,0,0,141,0,0,0,1363,0,25,0,9,216,0,0,5,2,0,0,0,6,0,0,0,6,1341,0,1,0,0,4,0,0,0,0,438,3,0,824,3484,0,0,12,0,0,0,0,2958,0,1,0,0,34,0,0,0,0,0,0,0,0,0,0,0,0,0,0,0,0,0,0,0,0,0,0,0,0,0,0,0,0,0,0,0,0,0,0,0,0,0,0,0,0,0,0,0,0,0,0,1,0,2983,0,0,0,0,0,68,0,0,0,0,0,0,0,0,0,0,0,0,0,288,0,132,104,0,1292,0,0,0,0,0,0,0,0,0,0,0,0,0,0,0,0,0,1,0,0,0,0,0,0,0,0,0,0,0,0,0,0,11,0,0,9,0,174,1,0,3,0,0,0,50,0,0,0,0,0,0,234,0,0,0,0,0,0,0,0,0,0,0,0,0,0,0,0,60,0,0,0,0,0,655,0,0,0,0,0,0,0,0,0,0,0,0,0,0,0,0,0,0,0,0,0,0,0,0,0,134,0,0,0,0,0,0,0,0,0,0,0,0,0,0,0,0,0,0,0,0,0,0,0,0,0,0,0,0,0,0,0,0,0,0,0,0,0,0,0,0,0,0,0,0,0,0,0,0,0,0,0,0,0,0,0,0,0,0,1,0,0,0,0,0,0,0,0,0,0,0,195,0,0,0,0,0,0,0,0,0,0,278,0,0,0,0,0,2455,0,0,0,0,0,6,0,0,2,1,0,0,0,8,0,0,0,0,0,0,0,0,0,0,0,0,0,0,0,1,0,0,0,0,0,0,0,0,0,0,0,0,0,0,0,0,0,0,0,0,0,0
"gene_817",25,0,0,0,0,462,0,290,2008,3791,54,96,2,13,5321,0,3836,0,0,1,30,103,1620,1498,490,30,165,735,156,0,1,1,0,0,23,0,3,0,2,0,112,7,100,0,1,589,30,0,0,1894,0,4114,0,0,66,0,3,2,0,7,0,256,2094,95,0,68,0,2,4170,0,0,335,0,5726,0,7626,7,210,346,8736,0,195,169,293,0,0,306,4411,223,0,389,0,143,85,0,1460,3,0,15916,0,5715,0,1570,504,1048,24,1118,119,45,0,3,35,0,618,69,273,3702,0,2,579,0,0,0,2,256,1,65,0,30621,0,297,1822,13766,0,0,0,0,916,100,0,4301,2385,0,13,5152,1,0,1,0,1,20,33436,1,3879,41359,0,6592,1,0,0,1,7,0,1806,40,6415,1688,379,868,1,0,4275,0,0,0,1015,74,5,191,0,152,578,11,0,638,3,2258,122,362,0,199,385,31167,7,188,2,2978,0,0,373,0,206,0,2,0,115,27047,3248,3,1154,0,3983,15795,136,2,2,11046,0,414,0,0,1,564,0,0,2,0,130,369,0,0,0,0,0,0,0,6625,0,100,5,65,653,91,997,0,86,169,2048,211,78,0,782,0,0,6849,5,55,2,4739,0,1116,0,1221,1115,0,19,86,10311,50,2139,0,0,147,617,0,1976,3379,7,61,3109,246,30,251,61,111,0,572,0,0,603,6889,0,89,9,811,3142,109,23,0,251,4259,1619,0,3130,175,0,0,852,0,123,0,2649,1666,0,6415,25,0,190,182,913,762,1444,2,64,189,202,885,0,0,335,5919,268,214,0,485,97,0,2,0,0,144,41,1601,88,0,334,15,29349,7,792,635,807,2029,4,1957,303,34,20,360,0,7,7,161,338,0,0,2,215,3911,1114,1098,3362,10090,9,1670,8,140,5,221,74,901,0,96,783,140,30,58,934,4410,20,3984,6438,253,1115,0,558,11,0,2100,8279,3239,20,1033,0,60,13057,1671,1,1237,280,0,4,53,12,0,2143,14967,519,57,1,1,50,0,1392,67,2818,1522,0,622,23,59,0,2772,23,359,0,0,111,8,186,0,0,27,39,3,2,9,1821,1476,0,22,1069,372,2,27,3255,89,0,105,0,0,146,7726,52,43,0,0,1,1,31,39,638,270,499,2034,0,0,0,295,1,4356,0,668,6,280,30,35,384,846,0,679,297,9140,123,12,0,214,0,38,225,0,134,1461,1837,13592,0,12,960,147,13,0,0,28,5,638,121,1,1481,0,5,196,66,3,21,79,2,2547,1,0,86,5013,131,5991,3794,33,6266,1,279,1149,0,8,5,3235,6,6334,5514,256,276,12,565,2,1,2961,0,617,172,27,4,86,4,5,2946,0,43,43,4054,757,257,36,0,0,611,1077,2,0,0,0,820,0,0,154,948,0,0,1528,1092,0,0,0,298,0,0,11,0,0,8,0,0,0,1,2619,0,0,0,0,0,0,1505,21,0,0,0,0,0,657,0,0,2683,0,0,0,3,16,0,5048,23,0,0,0,0,0,0,440,6,0,401,0,307,6,0,366,0,0,0,0,35,0,0,29,0,0,0,0,3,0,0,11,0,1,0,6,0,173,0,36190,0,0,0,3,7,0,0,0,0,39,0,0,0,0,0,0,0,6,0,0,0,0,0,0,756,7032,0,0,356,0,71,1,0,0,0,99,0,0,0,2,0,195,0,0,44,0,0,0,0,0,0,2306,0,1,13,342,0,3,0,0,0,55,0,0,0,2839,0,0,7,1913,0,10,0,0,1,36,631,87,0,0,0,0,0,0,0,203,0,0,0,0,0,0,0
"gene_818",2,17119,0,9,770,1241,3935,5373,85,4440,4,6823,0,8,185,161,4539,1,6,1,473,76,10,180,0,639,16,1149,422,511,808,2430,0,523,69,2022,71,615,1,579,5,0,162,4490,1,0,0,0,1539,141,0,0,444,180,6364,0,49,10311,0,1348,824,21,17,121,0,2,0,564,381,40,0,9,0,63,1261,5929,0,0,0,74,3414,275,1,0,1551,29,315,3834,6378,0,0,4,1484,5,1647,0,35,4,0,231,0,147,0,17,1,2207,0,53,1,57,0,0,0,0,16,49,2237,0,1871,44,0,6254,1,80,0,1245,83,3,157,10,0,0,0,879,0,6806,1057,0,3,0,0,4863,4,229,0,46,1,8061,1,64,32,0,32,0,0,0,0,0,0,0,29427,0,0,0,0,153,0,558,1,196,0,2,0,4,0,0,0,1,0,0,4076,137,13457,10,24,0,0,0,0,396,0,37,195,0,426,0,0,0,0,0,2377,0,0,0,0,221,0,0,6608,0,0,10408,0,2699,0,0,0,0,0,0,0,0,0,0,0,1887,0,0,0,0,0,0,0,0,5957,0,0,0,0,43,0,0,0,0,2,0,10,919,0,0,120,131,3,0,27,0,0,0,0,0,0,0,0,26,0,0,0,0,50,0,5,0,94,0,33,122,226,0,0,0,0,0,0,0,0,1288,169,60,3604,94,78,0,0,0,0,0,2614,0,0,0,894,2,0,18,2752,0,232,23,22,2,112,104,0,257,34,0,40,93,0,196,0,0,166,1215,3,0,417,9,18,450,0,0,0,6399,0,9,0,6,827,0,0,28,0,1749,1131,0,0,141,309,0,0,0,20,917,13,23161,64,52,0,1,0,40,1260,0,63,1,1,0,1459,106,1,166,0,0,0,20,79,82,0,0,31,45,5612,64,0,0,2,204,711,0,0,0,31,14,3,20,163,0,0,83,18,65,0,748,1161,62,940,43,14,0,2932,2,0,3099,0,0,384,121,29,0,0,0,20,0,0,900,313,0,0,0,9,1356,1141,59,0,1,0,1285,3,2534,335,2338,202,2,0,22,0,980,573,9572,0,1,368,0,2,1777,3517,101,1,748,0,0,0,5,369,287,8,4,57,0,639,3,0,17,3380,106,152,93,1140,8,3236,0,2,6,0,89,0,0,63,1391,1941,2365,4556,9,1,7323,0,0,0,2,71,508,62,0,0,543,198,3,4727,0,1,0,0,138,11,0,0,0,0,35,833,32,246,0,1,801,0,6,82,1,60,2672,0,0,0,11,1136,1,3805,7303,0,1232,697,0,16,7,45,0,12,0,0,32,391,321,0,0,4,0,332,0,992,1657,17,1761,60,0,17264,692,309,0,1451,1715,23,465,63,66,3471,1478,79,0,4159,0,326,113,1183,2761,15071,4926,529,50,691,104,5624,3141,135,241,0,564,9585,1673,3685,13,457,15,3580,64,185,3,11648,3356,6125,41,360,3806,664,1374,6736,229,4,2967,427,378,203,0,1410,6474,1220,2585,6122,254,389,6676,18459,509,13,395,3526,4626,6766,12907,1163,21265,3258,3538,7119,6041,1250,48419,4044,456,4668,64,5893,7,4745,129,0,1997,205,156,6378,25908,135,4477,75,513,1356,15521,360,236,25,1,4,76,5122,486,5947,6046,824,74,160,4626,122,8761,10209,1646,11,610,1594,525,720,2385,3062,346,169,4072,809,90,2598,12,346,1189,1754,297,620,263,195,242,31,507,184,951,617,4385,227,53,12,10,1853,7296,1285,1928,735,2659,255,6205,9970,809,4560,1604,426,10,1531,3990,1343,4734,15536,5033,9,649,11350,637,266,850,24,110,6422,1573,11209,1185,12889,1260,20,1437,5333,573,4495,340
"gene_819",30,1991,2989,333,26,24,30,361,175,767,100,2455,2281,6,2,1780,3863,23,51,23,62,479,2,1420,291,190,254,55,1819,105,76,173,6,42,0,177,49,297,0,1253,1178,141,737,398,4,0,602,1343,675,849,1,658,94,351,354,3388,878,183,364,0,70,425,14,41,388,466,873,545,1202,3,2415,73,49,211,4275,965,1385,232,6,2604,7,505,674,5,20,230,27,497,275,384,5810,1473,6237,118,3549,2,95,148,2610,0,0,224,203,0,14665,0,440,0,2,149,43,0,637,217,4,17,1727,40,1,6628,1572,2153,1318,0,0,0,2,1236,20253,2592,6,0,2203,132,70,417,0,1,1570,14046,2,2785,418,0,20,6448,199,0,1015,4987,0,31,266,1010,410,1373,344,47,158,10,1231,1964,506,69,111,224,444,760,7,1,1376,0,28,2805,16247,453,1503,72,964,0,41,0,330,15,117,0,0,2,104,4445,1022,0,2335,95,5869,0,352,105,10,64,77,499,1393,6,189,200,543,8,789,41,961,69,462,1137,430,1196,6879,139,0,119,21,37,46,335,8242,3795,108,854,116,15,1,127,1913,48,2361,3190,6,1160,0,204,1,142,13,0,12,1674,362,36,49,457,3696,0,703,215,2166,0,9,697,551,4690,61,81,15,182,425,157,1979,900,4,1572,385,164,1660,816,1037,5,2638,27,3593,880,649,4057,2868,3359,660,89,2232,434,364,2041,21,1,882,417,1089,1513,29,49,1660,17,386,272,74,5377,625,431,358,311,627,209,315,378,717,1691,2,91,81,3228,25,201,147,169,374,8774,141,1010,815,919,5357,289,29,399,661,485,1021,277,504,625,165,281,20,59,220,99,1261,148,1278,642,1096,55,720,229,6,445,163,1614,262,163,2136,369,216,2387,1309,854,1028,6288,221,11299,101,479,1195,2492,20,29,71,411,2619,45,759,972,1250,1648,5,1327,1420,58,15,364,1897,5788,282,5297,81,2969,4,1808,38,2441,115,27,1470,805,145,166,43,104,341,398,193,838,1446,561,486,175,205,1623,641,243,307,68,76,68,62,2089,7,3461,32,5,1534,104,996,2795,9,334,283,3,376,1646,368,25,597,1742,311,248,536,639,548,10,152,4155,37,305,60,278,1113,105,2203,86,409,470,0,16,1334,279,186,33,134,43,331,581,35,74,171,32,531,27,0,335,163,1014,126,911,1526,70,42,442,1,15,317,833,217,1085,174,115,460,92,4873,2152,97,132,6,2,36,771,118,996,12,955,95,1975,22,1,29,1130,46,1418,16,52,980,2503,74,537,49,1013,1070,38,115,580,1579,227,5985,2203,139,460,1328,3620,1251,385,2565,38,952,38,210,0,2261,119,374,0,1010,422,917,17,14,559,3,287,345,658,2227,5398,908,505,71,0,328,422,40,835,723,29,2126,25,1,0,2,4492,224,129,32,91,31,53,7275,0,6,72,932,89,84,0,4,0,4476,1247,5,1180,1512,6,4748,201,9,1526,1,440,29,4225,683,25,2416,22,12,592,165,5212,0,236,0,2431,5221,110,1313,6,1462,470,168,1129,57,3078,0,778,2,221,2,1007,2678,2488,5152,6001,35,163,385,895,650,5478,3606,618,11,0,0,8,4,413,670,1027,2063,388,2386,1,52,3713,101,7,1,34,866,1054,1635,1,0,786,0,1682,3296,1392,0,26,2654,131,156,1309,1014,7164,481,11,7,169,0,173,8,98,100,0,569,21,0,0,792,13,126,133,17042,4906,375,25,63,42,616,156,1,505,1028,505,89,7,23,0,725,1247,3714,1,2191,3590,380,1972,581,798,80,0,2069,0,2091,5537,54,928,1335,347,6025,1,9,428,39,292,3964,7,37,303,163,235,0,0,161,2489,242,151,0,1837,0,8775
"gene_820",0,0,0,0,0,0,0,0,0,0,0,0,0,0,0,0,0,0,0,0,0,0,0,0,0,0,0,0,0,0,0,0,0,0,0,0,0,0,0,0,0,0,0,0,0,38,0,0,0,0,0,0,0,0,0,0,0,0,0,0,0,0,0,0,0,0,0,0,0,0,0,0,1,0,0,0,0,0,0,0,0,0,0,0,0,0,0,0,0,0,0,0,0,0,0,0,0,0,0,0,0,0,0,0,0,0,0,0,0,0,0,0,0,0,0,0,0,0,0,0,0,0,0,0,0,0,0,0,0,0,0,0,0,0,0,0,0,0,0,0,0,0,0,0,0,0,0,0,0,0,0,0,0,0,0,0,0,0,0,0,0,0,0,0,0,0,0,0,0,0,0,0,0,0,0,0,0,0,0,0,0,0,0,0,0,0,0,0,0,0,0,0,0,0,0,0,0,0,0,0,0,0,0,4,0,0,0,0,4,0,0,0,62,0,0,0,65,0,0,0,0,0,0,0,0,0,0,0,0,53,0,0,0,0,3,0,0,0,0,0,0,41,0,1,0,0,3,0,0,0,0,0,0,0,0,50,0,0,0,0,0,0,52,0,0,0,0,0,0,0,0,0,0,1,0,0,1,0,0,4,0,6,0,0,0,15,0,43,0,0,0,0,0,0,0,5,0,0,0,0,0,0,0,0,0,0,5,0,0,0,0,0,0,0,0,65,0,0,0,3,0,15,0,0,0,0,0,0,0,1,0,0,0,2,18,0,0,0,0,0,0,0,2,0,0,3,0,1,0,0,1,10,1,6,3,0,9,224,0,3,0,16,0,17,0,16,0,0,0,0,0,0,0,0,0,0,0,0,0,0,0,0,1,0,0,0,1,0,0,0,0,0,0,15,68,0,1,0,52,0,0,0,5,0,0,0,0,0,0,0,0,0,0,0,0,0,0,0,0,0,1,0,49,0,0,0,0,0,0,0,0,0,627,311,669,23,259,805,0,394,40,1,0,23,0,0,0,0,205,2676,0,1,7,103,1330,0,0,0,0,0,205,23,21,0,0,0,112,1139,421,0,566,0,0,0,0,140,0,12,78,1241,59,218,3,0,52,0,131,0,0,0,0,0,53,0,89,608,0,0,0,0,0,2,44,34,278,2,3,0,0,2,77,0,10,14072,0,75,110,0,15,17,166,0,0,7,16,0,14,48,0,1,58,0,0,0,0,147,11,0,0,0,0,0,0,594,3,38,0,0,937,11,1042,510,3513,0,0,42,22,0,248,0,411,31,5152,1369,893,30,151,2249,0,23,0,0,0,9,2,0,1718,3,0,1,0,1,0,930,15,74,0,7,2,0,0,0,0,260,36,0,0,0,0,0,0,870,0,1,0,0,0,0,238,6,488,0,31,0,0,0,17,0,455,2398,160,6566,0,0,0,81,3,0,0,0,0,54,0,0,0,0,0,0,0,75,19,1212,0,0,405,17,0,0,1,0,6176,0,575,0,0,0,0,145,110,369,0,7,0,0,7,0,0,0,0,0,510,0,76,0,0,0,0,156,471,0,1,0,236,12,289,2213,21,0,78,0,4,106,333,0,0,1,0,0,0,0,0,0,23,714,0,0,135,0,0,0,1202,225,5,0,0,1,154,0,0,0,0,0,0,0,0,0,0,0,0,0,450,17,0,0,348,66,0,395,0,586,1838,59,0,0,4,0,0,738,2326,3937,0,288,260,84,0,18,0,0
"gene_821",0,0,0,0,0,0,0,0,0,0,0,0,0,0,0,0,0,0,0,0,0,0,0,0,0,0,0,0,0,0,0,0,0,0,0,0,0,0,1,0,0,0,0,0,0,0,0,0,0,0,0,0,0,0,0,0,0,0,0,0,0,0,0,0,0,0,0,0,0,0,0,0,0,0,0,0,0,0,0,0,0,0,2,0,0,0,0,0,0,0,0,0,0,0,0,0,0,0,0,0,0,0,0,0,0,0,0,0,0,0,0,0,0,0,0,0,0,0,0,0,0,0,0,0,0,0,0,0,0,0,0,0,0,0,0,0,0,0,0,0,0,0,0,0,0,0,0,0,0,0,0,0,0,0,0,0,0,0,0,0,0,0,0,0,0,0,0,0,0,0,0,0,0,0,0,0,0,0,0,0,0,0,0,0,0,0,0,0,0,0,0,0,0,0,0,0,0,0,0,0,0,0,0,0,0,0,0,0,0,0,0,0,0,0,0,0,0,0,0,0,0,0,0,0,0,0,0,0,0,0,0,0,0,0,0,0,0,0,0,0,0,0,0,0,0,0,0,0,0,0,0,0,0,0,0,0,0,0,0,0,0,0,0,0,0,0,0,0,0,0,0,0,0,0,0,0,0,0,0,0,0,0,0,0,0,0,0,0,0,0,0,0,0,0,0,0,0,0,0,0,0,0,0,0,0,0,0,0,0,0,0,0,0,0,0,0,0,0,0,0,0,0,0,0,0,0,0,0,0,0,0,0,0,0,0,0,0,0,92,0,0,0,0,0,0,0,0,0,7,0,0,0,0,0,0,0,0,0,0,0,0,0,0,0,0,0,0,0,0,0,0,0,0,0,0,0,0,0,0,0,0,0,0,0,0,0,0,0,0,0,0,725,0,0,0,0,0,0,0,0,0,0,0,0,0,0,0,0,0,0,0,0,0,0,0,65,0,0,0,0,0,0,0,0,0,0,10,0,0,0,0,0,0,0,0,0,0,0,0,0,0,0,0,1839,0,0,0,0,5,0,0,0,0,0,0,0,2,0,0,0,0,0,0,0,0,0,0,0,0,0,5,0,0,9,0,0,0,0,0,0,0,349,0,0,0,0,1,0,0,0,0,0,0,0,0,0,0,0,0,0,0,0,0,0,0,0,0,0,0,0,0,0,0,0,0,0,0,0,0,0,0,0,0,0,0,0,0,0,0,0,0,0,0,113,0,0,0,0,0,0,0,0,0,0,0,0,0,0,0,0,1,0,0,0,0,0,0,0,0,0,0,0,431,0,0,0,0,0,0,0,0,0,0,0,0,0,0,0,0,0,0,0,0,0,0,0,0,0,0,0,1,0,0,0,0,0,0,0,0,0,0,0,0,0,0,0,1,0,0,0,0,0,0,0,0,0,0,0,0,0,0,0,0,0,0,0,0,0,0,0,22165,0,0,0,0,0,0,0,0,0,0,0,0,0,274,4244,0,0,0,0,0,0,0,0,0,0,0,0,0,0,0,0,0,0,0,5,0,0,0,0,0,0,0,0,0,0,0,0,52,6,0,0,0,0,0,103,0,0,0,0,0,0,0,0,0,0,0,0,0,0,0,0,0,0,0,0,0,0,0,0,0,0,0,0,3,0,0,0,0,0,2415,0,0,0,0,0,0,0,0,0,0,0,0,0,0,0,0,0,0,0,0,0,0,0,41,0,0,0,79,0,0,0,0,0,0,0,0,0
"gene_822",301,0,2,24,1,3607,81,0,2885,229,187,0,721,2,6,2,6,0,3126,3298,527,1825,21,6,71,3,1636,0,352,30,163,17,541,6676,864,11,0,0,900,0,6,70,0,70,7824,183,0,48,1696,1248,0,666,3,4,409,2,1171,583,1394,71,1,0,546,3,1,0,727,0,2486,409,2370,38,0,44,2485,0,205,751,89,1148,5697,0,124,467,10,0,2,20,1635,66,1246,0,300,0,0,0,0,256,4,4541,126,0,0,0,0,4346,8,0,3404,0,184,1,46,222,0,0,4,1,0,0,462,0,0,0,522,0,0,0,0,2656,0,0,3,11457,1,0,4,31746,27,10208,296,1092,275,96,0,3965,0,147,2734,0,0,0,0,2217,2844,0,1,0,90,7,13,0,12,0,1,0,0,16,1288,0,1113,0,1320,0,0,0,0,177,1716,99,383,609,176,0,2,0,393,9625,0,4,1516,0,1,0,6008,0,0,47,41,9,33,2892,0,3262,0,118,0,0,2413,25,277,26,29557,0,15,0,8,318,415,0,29,5,8,0,36,0,0,53,0,1,1,4,12,326,25,0,12063,7,4557,544,0,76,471,5,0,0,4,8316,5,523,3943,13266,0,1,0,0,0,72,0,110,1563,1468,3,14,0,162,1,100,0,0,0,0,0,1815,0,1364,0,874,964,5,0,39,0,388,0,0,0,291,0,0,0,178,772,613,0,416,0,24,1457,17,551,35,2,5,0,341,686,89,0,29,1660,2469,0,379,2,22,834,0,243,0,0,2,1089,57,358,16,253,3104,13,2,6,20,659,81,54,181,1,1,0,0,51,0,0,9,1170,1,0,0,0,217,8,762,256,5,1,689,976,1382,0,2458,140,0,1129,0,16,0,186,482,0,0,510,44,1544,85,52,1,3730,18,128,121,188,72,2786,717,311,360,9,537,0,0,390,718,62,18,7,434,0,1637,0,9,2060,30,35,1484,224,4,0,77,400,9,2079,0,230,367,9,7,0,210,53,0,0,10,0,0,0,0,6905,1,256,0,22,0,0,14,147,3,2,0,3558,188,0,1624,1770,12,2,5,691,0,216,0,4,560,391,135,53,8,200,615,152,32,2,0,0,471,15,190,102,699,2562,0,0,0,1,437,2,1183,271,221,0,0,4872,37,282,0,0,3,242,95,259,3925,380,436,0,2830,7,0,0,0,2444,201,0,102,205,0,1,3290,3465,157,64,1584,65,660,0,816,2740,0,0,1,142,1174,34,10,0,0,0,0,25,0,0,1,129,1624,590,143,619,432,204,196,3,316,218,8,27,5,585,0,97,0,0,349,3,70,0,150,51,86,20,8,5,893,5451,2427,5813,54,3,3,9092,1,0,0,13,5,2472,0,7,39,0,0,776,3,1,3,0,4666,25,11,400,1,5,0,1,0,2205,0,163,549,6,1543,0,212,0,0,7,0,27,0,0,29,3331,0,153,2193,0,0,1,148,3,0,900,0,0,0,595,1833,224,605,0,1,2399,0,3180,0,0,0,0,0,0,17,0,346,2,239,953,1326,0,1,1448,142,0,1210,0,17,29,6,6917,5751,0,0,0,1,4,0,81,6,12,15,0,0,20,0,0,0,1947,0,0,406,0,76,0,1,21,0,31,1033,18,1,140,2,0,0,5269,4188,0,0,3053,52,988,137,3651,0,3,246,175,14,0,247,2,0,0,310,0,0,0,0,239,0,0,10,0,0,0,0,0,75,103,0,6,0,1,368,100,0,90,71,0,124,421,0,345,0,0,0,0,81,0,0,0,128,0,8,1630,0,30,26,0,187,63,655
"gene_823",0,5,0,0,0,0,0,0,0,0,0,0,0,0,0,0,0,0,0,0,0,0,0,0,0,0,0,2,0,0,0,0,0,0,0,0,0,0,0,0,0,0,0,0,0,0,0,0,0,0,0,0,0,0,0,0,0,0,0,0,0,0,0,0,0,11,0,0,5,0,0,0,0,0,0,0,0,0,0,0,0,0,0,0,0,0,0,0,0,0,0,0,7,0,0,0,0,0,0,1,0,0,0,0,0,17,4,0,7,0,0,0,0,0,0,0,0,0,6,3,0,9,0,0,0,94,0,0,0,1,11,0,7,0,1,0,0,0,3,171,0,0,0,0,0,64,0,43,576,0,103,0,0,0,0,1118,0,0,17,0,0,0,112,0,28,0,0,0,0,245,0,0,0,0,151,0,14,48,0,4,0,0,0,3,0,12,0,0,0,0,0,0,0,1,0,0,0,0,0,0,0,0,0,187,0,0,0,0,0,0,0,0,0,0,0,0,0,0,0,0,0,0,0,0,0,0,0,0,0,0,0,565,0,0,0,0,0,0,0,0,0,0,0,0,42,0,0,0,0,0,0,0,0,0,0,0,0,0,0,0,0,0,0,0,6,0,0,852,47,0,0,0,0,150,0,13,0,2029,0,0,0,0,1,0,4,0,0,0,0,0,1,0,0,0,1425,3,0,0,9,0,0,50,0,0,0,0,0,0,221,0,5,0,2789,1,5,0,0,0,39,0,0,0,0,0,0,0,1,29,2308,0,4415,0,0,0,0,0,0,0,2,0,0,1025,1,0,169,0,0,0,0,0,0,0,79,133,346,1,0,0,0,0,0,0,0,32,3,1165,0,0,0,2,210,0,0,0,0,0,355,0,0,0,0,0,6,0,0,2,32,16,0,0,420,2,164,5,0,0,0,9,0,115,0,5163,0,0,0,0,226,2,0,0,0,0,0,0,0,0,61,0,331,0,0,0,0,0,0,0,619,0,887,0,0,909,0,0,13,0,0,0,251,0,304,0,0,0,0,0,1645,0,0,0,0,0,0,0,0,0,0,0,0,0,0,0,0,0,0,0,0,0,0,0,0,0,0,9,0,0,0,0,73,0,0,0,0,0,0,0,0,0,0,0,0,0,0,0,0,0,0,0,1,0,0,0,0,0,0,0,0,0,0,0,0,0,0,0,0,0,0,0,0,0,3,0,0,0,0,0,0,0,0,0,0,0,0,0,0,261,0,0,0,0,0,1,0,0,0,0,0,0,0,0,41,0,0,0,0,0,0,0,0,0,0,0,0,0,0,0,0,0,0,0,0,0,0,0,0,0,0,0,863,0,0,0,0,0,0,0,0,0,0,0,0,0,0,0,0,1413,0,0,0,0,0,0,0,0,0,0,0,0,0,0,0,0,0,0,0,0,0,0,0,0,0,0,0,0,0,0,762,0,0,0,0,0,0,0,0,0,0,2555,0,0,0,0,0,0,0,0,0,0,0,0,0,0,0,0,0,0,0,0,0,0,0,0,516,0,0,0,0,0,0,1622,0,0,0,0,0,0,0,0,0,13,0,0,0,0,0,0,0,0,0,0,0,0,0,0,0,0,0,0,0,0,0,0,0,0,0,0,426,0,0,0,5,0,0,1,0,0,0,0,0,0,0,0,0,0,0,0,0,0,0,0,0,19,55,0,0,0,0,0,0,0,0,0,0,0,0,0,67,0,0,0,0,0,0,0,0,0,0,0
"gene_824",1808,601,2337,3914,3194,2284,899,1770,257,594,1726,893,49,1,368,459,180,623,1442,1967,223,224,8635,17440,645,113,980,949,137,239,467,3665,165,69,11,2456,26,871,2520,1,2048,1627,234,1149,8,135,1,45,1796,2334,511,754,640,1437,31,271,173,3481,66,336,196,3307,6584,10,1932,128,873,2755,250,259,2119,171,148,4328,1863,55,3529,236,2783,6518,439,6,222,2063,92,1,165,2,2,226,3319,189,6,5,16,0,0,0,0,0,3,0,2,11,654,13,0,0,0,18,0,0,30,1,36,0,0,5,0,0,1,1,55,0,57,56,36,0,23,0,1,0,4,265,3,0,0,6,1,2,260,138,0,10,0,0,0,13,157,0,560,0,1,21,0,22,6,0,167,0,0,0,267,20,0,0,9,7,4,9,0,38,0,25,0,47,47,58,24,268,5,3,24,4,0,20,8,0,41,0,0,7,0,127,212,43,0,9,447,41,497,29,1,452,45,211,15,0,156,161,177,111,28,0,5,225,0,370,247,87,14,176,0,327,0,132,2,88,0,230,37,4,13,2,29,245,89,121,36,3,290,1,288,72,23,300,488,291,25,42,360,201,58,1,38,235,110,0,28,71,94,827,12,53,73,408,47,224,133,420,294,387,1134,81,31,178,403,14,184,29,5,441,2132,60,45,355,3265,44,1138,17,140,377,382,492,94,44,258,617,249,89,58,12,0,502,238,4,146,26,371,80,4,698,126,71,53,465,358,840,260,433,200,49,59,356,223,20,373,639,15,50,656,12,18,129,701,333,31,360,394,371,26,330,72,5,151,9,436,460,43,93,209,746,112,316,85,9,182,132,1429,300,89,107,305,1078,115,256,26,17,338,242,1075,315,120,236,52,366,1475,954,1363,494,521,1514,211,25,42,0,65,82,615,318,250,437,87,416,97,44,447,104,254,769,954,30,108,402,86,681,1289,294,698,68,74,130,159,163,2266,667,624,1367,415,4,0,79,410,90,20,1311,923,31,31,466,607,479,67,26,0,245,223,6,564,252,42,7,128,71,220,256,147,23,0,632,89,109,22,120,426,33,1520,0,96,73,70,713,67,130,49,19,117,117,813,2,172,291,24,351,330,2,22,17,38,50,126,456,113,204,91,100,6,76,19,11,188,54,3372,169,43,354,724,170,521,84,91,30,78,45,65,472,67,58,114,65,584,319,132,39,14,56,10,710,1,90,21,12,340,382,13,158,163,147,16,11,353,365,17,128,316,214,432,96,73,142,226,34,402,250,94,37,179,141,20,506,230,20,75,90,880,128,81,65,23,90,138,75,56,291,39,27,266,881,86,49,223,518,259,151,302,0,5,149,47,22,685,509,54,63,7,63,111,120,4485,314,756,274,69,1821,6,15,664,1,141,3,766,0,0,103,2,170,4152,206,233,29,1800,289,495,13,898,4,1081,1785,23,4044,0,1,32,22,22,49,373,58,16,222,40,538,107,420,1,1048,204,590,547,918,42,915,54,5,132,193,122,11,463,321,71,151,907,50,958,1,326,811,2,1760,0,981,162,263,1083,351,2,344,6,4646,191,0,913,1002,0,367,2068,285,1,824,9,670,2762,47,17,340,81,4,181,3,345,9,487,841,249,411,414,9,160,10,1480,342,2,1283,0,31,1917,262,483,137,8,334,0,563,360,159,24,0,1294,25,119,127,1015,3588,0,178,1754,59,305,4,51,26,383,133,3,65,754,736,340,692,0,282,325,637,25,2,148,3009,64,454,15,3269,1,392,632,153,0,380
"gene_825",1131,85,0,675,3329,1112,1076,51,5321,5327,6140,7106,3,16,389,3,76,20,21,725,1687,0,2014,327,0,1524,10129,0,2,0,3963,0,11,0,0,1295,37,8890,50,1,0,30,782,71,0,0,2949,3119,35,29,5393,1,46,0,1341,4481,0,5498,0,137,0,1242,0,1893,9,1090,0,7176,53,0,76,12,0,550,58,0,1210,1045,0,2677,4282,16,4,9625,38,0,27,2,51,109,0,326,5,0,6068,820,0,0,28,1,17,0,0,0,1309,28,0,0,1235,3,573,0,819,14137,4612,1119,0,20,0,0,0,0,54,2113,3,1,0,4,5,0,1,8,782,37594,0,0,0,1200,32341,0,4,643,415,748,7685,5136,9236,1,0,1629,0,28,0,0,684,1,66,0,28,96,535,424,59416,1541,26,144,468,78,0,0,0,113,301,0,0,0,50393,0,0,1151,109,8703,0,32,0,1,0,660,0,2003,482,103,1,4788,1,4,0,0,0,106,0,1343,0,0,0,0,0,0,5,149,0,25,0,0,0,0,0,0,553,0,0,0,5,0,0,0,0,0,1,0,0,0,0,0,0,0,0,22,5,0,0,0,0,0,0,0,0,0,0,0,0,0,0,0,0,1,0,0,12,0,1,24,0,1278,0,53,1,1425,0,5029,0,1013,2556,4712,5,0,0,5,0,5,190,1572,18634,0,6,0,0,129,1,4929,0,0,0,0,5534,538,0,7,0,63,2297,0,1090,41,2,0,0,0,0,85,0,0,0,276,8,0,0,1876,2,182,0,3,0,0,0,0,33,0,0,1,0,0,2,0,3960,64,145,602,0,378,0,265,0,10062,0,4,0,0,2,1,267,5570,0,111,0,0,0,231,3900,3364,0,86,162,0,0,3971,3,83,0,3979,796,0,3649,0,65,1367,1497,21431,0,4,62,21907,68,2,0,1742,88,0,0,1,0,1,0,1,0,0,71,0,3,9,194,7,22,359,2107,0,26,0,827,80,0,0,9,4740,0,960,0,0,1969,0,0,60,0,0,0,0,0,0,0,0,0,18,0,510,1074,2371,0,0,0,0,474,128,0,82,10,25,0,0,6,0,0,3,0,0,0,2019,1048,3995,1169,0,0,0,0,426,0,3066,9677,0,0,830,72,0,5,0,27,0,5,1,622,0,1,1,0,0,0,0,0,0,0,0,0,0,0,0,538,335,588,869,0,0,0,2689,0,0,1176,40,0,0,1273,255,0,64,10,5,183,2747,0,4,0,561,0,7,0,77,372,15307,2828,1903,514,0,11,2,1389,737,0,7,756,1822,3,0,0,0,1634,7,1146,143,255,0,486,99,382,198,0,36,0,378,0,622,1642,1740,4,308,3,115,8,0,0,0,6,0,604,105,13870,0,0,0,2,29164,1,1308,0,0,0,2148,0,0,0,2,0,8270,0,73,0,0,3461,7468,0,0,0,0,0,19,0,33,50,14,111,0,5205,0,0,158,1,0,0,0,0,3758,0,3,0,0,12570,0,492,0,0,0,0,0,546,115,0,18,0,8,8,1161,0,0,3,0,1,6,0,131,0,0,0,1,48,0,16,0,556,0,0,0,38,20,0,0,296,0,645,2636,0,2,0,107,1,0,0,1316,1,0,9120,14,0,0,2064,0,3183,5345,1,0,0,782,0,0,0,3528,13,0,0,4,0,0,0,0,0,0,0,0,7202,481,0,577,0,0,4040,125,8594,11926,15339,0,114,0,12936,0,709,49,21,0,1923,6400,305,0,9,0,0,565,33,0,0,3,97,0,0,496,9,11,9,13610,0,408,1574,2,0,32,0,178,0,0,1,49,2370,0
"gene_826",1946,996,569,686,311,1642,6,790,5419,26,718,841,94,1033,1879,1625,698,1338,17,54,982,110,136,2947,21,2220,14,1386,75,554,1295,3358,396,3011,10,743,843,282,103,4,1542,84,1703,646,1488,414,22,1094,518,632,2,68,328,94,475,72,5255,2300,1744,1405,670,6,1808,127,622,737,363,353,1088,96,67,26,135,444,101,2348,1531,743,7,617,322,6,232,94,984,96,2,3763,1157,28,571,3706,179,16,2262,159,1321,1504,1454,3864,0,410,0,0,3460,2014,101,1915,0,9,2813,3,0,0,135,24,5957,572,307,48,0,4,0,213,1124,39973,338,716,8,0,39,5117,0,229,12280,0,643,0,45,7369,706,28,528,614,2302,228,1812,2222,4825,0,1,0,3952,8207,3,67,5515,10,2620,0,217,1325,4442,34,398,4698,136,0,68,3064,0,28,0,435,889,0,0,2,469,1532,824,844,226,9,26,420,58,6040,10694,2,1381,5969,17,10,6129,22,1916,0,6,251,2909,22,1426,457,103,401,14,3,425,606,2513,827,77,69,40,5308,1142,88,295,838,1742,1428,119,755,2037,604,4879,1681,101,93,18,3757,162,152,167,386,3785,5147,1026,75,275,294,246,185,3,3248,3932,12,166,713,0,231,54,455,207,3278,28,1430,75,909,651,1033,105,66,2832,475,1316,7,1134,3470,1230,2686,3403,506,5825,2029,2045,852,93,58,146,62,1626,13,1095,1246,2916,408,2895,3653,1917,149,140,1404,92,587,3439,3267,7,1094,1012,992,884,325,3636,369,1045,823,184,0,1120,1451,495,154,249,2419,0,55,164,18,1422,183,29,828,318,0,211,24,6595,46,0,85,433,0,5705,756,372,0,1320,996,744,129,886,119,32,93,1529,1506,14,172,1993,4004,564,0,7738,346,15,583,870,969,2444,26,460,2225,1920,1099,60,569,714,1674,488,2341,691,129,2456,110,1857,930,12454,304,1316,5228,6246,1449,1095,25,643,22,24,1180,3171,8847,1066,109,705,566,3048,277,2679,439,3104,2,3904,113,2326,2673,975,3072,208,116,14,527,29,185,2081,42,414,1789,1135,776,4128,13,1341,1815,150,4595,38,1378,1167,165,20,3108,142,288,180,409,3,160,318,1142,140,123,4695,8851,303,2528,2228,687,76,5344,3,904,234,214,672,1795,753,26,59,1861,1250,1316,275,744,417,798,45,340,313,30,1192,9,0,378,941,2393,6,243,1513,151,444,2827,1169,70,2473,950,174,86,194,2,88,15,1081,1051,123,82,262,54,1741,276,420,1204,115,3856,1109,5108,850,159,331,1512,114,851,162,701,896,394,3,1532,1328,2718,8,968,220,1498,11,344,2145,698,1147,290,2176,593,1314,193,78,1337,88,1846,25,96,1642,956,672,1032,327,262,2412,2361,52,32,236,938,305,2072,115,3236,160,1199,141,0,57,170,4396,494,813,157,243,16,41,83,1482,63,197,3825,90,2952,104,1368,871,2567,3421,748,199,69,176,377,127,1574,2890,116,426,53,1120,1060,1538,483,270,106,8327,0,943,20,615,403,20,0,644,166,1284,0,993,258,73,41,672,89,36,170,1782,1944,249,228,797,210,921,1,13,6,118,434,1907,10,2867,323,1309,1431,13114,169,69,100,71,121,178,21501,338,56,4279,777,2539,1179,746,5236,5272,0,288,2884,923,28,10,637,412,79,1319,50,4588,156,87,81,673,2,368,82,378,319,1174,0,1476,284,364,0,13,1,973,231,4,4213,75,518,202,14,0,42,45,308,580,15,871,160,6,240,2,1,17,124,373,2,1183,91,53,30,70,1778,55,0,19,106,1191,2381,0,3490,3310,7,3441,23,5,288,60,114,171,812,1609,7174,1556,16,3137,586,16,1490,12,3444,412,160,2,323,996,436,409,1093,273,451,338,8617,275,185,349,3297,292,184
"gene_827",0,28,0,0,0,0,0,0,0,0,0,0,0,0,0,0,0,0,0,0,0,0,0,0,0,0,0,0,0,0,0,0,0,0,0,0,0,0,0,0,0,0,0,0,0,0,0,0,0,0,0,0,0,26,0,0,0,0,0,0,0,0,0,0,0,0,0,0,0,0,0,0,0,0,0,0,0,0,50,0,0,0,0,0,0,0,0,115,0,0,8,0,0,0,0,0,0,0,0,0,0,0,0,0,0,0,0,0,0,0,0,0,0,0,0,0,0,0,0,0,0,0,0,0,0,0,0,0,0,0,0,0,0,0,0,0,0,0,0,0,0,0,0,0,0,0,0,0,0,0,0,0,0,0,0,0,69,0,0,0,0,0,0,0,0,0,0,0,0,0,0,0,0,0,0,0,0,0,0,0,0,0,0,0,0,0,0,0,0,0,0,0,0,0,0,0,0,0,0,0,0,0,0,0,0,0,0,0,0,0,0,0,0,0,0,0,0,0,0,0,0,0,0,0,0,0,0,0,0,0,0,0,0,0,0,0,0,0,0,0,0,0,0,0,0,0,0,0,0,0,0,0,0,0,0,0,0,0,0,0,0,73,0,0,0,0,0,0,0,0,0,0,0,47,0,0,0,50,0,0,0,0,0,0,57,0,0,0,0,0,0,0,1,0,0,0,0,0,0,0,0,0,36,0,0,0,0,0,0,0,0,0,0,0,0,0,0,0,0,3,0,0,0,0,0,0,0,0,0,0,0,2,0,0,0,0,0,0,0,0,0,0,0,0,1,0,0,0,0,0,0,0,0,0,0,0,0,16,433,0,0,18,0,0,0,0,0,88,0,0,0,3,0,0,0,0,0,0,0,0,6,0,0,0,0,0,0,0,0,0,0,0,0,0,3,0,0,0,3,15,0,0,0,0,0,0,0,0,0,0,0,0,0,0,0,0,0,100,0,1,1,0,0,0,0,0,0,0,192,0,0,0,0,0,0,0,0,0,0,0,50,0,0,0,0,0,6,0,0,0,0,0,0,2,0,0,0,0,0,0,0,0,0,0,0,0,0,0,0,0,0,0,0,0,0,0,0,0,0,0,0,0,0,0,0,15,0,0,0,0,0,0,0,0,0,0,0,0,0,0,0,0,0,0,0,0,0,0,0,0,0,0,0,0,0,0,0,0,0,0,0,0,0,0,3,0,0,0,0,0,0,0,0,0,0,0,0,0,0,0,0,0,0,0,26,0,0,0,0,0,0,0,0,0,0,0,0,0,0,0,0,0,0,0,0,0,0,0,0,0,0,0,0,0,2,0,0,0,33,0,0,20,15,0,0,0,408,9,0,0,0,0,0,0,0,0,318,0,0,0,0,0,0,0,0,0,0,0,0,0,0,0,0,0,1954,0,2,0,0,44,0,0,0,0,0,0,0,0,0,0,0,80,0,0,0,0,0,0,0,0,0,0,0,0,0,0,122,0,0,0,0,0,0,0,0,0,0,0,0,0,0,0,0,1,0,0,0,0,0,0,0,298,0,0,0,0,0,0,0,0,0,0,0,0,0,0,0,0,0,0,0,0,0,0,0,0,0,0,36,0,0,2997,0,0,0,0,7,0,0,0,0,0,0,0,0,196,0,66,1,0,0,0,0,0,0,0,226,0,0,0,0,0,0,373,0,0,0,0,0,8,0,0,0,2,1341,0,0,0,0,0,1809,0,0,0,0,0,64,0
"gene_828",0,0,0,0,0,0,0,0,1447,0,0,0,0,258,0,0,0,0,0,0,0,0,0,0,0,0,0,0,0,0,0,0,0,0,0,0,0,0,0,0,0,0,0,0,0,0,0,0,0,0,0,0,0,0,0,0,0,0,0,0,0,243,0,6,0,0,0,0,0,0,0,0,0,0,0,0,1082,0,0,0,5,0,3,3,0,0,0,0,0,0,0,0,0,0,0,1,0,0,0,0,3,0,0,3,0,0,1,0,0,0,0,0,0,0,0,6,0,0,1,5,0,0,0,0,1,0,0,1,2,0,0,1,5,8,1,1,0,1,25,1,0,0,10,0,0,0,0,0,3,0,1,0,1,2,0,2,0,0,0,0,4,0,0,0,0,0,0,0,0,0,25,0,5,2,0,1,3,0,3,0,0,0,6,0,0,9,0,8,2,0,0,8,3,0,0,0,0,0,0,0,0,0,0,0,0,0,0,0,0,0,0,0,0,0,0,0,0,0,0,0,0,0,0,0,0,0,0,0,0,0,0,0,0,0,0,0,0,0,0,0,0,0,0,0,0,0,0,0,0,0,0,0,0,0,0,0,0,0,0,0,0,0,0,0,0,0,0,0,0,0,0,0,0,0,0,0,0,0,0,0,0,0,0,0,0,0,0,0,0,0,0,0,0,1,0,0,0,0,0,0,0,0,0,0,0,0,0,0,0,0,0,0,0,0,0,0,0,0,0,0,0,0,0,0,0,0,0,0,0,0,0,0,0,0,0,0,0,0,0,0,0,0,0,0,0,0,0,0,0,0,0,0,0,0,0,0,0,0,0,0,0,0,0,0,0,0,0,0,0,0,0,0,0,0,0,0,0,0,0,0,0,0,0,0,0,0,0,0,0,0,0,0,0,0,0,0,0,0,0,1,0,0,0,0,0,0,0,0,0,0,0,0,0,0,106,0,0,0,0,0,0,0,0,0,0,0,0,0,0,0,0,0,0,0,0,0,0,0,65,2,1,0,0,0,14,0,0,0,0,0,0,0,0,0,253,0,0,0,0,0,0,0,0,0,0,0,0,0,0,0,0,0,20,0,0,0,0,0,0,0,0,0,0,0,0,2,0,0,0,0,0,0,0,0,0,0,0,0,0,0,0,0,0,0,0,0,0,32,0,0,0,3,0,0,0,0,0,24,0,3700,0,0,0,12,0,0,0,1054,0,0,0,0,0,0,0,13,0,0,0,0,0,0,0,0,4,0,0,0,0,0,0,0,0,0,0,0,1,0,0,0,0,0,0,5,0,0,44,0,0,0,0,0,0,0,677,0,0,0,0,0,0,0,0,0,0,0,0,0,0,0,0,0,0,0,0,0,0,0,0,0,0,0,1703,0,0,0,0,0,0,0,0,0,0,438,0,0,0,0,0,0,0,0,0,0,0,0,0,0,0,0,0,0,0,0,0,0,11502,0,33,0,0,0,0,784,0,0,0,0,0,0,0,0,0,0,0,0,0,0,0,0,0,204,4223,0,0,0,90,0,0,0,0,0,0,0,0,0,0,0,0,0,0,0,6,0,0,0,0,0,0,0,0,0,0,0,0,0,0,0,0,0,2,0,0,366,0,0,13,0,0,0,9222,0,0,0,0,0,0,0,0,0,0,0,0,0,0,0,0,0,0,0,0,0,0,0,0,0,0,0,0,0,0,0,0,0,0,0,0,0,84,0,0,0,0,0,0,0,0,369
"gene_829",0,0,0,14,0,0,0,0,5,0,0,0,0,0,0,10,0,0,19,82,192,8,0,0,17,0,0,59,0,0,0,0,265,0,0,0,0,0,1,9,0,0,0,0,73,4,3,0,0,14,0,0,0,0,0,0,5,0,0,0,0,0,0,0,0,28,74,0,0,0,0,5,0,0,0,0,54,0,175,6,0,0,0,2,12,1,0,0,0,0,21,0,0,0,0,0,0,0,0,0,112,0,0,0,1,0,101,0,0,0,684,0,0,0,0,0,0,0,1312,0,0,952,0,0,0,0,0,3,60,0,0,0,23,0,0,0,76,432,0,0,2538,0,0,0,0,2,0,0,0,0,0,0,0,47,0,0,0,0,0,0,0,18,0,91,179,0,0,0,0,0,0,0,0,0,0,0,5,0,0,0,0,0,0,0,128,0,0,0,0,0,0,88,0,859,0,0,0,14,0,6,0,95,0,0,1,342,0,2,0,0,0,0,1509,0,4,0,0,0,0,0,0,0,1,0,0,0,1,129,2,777,0,0,0,2,0,0,0,25,1526,0,0,0,0,0,8,0,0,858,0,54,0,0,544,0,7,0,0,0,0,0,2,0,51,0,314,13,0,58,54,0,11,17,0,74,139,32,0,47,8,0,10,121,0,0,0,247,0,0,13,87,254,0,75,0,0,404,44,60,0,333,622,3,1040,1,0,23,32,317,0,114,0,0,67,60,38,953,0,0,0,0,1,7,2729,1143,3,0,12,0,0,127,278,0,0,19,0,0,1018,41,0,0,0,0,0,6,385,0,0,0,0,153,5,0,0,40,0,3,0,17,0,145,1054,760,0,64,1950,0,61,4,2,3,3,0,0,0,0,563,22,0,0,553,416,0,355,0,0,0,9,688,0,6,0,0,14,42,0,3,2,0,556,51,4808,87,0,0,6,61,15,180,24,0,8,129,1,616,0,2132,0,0,0,0,1,0,0,11,1,402,0,0,1253,0,0,0,0,0,0,0,0,0,0,69,0,0,0,0,2,0,0,0,0,0,0,0,0,0,0,0,0,0,0,1,0,0,0,0,467,75,1,7,0,0,0,0,0,0,52,0,0,119,0,0,0,0,0,0,0,0,0,0,0,0,0,0,0,0,1,0,0,0,0,0,0,0,0,611,0,57,0,0,0,0,0,1,0,0,0,0,0,0,0,0,0,0,0,0,0,0,0,0,0,0,0,0,0,0,0,0,0,0,0,0,0,0,0,0,0,0,0,0,0,0,0,0,0,0,0,0,0,0,0,0,0,0,0,225,0,0,0,0,0,0,0,1,0,0,0,0,0,0,0,0,0,0,0,0,0,0,0,0,0,0,0,0,0,20,0,0,4,0,0,0,0,0,0,0,0,0,0,0,0,0,0,0,0,0,0,0,0,0,0,0,0,0,90,0,1,0,1,21,0,41,37,0,0,0,0,61,61,0,0,3,0,0,1234,0,2560,0,0,0,0,0,0,0,0,0,0,0,0,0,0,0,0,0,0,0,0,0,0,2988,0,0,0,0,0,16,0,0,0,0,0,0,0,0,0,0,0,0,0,0,0,0,1,0,0,0,0,0,0,0,0,0,0,0,138,0,0,2,0,0,0,75,0,0,0,0,0,0,0,0,0,15,0,0,0,0,0,0,0,0,0,0,0,0,0,0,0,0,0,0,0,0,0,0,0,0,0,0,0,0,0,0,0,0,0,0,0,0,0,0
"gene_830",0,1,0,0,0,0,0,0,0,0,0,0,0,0,0,0,1,0,0,0,0,0,0,0,0,0,957,0,0,0,0,0,0,0,0,0,0,0,1,0,0,0,0,0,0,3323,7,0,0,0,0,0,0,0,0,0,0,0,0,0,0,0,0,882,0,0,0,1774,172,0,812,0,0,0,0,12,0,0,0,2,0,0,0,0,0,0,0,4648,0,0,2,0,0,0,0,0,0,0,0,0,0,0,0,0,0,0,0,0,0,0,0,0,0,0,0,0,0,0,0,0,0,0,0,0,0,0,0,0,0,0,0,0,0,0,0,0,0,0,98,0,21,0,0,0,0,844,0,0,0,0,0,0,0,0,0,0,0,0,0,0,0,0,0,0,0,0,0,0,0,0,0,0,0,0,0,0,0,0,0,0,0,0,0,0,0,0,0,0,0,0,0,0,0,0,0,0,0,0,0,258,0,1,0,0,0,45,0,0,0,0,0,0,0,0,0,37,0,30,0,0,0,129,0,0,0,0,0,0,0,0,0,0,0,0,0,0,65,11,0,0,0,117,0,0,0,0,0,0,0,418,0,0,31,15,0,0,0,0,680,0,1046,3663,0,61,2493,111,37,43,1256,3923,97,322,0,348,617,4502,2204,312,7,23,1820,4,0,146,5171,18,4,167,3,272,1643,672,35,1406,1493,45,109,59,534,8,30,410,12,3,624,0,200,7,172,86,197,1193,16,77,0,45,0,0,2002,1088,33,0,5581,1500,28,2189,3411,0,7204,1049,32,0,836,131,395,0,0,2006,275,1,2,27,0,121,5999,1657,55362,3976,1017,0,4548,1,390,1,2360,0,122,48,1371,410,11,4939,20,355,437,1842,3327,1,1288,548,4610,0,0,354,10267,496,1,0,119,415,0,4,42,5,572,77,2480,21,12,1633,100,5871,1017,319,1922,520,5778,1998,1428,0,1,89,842,1147,29,505,8373,49,7812,59,796,0,51,382,441,1801,7641,1392,8,31,5430,441,1614,6739,774,359,105,7,0,275,0,104,4829,2728,31,1,14,0,63,4325,176,119,7,2,5815,11,673,0,761,6,2745,0,0,0,36,6,264,0,294,3,379,156,1068,1,350,410,2,7901,0,24,3339,37,1386,3731,1,0,0,3258,61,19,252,1,0,23,346,2,73,246,0,0,14,2449,203,728,1685,0,0,0,0,15,0,0,22,1,31,561,0,324,234,24,0,8,0,112,0,1182,4164,0,85,3945,0,1476,7,594,1046,28,4178,0,2,0,0,3852,277,26,7253,86,4450,0,87,65,0,0,135,3,0,3833,17,14,590,0,56,488,0,0,14,274,0,106,0,41,13,33,49,1337,427,0,4574,638,1,1,246,0,0,0,0,0,0,8,0,0,0,591,100,1,64,12,0,0,2,722,216,2,0,0,2,0,0,0,0,0,4,0,259,0,0,13,0,518,3,27,46,0,0,587,849,16,0,376,0,0,29,0,0,0,0,2,3478,5078,0,0,1625,0,0,0,54,0,0,1080,339,38,0,0,1798,52,0,1,0,769,2728,0,288,72,0,0,0,0,0,0,0,0,624,1596,3,3,0,0,2308,0,0,171,1350,70,3,272,871,0,1,0,891,0,0,6,0,106,0,0,0,365,2,1,0,0,0,74,0,14,57,0,25,1,0,10,59,48,0,0,0,0,28,0,217,0,85,109,8904,0,0,30,530,0,0,0,0,18605,0,0,26,0,9663,1,0,3014,0,1551,0,0,6,0,0,3866,0,9,34,3,27,0,0,0,0,0,1128,0,0,0,21,1,0,0
"gene_831",0,0,0,0,0,0,0,0,0,0,0,0,0,0,0,0,0,0,0,0,0,0,0,0,0,0,0,0,0,0,0,0,0,0,0,0,0,0,0,0,0,0,0,0,0,0,0,0,0,0,0,0,0,0,0,0,0,0,0,0,0,0,0,0,0,0,0,0,0,0,0,0,0,0,0,0,0,0,0,0,0,0,0,0,0,0,0,0,0,0,0,0,0,0,0,0,0,0,0,0,0,0,0,0,0,0,0,0,0,0,0,0,0,0,0,0,0,0,0,0,0,0,0,0,0,0,0,0,0,0,0,0,0,0,0,0,0,0,0,0,0,0,0,0,0,0,0,0,0,0,0,0,0,0,0,0,0,0,0,0,0,0,0,0,0,0,0,0,0,0,0,0,0,0,0,0,0,0,0,0,0,0,0,0,0,0,0,0,0,0,0,0,0,0,0,0,0,0,0,0,0,0,0,0,0,0,0,0,0,0,0,0,0,0,0,0,0,0,0,0,0,0,0,0,0,0,0,0,0,0,0,0,0,0,0,0,0,0,0,0,0,0,0,0,0,0,0,0,0,0,0,0,0,0,0,0,0,0,0,0,0,0,3,0,0,1,0,0,0,1,0,0,0,0,0,0,2,0,0,0,0,0,2,0,0,1,1,2,0,0,0,0,0,1,1,0,0,0,3,3,0,0,1,0,0,0,0,0,1,2,0,0,0,0,0,0,0,1,2,0,0,1,0,0,0,0,0,1,6,3,0,0,3,1,0,0,0,0,0,1,0,0,1,0,0,2,0,1,0,0,0,1,0,0,0,0,0,0,0,2,1,0,0,0,0,0,0,0,0,0,0,0,2,0,1,0,0,1,0,0,0,0,0,0,0,0,0,0,0,0,0,3,2,3,4,0,0,0,0,0,0,0,0,0,0,1,0,0,0,0,0,0,0,1,4,0,3,1,0,2,0,0,0,0,0,0,0,0,0,0,0,0,0,0,0,0,0,0,0,0,100,0,0,0,0,0,0,0,0,0,0,0,0,0,0,0,0,0,0,0,0,0,0,11,0,0,0,0,0,0,0,0,0,0,9,0,0,0,0,0,711,0,0,0,0,0,0,0,0,0,0,0,0,0,0,0,0,0,0,0,0,0,0,0,0,0,0,0,0,0,66,0,0,0,0,0,0,0,0,0,0,0,0,0,0,4,0,0,0,0,0,0,0,0,0,49,0,0,0,0,0,0,0,0,0,0,2,0,0,1,0,68,0,0,0,0,0,0,0,0,5,0,0,0,0,0,0,0,0,0,0,0,0,0,0,215,0,0,0,0,49,0,0,0,0,0,0,13,0,0,0,0,0,0,959,0,0,0,0,0,0,3,0,0,0,0,0,0,0,0,0,0,0,0,0,0,0,0,0,0,0,0,0,0,6,0,0,0,0,0,0,0,0,112,153,0,2893,0,124,0,0,0,0,0,0,0,0,0,15,0,0,0,0,0,0,0,0,0,0,0,0,0,1,0,0,0,5,0,0,0,3,0,0,0,0,0,6,2,0,0,0,0,34,0,0,0,0,0,0,0,0,0,0,0,0,0,0,0,0,0,0,1,0,0,0,0,0,457,0,0,0,82,0,3,0,0,0,0,0,0,0,16,0,52,0,0,0,1,0,0,0,0,0,0,0,0,0,0,0,0,0,0,0,0,0,0,0,0,148,0,0,0,180,0,2282,0,0,109
"gene_832",356,2,134,280,68,620,7,1004,123,795,129,23,20,364,261,291,68,154,28,18,22,31,228,317,1,148,169,26,90,364,6,19,1206,1,320,0,228,120,41,6,182,23,2,28,0,487,55,47,26,9,8,33,82,159,26,1111,325,1239,1030,25,205,400,193,910,224,78,7,35,253,373,1096,646,0,8,1240,417,14,49,164,16,138,13,53,6,16,166,1,70,228,202,574,186,8268,11,42,0,4,1,247,49,2,920,434,39,1721,0,1361,2629,37,0,11,398,0,4266,39,40,0,57,1310,0,2543,0,779,3,1221,166,0,1464,387,43,35,0,1053,50,0,4,5463,7,3637,0,587,153,14,10,15,268,3260,1359,6,400,7122,740,185,1973,483,237,13,787,3694,0,0,2758,11,26,168,20493,0,115,0,0,0,11477,25,3,2374,506,2,5,2469,6487,1396,1,4773,26,2,0,0,3,438,33,614,1,19,0,9,0,0,0,973,481,1159,4808,32,8930,50,535,3,0,0,45,587,0,11,0,45,42,2572,1273,0,281,0,703,10792,0,0,118,24,0,5179,0,185,3,952,666,2,97,884,0,755,286,799,1072,0,0,0,80,684,2,1405,5,1023,171,14,1148,674,1144,12,27,1461,177,9,253,84,241,1,1478,410,35,19,3,25,1,3904,958,172,651,523,124,1361,501,66,79,2778,66,110,23,1888,623,733,3,383,1096,207,69,164,45,555,35,532,371,0,56,378,8,80,264,21,38,855,156,0,782,84,12,10,303,553,1995,114,198,622,452,132,33,0,20,562,193,502,16,1,71,124,1485,85,717,87,257,1004,1246,110,130,75,193,117,29,43,1334,42,48,73,17,236,58,59,343,83,22,2844,582,255,20,492,90,605,416,84,702,60,29,1407,982,297,578,253,623,362,545,69,25,565,232,534,250,52,26,97,56,4,290,1265,281,870,636,3,221,339,1348,735,183,1270,238,80,8,576,38,148,24,120,242,329,1149,1924,747,766,1502,505,24,225,133,0,117,2,1847,30,230,38,162,464,2445,2,148,190,0,71,142,5,2,645,3,21,85,17,41,11,800,417,214,200,31,51,74,10,0,148,613,31,23,48,231,42,55,7,56,1,26,0,2,89,9,595,0,150,10,9,6,17,15,54,0,58,8,62,96,4,133,32,10,144,247,424,2,94,381,47,394,95,30,477,152,99,68,280,105,54,96,0,2,18,189,161,37,11,25,56,7,110,93,352,729,10,3,360,0,84,245,43,816,0,0,306,82,129,29,580,11,103,75,19,216,10,7,0,101,7,64,26,1,1,0,7,511,30,271,356,159,93,510,352,3,84,84,4,138,35,566,329,54,1,21,8,3,107,122,0,4,3,154,69,861,4,11,10,5,313,243,54,29,604,13,145,2,109,419,29,33,2,205,14,377,1,44,265,4,1063,113,12,94,22,3,41,190,9,0,129,23,42,2,139,4,140,5,7,9,38,67,75,38,36,65,105,38,0,331,245,3,49,36,3,18,108,0,188,402,68,14,574,86,161,11,0,81,362,11,17,9,237,112,0,12,4,0,252,89,411,3,11,31,3,36,229,231,0,1,49,124,9,762,47,11,15,0,69,87,0,233,14,44,170,149,127,38,6,1,10,11,176,0,16,4,158,14,56,42,10,8,102,67,14,119,5,4,45,0,232,1,11,23,154,1,210,31,0,97,16,292,125,46,166,33,128,792,579,85,501,28,7,19,41,155,107,4,0,0,35,810,15,28,1,295,0,47,7,80,20,425,0,1
"gene_833",0,0,0,0,0,0,0,0,0,0,0,0,0,0,0,0,0,0,0,0,0,0,0,0,0,0,0,0,0,0,0,0,0,0,0,0,0,0,0,0,0,0,0,0,0,0,0,0,0,0,0,0,0,0,0,0,0,0,0,0,0,0,0,0,0,0,0,0,0,0,0,0,0,0,0,0,0,0,0,0,0,0,0,0,0,0,0,0,0,0,0,0,0,0,0,0,0,0,0,0,0,0,0,0,0,0,0,0,0,0,0,0,0,0,0,0,0,0,0,0,0,0,0,0,0,0,0,0,0,0,0,0,0,0,0,0,0,0,0,0,0,0,0,0,0,0,0,0,0,0,0,0,0,0,0,0,0,0,0,0,0,0,0,0,0,0,0,0,0,0,0,0,0,0,0,0,0,2,0,0,0,0,0,0,0,0,0,0,0,0,0,0,0,0,0,0,0,0,0,0,0,0,0,0,0,0,0,0,0,0,0,0,0,0,0,0,0,0,3212,0,0,0,0,0,0,0,0,0,0,158,0,0,0,0,0,0,0,0,0,0,0,0,1,0,0,0,0,0,0,0,0,0,0,0,0,284,0,0,1,0,0,0,0,0,0,0,0,0,0,0,0,0,0,0,0,0,0,0,1,0,0,0,0,0,0,0,0,0,0,0,0,0,0,1154,0,0,0,0,0,0,0,0,0,0,10,0,0,0,0,0,0,0,0,0,0,0,0,0,0,0,0,0,0,0,0,1,0,0,0,0,251,0,0,0,0,0,0,0,0,49,0,0,0,0,0,0,0,0,0,0,0,0,0,0,0,0,0,0,0,0,0,0,0,0,0,0,0,1,0,0,0,0,0,0,0,0,0,0,0,0,0,0,0,0,0,0,0,0,0,0,0,0,0,2,0,0,0,0,188,0,0,0,0,0,0,0,0,45,0,0,0,0,0,0,0,0,0,0,0,0,0,0,0,0,0,0,0,0,0,0,0,0,0,0,0,0,0,0,0,0,1,0,0,0,0,0,0,0,435,0,0,0,0,0,0,0,1178,0,0,0,0,0,0,0,0,0,0,0,0,0,0,0,0,0,0,0,0,0,0,0,0,0,0,0,0,0,0,0,0,0,0,0,0,0,272,0,0,0,0,0,0,355,0,0,0,2,5,736,0,0,223,0,0,8,0,0,11,0,0,0,0,0,0,0,0,0,0,0,0,0,0,0,0,0,0,0,0,1,0,0,0,0,0,0,0,0,0,0,1646,0,0,4,0,0,0,0,0,0,0,0,0,0,153,0,0,0,0,0,0,0,0,0,0,0,0,0,0,0,0,0,0,0,0,0,0,0,0,0,0,39,0,0,0,159,0,0,0,0,0,0,0,0,0,0,0,0,0,0,0,0,0,0,4,0,0,0,0,0,0,0,0,0,0,0,0,0,0,0,0,0,0,0,0,0,0,0,0,0,0,0,0,0,0,0,0,0,0,0,0,0,0,0,0,0,0,0,0,0,0,0,0,0,0,0,0,0,0,0,0,0,0,0,0,0,0,0,0,0,0,0,0,0,0,0,23,0,0,0,0,1,0,17,0,0,0,0,0,0,0,0,0,0,0,0,0,0,0,0,0,0,0,0,0,6,0,0,0,33,0,0,0,0,0,0,0,0,0,0,0,0,0,0,0,0,0,0,0,0,0,0,0,0,0,0,0,0,0,0,0,0,0,0,0,0,0,0,0,0
"gene_834",0,0,0,0,0,0,0,0,0,0,0,0,0,0,0,0,0,0,0,0,0,0,0,0,0,0,0,0,0,0,0,0,0,8,0,0,0,0,0,0,0,0,0,0,0,0,0,0,0,0,0,0,0,0,0,0,15,1,0,0,0,0,0,0,0,0,0,0,17,0,0,0,0,0,0,0,0,0,0,0,0,0,42,0,0,0,0,0,0,0,0,0,0,0,0,0,0,0,0,0,0,0,0,0,0,0,0,0,0,0,0,0,0,0,0,0,0,0,0,0,0,0,0,0,0,0,0,0,0,0,0,0,0,0,0,0,0,0,0,0,0,0,0,0,0,0,0,0,0,0,0,0,0,0,0,0,0,0,0,0,0,0,0,0,0,0,0,0,0,0,0,0,0,0,0,0,0,0,0,0,0,0,0,0,0,0,0,0,0,0,0,0,0,0,0,0,0,0,0,0,0,0,0,0,0,0,0,0,0,0,0,0,0,0,0,0,0,0,0,0,0,0,0,0,0,0,0,0,0,0,0,0,0,0,0,0,0,0,0,0,0,0,0,0,0,0,0,0,0,0,0,0,0,0,0,0,0,0,0,0,0,0,1,0,0,177,134,21,0,0,0,0,0,0,0,0,0,0,0,0,0,0,597,0,0,0,0,0,0,0,0,0,0,1,0,0,0,0,0,0,0,0,0,0,0,1,0,251,0,0,0,0,0,0,0,0,0,0,0,0,795,1,0,0,0,0,0,0,0,0,0,0,0,0,0,0,0,47,0,7,0,0,0,0,0,0,0,239,0,0,0,0,0,0,0,0,3,11,0,1834,0,0,0,0,0,0,0,0,0,0,0,0,0,0,8,0,366,0,0,0,0,0,0,0,0,0,0,66,0,0,0,0,695,0,0,0,0,0,0,0,2,0,0,0,0,0,227,0,0,0,0,0,0,0,1,1070,0,10,0,0,0,0,150,0,0,0,0,0,0,0,0,0,0,0,0,0,0,0,0,0,0,0,0,0,0,0,0,0,0,0,0,0,0,0,0,0,0,0,0,0,0,0,0,0,0,0,0,0,0,0,0,0,0,0,0,0,0,0,0,0,0,0,0,0,0,0,0,0,0,0,0,0,0,0,0,0,0,0,0,0,0,0,0,0,0,0,0,0,0,0,0,0,0,0,0,0,0,0,0,0,0,0,0,0,0,0,0,0,6,0,296,0,0,0,0,0,0,0,0,0,0,0,0,0,0,0,0,0,0,0,0,0,0,0,0,0,0,0,0,0,0,0,0,0,0,0,0,0,0,0,0,0,0,0,0,0,0,0,0,0,0,0,0,0,0,0,165,0,50,0,0,0,0,0,0,0,0,0,1666,0,0,0,0,0,0,0,0,0,0,0,0,0,0,0,0,0,0,0,0,0,2,0,0,0,0,0,0,0,0,0,0,0,0,0,0,0,0,0,0,0,0,0,0,0,0,0,0,0,2367,0,0,0,0,0,0,0,33,0,0,0,0,0,1,0,0,0,0,0,0,0,0,0,0,0,0,0,0,0,0,0,0,0,0,0,0,0,0,0,0,0,0,0,0,0,0,0,0,0,0,0,0,0,0,0,17,0,0,0,0,0,0,0,0,0,0,0,0,0,1128,0,0,628,0,0,0,0,0,0,0,0,0,0,0,0,0,0,0,0,0,0,0,0,0,0,0,0,0,0,0,6,0,33,0,0,0,0,0,1201
"gene_835",232,137,1458,0,29,1867,1,266,0,14,339,1,9785,157,1,750,675,1294,50,0,1471,1,1275,3,18,127,1850,430,29,2,81,0,115,96,0,5,2555,139,621,159,103,556,101,0,0,1977,635,728,22,623,0,0,2,172,27,941,89,310,2335,2222,47,692,56,2666,67,210,325,2273,592,1107,10025,115,477,7385,235,120,409,1816,376,209,0,371,16,206,4,6666,90,482,69,1,6,372,0,0,0,0,0,0,0,0,0,0,0,1,0,69,988,835,0,30,177,0,0,0,87,366,0,0,0,0,0,0,0,0,29,0,136,0,12,218,511,0,38,0,0,0,0,0,10,486,0,5930,1249,0,0,2216,0,0,7,0,547,0,0,0,0,0,0,0,48,8,4,2,5,1745,0,0,481,0,0,0,0,2979,12,177,0,58,0,0,0,108,0,44,0,0,1398,0,2,0,403,0,2,0,763,0,0,39,0,0,0,0,0,0,69,0,13,2780,0,1,0,0,0,0,0,198,0,42,78,29,113,0,11,5,11,0,0,0,2,0,0,0,96,0,0,0,0,0,87,0,118,0,0,0,3,0,0,287,0,0,1,247,1904,0,0,3,58,78,0,2,0,860,38,47,0,356,3,0,0,6,6,939,7,102,38,3506,0,18,344,0,22,406,47,5243,1531,1185,0,4856,0,2,115,1,16,1081,0,1075,407,1,100,627,180,24,214,1441,2174,1848,42,0,332,66,336,18,49,603,40,296,2444,224,0,832,2892,19,16,976,58,279,175,7,731,0,12,4,5152,0,38,442,1916,323,995,375,51,1237,1,552,151,181,7,21,68,1920,0,272,4160,257,132,3,0,6,6,760,534,380,66,1410,3676,2716,20,0,28,22,66,0,474,8,4,46,23,1222,1818,867,496,20,34,388,1902,3005,1,152,24,9,38,40,1,231,46,76,1182,359,152,6086,332,1,1146,8682,400,0,34,647,2403,479,15,370,3041,41,75,54,162,2927,329,687,0,139,30,1,0,27,0,1904,5519,422,156,7,286,195,231,11,9,943,579,31,80,0,362,434,2609,24,0,1,591,2,11,0,7,0,38,0,4,33,3,70,8,172,1,2,1395,6,40,32,2125,9,0,0,438,14,0,213,115,1,0,61,7,1046,209,1785,294,0,0,191,0,287,0,61,13,0,3,92,1,1,2,4465,212,1447,14,46,221,0,347,124,27,154,0,0,165,1402,459,1,12,282,168,176,37,53,0,4,1137,548,0,1652,940,1387,101,0,801,524,3,7,1,37,119,71,153,0,0,0,1882,50,191,0,0,52,0,0,348,28,564,33,2079,16,22,206,32,7,0,158,33,21,203,0,22,0,0,37,44,568,0,1,390,0,1299,0,52,0,0,0,43,0,0,18,1,28,7,0,0,144,120,0,0,0,0,0,999,1,0,0,218,0,0,0,1,0,374,0,0,1,75,0,0,0,46,0,0,521,90,87,380,0,222,0,0,0,0,934,1,0,0,0,0,0,0,2020,66,0,0,0,0,2609,0,123,128,1330,1209,10,7928,2651,6269,0,1114,6,0,1,56,36,0,0,174,0,8855,980,280,11,0,20,5,1572,2,375,0,1,0,0,173,4224,71,0,46,0,0,29,0,0,168,0,2159,7,0,1317,12,21,65,0,2,135,0,2,3138,386,1384,2992,38,5,2795,0,9596,1809,0,90,1642,0,0,159,3472,3,1414,45,0,40,101,73,133,0,1268,0,1251,5,261,234,0,3084,167,47,0,390,2311,30,65,3809,629,4,1,894,0,6363,0,3003,0,0,0,7069,0,0
"gene_836",26,0,0,0,0,0,0,0,0,0,3,0,40,77,1345,0,0,81,0,0,0,0,7,120,0,1,0,0,199,0,42,0,452,0,0,6,1,0,0,70,0,0,1,0,275,0,0,0,0,4,0,5,0,0,0,0,0,298,0,0,0,3,3978,11,0,0,0,5853,0,0,0,0,0,0,38,0,39,0,1123,0,477,0,0,0,7,4,0,235,1135,6,8,282,149,223,0,0,0,0,0,258,0,0,0,0,0,0,24,21,12,0,0,6,0,0,0,0,0,4930,0,168,7,0,0,412,0,0,0,8,572,0,0,0,0,0,0,0,0,0,0,0,0,0,0,0,0,10,0,0,0,0,0,0,0,0,0,0,0,1744,4,2,0,20,0,0,0,0,0,0,0,42,0,0,0,0,162,1,0,0,0,0,6329,0,0,0,0,47,879,0,0,0,0,0,0,2,0,0,0,0,0,0,0,0,0,0,0,0,0,0,0,0,0,0,0,0,0,0,0,0,0,0,0,0,0,0,0,0,0,0,0,0,0,0,0,0,0,0,0,0,0,0,0,0,0,0,0,0,0,0,0,0,0,0,0,0,0,0,0,0,0,0,0,0,0,3,0,0,0,0,0,0,0,0,0,0,0,0,0,0,165,0,78,2,26,0,12,0,0,0,0,0,0,0,0,17,0,0,0,0,0,0,0,0,0,0,0,0,0,0,0,0,18,0,0,0,0,0,0,7,0,0,0,0,0,0,0,3,1,0,0,0,0,163,0,8,1,19,0,0,0,0,0,0,0,0,0,0,20,0,0,0,0,238,0,0,0,0,0,0,0,0,0,0,0,0,178,0,0,0,4,0,0,0,0,0,0,175,0,0,1433,0,0,0,0,0,1,0,2,189,152,0,0,0,0,0,0,0,30,0,0,96,0,0,0,1,0,20,1,0,0,0,0,2765,0,0,1,0,0,0,0,0,2015,0,652,0,0,0,0,0,0,0,0,0,0,0,0,0,80,0,0,0,0,0,0,75,0,0,39,0,32,0,0,0,14,0,0,276,0,0,0,0,0,5,297,0,0,0,408,0,1,0,0,0,23,0,0,0,0,2,0,1998,0,0,0,0,0,0,1,0,0,12,10,84,0,0,1028,0,0,14,0,0,0,0,2,0,8,0,21,0,0,0,0,0,1,0,0,0,13,0,35,0,0,257,0,15,0,0,0,0,0,0,0,12,0,442,0,0,0,0,0,0,0,0,51,6,0,0,9,0,0,0,0,0,0,1065,2,0,0,0,0,0,0,0,0,0,0,0,0,267,0,0,127,0,0,0,0,0,0,0,0,1273,0,0,0,0,0,0,0,2,2,0,0,0,0,0,0,0,0,0,0,0,0,0,0,0,0,0,0,0,3,0,0,0,0,4,0,0,0,0,0,0,0,0,0,0,0,0,0,0,0,0,0,0,0,0,0,0,0,0,0,0,0,0,0,0,0,1,0,1928,0,0,0,0,0,0,0,0,0,0,0,0,0,0,0,0,0,0,0,0,0,0,0,0,0,0,0,0,0,0,0,0,0,4,0,0,0,0,0,1,0,0,0,1,0,0,0,0,0,0,0,0,0,0,0,0,0,12,0,0,0,0,0,0,0,0,0,0,0,0,70,0,0,0,0,0,0,0,0,0,0,0,0,0,0,0,0,0,0,0,0,0,0,1,0,0,0,0,0,0,0,0,0,0,0,0,0,0,0,0
"gene_837",0,266,0,13,6,47,11,103,329,0,248,193,0,317,5,0,0,2,13,87,0,0,0,4,0,719,1,182,13,0,0,4,1,0,88,14,0,268,0,54,0,127,343,206,465,15,21,485,435,116,0,99,0,19,25,0,193,4244,105,0,101,0,0,6,1,0,6,0,30,1,424,0,28,0,376,0,52,9,124,7,0,0,1396,113,852,490,0,0,4,274,3,0,6551,0,632,80,0,75,1,684,0,428,66,0,445,0,1015,78,0,265,1263,0,0,106,0,0,0,0,3,0,524,431,1,122,0,104,6,1,0,1,0,27,32,0,1126,0,1832,1,55,0,482,3,0,0,10,2,548,9,0,197,0,1,41,9,0,0,0,973,190,0,0,0,1364,17,87,7,0,262,26,28,28,0,0,1,1,0,512,0,0,0,0,0,0,76,0,6638,0,0,0,0,33,0,0,0,1315,0,249,2357,5,675,7989,249,9,67,0,0,133,63,482,3755,2,0,4,23,0,0,0,0,0,7,618,647,1,16457,7,211,354,3,9,23903,0,292,4,0,0,0,11,68,4,0,6160,1,946,0,0,1227,3751,501,0,496,0,0,211,3516,27,0,2516,405,42,0,51,0,305,2,8,1830,726,172,0,0,285,57,266,1300,250,14,119,204,9,154,1235,7,1147,0,0,18,883,0,440,775,36,1574,24,0,4058,0,9,328,69,1,0,0,0,874,763,19,418,0,0,0,112,1,279,34,1189,0,1079,0,838,70,99,0,0,1015,0,51,0,3,4,2112,30,1,0,1409,2,0,244,2274,0,2127,0,2,2456,525,15,5,2087,1,0,0,1373,1,0,0,30,4,146,1171,1,1870,0,838,0,0,86,0,248,125,788,23,7,7,270,17,34,20,41,3395,1,2659,909,15,2077,246,10,144,0,0,303,9,0,0,0,16,79,0,12,2,1,2,5,0,0,17,3,8,0,1,0,12,0,262,0,4265,1233,39,3,24,0,52,0,0,182,57,229,1737,281,94,121,1697,297,1225,229,298,198,0,119,213,7,1012,0,6,2,994,0,12,138,442,0,538,28,0,0,143,0,62,167,0,20,5,6,7,1,32,0,95,0,903,320,84,0,580,2157,0,0,4,102,292,0,0,1800,529,75,570,36,192,190,914,0,47,719,1248,1658,0,1,1605,969,0,314,35,0,37,5,1,197,1,0,8,5,95,6,147,1,1696,13,142,0,0,1401,183,2,4,1181,1931,43,23,7,1,0,1659,53,204,0,85,2,423,346,1,1,405,17,179,103,963,42,1,152,0,7,81,71,870,521,80,0,1525,217,196,181,99,30,89,36,170,18,0,888,356,0,0,0,38,0,891,0,0,0,0,17,0,0,1107,103,0,0,3,1071,966,0,634,203,0,0,0,58,4,0,0,0,0,62,1388,0,0,729,0,525,0,170,2,0,0,0,0,0,0,0,5201,740,492,0,0,5,0,0,3371,0,0,8,0,1,0,0,0,582,1769,0,1,87,0,0,0,1290,230,1,0,120,10,1,281,0,3,0,0,556,0,0,1,0,0,555,0,5,28,28,33,422,10,0,0,529,0,0,0,5,0,0,0,4218,0,0,0,0,0,927,1,1,0,0,0,0,1,0,0,0,191,507,0,0,0,0,0,67,53,8,233,13,75,888,0,0,2623,0,10,0,128,4,1,552,0,0,7,0,0,0,0,6,307,58,1,2905,0,1179,0,0,0,781,0,0,0,2,2,0,0,0,37,277,0,3040,0,0,0,1,8,994,0,0,0
"gene_838",0,95,1,0,0,0,2537,0,0,0,0,0,4,0,2,0,0,3,650,0,0,78,0,0,0,0,0,6,0,0,0,0,0,0,1255,0,0,0,0,0,0,54,0,0,137,0,673,0,2,58,68,0,10,191,0,0,0,768,0,58,0,0,1,0,0,0,0,1,0,532,2,0,3,0,270,0,0,0,0,0,7,0,0,19,0,0,0,0,0,2,0,0,3,0,0,0,0,0,0,0,1653,1,0,0,0,0,0,0,0,0,0,0,0,0,0,0,240,0,0,1,125,0,3,2,51,0,0,0,0,0,0,0,0,0,0,0,0,2811,0,0,0,0,0,0,0,0,0,3,0,1,0,0,0,5,0,0,0,0,184,0,0,0,309,0,0,0,0,1,8,1,0,0,0,0,0,0,0,0,0,4,302,0,1045,0,0,0,0,0,0,0,0,0,0,0,0,0,0,1,330,0,28,0,0,81,0,0,0,0,0,77,0,0,0,0,0,2,1,0,0,217,24,0,0,0,0,1,0,325,0,0,0,0,0,0,1,350,0,0,811,0,19,16,270,0,0,0,0,0,32,0,0,1,0,0,0,0,0,0,0,0,328,0,0,2,66,0,0,0,0,299,67,584,0,375,0,0,0,0,0,0,5,37,0,0,93,398,213,0,0,1286,3,0,0,0,6,0,0,14,0,1,2213,11,0,50,251,0,69,0,548,1105,20,0,376,17,0,0,0,4565,1,1328,150,12,0,111,0,0,0,0,0,0,0,8,0,0,0,0,3,0,0,0,77,36,1,221,0,0,0,0,2275,1994,0,0,2,3,0,0,0,282,40,0,0,490,0,0,0,31,1260,0,0,0,0,0,6,0,31,0,14,0,0,0,0,0,0,19,0,63,0,0,0,0,29,0,8,0,1,3,1,0,2,10,0,0,193,0,0,0,0,0,0,43,2,0,0,0,27,18,31,2,0,0,0,0,0,0,65,2187,4,47,167,15,0,0,0,2,0,0,0,0,0,0,0,869,0,20,0,0,0,0,457,0,0,11,0,0,0,0,0,0,0,0,0,0,0,0,133,0,0,0,0,8,63,1,0,0,4,0,0,0,0,0,0,0,0,25,0,0,0,62,330,29,111,0,0,0,3,1,0,0,0,0,35,0,0,4,264,0,0,4,0,0,0,0,0,0,0,0,0,0,0,0,0,0,8,0,0,0,0,0,0,0,1,0,0,0,0,0,0,0,0,0,20,0,0,0,77,0,0,0,31,0,284,0,0,0,0,0,0,0,0,0,477,5,0,0,0,0,0,0,0,492,0,0,0,0,0,0,0,0,0,0,0,0,0,0,142,0,0,0,0,0,0,0,0,0,0,0,0,0,0,0,0,1809,1220,0,0,0,0,16,5,0,219,0,0,0,4,0,0,25,0,0,0,0,0,0,0,0,0,0,0,0,0,0,0,998,112,0,0,0,0,0,0,0,2,0,0,0,0,0,0,0,0,0,0,0,0,0,0,33,0,0,0,3,0,0,0,0,0,0,0,0,3267,2210,0,53,0,28,0,14,0,0,0,0,0,0,0,0,1,0,0,0,0,0,0,0,0,0,0,0,0,0,0,1582,0,0,0,0,0,11,1,0,0,0,0,0,0,0,0,0,0,10,22,0,848,0,0,0,0,0,0,0,0,0,1405,0,468,11,0,2870,0,0,0,4679,0,607,0,0,0,0,42,2543,0,0,89,0,0,0,0,0
"gene_839",0,3,26,1315,327,665,16,0,0,5,0,2,41,47,0,102,12,0,0,1,0,0,0,0,0,0,0,85,0,0,1,0,0,9250,2,224,0,0,0,0,0,6,0,0,75,0,0,0,12,0,0,293,0,0,0,0,0,0,0,0,0,1,0,22,0,0,0,0,0,1703,0,0,8,13963,0,3402,0,0,174,584,0,0,0,3,0,0,1,0,0,0,7,1,17,150,229,1,0,0,75,0,1011,250,0,1169,24,0,0,0,0,0,0,8,2,0,0,20,138,0,0,1081,0,53,15,47,0,20,0,14,191,1,0,0,682,3,8,0,1,130,3965,3264,28,0,285,0,0,0,460,7,0,2274,0,0,122,1219,0,1528,0,0,0,0,0,9,0,0,18,0,8775,0,2,1190,0,35,0,2,0,0,0,0,0,1,0,764,0,201,0,0,0,187,1515,0,10,0,69,3,17990,0,0,144,2325,47,207,39,573,9,363,417,10204,4,2801,0,0,32,12,0,24,1146,635,147,2492,24,0,5,558,286,2250,6369,1,0,0,24,0,788,3200,1602,5,21,718,0,108,0,0,0,0,10,0,44,1321,0,17,2291,72,11367,0,0,289,0,28,47,320,1,842,0,270,367,413,22,0,0,821,0,0,31,9058,1562,17,0,153,70,3,39,0,17,941,310,94,0,97,1771,192,2189,38,3,0,192,4176,0,572,2156,0,62,0,5,77,0,0,6,326,0,82,354,395,0,1,5,1,0,0,0,404,1507,88,0,247,1,0,23,0,29,0,19,35,0,12,5,23,36,129,20,0,17,9,0,1,0,0,49,4,4,76,10,4,1010,1,0,2,0,0,2,0,0,0,14,0,0,0,0,2960,0,0,723,19,36,0,0,132,1273,6,185,4948,0,1,16,6,88,1707,0,0,0,809,1816,766,0,2,0,1397,50,1933,0,293,0,173,3846,5,134,730,3625,237,10,1,0,1021,1528,0,0,0,17,1563,2761,279,0,30,7,0,3469,0,0,29,31,2964,0,1,0,4,0,88,694,0,0,0,17,0,0,0,0,0,0,0,0,0,0,21,0,11,0,0,0,0,9,0,0,0,0,0,0,0,2205,0,0,36,0,191,0,0,0,0,20,0,4,0,0,0,14,0,9,0,0,0,0,0,0,0,0,0,0,0,1007,0,0,0,14,0,0,24,0,0,0,4,22,0,1602,0,0,4,0,0,10,8,23,0,22,3,334,0,0,0,0,1,0,394,0,652,169,0,150,19,424,0,0,0,0,3,93,0,0,0,0,0,0,0,1,0,0,72,0,0,0,5,3520,0,0,1,8,0,0,26,0,0,1138,0,0,296,9,0,49,0,0,0,0,0,3,0,0,0,0,0,15,0,3,0,0,2322,150,2,306,0,0,22,0,0,0,0,0,0,37,0,0,3,7,0,0,0,0,0,19,0,4910,0,0,0,793,1197,757,97,0,4117,103,0,0,0,42,0,0,0,0,0,0,82,0,1706,0,0,0,3,99,4,0,0,0,0,0,0,1,0,0,51,10,0,2578,0,0,0,10,0,0,0,1,0,0,443,7,0,0,0,0,0,0,0,0,0,0,1,0,0,0,0,2,0,0,0,5554,50,0,0,0,0,0,0,70,1379,0,1,0,0,0,0,3950,0,0,10,0,0,0,0,0,0,0,4,64,431,0,1,2,0,0,0,0,0,0,0,33,0,0,0,0,0,7,1,0,0,0,0,0,0,0,0,0,192,0,0,0,0,0,13,1,400,0,0,30
"gene_840",0,0,0,0,0,0,0,632,0,0,0,475,1390,171,0,0,0,0,0,0,0,0,0,0,0,0,0,0,0,0,0,0,0,0,0,9,0,0,0,0,0,0,4,0,0,3321,0,0,8,0,0,0,0,0,0,0,0,1,0,0,0,0,3025,0,0,0,0,0,0,0,0,0,0,0,0,0,0,941,0,0,0,0,0,0,0,0,0,52,0,0,0,0,0,0,2,0,24,416,1415,0,0,0,3,323,1013,15431,0,103,0,0,1896,1525,345,0,456,0,1,0,6558,55,241,21,0,0,0,0,0,0,203,721,0,11,1050,1792,0,0,949,0,76,3122,0,2848,317,0,0,452,344,0,1438,0,6,2916,5,6569,0,0,72,0,788,0,0,5025,3269,0,274,203,0,0,0,0,23535,3,13,0,0,0,0,0,4201,120,0,0,504,0,2180,460,0,3,648,0,46,34,0,0,57,0,11,0,0,30,0,0,0,13,25,1050,253,1,0,526,0,1,0,12,0,0,110,7,0,1,34,0,0,0,0,0,0,76,0,17,6,0,11,0,153,0,0,7671,0,0,183,0,0,0,0,5385,0,0,0,0,79,14,0,58,0,2,92,71,0,0,0,0,17,0,42,0,0,0,0,0,3,0,36,1,0,1045,0,0,1079,0,0,0,0,35,1,0,479,0,0,0,0,0,0,3,0,0,0,0,0,0,0,0,0,171,3,1,0,0,53,100,0,0,0,0,0,63,0,0,0,32,38,3,306,0,0,0,0,0,7,0,0,20,0,0,0,7,44,0,14,0,0,26,0,0,0,107,0,0,20,59,0,31,0,0,0,0,3,0,0,0,183,0,5,0,35,0,1,0,0,412,0,0,0,0,0,0,0,0,5,49,2,807,0,0,0,0,0,0,0,0,0,50,0,23,0,0,0,0,7,0,0,0,0,25,18,0,654,0,0,4,0,1110,0,0,0,17,0,2,18,5,0,3,0,0,0,45,2,110,0,1,273,137,0,0,457,0,0,0,0,0,0,0,0,1,0,2,0,0,0,17,0,0,0,0,0,2,0,780,0,4,1500,147,0,1,0,25,1,0,87,0,0,0,1,0,0,0,0,128,0,3,0,432,0,0,0,124,3,0,0,0,0,0,0,0,0,0,0,0,0,0,0,373,0,2,0,6,0,0,0,0,0,0,12,0,581,0,0,0,2437,0,0,0,0,0,0,0,0,0,0,0,0,0,0,0,0,0,1,1,15,0,0,0,0,0,0,0,6,115,0,0,0,0,0,0,0,2276,0,185,131,0,0,4,0,0,0,0,0,0,0,2504,2,875,780,1512,0,1128,0,788,0,0,25,996,0,1,2,123,0,0,64,24,98,1730,0,0,135,197,407,0,0,0,0,0,211,10,7,0,2,14,0,0,0,0,233,0,0,0,29,0,8902,0,0,0,31,0,0,0,0,0,0,74,0,14,0,88,0,0,12,0,0,3928,2457,0,0,0,191,831,0,3025,3,4535,0,6,0,0,158,0,7,46,0,0,0,0,0,20,130,0,10,0,0,0,0,0,0,0,0,0,0,0,0,1,0,924,96,0,0,187,0,0,29,805,0,188,0,0,6,16,8,230,101,0,0,0,0,1,2,0,275,44,0,0,9,0,0,0,41,29,0,0,0,0,9398,372,0,0,0,0,0,0,0,422,0,0,850,0,229,1230,0,88,0,0,426,0,292,0,1261,0,44,0,0,185,0,0,0,0,9,1127,439,0
"gene_841",0,0,0,0,14,1,314,1,1,0,5,0,170,25,0,167,0,41,14,18,69,0,0,0,143,92,0,530,0,12,0,0,320,1,0,0,0,36,0,0,0,0,0,0,20,0,24,0,165,109,0,0,6,0,3,1242,73,0,677,0,15,0,34,145,0,0,21,24,0,0,0,0,1,154,48,290,0,0,0,0,0,0,7,443,0,0,0,2,1,17,0,0,1536,0,650,0,0,0,0,0,0,0,0,0,0,0,0,0,0,117,466,0,0,0,276,912,0,0,0,0,0,0,0,0,4282,0,0,0,0,0,0,0,53,0,0,0,0,0,0,4,0,0,0,0,0,0,10,0,0,8316,0,0,0,0,0,0,0,0,0,0,0,0,0,0,0,0,0,0,0,0,0,0,0,0,0,0,0,0,0,0,0,0,0,0,0,0,0,0,0,0,0,0,0,0,0,0,0,0,0,0,0,0,0,0,0,0,0,0,0,0,0,0,0,0,0,0,0,0,2,0,46,0,0,0,0,0,0,2,0,0,0,0,0,0,0,74,0,0,29,0,0,0,0,0,4550,0,0,0,0,0,172,0,1,0,0,0,0,0,0,1,0,740,549,37,1,0,0,0,4,332,0,31,494,27,0,5,12,0,3,43,23,52,1,0,0,0,0,0,1,0,0,177,1,0,4,0,0,0,0,0,4,0,0,0,18,0,0,4,8,0,0,0,3,0,9,0,91,2115,96,0,0,6,0,551,898,0,0,70,34,0,10,0,0,4,20,0,0,0,0,0,79,0,24,0,24,160,0,134,0,51,0,27,0,114,171,0,75,0,0,139,0,0,442,0,20,5,49,48,0,0,0,0,59,85,0,0,83,0,0,30,1,49,64,234,0,1,0,312,2,0,0,30,4,4,207,18,1301,12,1,0,0,0,0,235,2,29,0,30,0,113,0,0,0,0,126,3,0,68,0,157,0,0,301,0,11,7,0,0,0,863,0,39,0,0,0,0,0,0,53,0,0,1,0,99,212,125,0,0,0,0,0,0,0,0,0,0,0,0,0,0,0,0,0,0,0,38,0,84,0,0,0,0,60,0,0,0,0,0,3,0,0,606,0,0,0,8,0,76,0,0,0,0,0,0,0,0,1163,3,0,0,0,0,0,0,0,0,13,733,0,34,0,0,0,0,0,0,0,31,0,18,0,37,0,0,10,0,0,0,0,0,1219,0,1081,0,0,0,0,0,0,0,0,0,0,0,0,0,405,0,0,0,0,111,0,0,0,0,0,0,0,0,2,0,0,0,0,0,0,1,0,0,7,0,0,0,0,0,0,0,140,5,0,0,10,0,0,0,0,0,0,0,0,12,0,0,0,0,0,0,0,36,0,7,0,0,0,0,0,8,0,0,0,0,4,0,0,1,0,0,0,0,0,0,0,0,185,113,95,0,0,0,0,0,0,619,0,0,0,0,0,0,0,0,0,0,0,0,0,0,0,0,0,0,0,1,0,0,0,3,0,395,0,0,0,2388,0,0,0,0,0,848,0,0,0,43,0,0,0,3,0,0,0,0,5,2,0,14,0,0,0,0,0,0,0,68,0,0,0,0,2,462,0,0,0,0,0,0,0,0,0,121,0,0,0,3,0,0,1005,0,0,0,144,0,80,0,0,0,50,0,0,0,0,0,0,0,0,0,0,0,1318,17,0,0,23,10,0,1327,0,2,2851,0,0,0,0,0,0,56,111,25
"gene_842",58,0,37,0,0,17,5,0,0,0,0,1,0,0,14,0,0,2136,1579,0,0,711,122,0,0,27,0,0,0,0,0,0,291,873,0,2611,1,0,0,0,0,0,0,251,0,1,0,21,0,0,0,19,0,0,2,0,2,7,2,46,101,1,1,0,0,1,542,79,12,0,136,154,0,0,0,1,0,0,0,0,569,0,1692,242,0,5,0,303,0,17,3,83,0,0,0,0,0,0,0,213,0,444,0,0,0,0,0,0,0,0,0,0,0,0,0,0,0,0,0,0,0,0,0,0,0,0,0,0,0,0,0,0,0,0,0,0,0,0,0,0,0,104,0,0,0,0,5,0,0,0,0,0,0,0,0,124,0,3985,0,0,0,0,0,0,0,0,0,0,0,0,0,0,0,0,0,25,0,0,0,2,0,0,0,0,0,1,0,0,0,0,0,0,0,0,8,0,0,0,1,0,2,0,0,0,0,0,0,0,0,0,1,0,0,2,0,0,0,3,1,0,6,0,0,0,17,0,0,5,3,0,0,0,16,5,6,3,18,0,1,1,9,0,0,1,1,5,0,1,0,2,0,0,20,0,2,0,0,2,27,0,0,0,0,0,17,182,0,0,0,0,1,560,0,0,0,0,0,0,0,0,0,0,1,0,0,0,14,0,0,0,0,0,0,0,0,0,0,0,0,152,0,0,151,0,0,0,0,0,0,0,0,0,0,385,0,0,9,0,0,0,1,0,0,117,0,0,353,0,0,0,2,0,3,0,0,0,0,0,0,0,0,0,0,0,582,0,0,0,0,0,0,22,0,0,0,0,0,0,2,27,0,0,0,0,0,84,0,365,0,0,0,39,0,0,8,0,0,0,0,0,12,0,4081,0,0,0,9,0,0,7,20,0,0,0,0,276,0,0,0,0,0,0,0,0,0,0,0,0,182,0,0,0,499,0,0,53,0,1,8,0,392,0,0,0,1,115,2354,78,0,0,0,0,1255,0,0,0,0,281,0,25,0,0,959,3,0,74,0,0,0,4,0,0,0,0,0,0,0,0,0,0,0,0,0,0,0,0,205,0,36,0,0,291,0,0,0,100,0,0,1,0,0,0,0,0,0,0,0,33,0,37,0,0,0,0,0,239,0,1342,0,0,0,28,0,0,10,0,0,0,0,1320,0,0,0,315,0,0,0,0,7,0,1,0,0,2,222,0,0,3,0,508,1,0,0,0,15,1,0,0,0,517,0,0,0,0,0,205,20,0,0,29,217,0,13,0,0,0,0,0,0,0,0,250,0,0,0,0,13,0,0,0,4,0,0,10007,551,0,1,321,0,0,1798,107,1,0,31,428,245,2380,0,0,0,0,44,0,0,0,1039,9,7083,0,7,148,0,0,0,1509,0,10,0,23,0,0,0,49,3,1,1,1,0,3,31,3,4495,0,0,0,0,0,204,0,0,0,0,0,0,9,1,4742,1884,0,1986,0,638,0,11,0,0,102,0,5,0,0,0,0,0,21,424,2144,0,33,315,0,0,5,0,5247,26,3,1,2924,491,0,780,0,1,421,0,0,4,1037,1,186,759,0,81,71,0,127,0,0,0,0,0,202,0,2,0,0,0,0,2543,0,10,0,670,64,0,46,0,76,0,186,0,641,24,0,0,5,0,1,3,0,0,15,1,1427,7,0,0,0,0,1,330,0,236,66,31,20,330,94,20,71,8,45,0,13188,0,92,0,52,1,3,0,0,0,0,0,0
"gene_843",7,0,3801,0,7,0,0,6,0,0,0,0,10,0,0,0,0,0,0,0,0,0,0,0,0,0,0,0,0,0,0,0,5,0,1,0,0,0,6,0,0,0,0,0,0,16,0,0,0,0,2010,4,0,0,0,0,0,0,0,0,9,0,0,0,0,0,0,0,0,2,89,0,0,0,53,0,0,0,0,0,0,0,0,0,0,0,0,0,15,1,1,0,0,0,1,0,0,0,0,0,0,0,0,0,0,0,0,0,0,0,0,0,0,0,0,0,0,0,0,0,0,0,0,0,0,0,0,0,0,0,0,0,0,0,0,0,0,0,0,0,0,0,0,0,0,0,0,0,0,0,0,0,0,0,0,0,0,0,59,0,0,0,0,0,0,0,0,0,0,0,0,0,0,0,0,0,0,0,0,0,0,0,0,44,0,0,6666,0,0,0,0,0,5,0,0,676,0,0,118,46,22,0,0,33990,0,0,0,133,0,0,0,0,202,0,0,49,0,0,2,0,0,0,0,0,0,0,95,0,0,0,1,0,0,0,0,0,0,0,170,0,8,0,75,0,8,14,0,0,3,0,0,0,1,0,0,0,2258,0,0,5,0,0,0,0,0,0,0,0,0,0,0,0,0,0,0,0,0,0,0,0,0,0,0,0,0,0,0,0,0,0,0,0,0,0,0,0,0,0,0,0,0,0,0,0,0,0,233,0,0,0,0,0,0,0,0,0,0,0,0,0,0,0,0,0,0,0,0,0,0,0,7,0,0,0,0,0,0,0,0,0,0,0,0,0,0,0,0,0,0,0,0,0,0,0,0,0,0,0,0,0,0,0,0,0,40,0,0,0,0,0,0,0,0,0,0,0,0,0,0,0,0,0,0,0,0,0,0,0,0,0,0,0,0,0,0,0,0,0,0,0,0,0,0,0,0,0,0,0,0,0,0,0,0,0,0,0,0,0,0,0,0,0,0,0,0,0,0,0,0,1,0,0,0,0,0,0,0,0,0,0,0,0,0,0,0,0,0,0,0,0,0,0,44,0,0,0,0,0,0,0,0,0,0,0,0,0,0,198,0,0,0,0,0,0,0,0,0,0,0,0,0,0,0,0,0,0,0,0,0,0,0,0,0,0,0,0,0,0,0,0,0,0,0,0,0,0,0,0,0,0,0,0,0,0,0,0,0,0,0,0,0,0,0,0,0,0,0,0,0,0,0,0,0,0,0,0,0,0,0,0,0,0,0,0,0,0,0,0,0,0,0,0,0,0,0,0,0,0,0,0,0,0,0,0,0,0,0,0,0,0,0,0,0,0,0,0,0,0,0,0,0,0,0,0,0,0,0,0,0,0,0,0,0,0,0,0,0,0,0,0,0,0,0,0,0,0,0,0,0,0,0,0,0,0,0,0,0,0,0,0,0,0,0,0,0,0,0,0,0,0,0,0,0,0,0,0,0,0,0,0,0,0,0,0,0,0,0,0,0,0,0,0,0,0,0,0,309,0,0,0,0,0,0,0,0,0,0,0,0,0,0,0,0,0,0,0,0,0,0,0,0,0,0,0,0,0,0,0,0,0,0,0,0,0,0,0,0,0,0,0,3,0,0,0,0,0,0,0,0,0,0,0,0,0,0,0,0,0,0,0,0,0,0,0,0,0,0,0,0,0,0,0,0,0,0,0,0,0,0,0,0,0,0,0,0,0,0,0,0,0,0,0,0,0,0,0,0,0
"gene_844",3497,9,2385,258,157,165,128,113,142,156,44,2,23789,99,150,0,2576,2504,27,386,0,70,53,2086,49,0,23,5156,121,0,137,45,585,364,1356,60,11,83,642,116,2125,568,82,80,0,917,173,74,2427,13,840,1383,208,3776,0,951,620,8536,2905,4444,0,172,115,10,19,55,0,37,1308,61,876,41,97,181,0,620,1044,21,10,229,809,492,20,0,1430,1105,508,294,45,298,344,2789,257,9335,3523,2477,378,3850,12,3696,1,184,2019,1123,31704,3645,88,13325,5228,22,1182,1,0,97,2275,859,399,21,383,0,3,829,3256,114,718,26,835,841,0,1404,0,306,1181,12927,20561,26760,873,4088,10796,49,733,1,3377,10965,101,5233,5703,248,0,138,10765,8949,1731,0,108,20180,0,28504,1561,97,12,13312,78,5,15,186,76,11278,277,3,351,541,115,0,5041,5268,2,8029,0,1620,25751,0,581,198,34,1507,0,25,3953,0,717,322,543,35998,3396,747,173,554,2637,54,32,1285,0,708,5,535,2405,2959,2458,22,4581,9426,0,1,3744,824,599,49,2115,17,1597,2766,852,9441,23,25,215,53,8632,103,0,44,2332,88,20748,1485,130,1092,125,4,3646,17773,0,678,6,2882,62,1659,6872,20,1013,5067,9,49,128,12662,5473,3,29,0,2,272,59,2,215,2629,5,8,0,2045,139,2355,555,251,0,2210,2900,4571,548,267,13,22,8,2303,500,551,5,106,4378,3576,1,1408,4662,328,9346,10,1774,513,1448,22,327,1085,101,0,644,1732,86,248,23,1915,343,882,3,367,1849,392,189,70,63,5,692,1033,429,866,948,234,2911,2228,47,2968,92,60,112,14668,1861,27,46,717,3778,155,162,177,9,2925,792,755,2646,10,3831,425,183,31,835,1855,2562,273,31,1661,9350,263,688,37,1497,396,1031,89,657,632,207,1554,2428,499,14324,1488,8,186,2975,2257,3,17005,1990,2,4913,3424,612,0,3310,116,201,2,1477,594,170,3206,1660,16,264,2245,954,214,1745,713,989,548,3662,1102,7921,31,1564,106,2496,197,17,15355,44,86,1,955,808,1231,711,188,489,3582,599,1507,2696,57,643,3778,510,11270,299,55,1,4,0,2,5,399,12,67,3,416,0,241,5,246,0,1717,1163,15,31,0,228,50,9659,0,484,516,0,3392,104,71,957,129,28,79,21,17,98,489,82,1577,116,0,39,17,132,0,0,14,0,842,0,1,2799,80,11,250,164,1471,501,630,18,687,66,0,156,18,0,27,561,2,48,151,199,2267,402,0,13,3,0,1470,10,95,260,115,0,5853,128,52,0,0,0,637,0,263,3,137,514,13,771,5,0,4,0,0,3090,1,4041,9,708,63,14,443,89,0,0,22,75,2,1083,0,232,54,3,26,716,10,0,3898,4239,15,1417,9,12,37,1144,13,0,0,5,52,2015,8,0,0,0,0,64,467,3087,0,113,3924,1224,525,140,9524,240,0,96,3254,1,142,2,9611,0,1,101,0,13433,130,1720,4239,1566,132,0,0,0,6021,56,0,11,0,0,1277,9918,515,697,1,0,0,0,3,0,12241,0,478,1226,30,48,0,5130,105,1364,10,1007,0,137,46,6378,1162,323,0,4640,4176,10717,6773,453,0,1463,0,0,3724,1,444,8,2,28,416,301,490,3668,96,1400,47,670,0,1639,423,220,1,42,11,5072,0,20,42,391,1,141,3381,0,568,139,20,2321,999,2,0,2853,0,2066,3983,12,0,0,16,2067,416,3,31,0,4299,98,459,68,0,1284,67,216,0,824,26,711,1,573,0,1,0,1047,0,1384,7362,0,0,18,4600,0,1328,0,2155,0,0,1,0,7692,42,1,2,8,251,96,16,8057,193,177,0,442,44,13,592,5456,74,0,0
"gene_845",0,5,0,5,0,0,0,0,2,0,44,0,350,1339,0,0,0,0,0,0,0,0,1,0,5,0,1,0,0,18,0,0,0,0,0,0,0,0,9,0,0,0,0,0,0,0,0,0,0,0,59,0,0,0,0,794,0,50,113,0,173,0,189,0,1,0,0,0,485,7,0,0,0,0,0,278,0,297,0,0,2,0,70,0,0,0,0,0,0,0,2,0,0,0,1,0,0,0,0,22,0,0,0,0,0,0,0,0,0,0,0,0,0,0,39,0,0,0,5,0,10,0,0,0,0,0,0,47,0,0,0,0,5,0,0,0,0,0,4,0,0,0,0,0,0,0,0,0,0,0,0,0,0,0,0,0,0,0,0,0,0,0,0,0,0,0,0,0,0,0,0,0,0,0,0,10,0,0,0,0,0,0,0,0,0,0,0,0,449,0,0,0,0,0,0,0,0,0,0,0,0,0,0,0,0,0,0,0,0,0,0,0,0,0,0,0,0,0,0,0,0,0,0,0,0,0,0,0,0,0,0,0,0,0,0,0,173,0,0,0,0,0,0,0,0,0,0,0,0,0,0,0,0,0,0,0,0,0,0,0,0,0,770,10,0,0,0,0,0,121,0,0,0,4,0,13,0,0,0,509,0,0,1,5,41,0,0,0,420,0,1,2,0,0,0,45,0,33,0,0,0,0,9,0,0,0,0,0,0,0,19,1192,0,0,0,0,0,0,0,0,0,900,604,0,0,0,0,0,226,0,0,0,0,49,0,0,297,0,5,0,0,0,0,0,0,21,0,0,0,140,0,0,745,1817,200,0,3,0,0,0,0,0,0,0,23,0,0,0,0,0,1088,1011,5491,234,2932,0,146,4127,9,1,0,0,0,134,0,0,0,0,1765,0,0,0,67,0,0,0,2,0,0,745,0,0,0,0,0,2,389,0,0,3484,0,0,6,0,0,3343,0,0,0,0,0,0,58,0,0,0,32,4,2988,216,0,2767,57,2,0,3992,4166,0,2286,28,0,1,3246,8,23,5786,200,32,13,200,1,31,263,7,7,97,7680,0,977,48,26,11,1920,149,6,237,4910,10,1,24,0,73,0,0,61,0,0,0,316,6,11,10,79,22,381,514,134,6,0,265,0,54,11,53,16,163,666,361,0,0,3,220,0,7,0,0,542,967,0,48,1161,8,16,1873,2940,537,1,357,0,11,85,672,108,112,6,4416,505,8275,100,30,772,181,6818,0,2,516,1,0,188,296,385,0,0,1092,0,1,97,0,0,189,1308,1264,1,250,6,0,52,6,3,0,0,39,52,0,216,10,4,4,0,670,0,486,0,2772,796,9998,0,0,0,0,0,0,10,0,0,8,320,65,3733,0,0,0,10,0,122,15,0,504,0,590,0,0,620,2241,6153,11,0,0,0,0,0,0,51,45,4235,0,0,0,36,0,0,0,0,0,0,0,0,2729,0,24,0,2767,7,0,0,620,0,0,0,937,0,6,0,0,0,111,0,97,0,0,3,0,1,0,0,0,0,0,0,0,0,0,25,103,502,0,602,367,0,0,0,0,0,0,0,0,0,0,88,231,0,0,34,0,0,0,0,593,0,0,0,20,0,7234,307,11,0,0,0,0,59,5147,0,2939,728,46,0,0,0,0,44,0,1,0,15,15335,0,35,610,0,526,0,0,201,0,24714,173,38,0,100,0,10173,0,10,467,5,0,713,0,0,0,0,1,0,0,12,540,0,0,0,0,0,0,0,0,0,0,8921
"gene_846",117,7,48,127,378,848,31,2594,1031,211,13,1980,73,727,30,196,169,8,169,167,618,289,449,488,544,29,106,91,337,3417,10,447,9,251,48,318,40,47,22,0,32,84,787,596,495,1287,30,179,1156,520,29,662,14,26,290,197,234,261,14,196,196,184,910,72,227,0,36,86,16,369,87,104,0,699,2824,14,106,76,235,190,1098,273,4,7,814,161,28,137,51,199,381,67,2439,15,93,0,23,0,30,864,0,0,77,11,0,7,232,1,0,863,2,0,0,0,0,1,0,6,319,63,23,0,0,37,214,322,0,2,0,161,0,0,154,128,0,635,1,0,1269,0,16,65,255,1,0,0,183,56,265,1759,0,55,477,1459,3,20,0,0,10,0,137,0,0,0,2,0,3,103,3,17,1308,0,0,21,14,0,7292,0,698,0,0,0,0,0,0,0,34,0,23,11,137,197,0,0,1986,60,658,0,109,143,407,0,1042,4767,0,8,406,0,376,3,6887,162,366,68,2,36,1036,1799,251,180,27,0,12488,6073,424,1166,139,1783,2028,116,496,61,45,0,77,328,49,329,7204,0,56,0,2322,49,52,1624,199,22,594,1597,1681,2042,968,24,0,5365,1246,71,15,6,315,200,132,137,515,551,1025,115,530,476,289,1946,17,452,14,97,292,1,572,59,49,127,102,577,128,11,224,616,20,383,418,45,78,8,438,104,229,344,1823,389,37,250,86,1472,5,503,147,865,274,280,11,81,92,47,105,558,357,305,134,153,112,668,143,301,321,98,144,39,96,0,392,35,276,344,200,398,8,76,16,26,133,46,706,138,193,45,202,261,668,139,168,623,0,0,460,924,8,630,4,1,803,133,49,243,34,615,819,98,95,8,440,453,1123,262,407,557,1446,393,206,673,8,582,331,371,116,67,35,524,4,277,679,195,710,122,1271,38,124,256,349,796,1323,232,403,182,136,1,281,155,83,667,498,79,83,398,5,364,829,116,225,127,56,615,248,349,137,259,1,0,340,29,9,21,99,14,130,0,8,146,463,400,11,3,320,43,1035,282,118,624,1343,167,1,99,118,120,183,52,1193,76,1334,321,10,14,5,101,74,106,1502,1210,225,20,35,9,51,939,835,243,311,540,206,4,188,1521,786,42,108,356,279,23,75,28,3,298,162,191,209,55,1,209,12,312,125,5,18,3,1021,3,63,870,127,190,45,396,3,78,607,51,1251,633,329,836,138,6,18,50,306,319,328,3,438,428,79,2527,186,2135,35,2174,76,1335,44,244,285,192,15,288,594,3047,1736,145,109,952,43,78,166,28,32,480,163,227,0,79,73,639,20,44,1174,767,291,5,304,21,15,2,8,5,231,4774,2,17,303,161,19,40,36,1,1099,61,335,78,1215,2,133,24,0,113,563,25,4,235,25,21,41,87,4,67,60,3535,209,69,341,0,1,15,147,4,566,92,1213,1,63,24,628,0,640,220,735,127,283,379,11,93,2332,1476,1148,1019,218,11,77,4,81,163,0,46,1919,265,74,623,21,1761,228,458,151,833,599,146,387,308,37,9,7,10,23,15,15,826,628,155,296,71,884,144,189,2223,1,32,3,195,0,444,1778,129,8,2063,92,164,0,205,104,73,834,27,0,9,3,220,590,0,26,26,0,16,2126,526,1,100,615,374,488,330,1034,0,46,7,0,97,366,1,287,7,2,19,0,689,172,371,932,0,34,19,19,24,0,44,326,19,17,57,777,13,13,18,167,443,58,11,984,5,11,10,76,857,42,86,341,829,73,252,160,881
"gene_847",1818,497,0,64,174,1627,230,43,338,742,61,107,64,0,12,143,0,10,0,1,0,176,44,262,891,83,181,3,766,2,196,307,125,49,963,0,2,61,77,0,148,341,0,2,460,1186,62,107,865,269,271,2977,26,0,47,1162,0,59,1039,0,533,379,0,8,28,346,300,3,1133,208,1037,2216,1,0,13,0,15,79,0,511,11,13,954,356,595,1831,76,5,283,12,129,1035,42,0,545,14,3750,104,207,0,12,405,316,89,203,346,141,3502,851,4,80,0,52,3,3880,4116,11,375,0,24,7327,2,360,1,632,27,0,8,0,196,59,4,336,0,0,0,509,1058,0,0,27,113,0,0,0,6,0,197,6,0,20,152,0,0,0,222,0,342,1441,5,6215,58,5,3,1401,12,4380,297,87,6410,26317,5,227,0,3400,21356,875,0,1402,0,2,11,326,0,1,102,0,14,4105,12,22509,5576,5,2,0,31,3,5,21,36,115,27,177,103,0,59,24,40,14,65,16,380,4,3,40,164,21,44,2,67,125,11,60,21,332,28,575,6,3,3,111,369,63,29,229,134,19,45,24,41,17,87,102,68,4,19,231,44,17,83,464,416,71,4,86,1,318,1,0,397,0,203,0,20,1,50,50,118,306,277,529,875,39,69,5,329,0,11,52,13,23,36,73,193,333,15,0,72,210,137,283,227,3,441,128,0,52,36,40,818,214,18,22,100,93,21,0,9,13,17,295,93,0,4,7,16,50,251,289,0,11,454,6,230,158,1,869,39,176,199,0,88,12,94,251,48,238,67,97,90,0,71,27,27,625,6,0,80,106,320,0,86,117,282,0,15,144,73,59,11,1,239,226,7,135,528,8,0,128,78,35,2,3,271,3,596,5,1,170,891,238,136,333,334,13,41,51,0,18,6,339,310,1,184,94,405,67,6,10,85,183,2,83,132,0,1,20,562,273,40,375,7,669,236,498,176,360,210,46,29,31,108,71,0,13,53,51,9,241,432,2,55,4,20,57,278,11,39,41,16,56,117,24,77,164,193,30,7,117,91,12,72,5,0,50,335,76,48,20,68,57,122,45,10,59,12,381,95,189,303,82,28,49,56,0,2,8,1,30,0,225,2,119,71,12,25,3,84,119,0,571,0,343,23,142,15,24,163,53,11,0,0,5,327,36,0,7,160,220,2,137,1,1,28,4,44,5,191,104,242,11,4,173,15,28,365,140,10,4,59,353,85,10,88,10,101,7,49,11,15,52,7,47,4,176,98,11,31,0,19,3,0,0,1,3,62,147,95,0,5,55,30,170,115,1,103,10,45,34,5,334,55,0,32,36,610,0,15,274,1,0,84,11,2,23,228,334,3,0,0,36,3,5,94,75,32,137,0,263,968,56,154,2,87,295,15,9,5,5,38,961,122,7,21,99,189,70,0,12,143,0,0,0,5,72,3,2,25,13,461,2,5,0,42,177,4,4,0,0,17,106,0,0,2,193,170,31,890,3,9,40,3,76,35,0,0,395,116,0,52,105,297,280,35,314,258,42,13,128,0,278,99,813,146,30,0,0,13,39,19,78,86,52,7,11,25,0,3,30,0,249,45,5,1,16,138,35,18,0,1,59,13,24,8,165,72,1,241,32,7,14,13,97,109,0,63,1,44,172,0,126,15,16,144,1137,4,6,9,30,1,0,110,0,0,33,229,20,0,3,4,4,0,42,18,128,140,4,0,77,202,485,106,11,122,12,25,0,669
"gene_848",0,0,2,17,150,98,0,0,1,0,0,55,0,0,0,0,0,0,0,0,9,0,14,3,0,0,0,0,1643,20,3148,0,0,0,0,241,0,0,0,0,0,0,0,0,22,4,1064,0,0,0,0,0,499,63,0,845,0,0,0,0,0,0,177,0,0,1164,0,0,0,0,31,0,0,0,0,959,0,0,3556,0,0,1,884,15,6,3,38,0,0,0,0,21,0,0,0,716,1,0,0,268,0,0,0,3,0,3241,159,3,0,0,3,0,0,0,0,0,26,0,0,0,0,0,0,0,0,12,20,0,0,2,23,0,0,89,0,7,1098,0,0,8,77,8,7,0,0,446,0,15,2,22,0,636,0,0,46,0,0,28,0,0,497,0,94,0,0,141,275,30212,119,480,82,2399,0,448,0,2337,291,0,103,0,0,0,0,1086,0,0,353,187,0,0,3,0,785,0,0,0,0,0,3243,0,0,0,24,0,0,0,0,12,1,0,0,3081,1,0,0,0,32,0,0,0,0,12,155,0,15,0,0,0,0,1379,0,2670,0,446,0,0,1693,0,0,0,0,360,1346,201,0,0,0,0,3738,0,0,1,0,0,0,0,0,0,0,0,0,417,0,3,0,0,0,0,0,0,0,0,981,4134,0,88,73,0,2017,757,4,0,0,2366,204,0,0,0,0,68,0,0,0,2,0,0,1,102,0,7,0,0,208,45,0,1,5,0,0,0,0,34,0,0,0,396,0,6016,6,0,0,4,93,67,0,0,4,0,0,12,0,0,0,6,442,863,0,9,0,0,0,0,0,0,0,3,0,0,35,0,4,0,0,373,0,2,0,0,29,0,0,0,0,38,0,0,0,0,0,0,541,0,91,0,0,1825,8,0,31,1,0,0,161,0,2272,257,60,3,0,0,0,0,0,0,0,0,0,0,0,0,0,134,0,465,0,0,3575,0,0,0,8992,0,0,0,0,0,0,0,0,8,0,5,1,0,5,0,83,0,3186,0,23,46,0,0,0,0,0,0,0,0,159,0,0,26,0,0,0,0,0,0,0,0,0,0,0,0,0,34,0,0,0,0,0,0,0,0,0,0,0,0,0,0,0,0,0,0,0,0,0,0,2,0,0,0,385,0,0,4,0,1,0,0,0,4,0,0,365,47,0,0,0,6,0,0,0,0,0,10,0,421,0,0,0,0,132,314,0,0,0,0,0,0,0,0,0,0,0,15,0,0,19,0,0,0,0,0,0,5,1,781,0,1936,0,0,0,0,0,0,0,0,0,0,0,0,0,0,0,0,0,0,2366,0,0,0,0,0,0,0,0,0,0,0,0,0,0,0,312,0,0,0,0,0,0,81,0,0,0,0,0,1,0,55,0,0,0,0,0,0,0,0,1702,0,0,0,0,0,4664,0,687,0,0,0,0,0,0,0,139,0,0,0,0,71,86,0,0,0,0,0,0,0,0,0,0,1,0,1,0,0,0,0,2,3,0,22,0,0,0,0,0,0,0,0,0,0,258,0,291,0,0,0,0,0,0,0,0,0,0,0,0,223,0,0,0,0,0,0,29,0,0,0,0,0,0,0,0,0,0,0,0,0,158,0,0,0,0,10,0,0,0,0,0,0,0,0,0,3114,0,0,0,0,0,0,0,0,0,0,1,827,0,0,0,1,279,8302,0,0,0,0,0,0,0,1802,0,0,0,0,0,0,606,0,0,694,0,0,0,0,0,0,0,0,2515,0,0,14,0,0,0,0
"gene_849",0,0,0,0,0,0,0,0,0,0,0,0,0,0,0,0,0,0,0,0,0,0,0,0,0,0,0,0,0,0,0,0,0,0,0,0,0,0,0,0,0,0,0,0,0,0,0,0,0,0,0,0,0,0,0,0,0,0,0,0,0,0,0,0,0,0,0,0,0,0,0,0,0,0,0,0,0,0,0,0,0,0,0,0,0,0,0,0,0,0,0,0,1,0,0,0,0,0,0,0,0,0,0,5,0,0,0,1,0,0,0,1,0,0,1,0,0,0,0,0,0,0,0,0,0,0,0,0,0,0,0,0,0,0,0,0,0,5,0,0,0,0,0,0,0,0,0,0,0,0,0,0,4,0,0,0,0,0,0,0,0,5,0,1,0,0,0,0,0,0,0,0,0,0,0,0,0,0,0,0,1,0,0,7,0,1,1,0,0,0,0,0,0,0,0,0,0,0,0,0,0,0,0,0,0,0,0,0,0,0,0,0,0,0,0,0,0,0,0,0,0,0,0,0,0,0,0,0,0,0,0,0,0,0,0,0,0,0,0,0,0,0,0,0,0,0,0,0,0,0,0,0,0,0,0,0,0,0,0,0,0,0,0,0,0,0,0,0,0,0,0,0,0,0,0,0,0,0,0,0,0,0,0,0,0,0,0,0,0,0,0,0,0,0,0,0,0,0,0,0,0,0,0,0,0,0,0,0,0,0,0,0,0,0,0,0,0,0,0,0,0,0,0,0,0,0,0,0,0,0,0,0,0,0,0,0,0,0,0,0,0,0,0,0,0,0,0,0,0,0,0,0,0,0,0,0,0,0,0,0,0,0,0,0,0,0,0,0,0,0,0,0,0,0,0,0,0,0,0,0,0,0,0,0,0,0,0,0,0,0,0,0,0,0,0,0,0,0,0,0,0,0,0,0,0,0,0,0,0,0,0,0,0,0,0,0,0,0,0,0,0,0,0,0,0,0,0,0,0,0,0,0,0,0,0,0,0,0,0,0,0,0,0,0,0,1,0,0,0,0,0,0,0,0,0,0,0,313,0,0,0,0,0,0,0,0,0,4,46,0,0,0,0,0,0,0,0,7,71,2,0,0,0,0,0,0,0,0,0,0,225,0,12,0,0,10,0,0,0,0,0,0,0,0,0,0,0,0,0,0,0,0,0,0,0,0,0,0,0,0,0,0,0,0,0,0,0,0,0,85,0,6,0,0,0,0,0,0,0,0,0,0,0,16,0,0,0,0,0,0,0,0,0,0,0,0,0,0,0,0,0,0,0,0,0,0,0,0,0,0,0,0,0,0,0,0,0,0,0,0,0,0,0,0,0,0,0,0,0,0,0,0,0,0,0,0,0,0,0,0,0,0,0,0,0,0,0,0,0,0,0,0,0,0,0,0,0,0,0,1,1,0,0,0,0,0,0,0,0,0,0,0,0,7808,101,68,3,0,0,0,0,0,0,797,0,0,27,0,422,0,0,0,18826,0,0,17,0,0,0,0,0,0,7,0,0,0,504,3,0,0,0,7,0,0,0,0,0,0,0,0,0,0,0,1,0,0,0,0,0,0,0,0,0,0,0,0,0,0,0,0,0,0,0,0,0,0,0,0,0,0,0,0,0,0,0,0,0,0,0,0,0,1,0,0,0,0,0,0,1784,0,0,0,0,0,1,0,0,1550,11043,0,0,0,2,0,0,0,0,0,0,78,0,0,0,0,0,0,0,0
"gene_850",4,0,47,2,87,0,31,40,0,7,0,92,12,2,97,5,12,65,22,0,38,0,33,523,5,11,31,69,0,100,29,10,5,4,8,20,0,0,261,0,0,0,20,0,25,20,18,7,63,6,20,0,40,0,2,0,41,101,35,1,6,85,9,121,0,19,0,4,68,9,6,3,0,0,0,29,0,0,2,74,47,0,0,2,50,10,0,31,25,46,0,2,39,0,0,0,0,0,0,14,0,0,0,0,0,0,0,0,0,0,35,0,0,0,0,1470,0,0,0,0,0,0,0,0,0,0,0,0,0,1557,0,0,0,0,0,0,0,0,0,0,0,12,0,5,0,0,0,0,0,0,53,0,0,161,0,0,0,0,0,35,0,0,0,0,0,0,0,0,0,0,0,0,0,0,439,0,0,0,5,23,0,0,0,0,0,0,0,0,0,0,0,0,0,0,0,269,0,0,0,2135,0,0,8,0,0,0,0,0,0,0,0,0,0,0,0,55,0,3109,488,2245,0,0,0,0,0,0,0,130,978,0,3,3,931,0,2,13163,0,0,0,0,0,83,0,0,0,0,0,0,0,0,0,0,0,167,0,0,0,116,4,0,3,1103,1352,0,0,851,1035,1475,61,159,2135,0,10,0,0,0,342,1,0,0,0,0,19,0,0,3,0,22,0,0,0,348,0,0,0,4,0,1182,110,24,0,3285,3313,0,3,0,0,3,1,211,1287,0,0,0,401,530,2529,41,0,0,4,7,61,0,235,14,500,2,0,7,447,0,3,4,0,0,65,2,122,0,2,0,332,1,0,11,118,73,258,0,1,225,834,0,20,9,928,586,0,349,3,19,0,4090,59,125,1565,0,95,127,0,0,1433,25,0,3,1,16,0,0,177,0,104,11035,22,1,20,1784,0,0,9,0,0,11,91,399,88,987,0,0,8,2615,60,0,2,0,0,0,149,0,26,6,0,0,36,3,3,1125,2611,2,78,0,0,0,5,0,0,4,3344,1,1492,4,0,0,9,32,0,0,128,632,3,83,1,2462,2659,5568,0,7,112,2807,5471,700,2,0,1,135,0,903,156,0,292,244,198,56,0,1940,4782,8355,19,344,191,0,19,229,2,1,0,0,60,27,14,10,0,10,18,266,86,167,0,145,448,0,1092,1564,522,1652,31,130,30,1216,1,3788,1120,580,519,190,911,2,132,462,208,0,0,193,0,0,350,17,1075,236,21,245,1,392,11,43,3956,50,0,10,9,226,52,4211,492,281,2,64,0,1040,514,4,1058,85,1,1080,0,2,532,373,0,447,64,62,57,1,654,0,1315,1445,15,70,33,473,5866,176,0,26,2,819,5,269,340,33,2,4061,3032,205,40,1050,2,38,0,113,0,0,2362,165,20,2752,0,0,151,19,20,10,0,2,3223,414,1299,0,688,49,5993,2379,0,0,3035,425,0,1,0,4,2474,109,9522,8976,140,0,6,0,49,1,0,58,10,152,0,3326,194,0,3062,29,0,28,446,6,0,0,0,0,100,16224,0,123,532,1422,3,656,703,2,98,0,28,13609,1489,0,0,0,0,16,0,202,0,0,2730,3619,0,296,0,3,1270,349,82,108,0,646,355,0,5021,35,3124,320,8782,0,69,3615,39,0,58,0,154,5560,0,54,44,0,337,94,0,0,23,0,0,0,0,956,0,1,7,574,1367,2,0,0,1101,223,0,169,309,1655,1,0,2,26,0,146,142,4523,12,363,0,1888,0,27,0,0,33,5,0,1,0,861,8,2,604,0,3192,0,24,0,0,3446,52,1,80,2044
"gene_851",1,218,1,666,1088,29,12,7,4,439,2,0,620,1059,101,39,19,420,9,308,143,111,677,23,340,25,2,0,0,0,18,2,199,53,13,474,1613,2,36,969,0,0,1,211,134,0,0,144,77,9,15,1027,3,93,0,34,9,1,71,10,1681,53,234,6,14,17,281,4,1913,0,2303,139,7,14,795,99,5,3,2,2719,395,0,12,232,16,107,0,0,0,2,216,198,0,1,7853,17,0,21,30,0,0,306,510,0,0,0,1,52,15,5,185,0,0,0,53,58,1215,2,1046,0,0,0,0,0,0,2,0,16,30,6,0,0,0,0,0,0,288,0,0,2703,0,1,518,0,7,0,1729,0,383,1577,0,0,1941,158,40,0,0,683,0,18,0,0,0,21,0,1,70,64,0,1176,0,18,0,0,0,7,0,421,0,393,241,0,1,34,57,168,0,0,17,0,155,0,0,1,0,232,0,59,30,4,0,1,60,231,0,2,0,3,0,4,0,3,834,648,398,317,996,3,62,1611,0,81,947,0,9,0,13,39,2,363,0,13,484,2,656,103,162,240,1,12,11,351,186,2,3,163,0,0,3,15,711,503,0,0,0,0,122,6,0,10,452,478,1,9,0,103,1965,237,534,58,27,0,3,457,0,7,1224,1,6,975,3,497,1,12,37,0,167,35,990,0,89,0,1496,0,2023,20,0,2,94,2857,1,69,15,19,988,225,216,33,62,0,0,13,0,250,43,21,56,1,20,1,2,363,0,0,40,4,7,9,24,37,3171,2,1,0,588,245,89,84,726,17,438,355,86,1,695,97,1201,1663,54,299,0,560,4,475,12,41,18,607,0,458,5229,533,80,22,2403,372,6,8,15,61,0,90,11,0,87,859,27,11,0,2855,1563,81,1,349,1132,11,60,1270,0,96,33,639,803,376,5515,0,46,1276,135,144,17,87,58,45,0,1430,993,0,37,47,932,0,6,135,635,1,74,6693,23,102,25,29,3,85,593,1043,1346,0,6,59,42,23,252,253,131,0,7,253,0,11,17,65,141,78,93,159,0,155,35,1623,2,163,1,1,196,399,390,0,217,9,925,1,74,104,699,88,17,0,2010,216,78,6,3,1365,2,25,104,4,911,0,115,1092,73,10,2,131,489,771,22,14,142,1,13,0,2,2,0,405,2,31,849,3,150,42,0,1198,0,0,209,621,144,338,2,16,425,81,16,482,3970,191,7,1,3,14,1161,624,0,1,15,720,229,74,206,2402,338,11,91,0,249,341,37,22,0,1088,1771,33,0,811,43,0,1005,671,1188,1504,1,974,0,0,175,541,0,210,0,305,92,1606,3359,167,1307,53,0,189,0,498,0,12,1,0,430,28,2573,154,51,393,191,36,313,406,1915,351,1595,0,636,0,0,15,106,149,0,0,232,1977,626,22,31,3,16,404,256,16,0,315,220,0,514,43,12,406,0,0,79,859,2610,557,179,0,0,632,4,0,0,20,64,243,22,955,856,3,3,40,16,336,0,779,505,211,34,4178,0,0,625,0,1,8,0,98,0,3,72,1,16,29,124,1875,0,747,30,301,71,84,12,63,17,31,1,485,4,725,0,0,75,0,21,0,29,0,0,205,0,26,7,3,352,155,107,0,6,7,6,0,0,8,55,67,10,42,551,757,308,554,0,2,122,0,0,0,30,132,0,1,221,1,110,0,0,210,477,13,39,17,0,88,1406,0,35,0,4,395,0,0,193,4,101,59,6,0,180,199,0,60,24,83,0,359,146,572,12,105
"gene_852",182,1757,106,7,65,154,918,57,40,746,299,47,130,21,3,1121,232,85,5,8,113,2,116,0,33,12,48,262,0,50,113,98,29,8,9,565,0,220,0,125,5,12,82,77,1,109,185,44,0,65,4,11,140,48,11,0,149,140,30,10,53,23,186,13,0,456,555,15,15,1100,0,903,1,4,124,327,1228,33,81,109,0,2,212,38,103,284,56,163,64,243,153,67,0,0,1345,0,1652,0,1,0,0,0,0,0,0,0,0,0,268,4,0,32,0,0,0,0,46,0,47,0,0,4,0,137,0,63,1,1,0,0,175,33,914,3,0,0,122,8,3,15,1,0,3,0,0,1,0,0,0,19,0,0,1,0,4,540,6,193,60,9,2,1,140,0,0,447,0,2,0,0,0,0,205,0,0,1019,0,0,0,28,0,7,63,0,387,501,1760,0,0,0,461,1954,0,22,3738,152,15,155,111,2478,402,144,562,0,0,104,28,6,1120,0,108,325,388,5,1043,4,406,72,0,0,345,306,0,294,0,320,121,238,5,78,17,97,9,146,157,18,125,92,0,17,0,2911,1,389,1724,527,438,2394,829,139,1,2,2,557,5,36,1276,2201,45,101,0,1128,9,139,1108,699,430,471,15,637,1143,0,50,24,16,112,112,1,685,23,17,645,1810,1357,266,435,26,1100,2,634,6,424,430,14,20,52,155,14,658,20,288,97,467,11,10,784,54,135,51,269,899,235,67,353,88,938,1282,164,2628,76,507,196,87,121,20,0,213,43,2715,8,346,13,465,37,6,62,12,0,411,201,22,130,589,34,3,74,653,342,807,262,124,139,449,35,1364,47,10,493,120,15,34,2031,353,4,4,0,401,91,27,981,533,267,544,6,648,902,883,345,3137,1,1003,527,31,472,107,2,119,951,145,980,585,259,130,25,331,355,1624,42,90,33,1,1,1,51,301,1087,398,1104,203,52,604,73,615,338,0,632,1,75,0,4,1075,224,89,256,34,129,3,126,241,21,508,0,47,18,381,120,120,399,282,90,306,0,1336,60,422,20,805,300,3,155,322,85,1,69,60,48,250,32,177,2,39,150,132,348,503,80,17,0,113,342,1,0,0,24,3,44,3,1183,137,577,1447,0,1022,81,20,335,89,23,9,11,1,0,5431,49,7,1,168,1013,385,194,285,41,58,7,340,38,2024,1592,480,18,462,10,35,10,42,45,34,269,0,40,190,3,1514,142,725,161,39,15,1816,188,305,0,0,7334,3,0,22,195,2092,23,58,8,226,153,45,0,31,137,4,34,479,1,1429,44,35,130,1635,425,14,614,534,29,88,1,181,13,91,1,6,27,129,4,2,68,108,42,1,756,289,24,362,20,0,219,19,296,1,1648,172,1272,2170,440,95,1,8,2320,246,1304,1666,0,3132,1447,354,381,5385,251,476,25,4,0,618,4,113,17,2589,459,1817,499,0,183,241,467,80,27,2747,22,3,529,30,2689,110,992,0,25,1016,147,1250,3925,2234,54,0,2491,3,3191,93,5623,3697,9,10,13,2151,7,9,3,1811,5213,58,155,17,976,611,1079,117,511,7760,512,812,258,1314,13,0,1370,22,1088,4072,213,309,572,2332,2,443,257,1615,5854,10,1341,0,192,0,564,70,0,43,73,24,165,461,222,6,142,3373,396,9,282,137,3,177,101,10,4037,1,1,504,126,11,0,123,108,1757,9,0,1709,53,2839,1447,363,2,46,265,272,607,0,345,1,113,26,0,0,817,239,0,7,0,76,2268,0,1426,2,1530,212,75,18,76,3632,731,4455,5392,551
"gene_853",1998,4,29,310,54,8,321,235,940,333,11,0,20,1764,25,1,67,1140,204,129,218,46,251,148,278,0,7,0,29,238,0,2462,1605,1723,431,0,320,6,7,24,1075,1064,53,632,341,1175,243,179,121,1,227,913,93,17,28,0,46,1830,5,1243,150,76,0,20,0,0,134,682,521,349,11,0,42,0,136,591,102,1323,0,1007,55,29,2682,1522,923,0,0,154,297,13,0,0,0,20,0,3,0,28,15,0,0,0,8,0,1,56,552,905,0,311,859,54,15,3,0,55,0,0,0,31,2,0,0,14,0,0,0,0,411,491,0,0,56,13,0,66,0,75,1709,0,0,184,0,183,0,2001,0,2,0,36,101,0,0,7,29,0,0,0,1,0,0,0,0,2,0,0,1221,1615,0,102,0,1850,3,2,197,0,25,0,766,0,249,1112,1,120,30,0,4,70,189,0,0,34,295,1,1562,380,16,552,69,16,206,116,89,29,0,201,5,209,110,979,991,147,159,0,42,8,0,189,62,1,1,45,9,0,847,183,217,509,265,0,3,119,0,1,212,1402,13,657,5,46,7,26,0,74,384,4,150,1396,0,39,1,541,0,0,569,47,714,82,85,0,311,0,10,9,0,2,9,0,9,36,1,1791,380,10,85,15,64,0,638,315,0,408,2231,131,61,0,730,2,1,4,206,0,13,741,393,761,163,0,44,405,81,56,12,53,27,373,569,165,2,0,371,97,14,3,823,67,16,814,335,23,206,132,991,26,10,151,0,12,15,16,3123,101,348,245,29,0,0,1,902,27,6,90,1047,249,16,0,31,1448,0,0,31,0,178,106,948,0,36,989,2,0,67,0,600,3,161,0,237,0,374,250,737,264,6,59,44,2184,356,800,2395,39,2442,2412,488,24,223,0,755,4,43,8,4,32,273,2944,19,147,50,130,437,722,61,10,224,0,130,0,79,465,612,184,799,0,3,247,473,176,419,1771,53,115,0,153,0,7,4,669,173,184,79,45,12,688,95,56,0,1,15,10,65,47,26,12,18,163,47,17,2,36,179,82,173,9,1,10,55,166,37,8,29,23,21,32,13,11,8,11,130,13,65,66,183,138,3,19,32,11,29,2,25,98,166,28,20,25,6,73,10,1,123,0,33,10,78,156,206,18,23,12,6,8,8,46,148,166,69,112,119,211,44,54,5,1,17,5,4,15,7,5,31,16,0,49,66,35,31,14,14,39,17,3,58,25,40,32,25,65,24,109,84,38,57,71,17,4,6,55,25,12,16,93,9,59,86,13,34,37,6,70,14,8,28,6,64,8,76,129,113,17,112,24,0,38,23,9,0,60,835,14,46,5,4,0,4,48,145,179,32,2,149,21,28,92,0,0,4,533,88,19,433,94,373,57,31,0,5,18,248,0,41,426,210,8,0,0,52,52,0,53,13,104,11,67,69,39,409,81,7,175,2,0,0,83,254,0,52,22,465,0,81,364,668,8,0,2,2,0,12,23,0,28,0,2,521,13,68,3,54,2,12,0,21,3,27,135,0,76,12,0,128,40,108,3,100,13,136,206,285,35,0,13,242,0,85,5,237,45,80,0,319,85,54,0,0,820,0,20,124,0,226,0,12,10,57,3,147,29,0,21,119,0,24,1,10,72,7,1,7,0,9,87,380,78,123,45,501,593,1,197,23,258,0,30,468,52,0,404,190,139,0,0,20,0,51,8,115,1,101,8,248,737,35,1,0,425,0,0,0,0
"gene_854",0,0,0,0,0,0,0,0,0,0,0,0,0,0,0,0,0,0,31,0,0,0,0,0,0,0,0,0,0,0,0,0,0,0,0,0,0,0,0,0,0,0,0,0,0,167,0,0,0,0,0,0,0,0,0,0,0,0,0,0,0,0,0,0,0,0,0,0,0,0,0,0,0,0,0,0,0,0,0,0,0,0,0,0,0,0,0,0,0,0,0,0,0,0,0,0,0,0,0,0,0,0,0,0,0,0,0,0,0,0,0,0,0,0,0,0,0,0,0,0,0,0,0,0,0,0,0,0,0,0,0,0,0,0,0,0,0,0,0,0,0,0,0,0,0,0,0,0,0,0,0,0,0,0,0,0,0,0,0,0,0,0,0,0,0,0,0,0,0,0,0,0,0,0,0,0,0,0,0,0,0,0,0,0,0,0,0,0,0,0,0,0,0,0,0,0,0,0,0,0,0,0,0,0,0,0,0,0,0,0,0,0,0,0,0,0,2,0,0,0,10,0,0,0,0,0,0,0,0,0,0,0,114,0,0,0,0,0,0,0,0,0,0,0,0,0,0,0,0,0,17,0,0,0,0,0,0,0,0,0,2,0,0,0,1,0,0,0,0,1,0,0,0,1,0,0,0,0,0,0,1,0,0,1,0,0,0,0,0,0,0,0,0,1,0,0,0,0,0,0,0,0,0,0,0,0,0,0,0,1,0,0,0,0,0,1,0,1,0,0,0,0,0,0,0,1,0,0,0,0,0,0,0,0,0,0,1,0,1,0,0,0,0,0,0,0,0,0,0,1,0,0,0,0,0,0,0,0,0,0,0,1,0,0,2,0,0,0,1,0,0,0,0,0,0,0,0,0,0,0,0,0,0,0,0,0,0,0,0,0,0,0,0,0,0,0,0,0,0,0,0,0,0,0,2,0,0,0,0,0,3,0,0,0,0,0,0,0,0,0,0,0,0,0,0,0,0,0,0,0,0,0,0,0,0,0,0,0,0,0,0,0,0,0,0,0,0,0,0,0,0,0,0,0,0,0,0,0,0,0,0,0,0,0,0,0,0,0,0,0,0,0,0,4,0,0,0,0,0,0,0,0,0,0,0,0,0,0,0,0,0,0,0,0,0,0,0,0,0,0,0,0,0,0,0,0,0,0,0,0,0,0,0,0,0,0,0,0,2,0,0,0,75,0,0,0,0,0,0,1,0,19,0,0,0,0,0,0,0,0,0,0,0,0,0,0,0,0,0,0,0,0,0,0,0,0,0,0,0,0,0,0,0,0,0,0,0,0,0,0,0,0,0,0,0,0,0,0,0,0,0,0,0,0,0,0,0,0,0,1,0,0,0,149,0,0,268,0,0,0,0,0,0,0,0,0,0,0,0,0,0,0,0,0,0,0,0,0,0,18,0,0,0,0,0,0,0,0,0,0,0,43,0,0,0,0,0,0,0,0,363,0,0,0,0,0,0,0,0,0,0,0,0,0,0,0,0,0,0,0,0,0,0,0,0,0,0,0,0,0,0,0,0,0,0,0,0,0,0,0,0,0,0,0,0,0,0,0,0,0,0,0,0,0,0,0,0,0,0,0,0,0,0,7,0,0,0,0,0,0,0,0,6,0,0,0,0,0,0,0,0,0,0,0,0,0,0,0,0,0,0,0,0,0,0,0,0,0,0,0,0,0,0,0,0,0,0,0,0,0,0,11,0,0,0,0,0,0
"gene_855",916,0,0,0,0,0,0,0,0,0,0,0,0,0,0,149,1,158,2,212,0,0,0,0,0,0,0,0,10,85,147,0,0,0,2,5,0,0,126,0,0,0,0,0,28,0,1,0,0,1914,0,0,0,14,1,0,0,974,0,0,130,0,75,0,374,67,0,0,0,0,129,0,2,365,0,1,0,0,0,6,6,19,0,0,0,2,0,0,0,0,436,0,1,10,694,27,10730,12,0,0,0,930,707,126,4491,0,0,0,1388,7,4,835,250,17,1,1080,145,1313,0,0,41,3978,88,725,46,31,117,1,290,1,12,84,44,262,0,0,0,13,20,7419,7466,877,86,104,2376,1520,132,0,1891,688,0,94,42,166,165,144,758,0,798,0,3,447,43179,798,1055,89,372,532,20,28,122,8030,9067,26,4541,0,115,0,0,8755,9003,2,151,626,8390,2060,1377,8642,47,25,163,454,1797,219,7274,201,836,0,1081,0,3047,9,1540,4,1292,1202,14,2277,41,2730,188,58,3,1287,2865,82,1784,219,47,637,2727,0,3772,567,3,7566,396,0,4668,7,114,366,0,945,4661,367,105,802,0,232,9,0,1134,2,174,2,0,518,133,27,13,691,33,0,583,53,219,606,0,227,0,0,483,68,4,0,0,0,0,0,0,586,213,0,94,0,0,1,0,6,3,4,58,0,1,160,6,0,0,0,13,0,2,0,1,0,31,0,13,119,0,0,0,1,4,1,17,0,13,10,225,0,8,2,0,0,0,0,1,0,17,2,0,0,4,0,41,0,1,14,159,0,0,81,0,127,0,0,0,22,0,0,0,0,0,0,43,324,0,0,0,0,0,6,18,118,0,0,0,0,5,0,3,0,558,254,0,0,5,2,364,0,4,0,0,20,26,581,272,0,2,0,0,1,54,808,0,79,63,0,0,1,0,28,0,0,0,3,0,3,0,4,0,32,0,0,175,0,0,10,316,0,1,2,4,0,1740,6,401,2,253,1,0,0,1,0,1,0,735,31,2,0,86,0,0,0,0,0,0,0,0,0,0,0,0,0,0,0,3,0,0,0,0,0,0,0,0,0,0,0,0,0,0,0,10,0,0,0,0,0,0,0,0,24,0,126,0,0,0,0,0,0,0,0,7,0,0,0,0,73,0,0,0,0,0,0,0,0,1,0,0,0,0,0,27,0,0,0,0,0,17,0,0,0,0,0,0,0,0,0,0,0,0,0,0,4,0,0,0,0,31,0,0,0,1,0,0,0,16,64,0,0,0,0,0,0,0,0,6,0,0,0,0,0,0,0,105,0,0,0,1,0,0,0,0,0,0,0,0,0,0,0,0,0,0,2,646,0,0,0,0,0,0,0,0,0,21,769,0,0,0,0,4,0,0,0,0,2,0,0,0,5,50,0,0,0,0,0,0,0,0,0,0,0,1,0,0,451,0,0,0,0,0,0,17,0,0,0,0,0,0,0,0,0,150,0,0,0,0,0,0,0,0,0,0,0,0,0,0,1,0,0,0,0,0,0,0,0,0,0,4,0,0,0,0,0,0,0,0,0,22,1,0,0,0,0,0,0,0,0,0,0,0,0,0,0,0,0,0,0,4,0,0,0,0,0,18,0,0,0,4,0,0,0,0,0,0,0,0,0,0,0,0,0,0,0,0,1,0,0,0,0,17,4,0,0,3,9,0,0,0,0,0,0,0,40,0,0,0,0,0,0,0,0,0,0,0,0,0,119,0,7,0,30,0,0,1,0
"gene_856",5,0,0,0,795,0,0,0,0,0,0,11,0,0,0,5238,0,2,105,0,0,0,0,0,0,0,0,0,0,0,0,1034,0,781,0,0,0,28,0,0,0,0,0,0,7,0,0,0,5,0,0,1,0,2,0,0,13,5,0,0,0,16,0,0,0,0,0,1,1,9,0,0,0,0,451,0,0,0,0,0,140,0,0,0,0,0,0,9,0,0,0,0,0,0,0,0,0,0,0,0,21,0,0,0,421,0,0,0,0,0,0,0,0,0,0,0,0,0,0,0,0,0,0,0,0,0,0,0,0,0,0,0,0,0,0,0,0,0,0,0,0,0,0,0,0,0,0,0,0,0,0,0,0,0,0,0,0,0,0,0,0,0,0,0,0,0,0,0,3,0,0,0,0,0,0,0,0,0,0,0,0,0,0,0,0,0,0,0,0,0,0,0,0,0,0,0,1,0,0,2,0,1,0,0,0,1,1,0,0,0,1,0,0,3,0,1,1,0,0,1,0,2,0,1,8,11,0,6,3,0,0,4,0,0,0,0,2,0,0,2,0,1,0,1,5,1,31,0,3,2,0,23,0,0,0,0,6,0,0,0,0,0,0,0,1,0,0,0,0,0,362,577,0,0,0,6,0,0,0,0,0,0,0,0,0,0,26,0,0,0,0,0,0,0,0,0,0,0,2,0,0,106,0,0,0,11,0,0,0,0,0,0,0,56,0,0,0,0,47,0,0,0,0,0,0,0,0,0,0,0,0,0,0,0,0,0,0,0,0,0,31,0,0,0,0,0,0,0,0,0,0,0,0,12,0,0,0,0,0,0,0,0,0,0,3,0,0,133,0,0,0,0,0,0,37,0,0,11,0,0,0,0,0,0,0,0,0,0,0,0,98,0,43,0,0,0,22,0,0,0,0,0,0,0,0,0,0,0,690,0,7,0,0,0,0,0,0,0,0,0,0,0,0,0,0,0,0,0,0,0,0,0,8,2,0,0,0,55,0,0,21,0,0,0,0,0,42,0,0,311,0,57,551,15,0,4,2,219,0,78,0,0,0,0,99,0,265,258,2,0,0,0,0,0,0,3,0,0,0,285,81,0,33,1,0,0,0,0,201,0,0,198,0,0,22,0,124,2,0,5,131,0,3,0,0,18,0,668,444,176,0,0,0,0,0,0,0,720,2,0,6,59,0,6,0,0,0,0,4,0,0,0,0,0,4,0,167,0,390,0,172,0,120,0,1124,113,20,2,0,0,11,16,0,0,0,0,180,0,0,140,0,20,0,0,69,0,0,0,129,0,0,0,0,0,0,0,0,0,0,0,0,135,0,28,0,0,0,0,0,183,143,12,0,0,0,0,0,0,0,0,0,0,0,3482,1182,12,1185,7159,0,0,0,0,0,1,331,0,0,0,0,0,1708,0,0,0,0,0,0,0,0,0,0,0,0,0,0,0,0,0,0,0,3654,4,0,164,0,315,151,18,0,102,0,952,0,0,0,0,0,37,74,28,0,0,0,0,0,0,5,0,69,0,22,0,0,35,0,0,0,0,0,1334,0,454,202,0,0,1,12,0,0,0,0,0,0,0,0,0,0,0,0,0,3,0,0,0,0,0,0,0,0,0,0,0,2,0,98,0,0,0,0,0,0,0,0,0,0,0,0,171,0,0,0,0,0,0,0,0,0,0,0,0,0,0,0,0,0,0,10,0,0,88,0,0,1,0,6,0,0,0
"gene_857",798,57,25,0,425,325,0,0,9,7,2555,913,238,0,154,1531,1374,0,157,0,128,1,2,0,96,2142,2448,0,0,4,0,525,0,1,688,6880,0,30,7,0,222,1,62,12,1510,3,78,30,0,37,54,713,13,71,1077,2,34,0,544,49,0,0,0,3667,0,147,2,11,1023,0,0,34,2,1335,579,0,0,842,15,11,42,343,37,618,37,133,0,61,136,171,2476,280,0,0,0,105,1496,0,170,232,0,32,0,271,213,0,13,10,0,0,66,0,0,60,31,0,1,0,0,0,0,590,5,0,2,1025,14,195,20,2,25,38,5,0,0,2,486,19,10,2,299,0,18,375,0,0,217,1,732,238,10,189,205,6,331,94,197,217,939,0,14,4,37,0,64,60,0,0,0,282,3,223,0,0,163,0,9,28,1404,44,17,169,30,0,1,0,1,39,285,2,36,293,39,118,189,1483,14,0,91,1472,113,0,0,43,250,4,192,581,52,232,0,258,1,2012,0,1,39,79,0,26,0,763,0,0,248,963,0,0,50,0,0,0,4035,813,0,1010,3185,0,67,6,0,24,45,1932,201,0,0,0,0,0,1,3,1076,0,0,0,2,0,697,2,0,0,1,0,13,860,0,5,0,0,197,5,173,0,6,1,0,1,330,250,2,47,0,1,0,11,345,94,5,326,71,22,204,2,111,1,0,0,4,664,10,77,0,799,0,34,3,75,54,2,105,0,0,0,778,4,20,1139,0,0,0,5,21,5,9,186,2,3,2811,232,23,0,0,137,0,37,150,0,0,0,305,0,0,147,9,36,0,87,0,0,55,198,0,98,1,0,42,0,0,0,1,0,1492,0,2083,0,0,0,0,0,1,0,0,4,0,2,0,14,504,0,8,0,2,45,0,0,109,0,5,0,0,1396,0,2128,0,0,16,192,78,1052,0,0,262,13,808,522,0,543,11,1155,2595,105,2,0,0,0,246,0,79,0,0,1,0,1237,1,190,0,0,4153,0,2815,0,0,0,24,86,4,0,0,9,12,2,0,0,0,19,0,272,0,0,0,114,0,61,0,439,9,0,1,1,40,13,0,0,0,0,30,1,140,0,24,0,0,255,557,0,905,0,0,0,3,0,2,46,574,17,24,116,858,227,0,0,327,7,0,4,0,16,0,387,0,1,0,1536,0,0,0,0,0,13,268,0,0,159,0,275,42,501,0,0,203,0,0,6,483,15,0,202,3,0,21,36,80,182,0,59,0,79,0,431,0,0,109,923,0,0,0,0,699,236,0,0,3,1,0,1,0,0,0,0,0,0,0,5,12,46,0,0,0,0,0,0,0,111,0,0,0,0,846,0,2,12,0,0,0,0,0,1153,0,0,3,0,12,3,0,1783,0,2088,200,19,0,0,0,12,0,70,0,0,0,0,0,128,49,0,206,44,0,0,179,38,0,0,613,0,0,0,296,0,12,0,727,0,27,0,2068,1025,0,23,0,0,127,0,0,95,3,5664,0,0,0,152,63,16,0,0,0,0,0,10,0,13,0,0,0,0,0,0,0,16,0,0,0,0,871,0,0,0,0,667,0,0,16,24,0,0,0,0,0,0,0,0,0,43,0,0,0,0,102,0,0,246,1,729,0,76,0,0,0,0,0,0,0,1,0,2,0,467,36,0,0,0,4,0,0,1535,0,6,0,284,0,0,150,312,0,1526,0,0,20,0,174,1,0,0,0,71,0,202,1,0,0,0,31,0,0,453,0,282,0,2145
"gene_858",807,4,21,6,711,0,2020,835,0,2037,46,0,111,6,4,0,665,4262,0,0,3111,98,369,3588,498,45,1603,266,10,975,229,7,1,0,64,1372,390,36,14,19,1496,0,173,1812,0,686,6,0,706,265,65,0,0,1,698,9,3685,2304,535,2933,78,2195,2,3341,408,1364,0,18,4985,3,1253,0,74,323,57,1,719,721,0,144,0,0,2,9,971,47,403,30,4812,5,1024,1,3241,0,0,0,0,1,43,95,1,0,1,1,72,1,342,13,6515,0,0,0,0,2,0,22,0,59,0,1366,14,1,2,112,827,10,237,0,2,144,110,0,0,690,16,115,0,7403,11,0,2853,164,45,0,0,13,192,0,70,38,26,0,4,4,4698,0,2541,2,5,1013,4,0,13093,0,44,0,209,2,83,0,234,9594,1608,0,2342,2827,1438,421,3,0,0,0,37,0,0,19919,7461,0,3,5594,0,309,4276,0,131,0,1,0,0,37,385,0,0,2,0,100,5443,420,973,0,2874,138,0,0,299,0,1670,4478,0,0,1,617,330,23,268,0,100,2,560,99,22,149,0,941,0,0,50,0,34,6,327,973,0,191,0,0,0,0,209,4811,2,0,0,8,0,0,37,890,1,65,0,9,1153,12,0,0,2,615,101,1192,131,7186,78,2722,38,0,0,0,11,3,0,265,1,466,0,10,35,32,28,0,503,0,11,5,0,3,460,0,0,35,11,0,0,532,289,324,3,152,9,4,293,44,1174,2,0,2197,0,1,0,0,6,0,3938,133,0,518,105,39,5816,2342,0,7,0,0,11304,0,9,1,0,1220,81,0,0,0,3825,0,69,14,1,83,0,4435,17,560,1,0,0,0,0,27,141,81,249,0,2747,1599,3556,305,0,0,52,0,0,8,165,2,0,4035,0,10580,4,0,254,0,206,0,11,0,562,0,50,1262,250,45,57,110,3038,3529,4,3,7772,69,26,0,338,3,3730,6,1,132,0,1423,40,3,53,2,5146,140,19,82,15,1,1260,2236,0,2190,57,0,10,0,0,0,3875,0,10,2,0,2245,3,97,0,134,67,0,0,0,0,0,47,0,0,0,0,1,0,0,0,1,0,9,0,203,3,0,0,777,0,116,5,0,17,13,185,0,0,0,5,18,0,409,25,33,0,0,128,0,59,0,2,0,2,2,0,0,357,0,43,0,0,0,8,6,7,119,0,1449,1245,1433,370,54,0,0,0,89,0,0,0,0,1607,2,898,0,7,26,0,0,1,0,0,0,79,0,0,32,67,36,0,32,569,0,0,0,0,3797,0,0,0,0,0,6,0,0,0,0,0,0,40,0,0,0,0,0,0,1315,124,0,1598,9,0,0,0,1639,1126,450,0,3927,0,59,1,0,87,0,0,7,0,419,1,383,589,1,0,7,736,0,3792,483,0,448,1869,0,9330,151,58,1197,0,0,741,442,0,4,4,0,345,0,128,0,0,2688,447,0,1166,128,37,40,2,0,0,0,93,584,0,3,2428,0,0,0,1,5,43,0,276,441,0,0,427,0,0,0,0,25,0,1447,111,82,8,18,0,18,0,0,240,1521,27,3,0,0,1208,0,0,0,114,1158,77,1,0,0,0,0,1357,0,0,1662,156,2,0,0,10,0,0,0,4,799,0,0,934,225,0,686,0,0,62,334,0,238,89,0,0,74,6,0,0,42,4,4,0,0,188,164,1,0,2605,1,0,0,8791,93,0,57,0,0,0,218,0,410,0,47,2719,4777,5,47,77,101,969,6079,273,235,7935,1468,0,309,431,0,0,502,97,37,0,6
"gene_859",0,0,0,0,0,0,0,0,0,0,0,0,0,0,0,0,0,0,0,0,0,0,0,0,0,0,0,0,0,0,0,0,0,0,0,0,0,0,0,0,0,0,0,0,0,0,0,0,0,0,0,0,0,0,0,0,0,0,0,0,0,0,0,0,0,0,0,0,0,0,0,0,0,0,0,0,0,0,0,0,0,0,0,0,0,0,0,0,0,0,0,0,0,0,0,0,0,0,0,0,0,0,0,0,0,0,0,0,0,0,0,0,0,0,0,0,0,0,0,0,0,0,0,0,0,0,0,0,0,0,0,0,0,0,0,0,0,0,0,0,0,0,0,0,0,0,0,0,0,0,0,0,0,0,0,0,0,0,0,0,0,0,0,0,0,0,0,0,0,0,0,0,0,0,0,0,0,0,0,0,0,0,0,0,0,0,0,0,0,0,0,0,0,0,0,0,0,0,0,0,0,0,148,0,0,0,0,0,0,0,0,0,0,0,0,0,0,0,0,3863,0,0,0,0,0,0,0,0,0,0,0,0,0,0,0,0,0,0,0,0,0,1,0,0,0,3224,0,0,2,0,0,3,7,0,0,0,0,0,0,0,0,0,0,332,0,5,60,0,159,0,15,101,0,310,0,1129,5,1,5,2,91,0,135,0,0,363,257,0,0,0,0,23,0,477,1322,3,2,108,1,16,15,0,0,2528,5,0,7,497,0,0,0,84,0,1932,0,3,17,0,0,0,436,12,29,139,13,0,0,0,6042,1038,881,16,0,0,157,0,6,5,0,114,0,848,9,687,0,1,0,9,15,26,7,0,28,0,0,367,177,0,445,359,142,134,55,363,407,926,0,0,33,93,12,0,11,0,99,4,0,1,17,60,0,151,246,92,57,363,1,2,1552,0,2,0,0,78,0,0,0,0,676,0,639,960,33,0,561,544,6,0,1,598,200,1,10,0,0,378,0,73,0,1,610,201,63,7,0,12942,0,10,0,58,312,1,0,0,0,0,0,0,0,0,8,25,0,0,0,0,0,1,0,74,0,43,0,0,0,6,3,0,499,1,0,559,101,0,0,0,0,0,0,0,0,0,45,0,34,0,0,0,0,62,1168,0,3,3,0,0,1,285,2,0,10,0,0,3334,2,476,0,0,0,0,1,27,0,2724,313,11,0,1002,2389,0,0,0,135,0,0,6,0,52,0,0,0,0,0,509,151,1,0,0,5,0,0,0,0,0,0,0,0,0,0,0,0,0,42,0,0,0,0,208,0,0,0,0,0,0,1,0,0,0,1,0,0,0,126,30,400,142,226,44,0,0,0,0,0,3878,0,0,2299,0,0,0,0,0,0,0,0,0,0,1082,0,0,0,0,19,0,0,0,0,1,14,0,105,693,0,0,0,6,10254,17,0,0,0,0,3737,0,3933,0,0,0,0,0,0,747,0,0,0,0,0,109,214,3,0,2,0,0,20,0,0,0,25,0,0,0,0,0,0,64,0,0,0,0,4480,0,1,0,0,0,0,61,5,3443,0,0,0,0,0,0,36,0,0,101,0,1,0,0,1964,0,0,0,0,0,0,0,0,0,0,0,0,20,0,0,8,0,1,2,0,0,0,0,0,55,0,2,0,139,0,0,0,399,0,0,0,2,107,0,0,0,0,1,11,232,0,0,0,0,74,0,0,0,0,0,0,1,240,379,0,479,0,5,1,0,0,0,0,0,0,0,7114,0,1315,0,0,0,0,667,0,0,0,0
"gene_860",1022,726,380,412,1719,598,1762,463,22,26,631,38,1000,1193,197,375,870,214,233,821,4,977,596,249,40,0,591,21,367,1120,222,300,93,67,59,2062,1,889,90,1428,200,299,70,94,128,132,92,194,67,39,912,80,8,340,229,18,677,33,378,1251,1242,141,218,89,70,28,1229,437,10,773,207,616,50,144,297,778,724,176,91,35,790,93,257,473,1242,2287,50,253,45,167,10,737,4,43,7,0,144,4,2,19,33,145,38,22,9,7,5,1,7,0,71,16,10,13,8,12,1,1,0,13,23,19,0,15,5,17,6,28,66,4,1,62,0,96,6,2,7,2,10,77,125,77,77,1,14,32,47,1,146,3,331,2,10,14,107,8,76,11,11,0,22,85,11,0,5,31,2,27,3,6,14,89,5,5,18,28,47,48,54,157,0,20,18,3,66,124,0,88,27,56,26,21,145,18,499,475,177,280,317,128,425,107,393,14,153,121,293,93,394,73,117,27,301,518,191,93,236,293,200,62,159,53,471,245,123,120,123,39,534,474,7,30,55,145,56,19,476,10,748,149,226,148,349,77,363,282,296,295,223,10,439,120,54,15,135,233,302,192,443,129,4232,149,1887,315,983,235,285,8738,482,2074,14200,14914,7582,1253,1990,625,50,3344,893,592,448,18581,4234,2602,3988,13,2553,1211,1421,9211,1562,978,1589,937,18492,1580,352,658,110,757,1048,5805,3622,3714,595,1265,2397,434,702,3530,961,2025,693,616,5749,660,4339,18076,1094,2358,396,0,987,2427,3076,1957,1858,3202,7166,6697,1564,56,2175,16404,4441,346,4768,627,378,2892,284,771,15555,933,5679,259,1664,1022,6263,1559,3730,2615,2181,247,3127,46,269,747,11305,1477,95,647,595,691,9759,2331,789,1930,2626,10173,760,3467,6158,5100,1056,9498,195,275,5371,439,5335,12079,4560,458,404,14,1835,5043,7128,5960,3984,6134,10522,4436,8654,3533,634,694,7258,64,20104,1203,1759,5421,11,2421,7928,2154,3490,5657,2950,3762,1813,1865,2634,19162,98,18838,2870,8779,10976,1562,2618,136,261,7552,1310,125,21966,1015,2964,898,5104,4049,16574,160,7840,4990,1985,41495,258,7969,11242,17453,5630,4968,8768,2788,13992,14902,9975,2841,8524,305,5914,8455,1001,711,3184,4146,261,2603,1228,5109,6959,87,50879,8804,860,4308,710,1150,935,20,2945,4577,6500,380,1086,3517,5802,7074,3477,1378,10308,12808,1068,4863,138,4502,8641,5816,1077,6991,12902,4925,3880,1187,7617,2241,327,3555,269,18949,31020,12959,2240,12925,6769,24059,15327,7253,5980,6455,564,1593,10876,777,12227,32007,199,5657,6458,4024,776,2586,829,1570,9390,623,220,2617,8698,6121,863,1774,4578,15253,13388,8529,2041,2041,562,9040,6972,16387,3699,7176,2060,2213,16329,18451,5334,3937,1946,5041,653,4795,6119,27035,3929,10484,2166,1494,449,20153,2126,2723,843,2534,6627,582,620,2885,315,10082,8079,731,959,24,261,253,4571,825,4880,317,6483,3895,11209,9479,380,2285,1500,3851,1619,659,4944,187,4579,58621,6801,242,2101,178,7571,3118,325,33,5178,902,89,6218,2404,753,1926,23132,2685,11313,12366,8662,1224,7026,1005,18,7251,340,1382,16,7309,669,688,2,11192,2318,8029,1750,46675,7003,181,863,8141,2285,8401,2498,814,25455,1536,3959,629,104,3056,3948,32811,546,13395,16614,25218,3560,2558,5674,4035,8715,670,75,14490,1794,8555,1709,2849,490,12029,2533,1947,5,18,17543,34637,32,21971,10,119,10916,1725,2008,3719,6270,7,13314,1151,1015,1683,3597,4909,13240,2351,8491,899,47,575,9746,15612,694,45,15406,4187,55,1711,1320,133,6987,2103,580,2206,13630,4061,7,15596,938,811,852,1,10135,7560,2117,2622,21793,510,12792,3524,18310,9898,14162,9759,1647,942,3139,168,163,6560,3049,513,25571,466,1513,3931,18729,36442,15587,21223,2951,2051,24761,317,18833,2301,13218,571,13764
"gene_861",44,0,0,0,0,0,0,0,0,649,8,0,195,0,58,0,0,1,0,0,0,0,70,64,0,0,228,0,0,4,26,54,14,0,38,0,58,13,12,13,0,0,231,1,0,428,7,0,0,0,137,2,0,900,4,7,0,0,4,0,3,59,0,529,4,23,0,0,1,0,0,810,3,0,25,0,0,3,101,86,0,47,0,0,20,0,0,0,3,18,315,0,0,188,0,540,0,0,0,0,0,0,0,0,2,0,0,0,0,93,0,0,437,0,0,334,64,0,1,0,672,0,0,0,2834,162,0,0,0,0,39,0,0,8,0,2,0,492,0,0,0,0,0,0,24,0,0,0,0,0,0,0,0,0,0,0,1,0,251,255,1,144,584,2926,0,0,78,0,1295,0,0,0,0,0,0,0,0,0,0,0,1,0,0,0,0,3,96,0,0,0,2959,0,39,0,820,0,2,1,0,3,1,0,3,170,2,0,0,0,0,0,648,74,5,390,2,110,0,0,0,11,0,13,346,0,13,0,10,0,0,108,0,434,0,1,0,39,0,36,15,94,254,0,0,456,0,0,13,0,71,0,170,0,404,0,101,3463,0,0,0,0,39,0,16,20,618,716,1455,69,0,0,2583,0,1027,0,613,1,0,92,2,76,0,1,1477,0,7,657,0,0,34,109,306,76,0,1,1,73,3,265,0,0,3,0,5788,0,4,0,202,0,0,63,22,9,2691,0,1662,336,338,2,38,0,2,0,18,311,39,0,5,0,870,2634,103,0,0,0,0,0,0,62,0,0,29,0,1,0,128,473,0,0,105,167,0,0,0,0,86,0,0,62,0,272,210,387,0,0,2,0,348,0,0,0,1,2,2,0,0,867,0,622,915,0,43,0,1333,192,3,1749,0,3,0,0,2698,910,2,1545,106,0,142,0,1,0,0,289,3246,0,0,115,2,27,1798,0,264,371,0,0,0,512,0,133,6,0,321,0,97,6889,0,0,0,7,67,0,170,6,6,283,0,45,1,2,0,3,12,0,16,7,3,0,0,0,5,0,14,301,1,0,1,0,0,1,3,0,6,0,0,0,0,0,211,21,31,48,258,0,117,0,72,20,0,1,46,0,723,0,0,0,0,42,191,0,0,11,35,0,0,19,98,32,0,0,0,17,87,3,0,0,490,6,8,4,0,21,0,1,81,454,0,0,0,4,96,10,67,0,7,0,1147,5,0,19,0,0,730,0,6,299,1551,13,0,811,0,448,0,10,0,5,0,1,1,1,0,0,0,0,7,0,1395,102,1,957,0,76,0,0,0,139,731,0,0,0,0,0,0,0,0,4,0,0,0,0,0,0,0,16,0,7,0,0,0,0,0,0,0,0,16,0,93,0,0,0,4,8,12,0,0,0,0,8,97,12,234,0,0,312,0,0,0,0,17,0,0,53,0,0,3,20,1,0,0,22,54,0,0,0,0,0,1,19,6159,0,0,32,0,0,0,0,0,26,0,19,0,0,0,0,0,0,22,6,0,0,0,1,0,0,0,0,14,0,0,0,0,0,0,39,0,0,0,27,0,135,0,0,0,0,26,0,13,0,1,0,0,8,0,0,0,0,0,0,0,0,0,0,0,3,1,0,0,0,0,0,140,190,9,0,0,0,7,249,0,0,0,0,1,0,0,0,84,4,0,0,10,0,47,3560,0,0,20,0,132,45,137,1834,1679,0,0,0,0,178,0,0,0,0,0,38,0,0,0,144,0,3
"gene_862",440,58,0,171,77,0,0,0,0,1267,0,0,337,317,0,125,7,107,0,500,65,240,970,535,460,86,0,76,0,1207,1,3,0,0,0,1,280,132,0,0,2513,290,0,326,735,1594,32,13,44,12,10,50,3,3139,11,0,15,0,0,4,7,1,0,1,75,266,340,520,0,50,92,10,517,0,146,406,0,8,1113,171,16,0,0,285,14,1253,0,10,289,347,0,20,12,2648,4349,1755,4996,232,5340,219,45,404,7830,5030,697,1091,3058,202,22,445,0,2972,36,34,23071,4,1018,30,2011,5700,3070,1492,94,6,5507,19,74,213,3,808,6,4,1401,5088,181,378,2347,15138,8,6201,1114,0,4755,511,13964,13078,852,4178,348,5550,824,2487,206,6170,555,8,22763,14513,1661,190,2958,14301,23,18208,94,2393,3828,2,40,19481,15535,26281,14,5,52,0,4061,106,5,814,3675,2715,565,45,1524,23573,13561,19591,3156,1861,51698,31,1239,1,1210,196,324,205,7006,4571,52,4980,5583,5852,14881,4307,2195,488,8566,2018,23,2285,10459,314,257,12746,1098,943,877,2296,0,4819,8677,4563,772,358,2643,378,7419,4482,5599,3351,5896,6400,3605,7186,33805,998,11501,593,2263,5243,4799,4974,569,3795,15519,24119,1105,341,12055,35,6988,42,8402,8927,1359,263,8827,3285,21014,13182,9016,23954,13407,5257,35723,39851,21550,9907,14533,68838,66678,31121,25744,52249,10027,24547,5752,11867,2901,18393,46803,42847,30947,49327,51088,45625,12631,28341,5485,26817,30826,49344,89559,16839,3697,32041,40099,103456,4144,15792,12257,40630,27353,44666,5524,7035,9643,24591,13089,14767,21187,16279,4728,11861,14409,106994,54044,10651,24813,26410,24882,28933,43408,7087,64316,12004,231423,53444,53812,310,26094,21623,18588,26417,10951,16444,54484,47807,6225,13043,53980,66370,20119,12188,42328,16534,52189,14988,33434,52394,11761,19941,27231,37163,33825,3179,5546,32740,51005,33773,42620,59603,93047,81946,60764,19224,8234,15999,15642,31555,23283,32465,24802,98924,150377,27404,31385,38280,19880,53122,39739,35568,39413,19006,21271,59888,16132,61540,81379,5234,36487,25443,27296,32106,24748,4324,77828,9660,35232,47770,37328,14441,24515,75126,61302,21985,49837,57602,73141,35259,23182,30953,24477,51879,33318,186937,58488,36742,30105,62771,3733,29530,3343,20242,85780,10428,122490,22502,59113,17595,6340,14455,5369,6655,16800,4441,4709,29667,14664,7065,773,12048,5106,5808,18252,163,7090,33711,32533,5436,1365,1442,29645,35124,14292,1313,8088,6277,45800,15888,52518,849,13246,23973,48578,1924,28017,3199,10194,3594,6890,8718,32363,12534,3188,11715,4976,13511,70318,22765,18751,6557,5485,1050,1954,1355,5874,9663,9184,507,17908,3770,15319,13479,4873,1986,27678,7994,1993,1310,12768,61948,1717,14246,1714,27284,19687,12042,15594,269,9721,61721,21941,1543,11762,2047,32059,10404,1555,29056,20876,18535,28018,10761,33535,3825,11604,68289,6582,51524,29910,57528,25536,21114,4478,14097,793,29826,4781,5825,10721,10142,6941,657,2169,8155,1096,1715,9414,43151,23481,16920,31307,7015,8331,53143,10236,1402,8192,4351,16128,9930,5860,7285,7054,5744,16119,3072,4200,8207,3741,872,41605,1971,3585,3835,11934,5689,7548,19052,150,6991,16255,22076,24693,53327,35143,13894,1,1973,1447,65024,12789,5718,3269,11428,54728,10238,9928,42925,5378,28021,44174,32547,18922,25442,6256,268,4316,549,8525,1274,569,18856,15058,17448,13395,33289,1173,2759,2902,378,1937,41837,5547,6715,29047,4095,488,901,8886,6888,2697,40227,604,15502,13597,20199,874,9643,10193,2778,29998,3450,187,15036,50279,3907,2031,22049,19893,2368,19228,15501,25669,6237,528,20850,316,14780,349,9210,6567,11598,20957,2133,4515,6622,31302,4087,4038,29654,159,19006,1811,32142,18519,9299,10078,2733,3992,624,156,11886,910,56074,16332,10408,780,90,116,3185,14237,2380,7455,2665,856,2277,15183,41199,38295,1951,31173,23179,7120,4497,19022,2371,3659,11818,5397,3042,1920,18,6082,6026,7453,22229,11109,661,22967,32470,39964,53305,45236,39490,1802,2379,15118,2511,2450,484,8716,24279,1218,9156,1244,28218,3812,32234,9296,2195,6869,35330,29813,8376,4576,15669,5586,7287,1783,56325,2212,1063,520,4648
"gene_863",1,0,4,0,0,0,6,6,0,8,1,8,0,0,0,0,0,9,0,1,0,0,3,3,0,3,0,2,0,0,0,0,0,12,0,0,0,0,1,2,0,0,0,0,1,0,1,0,9,0,0,0,1,0,0,4,0,0,4,0,0,14,18,11,0,0,4,3,4,6,39,5,0,1,1,6,0,2,0,0,0,1,0,3,0,1,1,6,0,1,5,0,0,0,1,0,0,0,0,1,4,0,1,0,1,2,0,0,0,0,3,2,0,0,0,0,0,0,0,0,0,0,0,0,0,0,0,0,0,0,0,0,0,0,0,0,0,0,0,0,1,0,0,6,3,3,0,2,0,0,0,0,2,0,0,3,0,0,0,0,0,0,0,0,0,2,0,13,0,0,0,1,3,0,0,1,0,0,6,0,0,1,0,2,0,6,0,1,4,0,4,0,0,0,1,6,0,0,0,0,0,1,2,0,1,2,1,0,0,11,0,0,0,1,2,1,0,2,1,0,0,0,0,3,9,0,0,0,0,1,0,0,0,0,3,0,1,0,6,0,0,0,0,0,1,1,0,0,3,1,0,2,0,0,0,1,0,0,0,1,5,0,0,0,0,1,5,3,0,2,0,2,0,3,1,2,1,6,0,0,0,1,7,9,0,7,5,1,4,0,0,2,0,0,7,1,2,3,1,1,1,3,1,7,1,0,3,0,1,5,0,0,0,0,0,0,2,0,2,5,0,17,0,0,0,0,0,0,0,0,2,0,3,0,0,0,0,2,3,0,0,0,1,2,0,0,0,4,3,2,0,0,1,0,4,1,1,8,1,1,0,0,1,1,11,0,5,5,0,0,2,0,5,0,1,0,2,0,19,3,0,1,15,0,0,2,5,9,0,0,12,1,4,3,1,0,0,0,0,0,0,1,2,5,2,2,0,0,7,0,4,0,5,0,7,0,1,0,2,0,10,1,0,1,1,1,0,0,2,3,7,0,7,0,0,503,133,0,0,0,0,0,0,19,0,15,0,0,0,0,0,6,62,0,0,4,0,0,0,0,0,212,32,0,0,0,159,0,1,0,0,0,0,0,0,0,0,13,103,0,0,0,0,0,0,0,0,0,0,101,494,0,0,0,122,0,0,0,0,0,0,0,0,0,0,0,0,0,1,0,0,0,0,0,0,0,0,0,0,5,0,0,0,0,0,0,0,0,0,977,0,0,0,0,0,0,0,28,1,0,0,0,0,6,0,0,0,0,12,0,0,0,0,0,0,1,0,0,0,0,0,0,0,0,0,0,0,12,1,189,0,0,0,123,4,0,0,0,0,0,0,0,0,0,7,0,0,0,0,0,0,0,0,0,0,0,0,0,269,0,0,0,0,0,0,0,0,0,0,0,5,0,190,0,57,0,39,0,0,0,0,0,0,0,1218,0,0,56,0,0,0,11,0,0,0,0,0,0,0,0,0,0,0,0,0,0,0,401,0,0,4,0,0,0,0,0,0,0,0,0,0,29,0,56,0,0,0,0,0,7,0,0,51,0,0,0,0,0,0,0,0,0,147,0,0,0,0,0,7,0,0,0,86,0,0,0,0,0,0,0,0,0,0,0,0,0,0,0,0,0,0,0,0,0,0,0,0,0,0,0,292,0,6,0,0,0,0,0,350,0,0,0,0,0,0,0,5,167,0,1,0,0,2,0,1,0,0,0,0,0,0,0,0,0,0,0,0,25
"gene_864",887,2,0,89,15,442,207,42,825,4442,1965,6639,69,0,15,4782,3088,0,549,769,278,22,0,322,0,2553,2434,102,2774,239,747,366,2245,811,2,404,61,1348,1460,25,504,2168,8513,1,144,89,152,47,743,4,20,4859,621,479,1378,307,65,175,3094,54,3669,293,2,1780,1782,1794,50,2267,9496,3781,1580,212,0,2712,359,20,977,1376,1702,74,10025,33,21,1388,1237,0,756,2707,66,53,1838,28,0,16,2868,0,308,4,0,4987,5,0,0,1924,0,0,1,10,0,69,22685,0,0,493,4,1,6,1315,0,2,172,0,114,2,1,0,276,0,2907,76,3,330,1331,214,0,0,0,0,320,22,39,0,3469,0,8,0,0,242,1,0,6,3029,14985,0,0,52,0,0,0,9,4147,1453,0,0,12783,0,0,0,0,189,17,10,0,0,3936,272,0,44,0,97,0,0,0,0,11699,0,8,0,0,15188,0,0,534,29,0,5,0,47,239,2122,5170,0,717,2879,1702,3,0,0,3,0,0,406,0,0,492,70,2,0,1,0,11,205,49,532,0,0,0,7965,732,186,54,38,1,1517,0,8,0,0,16,2,9,848,0,59,0,0,2945,47,67,0,3,0,5,2,400,497,0,0,0,0,0,0,0,0,0,0,0,0,0,0,0,0,0,0,0,0,0,0,0,0,0,0,0,0,0,0,0,0,0,0,0,0,0,0,4,0,0,0,0,0,0,0,0,0,0,141,0,0,0,0,0,0,0,3,0,0,0,0,246,38,0,0,5,0,0,25,0,0,0,0,0,0,0,0,0,0,0,0,0,0,0,0,0,0,0,0,0,0,0,0,0,0,0,9,0,0,0,0,0,0,0,0,0,0,0,0,0,0,0,0,0,0,1,0,42,0,0,0,0,0,0,0,50,0,0,0,0,0,0,0,72,0,0,0,0,0,0,0,0,0,0,0,0,0,0,0,0,0,0,0,0,0,0,18,0,0,0,0,0,0,0,0,0,0,0,26,0,0,0,0,0,0,0,0,0,0,0,0,0,0,0,0,8,0,0,0,0,0,0,0,0,0,0,0,0,0,0,0,0,0,0,0,0,0,0,0,0,0,0,0,0,0,0,0,0,0,0,0,0,0,0,0,0,0,0,0,0,0,0,0,0,0,0,0,0,0,0,0,0,0,0,0,0,0,0,0,0,0,0,0,0,0,0,0,0,0,0,783,0,0,0,0,0,0,0,0,0,0,0,0,0,0,0,0,0,0,0,0,0,0,0,0,0,0,0,0,0,0,0,0,0,0,0,0,0,0,0,0,0,0,0,0,4,0,0,0,0,1037,0,0,0,0,0,0,0,0,0,0,0,0,0,0,0,0,0,0,0,0,0,0,0,0,0,0,0,0,0,0,0,0,0,0,0,0,0,0,0,0,0,0,0,0,0,0,0,0,0,0,0,0,0,0,0,0,0,0,0,0,0,0,0,0,0,0,0,0,0,0,0,0,0,0,0,0,0,0,0,0,0,0,0,0,0,0,0,0,0,0,0,0,0,0,0,0,0,0,0,0,0,0,0,0,0,0,0,0,0,0,0,0,0,0,0,0,0,0,0,0,0,0,0,0,0,0,0,0,0,0,0,0,0,0,0,0,0,0,0,0,0,0,0,0,0,0,0,0,0,0,0,0,0,0,0,0,0,0,0,0,0,0,0,0,0,0,0,0,0,0,0,0,0,0,0,0,0,0,0,0,0,0,0,0,0,5,0,0,0,0
"gene_865",1,1555,1441,8,5,1017,29,0,2004,0,18723,5602,4169,5035,6752,1,1526,167,2569,2144,28,523,1591,241,1,439,3692,3097,2084,19,184,2290,522,2092,478,3894,521,1779,1313,273,1,446,4,274,1583,1501,0,89,2926,0,5655,785,2178,1,402,2721,0,717,2553,41,2437,147,135,343,98,114,343,2873,9426,0,263,1,62,0,3587,558,999,5,2786,1591,488,402,4578,8651,10,62,0,46,7,157,109,0,787,1945,3176,291,9676,75,15,1,4744,526,0,204,17,2,1506,617,1396,269,2968,0,0,1385,213,212,0,1,447,120,45,1268,196,3,0,0,0,0,1575,1,1542,2,0,4420,5,59,0,1973,20,17439,47,1547,14,5964,1,184,254,22103,0,556,2361,128,3912,0,29,0,2287,45,0,0,10,349,10,1,2,11195,3015,2043,0,0,1348,25011,2348,0,148,575,0,5027,1332,27,96,617,7943,19,1681,6346,1,9059,15,0,651,15611,39711,0,125,0,0,9,0,0,65,1259,86,372,1447,266,266,271,138,132,2,105,5792,246,5,29,4,14143,54,566,14,0,1,15,41,2049,3043,3457,1743,139,1596,64,0,0,13,5,615,0,7,444,126,1,9089,23,1382,573,140,65,168,1697,1824,67,387,670,16,63,38,6,13205,2863,1,10,0,86,1918,7,0,5,0,1568,112,5615,925,302,0,78,2863,0,455,1,0,835,19,0,67,86,301,22975,35,498,1,656,0,413,0,575,0,102,0,1,194,17,0,130,56,926,5,116,1,0,12,677,190,3,64,46,453,18334,47,49,40,0,158,2190,0,1,247,1043,81,42,0,10,35,1141,4,53,0,2890,964,2867,41,163,652,61,2,71,4109,0,1921,0,16,20,298,2,0,531,0,7871,1802,409,0,706,18,8,204,6198,897,290,4,1725,91,77,807,0,0,13497,25,2,718,12,2960,1342,1254,0,850,0,7,9,16699,70,53,1305,4632,1,1,1852,582,1399,2029,441,347,0,103,6,25,264,168,1,0,1193,777,2104,419,31,10,19,0,21,2270,1568,660,1222,6,34,0,0,0,363,0,0,4,0,0,0,0,35,0,0,0,0,93,0,7,0,18,0,360,669,0,1,0,1592,0,0,3,1,2,0,804,0,0,0,0,0,0,0,1,902,0,0,409,7,0,0,0,0,0,0,99,6,0,25,0,22,1,0,29,418,0,4,0,0,309,0,71,0,0,70,8,0,34,0,0,1,0,0,0,4128,2,0,23,0,0,0,0,260,72,0,0,0,0,38,0,0,1764,0,0,0,0,0,0,0,0,42,0,2,291,136,1,0,0,0,0,0,0,0,0,0,82,9,0,0,225,6348,0,0,0,0,0,0,0,0,0,0,326,274,6,176,0,0,0,0,14,0,0,321,0,0,38,2,17425,0,0,75,6,0,12467,0,0,0,19,0,0,8188,2,0,28,6377,0,87,927,0,0,0,0,0,0,23,0,0,848,0,1467,0,0,0,2803,2,0,0,110,0,19,0,0,0,0,0,287,0,0,0,32,1,0,471,0,26,9223,214,0,2819,1,0,150,0,81,0,27,9055,1166,329,0,0,0,12,0,0,0,0,0,0,0,0,0,0,1917,0,0,1,0,0,2455,0,3,0,0,2,0,0,0,0,2554,0,814,4,0,1983,3695,0,2794,0,77,0,0,0,0,9,1619,218,0,0,0,0,0,786,0,0,0,2361,6,0,1414,0,3,0,6,0,757,0,0,0,807,0,0,0,56,11403,0,0,44,0,3,0,2,2,3126,0,51,4,0,0,0,108,0,118,7,2,0,55,0,0,0,197,0,0,197,0
"gene_866",0,0,0,0,0,1291,0,0,493,0,0,0,1838,0,0,0,0,1,0,245,0,0,0,6,2,0,0,6,0,0,0,0,0,0,0,0,0,0,68,0,0,0,0,0,0,0,0,0,4,0,48,0,0,0,0,0,13,0,3,0,110,0,0,0,0,0,172,1,215,2,0,0,0,0,0,0,1066,0,0,0,0,0,0,0,0,0,8,1061,0,17,0,0,0,3,0,1566,0,0,0,0,0,0,0,0,0,10,0,193,0,0,0,0,0,0,262,0,0,0,0,0,372,0,205,0,381,0,0,7,0,0,0,0,104,0,12,0,0,0,1,24,0,0,0,0,95,5,0,0,984,0,0,0,54,2573,0,0,0,0,4978,0,70,0,0,0,10,0,0,0,0,0,0,0,0,0,0,2,0,0,0,0,0,4,0,0,0,0,0,96,1,0,0,0,0,0,0,0,63,0,0,0,0,0,2559,0,98,0,145,100,446,0,0,0,0,520,0,0,0,0,0,0,262,359,0,357,361,0,0,0,0,471,0,0,0,0,1457,28,4137,0,45,0,0,2,0,5,0,0,0,0,18,26,398,0,167,3,0,2348,54,0,0,35,0,0,0,0,0,0,0,0,0,0,0,0,0,0,0,0,0,0,5,0,0,0,0,0,0,0,0,0,0,0,0,0,0,0,0,0,0,0,0,0,0,0,0,0,0,1,0,0,0,0,0,0,0,0,0,0,0,0,0,0,0,0,0,0,0,0,0,0,0,0,0,0,0,0,0,0,0,0,0,0,0,0,0,0,0,0,0,0,0,0,0,0,0,2,0,0,0,0,0,0,0,0,0,0,0,0,0,0,0,0,0,0,0,0,0,0,0,0,0,0,0,0,0,0,0,0,0,0,0,0,0,0,229,0,0,0,0,0,1,0,0,0,0,0,0,0,0,0,0,0,0,0,9,0,0,0,0,0,0,0,0,0,0,0,0,0,0,0,0,0,0,0,0,3,0,0,0,0,0,0,0,0,0,0,0,0,0,0,0,0,0,0,0,0,0,2,0,0,0,0,0,0,0,0,0,0,0,0,0,0,0,0,0,0,0,0,0,0,0,0,0,0,0,0,0,0,0,0,0,0,0,0,0,0,0,0,0,0,0,0,0,0,0,0,0,0,0,0,0,0,0,0,0,0,0,0,0,0,0,0,0,0,0,0,0,0,0,0,0,0,0,0,0,0,0,0,0,0,0,0,0,0,0,0,0,0,0,1,0,0,0,0,0,0,0,0,0,0,0,0,0,0,0,0,14,0,0,0,0,0,0,0,0,0,0,0,0,0,0,0,0,0,0,0,22,0,0,0,0,0,0,336,0,0,0,0,0,0,0,0,0,0,0,0,0,0,0,0,0,0,0,0,0,0,0,0,0,2,0,1,0,0,33,0,0,0,0,0,0,0,0,0,0,0,0,0,0,0,0,0,0,0,0,0,0,0,0,0,0,0,0,0,0,0,0,0,0,0,0,0,0,0,0,0,0,0,0,0,0,0,0,0,0,0,0,12,0,0,0,0,0,0,0,0,0,0,0,0,0,0,0,0,0,0,0,0,0,0,0,0,0,0,0,0,0,0,0,0,0,0,0,0,0,0,0,0,0,0,0,0,0,0,0,0,0,0,0,0,0,0,28,0,0,0,0,0,0,0,0,0,0,0,0,0,0,0,0,0,0,0,0,0,0,0,0,0,0,0
"gene_867",6,133,6,296,1567,3,175,0,11,99,2352,4,0,409,0,6,25,63,603,93,0,0,3014,7,6,1,0,3809,0,250,0,244,0,0,22,1020,0,2862,2964,18,116,29,16,3530,0,0,1,823,0,13253,331,1,0,5,797,116,10580,637,0,188,2,1455,3,169,961,193,1073,7221,1010,3697,2,304,1,473,168,13161,5,863,114,0,1466,9,0,855,8,1837,80,0,18,0,143,0,6,0,0,0,7810,0,118,5,0,0,0,3765,2716,8,305,0,91,0,906,4,18,0,4,3,1599,0,0,0,0,0,0,141,19,0,2635,6,95,1,0,355,0,9,1,96,27,269,969,1413,8187,52,0,856,456,2051,0,0,94,28,0,356,1,0,0,3231,59,23364,22919,0,5,3,1,6,0,5501,0,0,0,337,3,407,7,0,8,0,0,2,0,0,15162,8,0,0,105,1,836,0,0,1087,5117,7789,1480,882,742,1130,286,22,0,11,19,38,0,1,2,0,0,0,0,641,0,0,384,107,1,0,0,0,2,0,26,0,0,0,336,673,4,0,568,29,2,0,1,12,157,14,6,56,107,0,1,0,0,0,155,0,1,3,131,0,0,3742,13,0,75,4,437,1,765,0,0,1,140,103,107,3977,1,139,23,0,1735,2,2,1154,438,66,74,116,6,0,14,4115,2297,497,2211,107,1462,23,618,8086,205,981,5631,0,0,367,10,19,7,3,6,0,0,0,0,28,1,4,2,0,2158,316,1,872,161,3,508,332,28,323,420,295,0,0,83,5,4,446,0,781,47,98,19,6,5722,0,1247,145,96,711,91,4,0,19,9189,81,1625,3,448,4,32,4486,34,0,11,553,816,0,521,160,875,26,921,41,7,4137,0,90,17,87,0,1210,142,10,0,1634,2807,1,5383,6,1937,36,14,0,0,108,257,204,7,7,2609,14,0,819,0,797,2,3,374,1476,2395,0,43,0,34,0,192,142,0,170,1914,8,1145,1184,421,79,0,144,1022,188,717,2,0,0,0,74,773,6,0,4235,136,409,0,331,2,2126,1308,1926,0,0,468,0,29,168,0,0,0,0,1,123,504,0,32,0,0,2,0,314,46,603,0,0,0,1,935,13,18,38,835,62,852,1,29,1055,0,1,0,1249,54,52,1716,2199,25,2229,4,84,0,0,723,164,686,1,188,0,0,0,4,0,14,20,214,0,15,129,50,15,1401,171,44,0,100,0,310,0,7,0,129,2709,0,44,0,37,6,5138,35,0,903,0,0,1,0,0,6,11,0,3,0,0,19,0,0,6,14,0,73,34,0,550,32,9,0,2337,74,0,0,0,59,25,3054,962,36,17,25,614,13,0,37,11834,30,2,0,0,16,0,0,0,12,0,0,0,0,0,133,635,2,0,0,0,2307,0,0,0,0,0,3,2474,1444,0,25,0,1221,0,0,27,0,0,119,0,0,7,39,4,0,104,0,0,0,0,0,0,7,5,0,0,25,0,474,117,121,0,3,0,0,0,0,0,0,0,0,0,0,7152,533,127,0,1,0,218,1803,49,1,1,0,4,0,1,0,7,39,0,0,8033,0,1,0,0,0,0,0,0,0,0,0,0,309,50,0,15,0,195,0,1,0,0,403,4,1514,0,0,0,73,0,0,0,0,0,0,8,0,0,0,0,0,10,174,0,76,0,6,13,0,0,0,0,0,2,0,0,0,2,0,0,0,0,0,4,0,9,0,0,0,0,0,0,0,0,0,908,0,43,4904,0,4,25,0,30,123,20,0,0,15,63,0,0,0,0,0,28
"gene_868",0,0,0,0,0,0,0,0,0,0,0,0,0,0,0,1025,5,0,0,0,0,0,215,0,0,0,0,0,0,0,0,0,0,0,0,76,0,0,0,0,0,0,0,0,0,0,180,0,0,0,672,0,0,0,0,0,0,0,1352,0,0,0,0,0,0,0,0,21,0,0,0,0,0,0,0,0,0,0,0,0,0,0,0,387,0,0,0,1,0,0,0,0,0,0,0,0,0,0,0,0,0,0,0,0,0,0,0,0,0,0,0,0,0,0,0,0,0,12,0,0,0,0,0,0,0,0,0,0,0,0,0,0,0,0,0,0,0,0,0,0,0,0,0,0,0,0,0,0,0,0,0,0,0,0,0,0,0,0,0,0,0,0,0,0,0,0,0,0,0,0,0,0,0,0,0,0,0,0,0,0,0,0,0,0,0,0,0,0,0,0,0,0,0,0,0,0,0,1,4,0,0,0,0,1,0,0,1,0,0,0,0,0,1,0,0,0,1,0,2,0,1,0,0,0,0,0,0,0,0,0,0,0,0,0,0,0,1,0,0,0,0,6,0,1,0,0,0,0,0,0,9,0,1,0,0,0,0,0,0,0,0,0,0,186,171,0,0,0,0,0,0,0,0,0,0,0,0,0,0,0,0,0,0,7,0,0,0,0,0,0,0,0,0,0,0,0,0,0,0,0,0,0,0,0,0,0,179,0,0,0,0,0,0,0,0,0,0,25,0,0,177,0,0,0,0,321,0,0,0,0,0,0,0,0,0,0,0,0,77,0,0,0,0,0,0,0,478,0,0,0,0,0,0,0,0,0,0,0,0,0,0,0,0,0,0,0,0,0,0,0,0,0,0,0,0,0,0,0,0,0,0,0,0,0,0,0,0,0,0,0,0,0,0,0,0,0,0,0,0,0,1,0,0,0,0,17,0,0,0,68,0,0,0,0,0,0,0,0,0,0,0,0,0,0,0,0,0,0,0,0,0,0,0,0,0,0,0,1,0,0,0,0,0,0,872,0,0,0,0,0,0,0,0,479,0,10,0,5,0,0,0,0,0,0,0,0,0,0,0,0,0,0,0,0,0,0,0,0,0,0,0,0,0,0,0,0,0,0,0,0,0,0,0,0,0,0,1,0,0,0,0,0,0,0,0,0,0,0,0,0,0,0,0,0,0,0,104,0,0,0,0,3871,0,0,0,0,1,1,0,154,0,2,150,106,0,7,0,1458,0,0,0,0,0,0,0,0,0,0,1,0,52,0,0,0,47,0,0,0,0,181,0,0,0,0,0,403,0,313,0,0,0,0,0,0,0,0,0,0,0,0,0,0,0,0,0,5678,0,0,150,0,0,164,0,0,19,0,0,0,0,0,363,0,1,0,0,0,0,0,0,282,0,0,0,0,0,0,0,0,0,0,0,0,0,0,0,0,0,77,2,0,0,0,0,0,0,0,0,0,0,0,0,18,0,0,0,0,0,0,0,1,0,0,0,0,0,0,0,0,0,0,0,0,0,0,0,0,0,0,0,0,0,0,0,0,0,0,0,0,47,0,0,1,0,0,0,221,0,0,0,0,0,0,0,0,0,0,1797,0,0,0,0,0,393,0,0,353,0,0,4,0,0,0,0,0,0,0,0,0,0,0,0,0,45,0,0,0,3,0,0,0,0,0,0,0,0,0,0,0,0,0,0,0,0,0,0,263,0,0,0,68,0,0,0,0,0,0,0,2
"gene_869",1343,51,927,352,693,13,147,372,141,952,591,1411,12,2038,362,651,1,0,11,15,236,28,2478,319,25,2,288,23,468,3,208,893,456,167,335,164,951,25,79,407,5,14,10,207,146,1033,14,297,229,39,99,65,31,47,14,441,27,193,1012,8,973,1728,392,16,28,89,0,817,0,3412,76,212,39,53,450,87,12,596,603,29,204,403,13,133,80,538,50,847,12,39,628,12,105,0,2618,0,52,0,37,17,105,1561,0,0,436,152,5,1,14,0,0,59,0,340,61,0,1189,0,203,203,0,0,0,2,403,1796,1,15,4,0,0,0,667,339,1743,74,0,408,8,1,254,33,0,1,0,0,4,9452,6,0,2823,48,345,84,0,34,0,822,1,62,1521,0,0,5,20,2,0,2121,41,0,705,2,585,0,642,763,2822,9,9,12,219,603,553,0,36,0,25,43,83,1773,3423,101,219,1826,15,2,88,35,10,0,2293,1418,0,444,5647,544,150,0,0,515,3,0,104,2,174,219,190,5,2017,0,1615,29,1775,318,2959,0,1067,1230,215,0,5,309,181,7,166,619,863,791,12,211,231,615,4,18,0,1879,117,0,302,161,104,236,3,296,714,1364,10,1196,171,58,1106,533,167,4,335,14,30,136,169,196,60,51,156,0,5,76,193,0,103,10,115,47,975,597,59,37,6,659,134,366,366,24,0,446,820,13,232,239,381,106,106,3,597,1048,10,4,53,22,6,64,48,324,85,26,124,15,512,3,0,0,31,2034,13,233,135,51,21,43,73,6,7,14,0,72,897,678,385,595,94,121,23,0,427,16,315,4,9,70,4,6,96,736,206,139,1,52,337,24,665,20,79,218,198,65,590,657,427,29,41,146,51,933,31,5,555,495,246,10,424,22,611,436,264,157,150,158,110,54,10,127,852,48,29,336,67,0,474,1,641,55,472,735,76,130,143,1318,35,63,115,612,2,443,83,22,186,13,155,9,154,18,41,1,237,800,75,1419,1170,3,4,39,1075,218,33,138,205,0,110,289,208,56,127,109,30,3,204,8,235,193,24,987,0,1,173,30,91,100,470,19,71,31,1,150,1076,134,888,1,4,509,0,2,707,1303,5,6,34,97,11,4,303,91,4,7,446,41,120,864,79,32,1,38,67,352,1300,119,0,23,9,8,51,192,57,79,64,2152,494,87,20,0,11,189,84,668,619,9,150,452,27,907,105,36,158,72,94,26,0,280,1,5,9,0,567,679,0,152,74,1250,34,189,408,229,0,1,6,125,461,174,1778,327,37,0,0,78,207,9,12,924,91,38,710,0,97,0,217,1,250,172,41,28,241,37,92,25,1264,1104,121,2,40,120,10,3,0,56,4,0,35,7,894,65,1277,35,88,62,1823,0,742,1675,72,0,260,6,0,201,921,11,99,211,12,1044,1772,0,1,0,0,5,62,282,239,23,324,104,183,28,0,2,786,17,735,2,2429,369,69,941,0,82,54,0,0,0,31,304,0,233,1146,423,516,90,0,0,347,3,445,11,639,3,0,644,0,520,0,0,86,5,45,259,42,1,33,801,0,1,78,9,1070,3,1197,4,0,67,17,61,224,2,189,0,74,0,0,137,130,1305,1798,122,0,3,0,0,5,480,52,24,0,0,531,1,289,7,1186,67,14,0,0,16,128,78,9,225,1,154,1106,10,157,0,0,4,878,3393,240,1,1380,5,4,8,162,25,1,42,537,0,1593,239,3896,0,1897,73,272,134,0,656,394,1073,1,39,35,1640,2413,104,0,1138
"gene_870",4,0,0,0,1449,1200,2,0,0,0,0,4,401,0,0,0,0,0,0,0,0,2,7,0,0,0,0,28,0,0,49,0,0,3,0,0,25,46,142,0,0,0,0,0,0,0,0,0,0,0,0,0,0,18,0,13,5,0,69,0,0,211,0,4,0,0,0,0,0,718,0,0,7,29,0,0,0,0,0,5,0,0,0,1,0,0,0,0,0,0,3,0,0,0,0,0,0,0,0,0,0,0,0,0,0,0,0,0,0,0,0,0,0,0,0,0,0,0,0,0,0,0,0,0,0,0,0,0,0,0,0,0,0,3,0,0,0,0,0,0,0,0,0,0,0,0,0,0,0,0,0,0,0,0,0,0,0,0,0,3,0,0,0,0,0,0,0,0,0,0,0,0,0,0,0,0,0,0,0,0,0,0,0,15,0,0,0,0,0,0,0,3,0,0,0,17,0,0,0,0,0,0,0,0,0,0,0,212,46,0,0,59,0,0,0,0,0,0,0,0,1,3,0,0,0,0,0,0,0,0,0,6,3,0,262,0,0,736,0,0,0,0,0,0,0,0,117,0,6,0,0,0,0,11,0,0,0,2,0,0,877,3,84,2,960,7,0,98,0,28,0,0,0,2447,521,4924,18,575,0,0,239,54,11,3,0,1475,7286,0,1,5757,0,222,32,0,8676,0,0,29,0,53,0,1488,0,8,5,3217,0,1942,1096,0,0,0,4,79,4,0,0,4827,2,0,896,0,0,0,111,580,0,0,486,0,0,0,1978,0,0,0,0,0,107,0,0,0,10,1187,0,252,0,91,5,0,269,20,0,0,3533,0,73,2872,25,255,576,1578,0,3,0,0,119,16,195,0,75,0,271,0,0,0,1935,49,0,0,55,0,0,7064,11,415,159,0,14,0,0,43,7,0,11,0,397,1,22,72,0,0,37,0,1,0,582,0,1,138,0,0,22,0,0,217,765,117,0,93,0,736,88,3177,0,1514,1,28,28,0,0,80,0,1,189,0,54,10,0,266,0,4,94,6,0,1326,1,88,14,0,4,0,0,0,2333,0,0,4,166,0,0,356,0,1000,0,458,360,825,3,0,4,3,2,1338,0,0,0,0,13,0,0,2202,0,0,1,24,0,0,0,0,6,0,0,2,10,0,0,0,0,428,3,0,138,0,3,32,0,0,9,0,41,94,0,250,13,0,0,19,407,8,90,524,43,384,0,0,345,371,0,0,0,0,373,0,0,47,5124,0,0,0,0,0,0,11,0,3,57,11,2,0,6,481,2969,86,630,0,0,13117,16,0,4,0,97,822,27,14,0,0,1,8,0,0,0,0,0,0,193,22,0,180,483,65,0,4138,0,0,0,0,43,6,0,0,0,0,0,0,0,144,24,0,0,0,714,0,0,253,2,0,0,0,2,0,0,0,0,0,0,1,29,0,3826,0,0,0,0,1569,424,221,0,0,0,0,0,0,0,0,0,0,0,0,0,0,194,0,0,3,281,0,0,0,0,0,160,107,0,0,0,0,0,0,0,121,0,0,0,0,0,0,0,0,0,0,0,0,162,0,0,0,562,0,0,0,31,0,0,144,0,0,3,0,0,0,0,0,39,0,0,7,0,0,0,0,0,0,0,0,0,0,30,0,0,0,0,0,328,0,4,0,0,0,79,0,0,40,411,0,0,0,0,60,0,0,0,0,0,0,0,18,0,0,5,0,0,435,3,0,0,0,98,0,0,0,0,0,0,0,13,0
"gene_871",34,9,109,4,4,0,13,0,0,0,2563,34,2,0,5,49,1,0,38,27,0,0,25,3,0,1,92,0,1,1550,0,2,142,151,0,4,148,95,0,0,13,0,310,1,1,11,80,0,3,47,0,61,68,48,0,0,456,0,34,343,0,0,0,110,158,99,0,2,0,0,372,0,15,537,3,0,0,2,0,0,1,12,1,1714,31,0,53,12,0,0,7,17,716,0,0,0,0,0,20,0,786,0,1077,1,1,141,22,37,2,35,13452,0,0,0,864,0,0,0,1021,0,436,0,0,249,0,0,0,0,1683,2,0,0,0,0,1,20,0,0,0,40,0,0,0,0,0,0,0,1290,0,1,160,0,0,0,133,1097,0,0,0,7,2,0,0,0,9858,0,0,10,0,1,0,161,0,0,0,0,95,0,0,0,0,0,1708,0,0,2,0,953,0,0,0,0,9,0,375,19,1,1,0,499,75,1725,0,0,209,246,412,46,110,55,9,0,325,428,0,0,83,0,0,0,122,184,1316,17,1,45,0,7,2,14,0,6,0,699,634,305,0,1618,1559,2,1,1,7,147,1,31,15,2,0,0,0,1995,3506,14,634,0,8,0,89,6,1,65,0,0,118,22,69,0,0,0,22,1400,0,687,0,3,0,3,0,0,12,0,939,9,14,0,7,0,0,0,0,0,0,0,0,0,5,0,8,0,8,21,9,1,0,8,0,0,0,0,0,0,0,114,0,6,0,115,4,15,2,0,1,0,83,24,46,0,503,247,25,0,20,0,0,0,570,8,0,0,0,2,0,15,0,5,2694,0,5,0,0,0,10,1,0,62,0,24,0,0,3,1,499,0,3,0,0,0,0,0,257,65,0,0,0,1160,8,12,92,23,0,0,615,24,2,28,772,0,0,82,0,0,0,231,8523,958,0,0,168,64,0,0,768,520,597,0,0,1,0,0,0,1643,24,55,11,0,0,0,3,3,323,0,45,0,0,0,0,0,1203,6,58,151,0,6,1,24,533,0,0,677,0,0,1,0,63,0,1,0,119,0,0,0,0,0,0,0,0,0,5,0,0,0,0,8,66,0,0,0,955,0,3,0,0,0,0,0,0,0,0,276,0,0,0,0,0,0,0,4,144,15,0,0,0,0,28,264,0,0,16,0,0,0,136,0,0,0,2,1,0,0,2,0,0,0,0,0,0,4,49,0,0,36,56,0,0,80,0,41,43,0,0,0,0,0,0,254,11,0,0,0,15,94,665,0,0,69,0,400,0,0,52,12,0,0,0,6,0,0,0,139,0,36,1,0,0,32,197,0,0,0,661,0,22,1,0,5,40,1,0,25,92,0,0,0,0,0,0,0,64,0,0,0,0,0,0,0,1207,0,0,0,8,0,0,0,437,280,4,0,0,0,497,0,0,0,1,0,2903,0,0,1,0,0,43,0,0,0,0,0,0,3,1,0,0,0,0,0,0,0,0,0,94,0,0,0,56,0,2800,0,1,0,0,7,0,31,0,0,0,222,0,1,2,0,0,0,0,0,0,0,0,2,0,0,0,0,0,0,0,0,0,0,0,770,0,0,0,3,0,14,0,111,0,0,0,119,0,72,485,0,0,0,200,0,0,0,0,17,0,6,3540,0,382,0,0,1026,0,0,0,0,0,3,15,0,0,0,0,14,1040,2828,686,13,0,0,5,80,0,0,0,0,28,2,0,212,64,0,0,0,2388,0,23,0,0,0,4,10,0,0,0,0
"gene_872",93,313,1,63,8197,133,1,4054,1365,22,359,298,5,319,1422,0,0,0,5113,251,63,21,1271,99,55,802,6156,788,24,132,61,2576,4,69,21,1,2,1295,429,0,1,0,0,8,229,118,0,2,296,127,1004,3,0,803,93,4,152,912,439,1,348,2187,3019,1,228,2089,1,0,3384,44,10788,9,26,8,0,3035,1,343,296,9061,0,153,783,74,0,149,1,11,989,0,0,0,0,0,0,0,0,0,0,0,0,0,39,2,1,0,2,157,0,0,19,0,0,0,0,0,0,0,61,3,0,46,0,0,0,6,0,0,453,0,0,0,57,29,0,0,45,42,0,0,4,0,0,0,0,0,1133,0,0,13,0,0,0,0,0,0,0,0,0,1,0,0,0,16,0,5,0,0,0,0,0,0,0,0,28,0,0,0,0,0,0,12,89,52,3,0,0,0,57,0,0,0,0,0,86,0,1,5,23,0,66,1,3,79,164,106,3,0,0,0,0,31,0,132,2,53,141,7,4,9,0,44,277,127,4,33,43,1,2,66,11,3,23,1,18,49,133,0,2,12,0,46,63,1,9,206,2,45,17,23,1,5,15,21,97,9,0,1,33,3,1051,417,0,0,108,13,48,2,43,160,8,5,2,138,0,1,79,0,0,154,6,23,6,56,4,417,3,0,5,50,56,138,87,39,0,195,5,338,28,38,19,53,0,52,2,0,2,78,84,231,196,1,13,0,7,179,0,1561,1,0,29,11,0,127,13,232,335,354,9,15,0,18,363,529,2,107,1,1,2,206,0,274,3,11,0,24,72,6,1,0,495,658,48,0,33,9,118,0,0,122,33,1,0,1,914,27,73,9,80,56,8,271,415,0,4,50,2118,7,530,1,0,122,11,0,78,57,4,16,1,0,1,0,689,58,117,25,0,10,0,38,28,391,0,0,211,3,115,18,4,186,1028,308,0,210,4,122,83,0,273,0,14,42,8,16,54,1,464,0,5,184,53,0,31,161,0,39,36,25,90,44,0,36,0,0,39,10,140,0,3,1,0,0,20,182,20,448,43,25,122,149,0,57,215,0,26,15,327,25,8,2,165,9,14,21,144,12,27,7,31,3,130,15,216,1,0,94,162,0,51,0,11,218,0,152,0,3,4,5,56,2,19,0,0,8,393,56,361,895,377,21,0,0,0,2,18,21,12,2,160,44,0,0,0,0,0,19,0,1,38,0,4,0,1,19,9,0,1,21,97,0,48,0,2,0,7,0,2,1,0,2,0,397,0,0,12,3,145,7,977,526,19,644,610,0,72,0,0,23,3,4,30,1,23,70,0,0,10,0,6,0,7,13,0,2,3,0,11,2,0,3,10,0,0,1,35,163,174,40,70,0,1,90,0,5,2,82,1,20,121,0,53,0,17,0,20,0,1,57,1,70,0,0,0,2,0,8,1,26,132,0,0,0,2,0,2,4,15,0,5,26,1,0,107,0,118,28,0,160,0,2,0,1,220,0,0,1,38,10,6,42,4,1,0,24,108,342,30,0,39,16,0,26,0,0,10,71,15,1,45,18,0,107,1,1,10,19,0,5,2,18,1,5,51,1,0,4,1,19,1,92,23,3,13,5,6,31,59,14,14,5,0,0,0,1,5,0,0,1,10,0,5,24,13,7,122,0,221,7,0,27,0,2,0,1,1,176,0,34,14,15,273,8,0,105,0,105,1,0,18,0,61,47,6,96,111,0,5,0
"gene_873",0,0,0,0,0,0,0,0,0,0,0,0,14,0,0,0,18,0,0,0,0,0,0,0,0,0,9,0,0,0,0,0,0,0,0,0,0,0,0,0,0,0,0,0,0,0,0,0,0,0,0,0,0,0,0,0,25,0,345,0,0,0,0,0,0,0,0,0,0,0,0,0,0,0,0,0,0,0,0,0,0,0,0,0,0,0,0,1183,0,1,0,0,0,0,0,18,0,0,0,0,0,2,0,0,0,327,0,0,0,0,0,0,0,0,0,0,0,0,0,0,4,0,0,1,0,0,0,0,0,0,0,27,0,0,0,0,0,0,0,12,0,0,0,343,511,1673,0,1,0,0,0,1,0,0,0,0,424,0,0,0,1825,0,0,0,72,0,0,3,113,0,0,0,0,0,0,0,624,31,1,0,0,480,0,0,0,106,1,0,0,0,0,0,0,0,0,0,0,0,0,0,0,0,0,0,0,0,0,23,0,0,0,0,0,0,0,123,0,0,0,0,124,0,0,1,0,0,0,14,0,0,0,0,0,0,5,0,0,0,1,83,0,31,0,0,3,0,0,0,0,2103,0,0,599,7,0,49,0,0,0,0,0,0,0,0,0,0,0,0,0,5,744,0,0,0,0,0,0,0,0,0,0,0,0,0,0,0,0,301,0,0,0,0,10,0,0,0,0,0,0,0,0,0,0,0,0,0,0,0,0,0,0,0,0,0,0,0,0,0,0,0,0,0,0,0,0,0,0,0,0,0,0,0,0,0,348,0,0,0,0,0,0,0,45,0,0,0,0,0,0,0,3,0,467,0,0,0,0,0,0,0,0,0,0,0,918,0,0,0,0,0,0,0,0,0,0,0,0,0,0,0,0,0,0,0,0,0,0,0,0,0,855,0,0,0,0,0,0,0,0,0,0,0,0,0,0,0,0,0,0,0,0,0,0,0,0,0,0,0,0,0,0,0,0,0,0,0,0,0,0,0,0,0,0,0,0,0,0,0,0,0,0,0,0,0,0,0,0,0,0,0,0,0,0,0,0,0,0,0,0,0,0,0,0,0,0,0,0,0,0,0,0,0,0,0,0,0,0,0,0,0,0,0,0,0,0,0,0,0,0,0,0,0,0,0,0,0,0,0,0,0,0,0,0,0,0,0,0,0,0,0,0,0,0,0,0,0,0,0,0,0,0,0,0,0,0,0,0,0,0,0,0,0,0,0,0,0,0,0,0,0,0,0,0,0,0,0,0,0,0,0,0,0,0,0,0,0,0,0,0,0,0,0,0,0,0,0,0,0,0,0,0,0,0,2,0,0,0,0,0,0,0,0,0,0,0,0,0,1,3,1,0,0,0,0,0,0,0,0,0,0,0,0,0,0,1,0,0,0,1,0,0,0,0,0,0,0,0,0,0,1,0,0,0,0,0,0,0,0,0,0,0,0,0,0,0,0,0,0,0,0,0,0,0,0,0,0,0,0,0,0,0,0,0,0,0,0,0,0,0,1,0,0,0,0,0,0,0,0,0,0,0,0,0,0,0,0,0,0,0,0,0,0,0,0,0,0,0,0,0,0,0,0,0,0,0,0,0,0,0,0,0,0,1,0,0,0,0,0,0,0,0,0,0,0,0,0,0,0,0,0,0,0,0,0,0,0,0,0,0,0,0,0,0,0,0,1,0,0,1,0,1,0,0,0,0,0,0,1,0,0,0,0,0,0,0,0,0,0
"gene_874",0,0,0,0,0,0,0,0,0,0,0,0,0,0,0,0,0,0,0,0,0,0,0,0,0,0,0,0,0,0,0,0,0,0,0,0,0,0,0,0,0,0,0,0,0,0,0,0,0,0,0,0,0,0,0,0,0,0,0,0,0,0,0,0,0,0,0,0,0,0,0,0,0,0,0,0,0,0,0,0,0,0,0,0,0,0,0,0,0,0,0,0,0,0,0,23,0,0,0,0,0,0,0,0,0,0,0,0,0,0,0,0,0,0,0,0,0,0,0,0,0,0,0,0,0,0,8,0,0,0,0,0,2,0,0,0,0,0,0,0,0,0,2,0,0,0,0,0,0,0,0,0,0,0,0,0,0,0,0,2,0,0,0,0,0,0,0,0,0,0,0,14,0,0,0,0,23,0,0,0,0,0,0,0,0,0,0,0,0,0,0,0,0,0,0,0,0,0,0,0,0,0,1254,0,0,0,6,261,11,0,4,1,0,0,657,0,0,0,0,0,0,0,0,0,0,0,0,4133,196,0,0,0,0,9,7,0,0,0,189,0,18,0,0,0,0,0,0,0,0,0,0,0,0,0,0,0,0,0,0,0,0,0,0,0,0,0,0,0,0,0,0,0,0,0,0,0,0,0,0,0,0,0,0,0,0,0,0,0,0,0,0,0,0,0,0,0,0,0,0,0,0,0,0,0,0,0,0,0,0,0,0,0,130,0,0,0,0,0,0,0,0,0,0,0,0,0,0,0,0,0,0,0,0,0,0,0,0,0,0,0,0,0,0,0,0,0,0,0,0,0,0,0,0,0,0,0,0,0,0,0,0,0,0,0,0,0,0,0,0,0,0,0,0,1,0,0,0,0,2446,0,0,0,0,0,0,0,0,0,0,0,0,0,0,0,0,0,0,0,0,0,0,0,0,0,0,0,0,0,0,0,0,0,0,0,0,0,0,0,0,0,0,0,0,0,0,0,0,0,0,0,0,0,0,0,0,0,0,0,0,0,0,0,0,0,0,0,0,0,0,0,0,0,0,0,0,0,0,0,0,0,0,0,0,0,0,0,0,0,0,0,0,0,0,0,0,0,0,0,0,0,0,0,0,0,0,0,0,0,0,0,0,0,0,0,0,0,0,0,0,0,0,0,0,0,0,0,0,0,0,0,0,0,0,0,0,0,0,0,0,0,0,0,0,0,0,0,0,0,0,0,0,0,0,0,0,0,0,0,0,0,0,0,0,0,0,0,0,0,0,0,0,0,0,0,0,0,0,0,0,0,0,0,0,0,0,0,0,0,0,0,0,0,0,0,0,0,0,0,0,0,0,0,0,0,0,0,0,0,0,0,0,0,0,0,0,0,1,0,0,0,1,0,0,0,0,0,1,0,0,0,0,0,0,0,0,0,0,0,0,0,0,1,0,0,3,0,0,0,0,0,0,0,0,0,0,0,0,0,0,0,0,0,0,0,0,0,0,0,0,0,0,0,0,0,1,0,0,0,0,0,0,0,0,0,1,0,1,0,0,0,0,1,0,1,0,0,0,0,0,0,0,0,0,1,0,0,0,0,0,2,0,0,0,0,0,1,0,0,0,0,0,0,2,0,0,0,0,0,1,0,0,0,0,0,1,1,0,0,0,0,0,0,0,0,0,0,0,0,0,0,0,1,0,0,0,0,0,0,0,0,0,0,0,1,0,1,0,0,1,0,0,0,0,0,0,0,0,0
"gene_875",1,1,1045,0,0,0,264,0,212,0,0,0,479,0,161,0,21,0,6,0,0,151,0,19,3,0,0,0,0,13,841,0,0,0,0,0,0,0,6,331,13,0,0,0,6,0,0,464,715,0,0,0,0,16,427,1881,0,0,0,0,0,0,6,609,0,0,4,0,0,4,96,0,0,0,27,9,0,100,1535,0,0,0,302,10,0,488,3,0,0,2,37,38,533,16,1267,350,0,15,176,2,258,1,0,9,11,254,84,439,280,2,3,1011,228,26,1246,436,321,0,3984,1,121,16,1,2,0,8,38,27,30,0,20,1,9,6,1032,0,122,0,0,1278,682,877,176,0,1,257,0,101,234,0,2053,0,124,1,1686,0,0,0,0,117,143,9,1,3,0,0,270,4,0,7,49,0,5,0,223,0,441,0,1,251,0,21,5,0,0,2751,3,13,174,28,0,0,17,234,0,4397,8,16,0,260,0,244,0,0,253,31,1,9,554,0,237,271,0,0,1520,1872,0,0,3,6881,0,169,0,0,13770,0,704,0,0,0,0,19,0,3,0,0,729,438,0,29,13692,230,40,184,680,49,1071,2073,0,229,2,28083,0,194,326,0,281,2,0,0,16,0,0,0,0,0,0,0,0,0,0,3,0,0,0,0,0,0,0,0,0,1,57,0,0,254,0,0,0,0,0,0,0,0,0,357,0,0,0,0,0,0,0,0,1,0,0,0,0,67,0,21,4,10,0,0,0,0,0,0,0,0,5,0,0,0,0,0,166,0,0,0,0,0,0,2,0,0,0,0,0,0,0,815,0,0,0,0,0,0,0,0,0,0,0,0,0,0,0,15,1,0,0,0,0,0,0,0,0,118,0,0,0,25,0,0,0,0,0,106,0,0,0,0,0,0,0,0,0,0,2,0,0,0,0,2,0,0,2,0,0,0,0,0,0,0,0,299,1,131,0,0,0,0,0,40,0,0,0,0,0,0,0,0,0,0,0,0,0,4,54,0,0,27,434,259,880,2,52,0,490,0,388,19,44,1,1,5,0,0,0,0,0,0,0,0,6,0,4,896,16,1,0,191,0,133,0,0,3956,0,2,6,0,0,0,290,305,0,0,0,0,23,0,0,253,0,0,0,3,10,267,0,0,5074,0,2,0,0,64,112,119,0,0,0,0,0,100,44,0,9,0,8,187,1,0,0,6,428,212,871,0,0,0,0,0,51,0,0,0,0,0,57,3909,0,284,0,1235,18,1822,0,0,2,856,226,0,79,200,0,0,0,0,0,112,155,0,1,48,5,0,0,746,5,16,0,0,0,228,22,0,5,9299,0,0,0,6,3,27,0,0,0,0,0,0,1,0,0,0,0,0,4,0,0,0,0,0,1523,511,0,0,0,0,0,0,0,0,0,0,0,0,0,0,0,18,140,0,0,98,6,447,0,9,0,0,0,1102,0,199,0,0,0,0,0,0,5,537,0,0,0,0,0,0,0,5788,5,0,1350,0,0,0,0,1240,0,0,0,1,0,0,2,0,0,17,0,0,0,0,0,0,0,0,0,0,0,0,0,68,72,80,0,0,304,14,32,0,0,697,0,0,0,0,0,82,0,0,0,0,16,0,0,3,2093,0,0,0,0,0,184,101,0,0,0,0,0,0,0,186,0,0,0,0,0,2,0,278,4,85,0,0,0,0,0,0,1,0,0,0,0,0,0,0,0,0,410,0,0,0,1,0,0,0,7,0,0,0,0,0,0,0,0
"gene_876",0,0,0,0,0,6,0,0,0,0,0,0,0,0,590,0,0,0,0,2704,0,0,0,0,0,0,0,0,3,0,0,0,0,0,0,0,1067,1,20,601,18,112,37,0,0,0,0,110,0,9,0,0,0,0,0,5,1476,0,0,0,4511,1,1,0,0,0,0,2,0,0,0,0,135,0,0,0,0,0,0,140,0,270,1,0,3,1,0,0,0,0,0,3231,0,3,0,0,0,0,0,0,0,0,0,0,0,0,0,0,0,0,0,0,0,0,0,0,0,0,0,72,0,0,0,0,0,0,0,0,0,0,0,0,0,0,0,0,0,105,0,0,0,0,0,0,0,500,0,0,0,0,0,0,0,0,2,0,0,0,0,0,0,0,0,0,0,0,0,0,0,0,0,0,0,0,0,0,0,0,0,0,0,0,0,0,0,0,0,0,0,0,0,0,0,0,0,39,0,0,0,0,0,0,0,31,0,1572,5,0,509,0,0,3124,0,0,0,228,0,0,0,0,578,0,9,0,0,0,0,0,4404,0,0,0,0,0,0,0,0,0,0,0,0,0,0,1,0,0,0,3,0,0,0,0,0,0,152,0,0,0,0,0,0,0,0,0,0,0,0,0,0,0,0,1,0,0,0,0,1,0,0,0,0,1,0,0,0,0,0,0,0,0,0,0,0,0,0,0,0,0,0,0,0,0,0,0,0,0,0,0,0,0,1,0,0,0,0,0,0,0,2,0,0,0,0,0,0,0,0,0,1,0,0,0,0,0,0,0,0,0,0,0,0,1,0,0,0,1,0,0,0,0,1,0,0,0,0,0,0,0,0,0,0,0,0,0,0,0,0,0,0,0,0,0,1,0,0,1,0,0,0,0,0,0,0,0,0,0,0,1,2,0,0,0,0,0,0,0,0,0,0,0,0,0,0,0,0,1,0,0,1,0,0,0,0,0,0,0,0,1,0,1,0,0,0,0,0,0,0,0,0,0,0,0,0,0,0,3,0,2,0,0,0,1,0,0,1,0,0,1,0,5,0,0,0,0,0,2,0,0,1,0,1,0,0,0,0,3,0,0,0,0,0,0,0,2,0,0,0,0,0,0,0,2,0,0,0,2,0,0,0,0,0,0,0,0,0,0,0,0,2,0,0,0,0,0,1,0,0,1,1,0,2,0,0,0,0,0,0,0,0,0,0,1,0,0,0,0,0,0,0,0,0,0,0,1,0,0,0,1,0,0,0,0,4,0,7,1,0,0,0,0,1,0,0,0,0,0,0,3,0,0,0,3,0,0,3,0,1,0,0,0,0,0,0,0,0,0,0,0,0,0,0,0,0,0,0,0,0,0,0,0,0,0,0,0,0,0,3,0,0,0,0,0,0,0,0,0,0,0,1,0,0,0,0,0,0,0,0,0,0,0,0,0,0,0,1,0,0,0,0,0,0,0,0,0,0,0,0,0,0,0,0,0,0,0,0,1,0,0,0,0,0,0,0,0,0,0,0,0,0,0,0,0,0,0,0,0,0,0,0,0,0,0,0,0,0,0,0,0,0,0,0,0,0,0,0,0,0,0,0,0,0,0,0,0,0,0,0,0,0,0,0,0,0,0,0,0,0,0,0,0,0,0,0,0,0,0,0,0,0,0,0,0,0,2,0,0,0,1,0,0,0,0,0,0,0,0,0,1,0,0,0,0,0,1,0,0,0,0,0,3,1,0,0,0,0,0,0,0
"gene_877",0,0,3,1903,2,0,0,0,4,0,0,0,19,0,29,0,0,1,360,0,46,5,255,0,136,0,59,0,1,27,0,0,0,39,80,0,1,0,0,0,0,0,0,0,44,0,0,1,0,389,1531,0,0,0,0,0,0,2726,0,0,0,0,0,0,0,0,0,7,0,0,0,0,0,0,0,0,0,7,590,69,0,0,426,165,3,0,0,0,0,0,0,5084,1239,0,0,0,0,0,0,0,10,152,0,0,0,0,1,0,0,0,0,0,0,1,2669,186,0,0,0,0,0,132,0,0,0,0,0,0,0,122,0,33,0,2402,0,0,0,0,0,0,0,0,0,0,140,0,166,0,0,0,0,0,0,0,0,0,0,0,91,0,0,0,0,0,0,0,0,0,0,1,0,0,0,0,0,0,839,0,0,0,0,0,0,1,0,0,0,0,0,0,3,1,0,0,0,0,0,0,0,0,4,0,0,0,0,0,0,227,0,0,0,3,0,0,0,0,0,0,0,0,0,0,50,0,3,0,0,0,0,0,0,0,0,0,1,356,2,0,0,0,0,0,15,0,0,812,0,0,0,27,0,0,0,0,300,0,26,0,0,0,0,0,0,501,326,0,0,0,0,84,150,831,0,0,342,33,4,0,16,245,0,0,7,40,0,0,0,8,1,149,114,13,40,0,20,0,1,0,0,0,0,37,308,422,0,0,0,0,0,0,105,0,104,0,372,1,0,0,0,5,2,81,0,474,0,0,0,0,0,631,0,10,152,0,182,11,0,1,0,1,0,0,0,0,1000,5,0,0,10,14,0,49,0,0,1,0,0,0,362,0,0,0,90,38,16,1,215,0,1,218,0,7,927,0,0,29,290,0,0,1,0,0,0,33,0,331,23,30,0,73,11,0,896,117,0,371,0,0,0,24,0,739,0,0,0,1,48,0,15,1,0,0,0,2,4,761,0,0,1717,696,4,383,0,923,0,461,11,0,448,0,0,143,65,0,2,0,0,82,0,0,0,614,14,0,4,0,0,0,1775,0,0,0,289,0,0,0,0,0,0,0,0,6,0,7,58,0,0,1897,0,486,0,0,7,0,0,0,509,1,0,8,0,0,0,0,0,0,0,0,0,84,1,0,0,0,2,0,432,0,3,0,0,0,0,0,29,119,0,0,3266,0,25,1,0,0,844,0,0,0,0,0,43,0,571,0,0,0,1,0,0,385,0,0,48,2,0,23,30,0,1,0,0,228,0,965,1,31,0,0,0,0,0,2,37,1,0,75,0,0,0,0,115,1,0,0,48,454,2,487,45,0,0,0,0,0,2,0,0,396,0,0,0,0,0,0,0,922,0,10,0,0,0,0,0,1,0,37,0,43,0,0,0,0,46,29,0,51,4,101,1396,0,0,0,378,97,0,12,0,2,333,0,0,0,0,0,0,0,0,0,0,2278,0,0,52,2,0,0,0,0,3,0,0,0,0,0,0,0,0,177,0,2215,0,0,943,0,1,0,0,2,2,0,0,0,0,0,0,0,0,0,8,0,0,797,0,0,232,3,0,0,0,0,9,0,8,0,0,352,112,0,0,0,0,0,0,0,0,16,0,7,25,0,0,0,0,0,0,0,0,0,0,0,0,0,0,0,0,0,0,0,0,0,0,0,123,0,0,0,0,0,9,0,0,0,0,0,0,0,0,22,0,0,0,0,98,2,0,727,0,12,0,0,0,299,0,0,0,0,1,0
"gene_878",1,3062,36,0,2,0,0,253,7,0,0,0,0,905,0,0,0,0,0,0,0,0,0,0,0,0,9,7,0,0,0,3,538,0,9,1531,3,0,0,0,0,0,78,0,0,0,0,0,0,0,0,0,0,420,55,0,0,3,21,8,0,8,0,723,517,0,0,8,8,0,86,0,0,870,408,0,2,1978,68,0,0,400,26,3,901,1227,0,14,0,0,0,0,225,60,0,0,0,0,322,8,0,2113,0,7,9317,0,0,441,27,10,0,14,199,0,0,0,0,0,0,2,0,0,0,0,0,0,0,0,0,0,0,0,1,0,0,0,0,50,0,0,0,0,1274,0,0,5975,23,0,85,1152,0,0,0,2,8643,21,36002,9,0,0,0,0,17,0,0,0,10,1,39,31,0,0,16872,0,0,0,276,0,0,5650,0,16,0,302,0,0,0,2538,19723,0,0,0,0,0,0,0,0,0,0,0,36,0,0,13,192,0,0,1946,0,7,0,108,0,0,0,0,0,2,0,0,1,452,0,0,0,0,2,0,0,0,722,0,0,0,716,0,134,9579,94,0,0,1,526,0,0,34,0,0,13,0,0,0,5860,0,15,0,0,0,0,0,67,0,0,0,0,0,0,0,235,0,0,0,10,0,0,0,3,0,93,0,0,0,1,0,0,9,213,0,0,0,0,1,4,0,0,1180,0,0,547,13,0,0,37,3,19,0,3,6,11,689,0,9,20,0,10,121,0,0,0,0,0,5,0,0,0,1,0,0,0,4,0,0,19,26,0,0,0,0,150,0,0,202,312,22,39,0,1,11,105,0,515,0,0,0,0,92,9,0,0,0,3,0,3,0,0,890,0,17,0,0,72,64,0,3,2,20,0,0,0,0,0,658,0,0,719,2,0,615,240,0,0,1,4100,334,0,324,0,0,0,0,0,0,39,8,2,0,0,0,0,2,0,11,0,4,0,0,183,0,75,0,0,0,634,25,0,1,11,170,30,0,0,1,1,1,17,5,0,0,5160,0,302,0,175,0,824,7,0,12,20,74,380,0,183,58,40,673,0,3,2,109,0,0,67,0,168,797,127,0,0,0,32,0,2,0,13,0,156,0,0,22,5,202,0,8,631,0,0,0,0,0,1,197,0,57,2860,0,0,364,16,9,0,141,3,10,4,21,2,0,7,71,0,0,0,0,0,33,49,5,11,0,45,0,0,1111,4,24,30,0,0,10,0,5,0,0,0,944,502,0,0,141,2330,0,0,0,2,0,165,1,0,0,1349,0,5,288,140,0,0,0,41,0,0,0,0,41,0,0,24,0,0,140,1601,0,0,0,0,0,0,0,0,636,0,31,570,8,0,0,0,0,0,0,0,0,0,0,0,0,568,0,1180,3,124,0,0,2,1261,0,0,0,0,0,0,0,524,0,0,242,0,0,0,0,29,2,526,0,8,0,0,0,0,0,0,0,50,0,0,185,0,0,0,1,0,0,6,0,0,0,0,29,0,0,0,0,16,0,2,0,25,0,0,0,0,0,0,0,0,0,0,0,0,116,0,0,0,0,65,0,13,0,0,0,1,0,4,0,57,0,148,0,0,0,0,0,0,2,1571,0,2,0,0,0,0,13,0,0,752,0,0,0,0,0,101,1,0,0,5,3936,0,173,1,0,0,0,846,0,0,0,0,46,0,8,0,0,1646,0,4,0,0,40,0,1,0,0,0,0,10,0,0,0,0,0,0,46,0,0,0,0,0,0
"gene_879",0,0,0,0,0,0,0,0,0,0,0,0,0,1434,0,0,0,0,0,16,0,155,0,0,0,0,0,0,0,0,0,0,0,0,0,0,0,0,0,0,0,0,0,0,5,0,69,0,0,0,0,0,0,0,0,0,0,0,0,0,0,0,0,0,0,0,0,0,0,0,0,0,0,0,0,0,0,0,0,0,0,0,0,0,0,0,0,0,0,0,0,0,0,0,0,0,0,0,0,0,0,0,0,0,0,0,0,0,0,0,0,0,0,0,0,0,0,0,0,0,0,0,0,0,0,0,0,0,0,0,0,0,0,0,0,0,0,0,0,0,0,0,0,0,0,0,0,0,0,0,0,0,0,0,0,0,0,0,0,0,0,0,0,0,0,0,0,0,0,0,0,0,0,0,0,0,0,0,0,0,0,0,0,0,0,0,0,0,0,0,0,0,0,0,0,0,0,0,0,0,0,0,0,0,0,0,0,0,0,0,0,0,0,0,0,0,0,0,0,0,0,0,0,0,0,0,0,0,0,0,0,0,0,0,0,0,0,0,0,0,0,0,0,0,0,0,0,0,0,0,0,0,0,0,0,0,0,0,0,0,0,0,0,0,0,0,0,0,0,127,0,0,0,0,0,0,0,0,0,0,0,0,0,0,139,0,0,0,7,0,0,0,0,0,0,0,0,0,0,0,0,0,0,0,1,0,0,0,0,4,0,0,0,0,0,0,1463,0,0,0,5,0,0,0,0,0,135,0,0,0,0,0,0,0,0,0,0,0,0,0,0,0,0,0,0,0,0,0,0,0,0,0,0,0,0,0,3,0,0,0,0,0,0,0,0,0,0,0,0,0,0,0,0,0,0,320,0,0,0,0,61,1,0,0,0,0,0,0,0,0,0,0,0,0,0,0,208,0,0,0,0,0,0,0,0,0,0,0,0,0,0,0,0,0,0,406,0,0,0,0,0,0,0,0,0,0,0,0,0,0,0,0,0,0,2,0,1,0,0,0,0,0,0,1,0,1,0,2,0,2,0,0,1,0,0,0,0,0,1,0,0,0,0,1,0,0,0,0,0,0,0,0,0,0,0,0,0,0,0,0,0,0,0,0,0,0,0,0,0,0,0,0,0,3,0,0,0,0,0,1,0,0,0,0,0,0,0,1,0,0,0,0,0,0,0,0,0,0,0,0,0,0,1,0,0,0,0,2,0,0,0,0,2,0,0,0,0,0,0,0,0,0,0,0,0,1,0,0,0,0,0,1,0,0,0,1,0,0,0,0,0,0,0,0,0,0,0,0,0,0,0,0,0,0,0,0,0,0,0,38,0,0,0,0,0,0,0,0,0,0,0,0,0,0,4,0,2,0,4,0,0,0,3678,0,0,0,0,0,0,0,0,0,0,0,0,0,435,0,0,0,0,1,0,0,0,0,0,0,0,0,0,0,0,0,290,0,0,0,4,20,0,0,0,0,2225,0,0,0,0,0,0,0,0,0,0,0,0,0,0,0,0,0,0,0,0,0,0,23,0,0,0,0,38,0,0,0,0,0,0,0,0,28,0,0,0,3,0,0,0,0,0,0,0,0,0,0,0,0,0,0,0,0,0,0,0,0,0,3,4,0,0,30,0,0,0,0,0,0,0,0,0,0,0,0,60,0,0,0,0,0,0,0,0,0,0,0,0,0,0,0,3,0,0,0,345,0,0,0,0,0,0,0,0,0,0,354,0,0
"gene_880",0,0,1593,0,0,0,98,746,3396,36,0,15,0,0,0,1696,0,0,12,0,0,0,608,0,390,0,0,0,2,14,0,13,1,0,9815,0,4014,5544,43,141,0,0,45,555,0,41,0,10,0,18,287,826,0,0,834,1,152,2,62,116,98,140,0,0,31,11,0,0,0,397,1112,262,800,0,0,0,0,16,41,149,0,0,0,487,0,3,15,1,0,4,0,18,51,0,0,0,921,0,0,0,0,0,0,0,0,0,0,0,0,0,0,1023,0,0,0,0,0,0,0,352,8,0,152,0,0,0,0,0,0,0,0,6,0,0,0,0,25,12,0,0,15,172,0,0,0,0,64,0,0,17,0,0,0,0,0,0,2,0,1560,0,34,7,0,0,2407,0,1,90,0,0,0,221,0,0,30450,0,2551,1,0,0,2872,0,0,0,0,0,0,1115,73,46,0,0,6,0,5,0,0,0,0,0,6169,0,0,0,0,0,4,0,0,527,403,152,1863,0,0,0,2,0,0,0,3,0,744,0,5874,0,0,1,0,0,0,0,0,0,0,5,3,3,1170,159,46,0,1,1,0,892,199,3,0,0,0,2781,0,446,2,0,0,0,0,6,9737,3,7,6,232,392,50,861,94,1118,5010,0,177,28,12,6,114,1281,486,3,0,2,0,1,0,20,650,286,557,0,0,86,9,0,0,164,0,353,2,195,0,1544,74,10,126,2,15,283,13,41,6698,0,114,736,0,71,326,26,0,585,229,0,0,6,51,33,54,815,0,1,47,18,0,0,6,19,26,56,968,92,30,2543,457,250,2,2,11,8,1,53,5029,0,68,23,41,0,319,0,5569,7,0,1522,266,135,135,10,6,14,2333,40,65,5565,699,5,747,3,1390,221,1101,0,655,14,0,0,1253,0,13,5,1104,67,0,996,0,0,0,1022,580,835,4,0,0,38,20,64,13,26,3,0,364,0,1088,47,8,2461,0,249,0,0,182,224,0,130,0,11731,0,12,54,297,59,3,16,69,193,34,592,50,0,0,0,7514,0,0,788,0,7976,379,0,31,3080,5,4,0,2,0,16,721,30,0,101,0,649,0,0,1214,180,164,2,0,0,0,1319,0,0,91,0,361,0,5850,5,1608,70,2,2,0,25,0,531,67,2,581,1532,4,0,110,1741,133,0,0,0,256,3,0,47,57,0,0,1254,0,0,7,0,1615,91,157,211,0,12,6,60,1,1,216,89,0,1903,2,33,44,0,29,1,0,78,2758,0,1534,259,0,2,0,3,0,270,0,1613,4,4,198,9,0,0,251,170,0,19,0,0,81,1521,771,225,5,0,0,1,288,13,13,301,6,2,0,0,3,46,1,0,0,0,0,0,0,727,15,1,0,0,950,0,0,0,9,13,0,0,0,0,0,55,104,20,8,0,0,0,0,0,0,1,7,0,5,0,0,0,0,0,256,0,0,0,222,32,193,0,355,0,6,13,0,0,0,13,0,0,0,0,0,197,0,0,0,0,17,8,39,3,0,0,0,0,0,1058,1,12,1,4,0,0,0,0,0,0,0,0,0,0,0,1,3,206,0,98,0,0,0,0,0,0,0,1017,0,0,1014,1,0,0,0,0,1,0,0,1280,1,86,1,0,0,220,238,22,0,1,0,0,271,49,114,9,0,0,0,0,0,168,68,78,0,0,0,0,0,0,0,0,0,3,56,1,0,0,0,0,0,0,0,0,2,0,0,0,87,0,0,0,0,0,0,297,0,0,0,157,0,625,742,3,1
"gene_881",681,2405,4488,0,756,1351,1382,38,1493,366,9,1081,1909,1220,5183,574,362,498,479,1654,51,207,13979,365,1490,2779,2253,50,110,1736,2676,3125,112,367,1669,1021,236,3142,238,88,1139,476,74,45,11241,4204,152,5,670,6,590,700,115,1601,3846,1597,380,2384,0,1452,1887,1620,1601,7876,56,0,968,3450,4890,3301,4962,2260,350,3864,5619,6840,38,850,168,495,1901,602,339,959,0,7145,746,5,4015,2171,2486,2,1,0,8149,10,13901,9,2342,122,4250,400,255,6294,4295,80,795,5497,1,1257,0,0,206,0,63,0,170,0,6,3235,0,2,936,0,39,0,70,1,74,357,780,0,0,57,1,0,1448,19,0,26,0,0,3483,7,6,54,0,100,0,3,247,194,0,1012,147,75,4,1186,1,2,2831,1,0,1383,10,709,0,0,709,331,813,0,297,0,145,10,4306,1,0,10028,4296,0,3940,1155,16176,14,3,4,9512,434,254,4688,5,235,1346,109,53,173,1879,502,781,876,5324,11765,40,6482,1267,0,226,23,1082,15,702,1647,4799,1046,45,1,2283,11,0,28,171,439,235,1498,3798,659,6418,2614,0,1430,171,1083,37,554,51,4055,307,0,6051,40,5,12,7952,2084,1837,1203,2303,10,45,242,670,19,1888,7586,1638,3,20266,3,103,99,28,213,21,331,178,175,15,9,146,49,731,300,224,103,0,12,13,16,29,48,2391,63,2128,96,36,147,94,333,253,51,34,282,8,74,374,65,0,5,16,131,589,2135,8,24,307,5,86,47,47,1,52,38,111,0,0,0,341,148,9,74,15,30,296,11,470,26,0,80,33,20,386,296,20,1,147,219,704,1662,0,862,4,357,93,10,629,88,0,5,353,324,13,74,54,139,68,359,4,2068,10,776,358,1,92,248,11,8,7,475,182,0,75,0,863,115,54,6,741,90,60,0,222,281,5,10,1,0,0,121,48,378,244,101,1452,132,14,1458,1059,13,241,44,121,104,34,1370,109,4,176,1,1002,601,90,17,1129,247,0,145,790,6,0,3,340,91,25,1034,309,24,21,0,21,284,0,48,0,0,2391,8,40,3055,0,0,534,3,9,1909,1153,165,2,162,0,2,35,371,283,6509,120,1454,2499,3,53,414,835,291,0,24,0,309,0,0,687,3015,0,112,0,52,381,2366,39,4,118,0,9,2338,0,20,61,305,33,0,0,241,4073,481,2165,201,1922,372,1406,562,0,87,523,1991,0,0,524,829,11,484,40,43,17,14,61,258,2365,772,2938,3,679,4777,356,0,245,0,545,790,0,130,3716,1774,1875,4174,641,0,553,33,2142,18,1219,629,1241,403,45,83,0,268,3,359,1997,230,81,1213,4,437,196,9,138,49,0,763,9,6323,1,0,534,5,73,831,79,47,226,3833,31,9455,143,0,107,1650,437,0,2673,59,3710,0,38,69,109,85,2127,33,219,3379,19726,0,8386,231,0,0,13,14,0,362,0,2206,391,304,388,172,125,66,0,391,289,338,12,1981,0,295,1,84,0,538,4472,110,0,0,0,88,49,6,0,583,3901,1052,11,467,329,3,2627,5334,97,233,0,858,655,16000,497,10664,0,2220,1,3,3069,214,0,174,698,5620,156,0,2,1524,1289,24,2941,2383,1056,7604,1078,7293,199,4,0,93,0,111,3227,0,1557,582,0,0,7,773,0,0,0,25,51,4,0,1860,1356,1103,1952,0,0,70,0,1,1,11,0,4,1,0,628,0,1261,31,224,189,8,5339,33,0,54,11,277,330,0,125,0,294,1137,458,0,4807,121,0,9503,2349,104,15282,447,1336,4098,2,1922,73,0,36,8,1558,1134,6691,1240,3065,2265,103,2708,0,0,2,279,475
"gene_882",89,3277,309,260,3,12,0,8,0,0,974,6,0,573,380,175,0,18,1141,11,43,8,3,1,3393,0,0,1108,2,524,1037,139,0,4,2,0,31,721,344,5,1,7,46,0,8,45,1573,0,0,104,230,1210,0,1,0,3,1,257,28,0,0,0,0,270,170,0,104,0,545,329,2821,2,0,16,0,0,4,48,0,122,2,83,15,0,1,0,14,61,2242,670,1,0,401,0,0,94,0,0,0,0,0,1,0,0,2646,10,0,0,0,0,0,0,0,9,0,0,0,0,0,389,0,0,52,0,0,0,0,0,2,9,8,0,0,0,0,0,0,0,0,0,0,0,195,0,0,2,0,90,4,0,178,368,1,0,0,0,0,0,0,0,0,0,0,0,0,0,0,0,0,0,2308,0,0,0,0,1,0,0,0,0,65,2,0,0,0,0,13,0,0,107,0,0,0,0,497,0,292,0,80,0,0,0,145,286,1,1861,0,5,4,0,0,40,0,0,0,683,43,0,3,105,96,0,0,13,35,0,0,153,84,2,0,265,3,0,0,4,0,0,2,0,523,0,6,202,0,0,11,49,0,0,0,1,0,0,0,681,0,1310,90,13,2255,40,0,10,33,2,26,77,17,6,73,536,3,1,2,4,24,0,598,235,9,0,2106,0,1,0,6598,1,0,1233,42,0,0,4,0,0,18,0,1,9,28,0,0,30,0,0,0,0,1,192,0,0,0,359,19,0,0,0,58,4,347,0,0,0,4211,24,365,938,0,7,0,0,3,353,0,239,0,719,0,0,0,0,3,5914,0,3,0,17,180,78,0,0,1132,1,3431,11,165,9,0,34,231,0,0,2,68,0,601,0,33,0,246,25,36,389,113,52,2,0,0,0,0,831,312,802,134,155,14,1,47,0,0,0,186,255,0,4,1,0,4,197,0,1512,1645,0,38,78,80,0,0,6,0,2,0,2399,1,0,1,3212,0,4728,0,0,0,33,0,0,0,4,0,2,0,984,247,0,117,0,0,44,0,0,112,2,1,0,0,0,0,253,0,153,390,0,0,0,0,0,18,0,14,0,2,6,3,0,3,4271,0,317,0,249,2,386,46,0,0,5,220,2,60,39,3239,89,124,70,0,1,50,57,2,1152,7,7,366,0,11,73,0,10,306,0,1042,13,0,1,0,324,2,0,82,2028,7,0,0,0,0,0,9,3617,605,0,62,5,0,5,5,121,0,78,241,681,106,33,50,0,2,144,307,408,6,49,2,3,0,0,0,5,183,0,0,157,0,65,0,61,0,131,0,146,676,11,0,0,4274,111,20,2,0,0,7,4,0,0,134,0,0,0,0,0,38,0,0,0,5,0,0,0,0,0,0,0,0,0,207,0,0,0,0,0,0,0,0,767,0,22,0,0,13,0,4,0,1323,0,11223,2,0,0,0,0,64,13074,0,805,0,0,0,0,0,0,0,4,0,0,319,436,0,0,0,265,780,0,0,75,0,1813,19,56,37,13,0,1549,0,0,0,108,0,1722,0,0,0,3530,0,0,0,0,13,1937,58,34,0,9017,1,198,11,0,0,0,922,0,146,0,5625,0,170,0,20,0,0,0,2264,162,18,3,79,0,0,3,267,0,94,0,0,46,0,0,82,327,0,12885,0,0,7,1,0,203,0,0,0,6,71,0,2181,0,0,0,0,682,0,294,8,0,1204,0,0,1565,0,311,1162,7243,0,0,0,0,1,0,0,1,126,0,0,0,2,0,58,0,0,462,0,0
"gene_883",469,1836,57,19,0,222,14,95,0,58,0,43,312,12,0,13,1,3250,6,151,0,0,3,0,91,0,45,2,90,296,845,3192,1847,13,192,8,295,632,100,1,0,38,2,0,257,0,0,63,1287,52,0,0,2,0,0,49,126,283,0,1089,3539,3,115,34,0,365,3868,0,1,205,364,894,51,1128,11,9,81,0,1,1187,1156,0,197,2,0,199,0,385,1001,1102,3,0,5896,0,4391,0,597,6,1592,0,0,8,12,11,0,15,2,0,0,0,0,1110,415,49,3398,580,7,0,2,0,10,9,31,0,51,0,0,1234,0,0,3,0,30,0,0,33,15,43,7291,5317,2516,0,0,841,0,687,0,0,346,789,0,1,3557,0,18,5910,2,823,0,0,0,10,0,0,152,35,0,0,532,0,18,0,0,13,0,0,14022,0,3111,0,532,25,4,83,12,3,1780,287,1421,0,0,2330,1,0,0,9,1625,0,2,4734,73,0,1784,3013,0,1004,0,0,3,391,1,8,30,1,0,0,635,7,0,17,0,65,0,1,5,0,243,0,0,0,86,0,203,0,488,10,1,0,42,5,557,0,184,45,3,2,420,0,22,820,0,0,846,0,0,955,0,0,0,0,3128,0,276,307,57,29,33,0,130,208,3,0,0,7,189,24,0,438,18,31,21,104,1061,5,1,1,1323,452,2840,725,178,733,3,798,1879,8,3447,621,148,268,53,18,750,7,0,152,395,30,33,0,152,207,0,0,0,52,46,293,858,1561,2,958,0,855,7,0,77,0,1431,1287,0,2,174,429,0,54,95,15,353,2090,0,40,436,463,279,144,3,26,0,113,4,873,106,240,2,7,0,339,179,1131,9,43,2,1,460,0,22,70,640,697,832,428,3,355,20,0,1,760,185,3,920,186,372,1833,29,49,32,15,0,42,94,2,0,25,1,14,61,78,0,174,377,32,26,94,0,62,773,15,43,0,0,59,69,245,20,179,82,120,0,110,222,3,52,60,1,1114,0,711,39,309,23,0,0,587,0,0,1,221,25,13,8,1,0,0,240,33,101,0,0,450,1,98,81,3,67,0,1134,0,3251,694,0,74,0,1,0,36,0,29,49,379,294,0,4,1,0,0,86,107,6,0,2815,0,101,2,0,0,21,0,26,289,8,999,236,1852,4,1,0,686,9,0,0,2,114,12,1,0,29,576,1860,10,0,157,0,221,0,24,3,77,7,6,0,43,2,0,7,56,1,4,0,22,280,0,39,1033,237,0,1,0,491,656,327,350,0,299,0,7,2,0,0,2,2,43,5,0,0,0,8,5,1,0,0,0,140,0,23,0,0,825,0,0,43,0,0,9,0,0,832,0,0,19,0,3686,0,0,14,0,0,0,317,2,4,1538,0,31,17,17,0,0,0,0,0,0,0,0,0,71,35,1924,5,24,0,0,2368,0,0,0,136,0,0,0,14,2,0,893,0,0,0,1068,694,396,0,0,0,0,0,338,0,0,0,0,0,0,0,0,1,0,25,0,74,480,149,406,65,33,297,0,0,1307,0,29,2858,1,669,0,717,2193,75,1,1,0,112,0,4,58,0,18,0,0,9,0,0,0,13,0,9,0,52,0,0,499,0,0,3,611,0,14,0,0,491,0,0,0,0,24,33,0,1,0,6,0,0,4,0,0,2,27,22,0,0,0,3,0,0,0,0,0,0,233,0,22,0,1330,0,2,4,28,5,0,0,4,0,0,22,0,3011,11,0,0,0,86,0,0,0,0,281,0,0,0
"gene_884",0,0,0,0,0,27,0,28,0,0,0,5,0,0,0,0,0,0,0,0,0,0,0,0,0,0,0,0,0,0,0,0,0,0,0,0,0,0,3,0,2,0,0,0,0,0,0,0,0,0,0,27,0,0,0,0,0,0,0,0,0,0,0,0,0,0,0,0,0,0,0,0,0,0,0,0,0,0,0,0,0,0,0,0,74,0,0,0,0,1,0,0,0,0,0,0,0,0,0,0,0,0,0,0,0,0,0,0,0,0,0,0,0,0,0,0,0,0,0,0,0,0,0,0,0,0,0,0,0,0,0,0,0,0,0,0,0,0,0,0,0,0,0,0,0,0,0,0,0,0,0,0,64,0,0,0,0,0,84,0,0,0,0,0,0,0,0,0,0,0,0,0,370,0,0,0,9,0,0,0,0,0,0,0,0,0,0,0,0,0,0,0,0,0,0,0,0,0,0,0,0,0,0,0,0,463,89,5828,0,8,0,0,0,114,0,0,0,0,0,0,0,0,0,0,0,0,0,0,0,0,0,0,0,55,0,0,0,0,0,0,0,0,0,0,93,0,0,0,0,0,0,0,0,1,12,0,0,0,2957,0,0,56,0,0,0,0,4,0,0,160,0,0,0,0,0,0,0,0,0,0,0,0,820,0,0,0,0,0,0,0,0,0,0,0,0,0,0,0,0,0,0,84,0,1,77,0,0,0,1,123,46,0,0,0,0,0,2,235,0,529,0,0,48,0,5,0,0,0,0,23,4,0,0,0,0,2,30,14,0,0,0,0,48,0,0,0,0,0,0,0,0,0,0,0,1,0,0,0,0,0,0,0,0,0,38,0,189,0,0,0,0,25,0,0,0,0,0,0,0,0,0,0,0,0,0,0,0,0,0,0,162,1,0,1,9,0,0,0,0,3,58,3,0,65,0,1,0,0,5,3,0,0,0,0,0,0,345,0,0,0,0,0,0,0,7,0,0,0,1,2014,0,7,285,0,158,0,0,0,0,0,131,0,0,0,0,0,6,118,0,0,0,0,0,0,137,0,0,0,0,1,0,284,0,0,0,0,7,0,0,2,126,0,0,0,0,0,0,16,0,0,0,0,0,0,0,0,0,0,0,0,0,0,0,0,0,0,0,0,0,0,0,0,0,0,0,0,0,0,0,0,0,0,0,0,81,0,0,71,0,0,0,0,0,0,0,0,0,176,0,0,0,0,0,0,0,6,0,3,0,0,0,0,0,0,0,0,0,43,1,0,330,0,0,0,0,0,0,0,0,0,0,0,0,0,0,0,0,0,1,0,24,0,0,0,0,0,0,0,0,0,3,0,0,0,0,0,0,0,70,26,119,0,0,0,0,0,0,0,0,76,0,0,0,0,0,0,0,0,0,1,0,0,0,0,0,0,0,0,0,0,0,0,0,0,0,0,0,0,0,0,1632,0,0,0,0,0,0,0,0,0,0,0,0,0,2,0,0,0,0,0,0,0,0,0,0,0,306,38,0,0,0,2,0,0,0,0,0,0,1402,0,0,0,809,0,0,0,64,0,0,0,0,0,0,0,0,0,0,0,0,0,68,69,0,0,0,0,0,0,0,0,0,1,0,0,0,0,0,702,0,0,81,0,0,0,0,0,0,0,0,0,116,0,294,0,4,0,0,3,0,0,0,0,0,0,0,0,0,5,0,0,0,0,0,0,0,0,0,0,0,0,0,0,0,0,0,0,0,0
"gene_885",1522,858,271,478,1387,77,365,230,195,2,4,262,216,375,464,586,76,7,119,112,525,216,422,498,178,555,161,188,372,575,58,523,144,40,951,2533,132,52,278,77,65,277,975,167,22,33,685,199,137,33,27,673,75,361,2,11,625,406,1083,37,1268,283,232,226,18,295,111,10,77,189,458,131,17,111,224,350,30,244,7,119,874,363,35,8,578,235,496,937,136,44,19,0,13,1,161,13,81,0,3,3,0,198,0,0,0,460,43,47,695,0,43,0,0,4,0,0,2,0,3,0,248,0,4,0,0,0,47,0,736,0,0,1,0,0,9,0,4,0,0,53,133,49,5,1136,1167,51,492,0,0,13,1,164,11,4465,2188,0,0,156,605,0,3,206,346,70,48,0,0,0,6,7,641,38,3,0,98,15,164,3,14,0,10,0,0,0,0,1384,0,44,0,4,0,0,0,0,7,385,64,37,2,5,2,3,139,75,1169,66,584,94,1,477,859,56,2,0,0,0,1069,111,749,26,155,80,1044,95,207,282,8,8,0,166,10,47,0,558,229,10,1641,591,102,13,1046,16,113,353,22,285,1798,0,8,49,0,620,466,9,122,279,26,21,1015,367,1011,581,304,41,327,68,152,172,126,233,20,27,1156,3,739,410,705,84,75,52,45,566,295,128,149,203,114,63,22,283,12,37,70,117,76,20,61,232,1208,209,120,169,26,74,476,146,379,477,234,6,137,97,124,169,236,136,26,97,534,21,69,183,410,421,420,91,467,331,842,660,506,29,288,138,277,60,248,247,353,409,103,130,66,423,587,81,82,247,296,88,236,452,80,304,17,413,518,265,240,48,80,124,520,10,269,611,276,48,304,376,165,120,43,126,263,267,12,249,45,423,256,347,75,74,130,101,17,513,102,198,35,89,99,691,3162,7,84,532,36,88,257,69,85,3,101,564,120,213,122,447,395,810,62,600,178,448,567,1131,619,377,121,231,202,581,10,499,986,82,124,24,72,902,29,177,93,316,44,118,428,22,308,170,323,11,18,291,167,88,28,128,543,232,99,20,3,198,564,118,90,205,61,126,422,84,50,252,122,172,262,107,93,49,212,44,193,41,18,26,88,93,458,16,159,6,135,659,68,14,165,2,22,493,188,1,19,238,33,186,117,100,63,448,0,94,80,103,11,88,146,19,620,417,121,69,45,82,224,164,472,339,4,32,44,178,20,504,231,112,35,70,7,312,179,630,7,273,320,160,128,119,317,39,174,26,2,57,42,9,76,35,20,5,127,77,21,296,18,43,287,341,39,348,236,2,143,193,341,27,54,75,167,385,1390,138,0,157,63,9,121,319,0,2,185,0,10,436,583,0,13,15,1,169,14,1475,663,269,54,12,126,0,127,449,3,154,672,23,1069,644,317,124,261,707,347,137,262,16,123,4070,1251,0,9,2,1,907,589,25,0,56,202,45,543,25,0,20,1410,868,242,548,635,178,0,17,99,12,33,792,924,3906,298,76,99,17,70,31,4,517,607,2,4,5,254,414,2,20,136,350,165,103,177,70,9,157,578,267,734,18,226,571,120,705,565,6,686,106,523,4,4,1030,613,0,881,0,205,0,76,10,0,22,167,46,2,17,1577,21,6,96,1377,199,18,0,4,376,183,2,302,868,221,0,7,94,509,16,6,771,3,37,170,2,24,340,18,773,0,25,1184,1,502,986,66,28,2153,328,3,436,117,995,31,1181,0,6,23,382,266,50,127,1385,12,0
"gene_886",107,28,49,249,2044,799,5410,318,42,5,425,1507,0,222,2,1243,774,2093,15,1494,30,0,2122,41,0,100,5,339,1422,3346,28,11,9,6248,225,0,638,7,137,32,71,3713,967,188,317,971,2,38,51,428,29,1942,4044,831,173,4227,406,62,80,2403,302,0,400,1630,249,51,743,0,1390,424,124,3346,1,2666,144,1476,1233,28,7,0,12,176,1,119,11,0,98,1165,521,6,1,1574,1263,449,14,3,5614,0,199,36,206,0,822,1,460,479,2,243,0,0,508,3,101,132,0,0,0,323,18,748,0,0,540,30,115,0,55,11,7,40,2,392,6,1910,0,0,11,272,5,16,0,0,76,447,822,75,902,1875,134,0,2090,141,80,710,3282,0,42,363,1670,0,0,0,435,5,1,1963,0,9,479,406,1178,806,0,1,891,198,17,11,667,404,163,0,13,15,707,0,25,13,0,279,729,6134,0,7348,211,3690,4,205,3738,412,0,0,0,65,0,11,870,0,15,0,1,1263,353,0,0,3160,0,0,2820,0,3572,12,0,0,88,2,0,0,9115,0,9,3,28,20,2834,3,0,102,0,2781,669,579,0,433,4243,9083,1456,2549,8,13,0,0,574,6,2,83,7,382,425,568,3,2,846,448,315,364,591,2406,3,1476,0,188,261,2044,8,0,0,16,0,19,0,17,215,7,79,244,146,0,3068,27,25,0,0,357,0,1,0,0,11,2507,14,311,1521,62,1111,1102,1121,32,3,3003,129,233,4,80,334,24,0,3069,1,76,575,1818,21,107,2,3,15,0,1663,24,833,3,349,33,0,8,70,20,55,14,147,18,146,107,25,0,890,4,292,132,3404,0,122,79,598,10,7,2858,0,75,6,1226,1771,580,2566,0,1063,52,0,0,0,1,463,65,0,517,0,2340,6109,0,127,428,5,458,7120,24,85,1847,21,4,0,35,18,3,11054,0,37,47,0,62,136,0,1,341,27,0,0,0,1,38,10983,2681,3584,3,22,124,5,28,1210,702,7,57,355,824,197,81,0,20,348,13,64,831,1921,2656,34,0,11901,0,2735,934,294,757,0,1440,1,152,490,41,38,698,4641,604,58,45,84,719,811,1639,0,845,162,2,107,803,1392,33,4,199,478,0,22,290,0,8,3988,89,351,36,0,388,28,12286,212,63,1,2282,5,0,28,493,154,2834,6902,1343,10,13,2653,170,323,1063,19,614,1,59,894,17,158,1784,2065,0,0,476,679,0,0,1,420,110,50,1448,30,0,2616,221,99,79,2,41,48,2144,612,137,670,89,165,576,244,12664,166,6346,986,17,54,0,304,5157,757,154,1,5509,958,1116,0,1189,1,193,173,6624,21,0,146,4741,44,1,11878,1942,19,48,41,14,2453,17,0,12266,0,0,179,245,23,0,39,0,0,31,8,196,0,21253,0,0,308,2575,339,464,129,0,0,96,3124,1,0,0,0,1,77,0,4,0,0,111,1654,1,0,2,0,0,7,5930,2,0,269,5820,5,2,6,0,23,0,2,7,11997,5,71,10554,72,2,0,0,190,2,82,1,2642,0,0,0,0,6120,808,805,0,0,11,578,0,0,0,0,586,1,0,115,276,4527,169,3531,113,0,1,94,8,1356,1,545,0,0,948,5,11,2968,12,1,1298,3,110,9,0,4750,579,4,0,360,172,0,1017,3,0,4602,3521,6,0,77,0,0,0,0,0,0,843,1608,184,0,0,1798,2971,420,0,220,13113,0,839,0,0,1,0,14,32,9838,0,58,1,12,8,1,2,0,4101,0,289,7535,227,187,3875,10,2,776,0,3,0,0,1265,314,0,3,0,0,0,4215
"gene_887",2255,1,0,0,0,0,0,8,0,2012,0,53,72,1,9,0,0,0,325,0,0,0,127,75,0,1018,2,0,0,601,3654,0,57,0,0,516,0,313,1,2023,538,606,0,0,0,0,13,2,0,0,0,0,0,0,0,0,2859,0,0,1,2476,0,0,0,0,0,106,33,0,0,0,16,0,307,0,0,0,8,0,290,0,0,0,0,117,13,4,18,4,28,10623,0,1997,84,51,0,0,1,0,59,131,239,48,0,73,46,18,0,114,0,1,0,3,0,0,0,0,0,13,12,309,0,0,0,3731,1,0,11,10,2538,1073,6,54,208,0,82,12,0,88,0,651,70,19,0,0,44,1761,0,38,51,0,2277,2,6,69,1,0,0,0,0,1,0,0,15,684,460,0,0,0,0,0,2086,0,639,1,5,1278,0,0,928,30,251,6215,0,0,2059,2,0,0,28,44,1541,417,32,0,0,13,94,40,810,0,136,5,190,0,0,158,0,0,0,0,21,3676,0,1989,0,1998,0,0,0,397,0,0,0,2761,1,0,0,0,168,14,0,55,0,0,0,1,0,0,4761,0,124,261,623,83,0,185,0,389,0,0,0,0,5,26,15,357,0,0,0,6,1000,10,2,1,4,1,65,41,1316,14,1512,0,330,0,1,25,761,2798,39,2228,0,5,27,106,10,0,6536,215,3261,6,0,37,9225,0,80,5,0,149,1975,0,2,571,1224,1295,7726,1,0,177,3217,0,3,4,7,0,1410,15,805,0,3372,15,0,15,0,813,0,73,1306,58,64,0,748,10,0,70,0,0,0,2262,10156,382,87,0,917,1,182,118,361,0,0,13,0,0,0,64,0,836,0,2313,24,5170,7,380,50,41,576,0,0,0,188,0,739,0,1577,0,0,4,9,21,0,306,22,125,1286,17,57,326,629,765,486,10,0,0,74,3,0,0,1,0,1690,653,0,224,34,1920,135,191,1594,7,233,125,14,1,2542,1,0,0,3,18,83,336,0,23,5,10,42154,3,7,9,0,0,134,0,21,38,0,1,4008,0,79,4,0,0,3,0,12,0,0,953,440,1078,3,50,643,328,52,1475,91,3091,2,0,0,140,29,0,0,0,0,0,0,0,1,0,0,2,2438,1915,0,0,68,6,768,42,1,4,0,1382,0,611,49,0,4553,590,0,1856,368,0,168,11,0,1243,873,62,7551,534,2395,0,0,0,16,2,8,0,462,425,0,93,1469,0,10,0,28,49,0,758,0,5175,788,0,7969,6100,0,74,1,1,3260,0,1,0,1271,37,2,106,3,4418,105,0,2,254,142,2284,389,30,0,1796,103,467,2004,0,123,0,706,40,0,3369,78,359,1085,0,215,114,46,0,10,582,0,0,14072,0,0,1154,2647,3618,6,0,1,0,0,0,17,8663,0,407,1501,1253,50,1,0,1400,0,1958,3,0,550,34,0,27,74,651,15,9,5167,0,1099,2293,96,0,1575,54,0,444,0,0,4,192,0,0,58,13,3,3,379,0,2376,0,0,4041,0,0,486,0,0,6,0,1,3,2281,0,8,0,921,35,0,0,386,0,130,953,798,0,5,0,0,2550,0,0,152,481,267,9236,538,0,52,19,8107,0,4,8930,0,0,153,0,0,124,9,1393,1,90,5533,0,74,754,0,10886,5,5,1,1064,0,4,37,3741,0,78,0,84,37,1682,1064,2193,0,2528,1,0,0,0,1,3195,79,4,431,0,16,73,114,0,2821,0,0,119,4,0,679,85,0,363,2,1,0,262,16645,25,7,9887,291,2685,467,0,887,0,0,0,0,0,0,0,1085,0
"gene_888",0,0,0,176,0,0,0,0,1,0,0,0,0,312,0,0,17,0,0,0,0,0,0,0,0,0,0,0,0,0,0,0,0,0,0,232,0,0,6,0,0,0,0,24,0,0,0,0,0,596,0,1,248,0,0,0,0,0,0,3,0,0,0,0,0,0,0,0,0,69,0,0,0,1,1,0,0,0,0,0,0,0,3,500,0,0,0,769,948,0,2963,0,0,55,1285,0,70,0,0,0,0,0,0,0,0,0,0,0,0,0,0,0,0,0,0,0,0,0,0,0,0,0,0,0,0,0,0,0,0,149,0,0,0,0,0,0,0,2748,0,15,0,0,0,0,0,0,0,132,0,0,2,0,0,0,294,0,0,0,0,0,0,0,0,0,0,0,1426,0,0,0,0,0,0,0,0,0,0,0,0,0,0,0,0,0,0,0,999,0,0,0,0,321,0,0,0,0,0,0,0,0,0,0,0,0,0,0,24,0,0,0,0,0,0,0,0,0,0,0,0,0,0,0,0,0,0,0,0,0,0,0,0,0,0,0,0,0,0,0,0,0,0,0,0,0,0,0,0,0,0,0,0,0,0,0,0,7,0,0,0,0,0,0,0,0,0,0,0,102,0,0,0,1,0,0,0,0,0,0,0,0,1,0,0,0,141,0,0,1,0,0,359,0,0,0,108,0,0,0,0,0,0,143,1,8,0,0,0,0,0,0,0,255,0,0,0,0,0,0,0,0,0,0,0,0,0,1,0,0,0,0,0,35,0,100,0,0,0,0,0,0,93,0,0,0,18,1,0,0,0,0,0,0,0,473,0,2,0,0,0,21,833,7,0,94,0,0,0,0,0,0,743,0,0,0,0,0,0,0,0,0,0,131,0,4,0,0,0,0,0,0,3129,0,0,0,0,0,0,0,0,0,0,0,0,0,0,47,0,0,0,35,0,0,0,18,0,0,0,0,0,6,17,0,0,0,0,0,0,148,0,0,0,0,0,0,0,330,0,208,0,0,160,0,0,5,112,0,0,0,0,0,0,38,562,0,0,0,17,0,25,0,0,388,81,9,0,0,0,0,0,0,0,0,0,0,890,5,17,0,0,43,1,0,9,44,0,0,0,0,152,0,0,0,289,0,0,0,0,12,0,16,0,0,0,272,2,20,0,3533,33,0,219,0,0,1886,160,0,0,3,24,0,0,11,0,6,0,149,180,970,0,87,0,45,0,74,257,8,8,453,0,2,5,1,0,415,0,160,68,55,55,2040,0,0,48,0,0,0,377,6,0,0,547,0,0,269,1,1,5,2491,0,0,913,0,51,0,1,328,0,3,0,0,0,15,0,0,0,0,20,0,497,1,0,0,0,107,0,0,0,0,0,0,0,0,0,0,0,0,6098,24,0,0,0,0,0,0,0,0,0,0,0,90,0,0,0,1630,497,0,0,0,0,0,3,3,0,0,81,0,117,0,0,1,0,25,0,112,11,0,0,4711,0,0,0,0,0,0,0,2907,1602,0,0,0,0,594,0,570,0,0,7,43,0,0,0,1,0,0,0,0,0,0,0,0,0,0,134,0,537,0,0,0,0,0,0,0,0,0,72,0,0,0,0,0,1,0,0,0,0,0,0,0,0,0,0,0,157,3,1,0,3541,374,6,232,0,0,181,0,0,0,0,211,5,0,0,0,0,0,0,0,0,0,0,30536,0,0,0,0,3,1562,1,154,0,0,0,0,0,0,19,0,0,0
"gene_889",15096,7983,32252,10793,16882,12587,8183,3233,7280,19149,3101,11927,8290,9555,9938,2124,7322,5493,1068,1936,1177,94,1364,35884,7463,31561,4799,4815,18607,8900,11816,5598,6923,9871,5055,27654,12849,696,695,9769,5531,19524,6432,2275,356,16694,6514,4112,11611,1734,4174,10517,13604,187,4795,2854,5960,18936,15099,4249,21994,3549,15108,5967,4108,16120,15346,81044,23646,33644,17199,30301,1199,36190,8397,3526,2841,576,7153,29258,12478,2061,9549,31345,8768,25120,533,6190,26797,3604,5177,4246,14284,148,2543,0,23,0,0,669,59,26,3651,106,6070,2148,1653,280,26,3469,6,108,59,12,2870,0,0,719,1,34,1427,0,402,98,0,143,127,203,0,922,0,0,236,105,3335,11715,99,3,0,0,0,1384,0,2,0,25947,735,0,0,50798,4011,9327,196,1,0,10787,0,1603,3590,16,0,2,73,0,0,13797,120258,5834,0,26669,0,211,249,0,120,16647,4,2014,54246,334,0,140,0,26991,0,212,0,0,120,6778,88,2456,0,5581,28578,298,41,37,141,0,18,410,1766,311,1643,0,14,115,2867,0,1262,217,0,43,0,5002,71,139,0,10,39,2,0,25,1430,20139,10103,526,99,3781,0,15996,844,1,0,34,0,5788,712,38,0,616,8,1998,826,0,4920,81,0,46,15,8440,153,0,14543,148,9802,577,0,1,3597,12267,1167,2530,3747,23357,11629,10269,1719,924,10309,11001,3839,4643,7198,4095,3431,1917,3026,953,553,271,16991,769,8758,16765,6915,4648,2983,5977,362,6654,3197,9767,13185,98,111,2764,314,5200,18114,7060,6762,7917,30984,794,412,5194,165,6517,5921,968,139,3126,3947,26719,33332,6227,12679,21739,4881,4016,3014,19387,23,5475,2124,20251,15019,20818,6871,678,18077,405,2593,3209,1833,2500,12608,2077,1667,1257,6225,2751,1075,2483,19069,6508,4474,7929,343,32185,2962,14121,9910,713,5866,2458,5551,3195,16489,1032,6572,5054,5920,868,1795,4699,410,44,3708,2576,16172,3336,190,12090,10372,28648,4630,1850,25248,10035,19547,3897,1129,53,13906,15846,934,1958,1136,784,3904,1427,19,2039,8181,3045,1657,1528,1774,634,2046,4877,2138,29289,3055,11893,40,8841,21612,3537,16492,2235,20519,3550,22622,4007,5043,3230,9887,6061,5632,1,21,3197,61502,4512,6062,9610,17769,23164,2511,1994,0,5,8867,114,1541,5,0,13,905,3382,0,223,136,188,0,93,593,2,0,2477,104,34,2805,19,2303,0,7,0,3256,0,74,15,258,142,0,0,446,0,0,2,746,0,0,0,0,0,1068,586,1179,0,0,0,2106,13,0,30,761,630,1,10,6651,1,1374,19,0,0,121,151,102,4,0,17,0,0,1,3160,1,0,3,1118,1712,795,6908,627,3228,6062,0,13,19250,1,151,0,1604,11,86,17967,1,122,0,0,846,186,9170,0,268,988,290,3019,17,985,0,0,0,0,0,226,0,0,87,163,54,18697,1,514,0,106,0,369,368,2,436,369,349,0,1,27,47,13,421,0,669,0,0,1,0,21645,4254,3554,3835,65,0,0,282,832,15514,996,0,10,0,0,0,13,1497,26,0,0,1,2,17,995,0,8,0,0,0,0,0,49,0,0,0,1,6,0,0,0,40,280,7940,808,0,4443,0,5,0,5339,2,184,3,370,1,84,1872,227,29,0,1,0,0,0,123,0,0,34,4552,2,0,0,20705,0,0,88,2042,0,92,99,172,6,0,0,0,0,66,0,0,0,0,6,0,55,0,29099,0,0,0,0,0,0,6024,1067,82,0,0,2523,0,0,0,0,0,4260,965,0,780,5,0,9,38,0,0,0,46,0,4,1754,0,0,335,926,792,0,40,330,0,74,0,62,0,140,0,38,0,0,273,2,1,0,0,0,0,0,6,0,3,265,0,0,0,66,0,0,1,0,0,766,0,0,21,0,0,9,1382,0,0,1065
"gene_890",100,0,19,0,0,1,0,0,0,329,0,0,3875,0,0,24,64,0,0,108,0,35,1732,0,0,1,73,0,0,15,8,303,396,1,0,191,0,7,0,0,4038,1,0,0,0,64,21,1156,17,0,455,1131,3,0,3,77,106,0,0,195,537,0,0,4,161,0,0,0,45,2,7,0,145,245,0,3,15,0,0,9,0,0,0,113,0,2,0,7274,1,0,0,0,0,0,1273,0,1,99,1393,0,9,0,0,0,282,0,0,0,13,28,29,0,0,0,24,464,0,0,0,94,2,0,0,0,127,572,0,69,195,304,0,0,0,16,531,74,0,0,179,218,0,0,0,0,0,0,0,427,0,0,0,0,1339,10,9,117,2,432,0,1,0,0,0,0,0,0,0,1,2,23,0,448,0,30,0,0,0,39,0,0,0,0,1994,0,0,39,2,0,1,0,32,0,0,0,0,118,0,0,102,118,0,0,3,0,0,300,1653,0,0,0,0,0,0,4,0,0,0,0,3,2,2,8,0,5,2238,51,1,0,3,0,0,0,0,0,40,0,0,623,0,0,1385,0,430,0,0,45,0,0,0,0,0,21,314,0,2502,0,0,0,1,0,0,0,1,0,0,0,0,0,0,0,3,0,2,0,0,0,0,0,0,0,0,0,0,0,0,0,0,0,0,0,0,0,0,0,0,0,0,0,15,0,0,0,0,0,1,0,0,0,0,0,0,0,0,0,0,0,5,0,0,0,0,0,0,0,0,0,0,0,0,0,0,0,0,0,0,0,0,0,0,0,0,0,0,0,0,0,0,0,0,0,0,0,3,0,0,0,0,0,37,0,0,0,0,0,15,0,0,0,0,0,0,0,0,0,0,0,0,0,0,0,0,0,19,0,0,0,0,0,0,0,0,15,0,0,0,0,0,0,0,63,1,0,0,0,0,0,97,0,0,0,0,0,0,0,0,739,0,0,0,0,0,0,0,0,0,0,37,0,0,0,0,0,0,0,0,0,0,0,0,0,0,0,0,0,0,0,0,0,0,0,0,0,0,0,0,0,0,0,0,0,0,0,0,0,0,0,0,0,0,0,0,0,0,0,0,0,0,974,0,0,0,8,0,0,0,0,0,0,0,0,0,0,0,0,0,0,0,0,0,0,0,0,0,0,0,0,0,0,0,0,0,0,0,0,0,0,0,0,1613,0,0,0,0,0,0,0,0,0,0,0,0,0,0,0,0,0,0,0,0,0,0,0,0,0,0,0,0,0,0,0,0,0,0,0,0,0,0,0,0,0,0,0,0,0,0,0,0,66,0,0,0,0,0,0,0,0,0,0,0,0,0,0,0,0,0,0,0,0,0,0,0,0,0,0,0,0,0,0,0,0,0,0,0,0,0,0,0,0,0,0,0,0,0,0,0,0,0,0,0,0,0,0,0,0,0,0,0,2266,0,0,0,0,0,0,0,0,0,0,0,0,0,0,0,0,0,0,0,0,0,0,0,0,0,0,0,0,0,0,0,0,0,0,0,0,0,0,0,0,0,0,0,0,0,0,0,0,0,0,0,0,0,0,0,0,0,0,0,0,0,0,0,0,0,0,0,0,0,0,0,0,0,0,0,0,0,0,0,0,0,0,0,0,0,0,0,0,0,0,0,0,0,0,0,0,0,0,0,0,0,0,18,0,0,0,0,0,25,0,0,0,0,0,26,0,0,0,0,0,0,0,0,584,0,0,0,0,0,0
"gene_891",0,0,0,0,0,0,0,32,7,947,0,0,0,40,0,1491,0,91,0,0,0,1,12,0,0,0,0,0,0,59,0,0,0,0,0,0,0,0,0,0,5,0,0,140,0,0,0,0,0,0,0,0,0,81,0,0,0,0,2,63,0,13,1,0,0,0,109,0,0,0,0,67,0,0,0,11,6,84,0,57,663,0,0,0,0,0,55,0,0,0,0,0,0,0,0,0,0,0,0,0,0,0,0,5,0,0,0,0,0,0,81,1444,0,0,0,0,0,0,1,0,241,0,0,0,0,0,0,0,0,3,3,295,0,0,0,0,0,5768,0,56,0,0,0,0,0,0,1846,2368,1,0,0,1,0,0,0,0,202,0,192,0,0,0,0,0,0,354,2,0,0,0,0,0,0,1,0,0,0,3,0,0,0,0,0,0,0,0,156,0,0,0,0,0,0,0,0,0,0,45,0,0,0,0,0,0,712,0,0,0,0,0,0,0,53,3629,0,8,0,0,0,12329,0,0,0,0,0,0,0,0,1025,3,0,11920,0,0,0,2,21,1,12190,0,0,0,2930,12,0,0,0,2,0,6,0,0,0,0,0,0,0,0,162,103,0,0,0,0,0,1,2,0,0,0,0,8,0,0,292,22,0,0,0,421,0,2,0,1,0,0,3,0,2,0,0,0,0,4,0,0,11,444,0,0,0,0,0,0,110,0,0,0,0,0,100,0,0,0,0,0,0,0,0,184,0,0,0,793,0,0,16,0,0,0,1,0,0,0,0,0,0,0,3,0,0,0,0,0,0,0,112,0,0,4,0,0,0,0,0,0,0,1096,0,16,134,0,0,0,0,2329,0,16,0,0,0,268,0,662,0,4016,0,0,0,0,3179,0,0,0,0,11,0,0,142,0,2,0,0,0,0,27,13,23,0,0,0,0,0,0,0,0,2,0,0,0,1,0,0,300,0,0,0,0,0,0,2,0,0,248,6,0,0,0,0,0,0,0,0,0,0,0,0,0,0,0,0,0,0,0,0,0,34,0,37,1,0,0,0,0,0,0,0,2,0,0,0,0,0,4,169,0,0,0,0,0,0,0,0,0,0,0,0,0,0,0,0,0,117,0,0,206,0,760,0,0,0,0,0,0,10,0,0,13,0,0,0,0,0,288,1364,0,2,0,0,0,0,0,0,0,0,0,0,0,0,0,0,0,0,0,190,0,0,0,1,1,0,0,19,18,5,0,0,0,0,1977,96,0,0,0,0,0,0,0,0,0,9,0,0,0,0,0,0,0,0,0,0,18,0,0,0,0,0,0,0,0,0,0,0,160,0,0,0,0,0,0,0,0,0,0,0,0,0,0,1,0,0,0,0,0,0,0,289,0,0,4,0,0,0,0,0,0,0,0,0,0,0,0,0,0,0,0,0,0,0,814,0,0,0,0,0,0,0,5,0,0,0,0,0,0,0,0,2,0,0,0,0,0,0,0,11,0,0,0,0,0,0,0,0,0,0,2,0,0,0,0,3,0,209,0,0,0,0,0,0,0,0,0,0,1,0,0,0,0,0,0,0,0,0,0,0,0,0,0,0,0,0,0,0,0,0,0,0,0,0,0,0,0,0,4,4205,0,0,0,0,2,0,0,0,0,0,0,0,0,0,0,0,0,0,0,0,0,0,0,0,0,0,0,0,0,0,0,0,0,0,0,100,0,0,0,0,0,358,313,0,0,0,0,0,0,0,0,0,0
"gene_892",0,514,0,0,0,110,184,0,0,8,0,4,1776,0,0,0,0,0,0,0,0,0,69,1,0,0,0,0,0,0,0,0,0,0,492,2,0,0,7,0,1,0,8,0,0,0,0,0,9,2,0,0,0,0,0,8,0,0,149,0,11,0,0,0,68,0,0,0,6,0,144,43,0,0,0,0,32,0,0,0,0,0,1,2,1,0,0,0,0,0,0,0,0,0,0,0,0,0,0,341,0,0,0,146,0,0,0,0,0,0,0,0,1,0,0,0,0,0,0,6,10,0,0,0,0,0,0,0,0,34,0,0,0,0,0,0,0,0,0,0,1,0,0,15,0,0,0,0,0,0,0,0,0,26,0,0,0,0,0,0,0,0,0,0,0,0,326,0,0,0,0,0,0,0,0,0,0,0,0,0,67,0,0,0,0,0,0,0,0,0,0,0,0,0,0,0,0,1,0,0,0,0,465,0,0,1,0,0,0,0,0,0,0,0,0,0,0,0,0,0,0,0,0,0,0,0,0,3,1,0,0,0,28,0,0,0,0,12,0,0,0,0,0,0,0,0,0,0,0,0,0,0,0,0,0,0,0,0,18,3,2,0,0,0,0,0,24,0,0,0,0,0,264,0,38,0,0,0,1,0,0,14,17,261,0,0,0,0,3,0,27,0,0,0,0,5,0,178,113,0,0,5,0,0,0,0,39,0,0,0,0,0,0,0,0,0,0,0,9,0,2,0,1,0,0,0,0,11,0,0,430,35,0,0,0,0,0,0,257,0,0,0,0,4,1194,0,1,1,0,26,0,0,0,0,0,0,0,239,0,0,0,0,0,0,24,0,448,0,1,0,12,0,0,0,0,0,0,0,0,75,15,0,0,0,0,1,0,0,84,0,0,4,0,0,0,17,0,30,0,1,62,0,20,13,0,0,0,3,0,0,0,2,0,0,0,35,6,0,0,22,0,0,312,0,2,0,3,0,1,0,3,25,15,0,0,0,124,0,0,0,22,0,52,1,0,1,1,0,0,0,0,0,0,0,0,0,0,0,0,286,0,1,0,0,0,1,447,0,0,5,0,0,1087,0,0,0,0,0,0,0,0,0,0,0,0,0,692,0,0,312,0,10,0,0,0,0,0,0,0,168,0,0,797,1,0,0,0,0,0,0,43,0,0,0,0,0,1,21,0,0,0,0,0,3,0,0,0,347,0,0,0,0,0,0,0,3,26,441,0,0,0,0,1,0,0,15,19,0,0,0,0,0,298,0,17,0,0,0,0,0,0,0,3,0,0,1,0,878,0,89,1,0,0,0,0,2,0,0,48,0,0,0,13,0,12,0,0,32,0,48,0,0,0,0,0,0,0,0,0,0,0,0,0,5,11,1,0,0,1,0,0,12,0,0,0,0,0,0,0,0,0,0,0,0,0,0,0,0,0,0,0,0,17,0,29,0,0,1,0,0,0,0,0,0,1,4,0,0,0,491,0,0,0,0,4,0,0,0,0,0,0,234,0,0,0,8,0,0,0,0,0,0,0,0,0,1,0,0,0,0,0,0,0,0,0,0,0,0,0,0,0,6,25,0,0,0,0,0,0,0,1,0,0,0,0,0,7,135,0,0,9,0,0,0,55,1886,0,0,0,0,1,0,0,0,0,0,0,0,0,635,3,0,0,0,0,141,0,0,0,29,0,0,0,0,0,0,0,0,0,0,0,0,7,0,0,0,0,139
"gene_893",0,0,52,158,0,0,0,0,0,0,0,0,0,7,0,0,0,0,0,0,0,0,0,0,0,0,0,0,0,0,0,128,0,0,0,0,0,0,0,0,0,0,0,0,0,0,0,0,0,0,0,0,0,0,0,0,0,0,0,0,0,0,0,0,0,0,0,0,0,0,0,91,0,0,0,0,0,0,0,0,0,0,0,0,0,0,0,0,0,0,0,0,0,337,0,0,3291,0,372,0,4,11,0,1,2991,2327,34,311,2413,0,0,133,1406,0,196,36,1983,15,92,7709,174,72,0,0,2,0,0,102,8,112,4,472,1318,0,3,7,4,0,957,13,134,258,0,0,1377,342,0,517,0,2,0,203,60,132,830,0,1685,10,578,0,12473,3,0,10,0,994,24,1204,12,0,0,144,77,7,0,60,5,0,8941,560,0,0,309,5288,0,39,128,345,229,1694,2453,38,950,4486,0,0,701,348,1455,0,0,0,2261,0,0,10744,101,168,3,1800,7,0,0,0,0,32,0,38,27,2,25,22,894,521,805,0,0,0,0,11611,265,23,0,63,2928,15,98,0,0,0,0,31487,13170,351,3587,1,0,87,0,0,0,4080,0,0,0,181,582,0,0,5195,134542,225862,264992,27567,110842,158752,43094,269892,32180,44868,3986,138449,534478,234876,230951,20719,144809,166268,168177,83849,126314,118633,55504,116292,252009,206377,263730,133396,104710,365442,372226,54009,246828,326043,378732,349698,61016,224320,55163,339999,126045,336645,199137,24196,101980,229766,324206,66532,112599,311079,32932,86142,8144,166432,47841,310310,104374,81170,169426,101277,52681,621027,123662,239547,39464,159168,75113,492117,80358,725981,201578,9344,179710,116050,263029,332383,162129,298482,195539,168631,24024,27148,205172,250138,70362,60068,292067,28176,192596,195388,514925,50954,13085,88507,246830,323867,337822,246128,148391,98374,62422,117534,86811,111111,169573,269061,25765,384170,188105,110312,261999,328743,81716,125400,136440,236237,38323,324006,268778,237229,248374,338717,106552,31373,110700,285509,228685,78167,14430,186852,174235,13092,24657,33921,163055,271169,240409,275414,36157,289532,266429,121395,296963,361881,226162,175246,96191,59195,125044,52893,70347,22758,151895,331595,206501,513049,240870,288689,306876,117315,143536,347869,159356,121713,38654,354136,121510,17803,179679,130908,35861,273015,350374,168121,308116,616346,424736,249346,32294,32671,166052,347157,273390,494646,704394,172941,623233,277776,20390,58528,178040,132971,77753,98252,55208,63762,479690,265667,154247,197847,198009,286915,53227,300253,111321,81869,326339,511609,147765,143971,135753,60629,53163,141511,311112,244767,239486,180237,47689,148823,531061,108043,307617,247765,51312,469222,270438,175855,41605,73853,170811,114623,245319,421907,102070,124343,158774,565496,269252,90168,172890,117643,263794,494721,94194,575798,118008,76506,460586,404323,25805,226969,63605,254628,239489,30564,272230,113382,191727,300546,65656,234199,21424,197378,62338,278306,196047,546536,80714,122262,391865,121080,50461,242440,366492,473076,104841,330046,61019,283226,72290,285786,519223,65788,283300,160536,143720,69356,237999,426382,345541,373776,423758,246964,125034,146595,104908,222606,100902,554535,316487,305649,11003,420708,175285,425384,120295,339012,113247,63215,180984,160037,196344,67845,33673,36227,2166,33145,25226,75915,196585,242310,330284,115666,100349,38119,44611,53326,310158,31335,78683,18734,4574,160981,302519,114696,14421,133791,20456,20126,406380,144180,130737,36198,49901,288999,184391,164056,96436,28181,119287,47904,48540,369315,5948,22961,191316,282701,72546,43515,270907,88811,60362,137402,50542,224799,212887,49067,219855,317922,407588,156917,28049,85624,133133,45951,346909,29339,377602,72138,136867,503896,99406,2222,34173,673380,142355,30962,210795,143318,80236,308233,275020,87006,123114,59855,205811,146695,20503,144932,52787,47011,3016,239590,146806,171245,2545,98469,192271,115261,93719,367848,20252,101945,96696,233443,82588,112456,228460,72672,127589,181089,33110,75159,13147,101442,59293,43233,355917,19770,66869,115377,29931,75948,88751,39332,37452,41521,40337,58613,120102,42591,21993,92301,117346,361,132313,43076,88187,108420,62098,34069,220927,9637,188185,25618,100102,78655,211672,83658,291662,35466,199131,161381,209673,254396,44439,23099,145775,163803,103645,9684,22753,94509,73342,14159,165567,72167,90811,121979,159538,188852,221967,16810,119051,6402,227008,29821,8156,157019,47474,1127,66638,65666,180391,315022,52190,58388
"gene_894",0,224,489,0,0,150,1671,9,0,491,734,0,161,1,0,9,8,1,0,443,0,117,0,1261,50,8,4,0,1,0,249,53,4,37,30,0,1,1423,0,0,5,2189,169,0,0,778,8,171,133,2184,0,0,40,0,3,1,182,141,36,1,0,114,1,2,0,0,0,0,176,1417,1192,1,0,188,206,31,10,74,9,0,5,21,51,66,0,42,0,155,8,3,720,0,0,0,2,0,116,0,0,0,4,0,0,0,0,0,0,0,0,0,0,0,0,0,0,0,0,0,0,0,0,0,0,0,0,0,0,0,0,0,2,0,0,0,0,1017,0,33,0,0,0,0,0,0,0,0,0,0,0,0,0,0,0,0,0,0,0,0,0,0,0,0,0,0,0,0,1449,0,0,0,0,21,0,0,0,0,0,0,0,0,0,0,0,0,0,0,0,0,0,0,0,4,1,0,165,0,180,2689,261,0,10,0,0,0,0,0,1,0,0,0,10,0,0,0,1,0,0,1,0,2,0,0,87,3082,1,8,893,1,0,0,0,0,0,0,5,107,0,4,0,0,0,0,0,0,2004,0,0,0,0,0,3,0,0,0,0,0,0,0,0,6,24,11,0,4,10,2,0,0,0,0,5,0,156,0,29,0,2,0,0,0,0,66,33,0,184,3,0,190,0,0,0,92,1,0,2,40,19,5,0,0,0,0,0,0,0,215,2,695,15,0,0,0,30,0,0,0,13,0,16,0,0,11,14,71,0,0,37,424,0,0,3,0,0,0,1,1,0,0,0,0,0,0,0,186,0,0,1563,290,0,0,0,0,588,0,48,87,87,18,2,0,0,0,60,129,21,1,0,0,0,0,591,0,3381,7,0,0,0,0,782,0,0,881,333,1,0,233,450,0,0,54,0,1029,0,0,35,0,421,0,0,0,0,0,123,1,0,0,4,27,2,0,0,0,0,0,0,0,656,0,40,0,0,0,0,52,0,0,0,0,0,0,0,0,0,0,0,0,90,0,1,0,0,0,0,0,0,0,0,129,0,0,0,0,0,0,0,174,20,0,39,0,0,0,0,0,0,5,0,0,29,0,0,0,0,0,0,0,0,13,0,0,0,11,0,0,0,0,0,0,0,0,2,1,0,0,0,0,93,3,0,0,0,0,0,1148,0,0,0,0,142,0,0,0,3,0,0,2,23,0,0,0,0,0,0,0,0,32,54,13,0,252,4,0,96,0,0,0,0,10,185,0,0,8,0,0,137,18,0,0,61,0,0,0,0,0,0,0,0,267,335,0,0,2224,0,2,1,10,278,535,2042,0,0,0,0,0,9,0,0,0,0,0,0,0,1240,0,4,0,0,0,0,0,0,0,0,0,0,0,0,0,0,0,17,0,0,0,0,0,0,0,0,0,0,0,0,0,0,0,0,0,0,0,0,0,0,0,0,0,0,0,0,209,0,0,0,0,0,0,0,0,0,0,0,0,0,0,8,0,0,0,0,823,0,0,0,192,0,0,0,0,0,0,0,0,0,0,0,0,0,0,0,0,87,0,0,0,0,0,0,0,0,0,0,0,0,0,0,0,0,0,0,0,0,0,0,0,0,11,0,0,0,0,0,1,0,0,0,110,0,0,0,0,0,0,0,0,0,0,0,0,0,0,0,0,0,0,0,0,0,0,0,0,0,0,0,0,0,0,0,0,0,0,109,0,2,0,0,0,0,0,0,0,0,0,0,0,0,0,0,0
"gene_895",0,348,0,0,0,0,0,0,0,0,0,0,0,0,0,0,0,0,0,0,0,0,0,0,0,0,0,0,0,0,0,0,0,0,0,0,0,0,0,0,0,0,0,0,0,0,0,0,0,0,0,0,0,0,0,0,0,0,0,0,0,0,0,0,0,0,0,0,0,0,0,0,0,0,0,192,0,0,0,0,0,0,0,0,0,0,0,0,0,0,165,0,0,3,106,0,0,35,12,42,135,0,0,484,0,1,0,5,0,27,119,0,1,46,4,0,0,199,1,0,0,0,0,9,1,1,0,0,541,0,322,832,10,0,6,0,0,1,0,0,3,0,0,0,4,0,0,0,54,276,489,0,322,0,76,904,0,72,0,2,2563,2,1703,0,4,2,470,0,107,132,55,0,1,0,0,106,0,12,371,400,518,3,1934,5,1607,139,8,3,19,0,4,0,0,21,4,0,0,299,0,0,0,0,0,23,0,0,0,0,1,0,4419,0,0,0,1159,21,0,0,85,0,5,0,0,2,0,4,29,2544,0,53,36,56,0,0,15,2,53,301,5,344,216,941,0,214,0,71,0,0,883,0,105,0,94,16,0,423,0,17,0,0,0,0,0,0,0,0,0,0,0,0,0,0,0,0,0,0,0,0,0,0,0,0,224,0,0,0,0,0,0,0,0,0,0,0,0,0,0,0,7,0,0,0,0,0,0,0,0,0,0,0,0,0,0,0,0,0,0,0,0,0,0,0,3,0,0,0,0,0,0,0,0,0,0,0,0,0,0,0,0,0,0,35,0,0,33,0,1,0,0,0,0,0,0,0,0,0,0,25,0,0,0,0,0,0,0,0,0,0,0,0,3,0,0,0,0,0,0,0,0,0,0,0,0,0,0,0,0,0,0,0,0,3,0,0,0,0,0,0,0,0,0,19,0,0,0,0,0,0,0,0,0,0,0,0,0,0,0,0,0,0,0,0,0,0,0,0,0,0,0,0,0,0,0,0,0,0,0,0,0,0,0,0,0,0,0,0,0,0,0,0,0,0,0,0,0,0,0,0,0,0,0,0,0,0,0,0,0,0,0,0,0,0,0,0,0,0,0,0,0,0,0,7,0,0,0,0,0,0,0,0,0,0,0,0,0,0,0,0,0,0,7,0,454,0,0,0,1,0,0,0,0,0,0,0,0,0,0,0,0,0,0,0,0,0,0,1,0,0,0,0,0,0,0,0,0,0,0,0,0,0,0,0,0,0,0,0,0,0,0,0,0,0,0,0,0,0,0,0,0,0,0,0,0,0,0,0,0,0,0,0,0,0,0,0,0,0,0,0,131,0,0,0,0,0,0,0,0,0,0,0,0,0,0,0,0,0,0,1,0,0,0,0,0,0,0,0,0,0,0,0,0,0,0,0,0,0,0,0,0,0,0,0,0,0,0,0,0,0,0,25,0,0,0,0,46,0,0,0,0,0,18,0,0,0,0,0,0,0,0,0,0,0,0,0,0,0,0,0,0,0,0,0,0,0,0,0,0,0,0,0,0,0,0,0,0,0,0,0,0,0,0,0,0,0,0,0,0,0,0,0,0,0,0,0,0,0,0,0,0,0,0,0,0,12,0,0,0,0,0,0,0,0,0,0,0,0,0,0,0,0,0,0,0,0,0,0,0,0,0,0,0,0,0,0,0,0,0,0,0,0,0,0,0,0,0,0,1,0,0,0,0,0,0,0,0,0,0,0
"gene_896",0,0,662,45,2,0,0,0,0,0,0,43,0,23,0,0,0,0,0,0,0,0,0,0,0,0,0,0,0,0,0,48,18,0,0,0,0,0,0,7,0,30,0,0,1,0,0,14,0,2,0,8,0,0,97,0,0,0,0,0,4,0,3132,0,0,0,2,1,2,0,0,0,0,134,0,0,0,0,0,0,0,0,0,8,0,0,0,4,0,7,0,0,0,0,0,0,0,0,0,0,0,83,0,0,0,0,0,0,0,0,0,0,0,0,0,0,0,0,0,7,0,0,0,0,0,0,0,0,0,0,0,0,0,0,0,0,0,0,0,177,0,0,0,0,87,0,0,0,0,0,0,0,0,0,0,0,0,0,0,0,0,0,0,0,0,0,0,0,0,0,0,0,6,0,0,0,1331,0,0,168,0,0,0,0,0,0,0,0,0,0,0,33,0,0,0,0,0,1,0,0,0,0,0,0,0,0,0,0,0,0,0,0,0,0,53,0,0,0,0,0,0,0,0,0,0,0,0,0,0,0,0,7,0,0,0,0,0,0,0,0,0,0,0,5,0,0,0,0,0,0,0,0,0,0,0,0,0,0,0,0,0,0,1,0,0,56,0,0,0,0,18,847,699,1,1,452,0,136,0,0,229,0,0,14,3,0,1257,0,5,0,11,1,59,357,0,85,608,152,17,0,0,0,0,633,1,70,141,0,28,0,2,0,4233,0,4,0,0,0,15,84,0,0,0,0,0,6,6,15,1,257,71,0,309,119,4470,10,0,0,2,1186,0,0,7,0,18,0,0,208,1198,0,0,1,189,0,1214,8,1,0,0,0,0,660,7,0,5,17,0,0,15,0,0,0,393,0,5,0,2,10,0,2,0,143,1164,0,0,104,0,0,4209,0,209,1890,0,15,0,0,0,103,0,0,4043,0,3,4,11,0,0,191,0,0,482,0,0,0,0,53,0,0,51,386,1,1,3,0,0,263,70,19,353,0,6,25,91,3,0,0,93,374,53,1,0,0,89,0,2,0,17,0,0,0,0,0,2,32,0,0,6,0,0,18,1915,0,0,0,57,6562,0,0,33,0,0,12,0,0,0,0,0,0,2330,3723,82,33,0,0,0,8,0,0,0,3,0,72,0,0,0,1,0,0,100,19,433,0,0,16,0,76,1,7,0,0,0,0,93,0,0,0,0,1109,88,421,245,18,0,0,0,29,65,79,0,0,375,17,0,0,0,0,1,0,0,0,762,0,0,0,0,592,0,5,0,790,6,115,45,0,0,3,0,0,0,0,16,23,0,0,0,0,0,1,0,306,96,0,0,0,0,609,0,1845,0,0,0,0,0,0,0,0,0,2259,0,0,0,0,0,0,0,0,0,0,0,0,0,0,7969,0,123,0,0,34,0,0,0,0,0,0,0,0,0,0,0,0,0,0,0,0,0,0,0,0,0,0,0,0,0,0,0,0,0,0,0,0,0,0,5,0,1903,61,0,0,0,0,0,0,0,0,0,0,0,0,0,0,0,0,0,0,0,175,0,0,0,0,0,0,0,0,0,0,0,0,0,0,0,0,0,0,0,0,0,0,0,0,0,83,71,0,0,0,3081,0,137,0,5180,0,0,1,0,0,4,0,0,0,0,0,0,0,0,7,0,0,0,0,0,0,0,0,0,0,0,1428,0,0,5,0,0,0,0,0,0,53,0,0,0,0,0,0,0,0,0,0,0,0,0,0,0,7,0,0,7,0
"gene_897",0,1,0,0,0,0,0,0,0,0,0,0,0,0,27,0,0,0,0,17,0,0,0,0,0,0,0,0,0,0,0,0,0,0,0,0,33,27,1,0,0,0,27,0,0,0,0,0,0,0,0,0,0,0,0,1,0,0,118,0,0,0,0,0,0,0,0,0,0,0,0,0,0,0,1,0,0,0,0,0,25,0,0,0,0,0,0,0,0,4,0,0,0,0,0,0,0,0,0,0,0,0,0,0,0,0,0,0,0,0,1549,0,0,0,0,0,0,0,0,0,0,0,0,0,0,0,0,0,0,0,0,0,0,0,0,0,0,0,0,0,0,0,0,0,0,0,0,0,0,24,0,0,0,0,0,0,0,0,0,0,0,0,0,0,0,0,0,0,0,0,0,0,0,0,0,0,0,0,0,0,0,0,0,139,0,0,0,0,0,0,0,0,0,0,0,0,0,0,0,0,59,1348,1,0,0,0,0,0,0,1,0,3929,0,0,0,0,0,0,0,0,0,0,0,0,0,0,0,0,0,0,0,0,0,100,0,0,0,0,0,0,0,0,0,0,0,0,1,0,0,0,0,0,0,0,0,49,0,143,320,0,0,0,0,0,0,0,0,0,0,0,0,0,0,0,0,10,0,0,0,0,0,0,0,0,0,0,0,0,0,0,0,0,1,0,0,0,0,0,0,0,0,0,0,3,0,0,0,0,0,0,0,0,0,0,0,0,0,0,0,0,0,0,0,0,0,0,0,0,0,0,0,0,0,0,0,0,0,0,0,0,0,0,0,0,0,0,0,0,0,0,0,0,0,0,0,0,0,0,0,0,27,0,0,0,0,0,0,0,0,0,0,0,0,0,0,0,0,0,0,0,0,0,0,0,0,0,0,41,0,0,0,0,0,961,0,0,0,0,0,0,0,9,0,0,0,0,0,0,0,0,0,0,0,0,0,350,0,0,0,0,0,0,0,0,0,0,0,0,0,0,0,0,0,4,0,0,0,0,0,0,0,0,0,32,0,0,0,0,0,0,0,0,0,0,0,0,0,0,1,0,0,55,0,0,0,0,115,2,0,10,0,0,0,15,0,0,0,0,0,0,40,0,0,49,21,2,0,0,0,0,2,0,0,0,0,0,0,0,0,0,0,0,0,0,0,0,0,0,0,0,0,0,0,0,0,16,0,0,0,3811,0,0,0,255,0,1,0,0,0,0,1,2,0,0,0,0,0,0,0,0,0,0,0,0,0,0,0,0,0,0,0,0,0,0,66,0,0,0,0,29,0,0,0,0,0,0,1715,0,0,0,0,0,1768,0,0,0,28,0,0,242,0,0,0,0,0,0,0,0,0,0,0,0,0,0,0,0,0,0,0,0,0,0,0,0,10,0,861,0,0,0,0,3,0,0,0,0,0,5,3,0,0,0,0,0,0,0,0,0,0,0,0,0,0,0,0,0,0,0,0,4,0,0,0,0,0,0,0,2,0,0,108,0,0,0,0,0,0,0,0,0,0,0,0,0,0,0,0,0,0,0,0,0,4,0,0,0,0,0,0,0,0,0,0,0,0,0,0,0,0,40,0,9,0,0,0,0,0,0,0,902,0,16,0,0,1,0,0,142,0,0,0,0,80,0,0,0,0,0,0,0,0,0,849,0,0,0,2,0,0,0,0,0,0,0,0,0,0,0,0,0,0,0,0,0,0,0,0,0,0,0,0,0,0,0,0,0,0,0
"gene_898",0,0,0,0,0,0,0,0,0,0,0,2,0,0,0,0,0,0,0,0,0,0,368,0,0,0,0,0,0,0,0,1,0,0,0,0,0,0,0,0,0,0,0,0,0,0,0,0,0,0,0,0,0,0,0,0,0,2,0,0,0,0,0,0,0,0,0,0,0,0,0,0,0,0,2878,0,0,0,0,0,0,0,0,0,0,1,0,0,0,0,0,0,0,0,0,0,0,0,0,0,0,0,0,0,0,0,0,0,0,0,0,1297,0,0,0,0,0,0,0,0,0,0,0,0,0,0,0,0,0,0,0,0,0,0,0,0,1677,0,0,0,0,0,0,0,0,0,0,0,5328,0,0,0,0,0,0,0,0,0,0,0,0,0,0,0,474,0,0,0,0,0,0,0,0,0,0,0,0,0,0,0,0,0,0,0,21,0,0,0,0,0,0,0,0,0,0,0,0,0,0,0,0,0,0,0,0,1,0,0,0,0,15,0,437,1,0,0,0,0,0,0,0,0,0,2,0,0,0,0,0,0,0,0,0,0,0,0,0,0,0,0,0,0,0,0,0,0,0,0,0,0,0,1,0,0,0,0,0,0,0,0,0,0,0,0,0,0,0,0,0,0,0,0,0,0,1,1,0,1,0,0,0,0,0,1,0,0,2,0,0,0,0,0,0,0,1,0,0,2,0,3,0,0,0,2,0,0,0,0,0,0,0,0,0,0,0,0,0,2,0,0,0,2,0,0,0,0,1,0,0,0,0,0,0,4,0,0,0,0,0,1,0,0,0,1,0,0,0,0,0,0,0,1,0,0,0,0,0,0,0,0,0,0,0,0,0,1,0,0,0,0,0,0,0,0,0,1,0,0,0,0,0,0,0,0,0,0,0,0,0,0,0,0,0,0,0,1,0,0,0,0,0,0,0,0,0,0,0,0,2,0,0,4,0,3,0,0,0,0,0,1,0,0,0,0,0,0,0,0,0,2,0,0,0,0,0,0,0,0,0,0,0,0,0,0,0,0,0,0,0,0,0,0,0,0,0,0,0,2,0,0,0,0,0,4,0,0,0,0,0,0,0,0,0,0,0,0,0,0,0,0,0,0,0,0,0,0,0,0,0,101,0,0,0,0,0,0,0,0,0,0,0,0,0,0,0,0,0,0,0,0,0,0,0,0,0,0,0,0,0,0,0,0,0,0,0,0,0,0,0,0,0,0,0,0,0,0,0,0,0,0,0,0,0,0,0,0,0,0,0,0,0,0,0,0,0,0,6,0,0,0,0,0,0,0,0,0,0,0,0,0,0,0,0,0,0,0,0,171,0,0,0,0,0,0,0,0,0,0,0,0,0,0,0,0,0,0,0,0,0,0,0,0,0,0,0,0,0,0,0,0,0,0,0,0,0,0,0,0,0,0,0,0,1,0,0,0,0,0,0,0,0,0,0,0,5,0,0,0,0,0,0,0,0,0,0,0,0,0,0,0,0,0,0,0,0,0,0,0,0,0,0,0,0,0,0,0,0,0,0,0,0,0,0,0,0,0,0,0,0,0,0,0,0,80,0,0,0,0,0,0,0,0,0,0,0,0,0,0,0,0,0,0,0,0,0,0,0,0,0,0,0,0,0,0,0,0,0,0,0,0,0,0,0,0,0,6,0,0,0,0,0,0,0,0,0,0,0,0,0,0,0,0,0,0,0,0,0,0,1,0,0,0,0,0,0,0,0,0
"gene_899",12,0,20,0,43,1,0,0,226,0,0,0,51,45,0,0,1,0,20,1187,0,0,0,0,0,0,0,43,66,0,0,0,0,106,0,0,2,1,0,0,0,0,0,21,0,1,0,0,608,0,0,11,0,1,2,0,0,43,1474,0,0,1314,0,2,0,809,1,0,0,0,39,11,3,0,34,8,0,0,1,0,1,21,43,0,0,0,0,0,0,4,258,26,2,0,0,0,0,0,9,0,27,1302,0,0,844,961,0,257,2524,14,37,0,0,10,3281,15,1,411,3,0,0,0,1,266,28,0,0,6,9,4,116,175,21,2442,746,3,0,0,8,48,0,0,346,0,2,2,482,0,11,1,26,766,250,0,0,91,0,2,121,0,3412,40,0,31,220,0,276,244,3722,306,1,0,87,6,2044,120,0,0,391,119,0,0,0,6455,604,313,0,16,38,270,0,20,787,821,0,21,0,0,4603,0,0,0,0,2,0,780,0,50,0,51,16,52,1697,22,237,13,0,90,62,1632,15,413,0,692,0,0,0,0,492,7,32,0,6,0,0,0,4,49,0,0,0,0,202,0,0,6511,0,0,1038,0,0,95,0,1,0,1699,8,3,0,0,52,5,218,2,86,0,136,2,0,540,33,0,18,1313,0,0,0,17,2009,1176,9,0,247,146,9,0,0,35,2,0,88,40,0,4504,72,13,0,17,7,2,0,0,0,359,0,0,0,0,21,0,2,0,4350,322,890,1,325,0,0,1,0,0,139,0,67,50,1,37,71,0,1,44,317,0,31,450,0,0,326,0,64,2,21,30,118,4,700,120,2,182,0,15,46,3362,125,0,0,31,0,61,0,0,0,3,0,0,127,0,156,0,194,0,1,4,34,4,231,5,0,1100,2733,16,408,0,0,63,0,5,540,1,130,0,0,6,0,0,0,2,9,0,1,521,841,0,0,4,0,0,0,0,4,0,333,7,17,53,0,0,28,0,0,0,955,36,0,0,0,0,0,0,1082,458,0,360,6,17,0,153,0,0,3,1654,584,0,2532,1301,0,11,0,1346,0,3,0,0,54,0,175,0,0,18,28,194,0,0,0,3,0,20,14,0,0,30,11,352,333,188,38,1,670,10,4223,0,7,35,5,0,12,62,153,23,1,759,0,2,323,8,0,107,0,0,0,0,203,0,0,14,0,13,0,0,44,1,1,31,0,223,24,0,1,443,5,0,1560,6,0,22,0,0,0,0,3562,2152,0,0,0,0,7,0,70,1,2,258,0,246,84,246,180,117,0,31,452,67,0,0,0,1,281,0,108,11,0,2,12,16,0,32,36,114,0,0,0,0,0,0,0,2104,209,0,19,0,4,67,0,0,0,1,487,0,0,81,0,4,0,0,4,0,0,0,0,24,646,0,0,0,0,0,17,0,714,179,0,10,4,146,95,140,8,14,84,0,0,334,601,12,0,1,415,49,29,24,0,0,4,14,5,7,0,30,117,5,1,0,1,11,0,0,3,0,0,0,980,0,0,0,915,0,0,286,208,0,0,0,0,1,2082,0,18,0,0,13,0,0,0,1,3,394,0,0,85,51,0,0,0,0,0,8,45,0,0,0,367,836,17,475,34,0,2,1,15,484,0,0,304,0,9,1,0,0,0,0,0,12,15,0,0,64,0,7,269,0,7,38,314,0,0,0,0,279,874,0,0,0,3,49,0,20,2620,0,10,7,0,0,4,0,519,947,0,0,0,18,0,0,16,40,0,0,1,0
"gene_900",2,20,1,482,9204,56,298,713,0,4821,702,4669,30,17,1,1735,640,2,2059,0,31,87,1914,0,8,185,627,5577,3240,4227,0,25,61,973,837,158,1030,8211,2650,8,3,50,29,2482,2,4525,7740,1676,2047,2225,4480,2058,0,310,719,333,13,4687,580,0,151,37,1060,7846,654,2,422,9420,513,362,1562,515,28,8209,6,166,99,1396,781,10,1862,41,333,165,36,0,12,0,1054,1890,39,10,0,423,39,1,0,48,0,0,16,0,0,0,0,1,8589,0,94,0,105,0,0,246,81,43,1,0,0,1,0,0,0,1,2,0,0,0,11,0,0,284,0,0,0,2642,8,0,62,0,78,0,0,1471,340,203,1,435,0,3377,1469,58,4162,137,0,0,4022,0,0,0,0,0,52,0,0,0,3586,0,0,59,9,0,34,0,0,0,6416,0,3,9454,0,0,0,0,0,0,0,17,5,0,0,1,7923,0,0,0,5,0,0,0,0,4,0,0,1,0,0,1,5,0,1,0,0,0,0,0,1,0,0,4,0,2,0,1,2,0,0,0,0,1,0,0,0,1,2,0,0,0,1,0,1,0,4,0,0,1,0,1,0,0,0,1,0,0,0,4,0,0,5,2,0,0,0,0,45,0,0,0,0,0,0,0,0,0,0,0,0,0,0,0,0,0,0,0,0,0,0,0,0,0,0,0,0,0,0,0,0,0,0,0,0,0,0,0,0,0,0,0,0,0,0,0,0,0,0,0,0,0,3,0,0,0,0,48,0,0,0,0,0,54,0,0,0,0,0,0,3,0,0,0,0,0,0,0,0,0,0,0,0,0,0,55,0,0,0,0,0,0,0,0,0,0,0,0,0,0,0,0,0,0,0,0,0,0,0,0,0,0,0,0,0,0,0,0,13,0,0,0,0,0,64,0,33,0,0,0,0,0,0,0,0,0,0,0,0,0,0,0,0,0,0,0,0,0,0,0,0,0,0,0,0,0,0,0,0,0,0,0,0,0,0,0,0,0,0,0,0,0,0,0,0,0,0,0,0,0,0,0,0,0,0,0,0,0,0,0,0,0,0,0,0,0,0,0,0,0,0,0,0,0,0,0,56,0,0,0,0,0,0,0,0,0,0,0,0,0,0,0,0,0,0,0,0,0,0,0,0,0,0,0,0,0,0,152,0,0,0,0,0,0,0,0,0,0,0,0,0,0,0,0,0,0,0,0,0,0,0,0,0,0,0,0,0,0,0,0,0,0,0,0,0,0,0,0,0,0,0,0,0,0,0,0,0,0,0,0,0,0,0,0,0,0,0,0,0,0,0,0,0,0,0,0,0,0,0,0,0,0,0,0,0,0,0,0,0,0,0,0,0,0,0,0,0,0,0,0,0,0,0,0,0,0,0,0,0,0,0,0,0,0,0,0,0,0,0,0,0,0,0,0,0,0,0,0,0,0,0,0,0,0,0,0,0,0,0,0,0,0,0,0,0,0,0,0,0,0,0,0,0,0,0,0,0,0,0,0,0,0,0,0,0,0,0,0,0,0,0,0,0,0,0,0,0,0,0,0,0,0,0,0,0,0,0,0,0,0,0,0,0,0,0,0,0,0,0,0,0,0,0,0,0,0,0,0,0,0,0,0,0,0,0,0,0,0,0,0,0,0,0,0,0,0,0,0,0,0,0,0,0,0,0,0,0,0,0,0,0,0,0,0,0,0,0,0,0,0,0,0,0,0,0,0,0,0,0,0,0,0
"gene_901",15,389,2227,207,490,695,187,99,4899,654,142,1201,537,247,1859,26,1384,130,2,1254,37,397,0,3306,8,1281,600,85,3815,23,182,52,135,179,270,620,14,370,524,395,456,7,465,244,1692,1232,1,827,68,895,431,393,13,1117,1150,11,118,3416,46,3855,2477,1871,314,289,761,121,211,26,206,6786,1988,1389,809,2975,19,224,1612,294,124,286,2796,1014,290,1963,196,1422,20,172,1784,6,1014,157,4419,8,1994,790,5873,1,0,2,83,276,8,2283,4030,3,0,0,0,0,0,1357,1,228,1,10,134,61,311,592,1694,0,0,97,104,51,33,2,0,45,4,420,633,0,0,0,501,1109,0,2098,1,0,392,2723,1454,53,1224,17,579,631,1180,0,1,1,1,42,4084,411,62,31,0,21,20,111,0,0,0,0,29,8,269,258,101,107,7893,10826,226,953,10109,27,546,84,0,2,0,124,10975,8196,401,34,2163,155,7,6,15645,2281,178,254,14639,4170,8064,1329,1849,371,212,5870,998,2253,992,2087,1147,540,3501,1644,10063,100,2083,20582,385,3000,175,46,1645,11073,9793,2293,295,474,11502,1234,768,3369,266,13,2110,699,1386,2775,5742,793,10349,4916,2595,29,2255,2853,698,387,1965,10145,289,265,1548,3243,21612,271,5091,1436,3429,12297,0,791,0,139,5,24,4,175,0,3,0,34,349,0,0,10,0,0,0,0,0,0,24,2,1,0,1437,0,0,88,1,18,331,1154,0,510,65,394,0,167,0,13,0,0,3,0,6,2,1,52,1410,153,8,125,7,406,417,310,138,0,0,0,0,434,7,63,1,3,252,0,806,0,43,0,100,336,297,0,17,2248,0,0,534,554,1,80,20,5,0,0,0,508,0,610,1,98,52,33,0,8,1,0,0,2,0,4411,0,29,738,2203,60,0,788,10,5,0,21,0,14,40,0,132,44,0,105,74,8,1042,1,42,0,4,13,84,730,2243,210,1,4055,0,17,5,9,0,47,0,0,150,0,0,0,14,10,15,638,1,14,6,0,22,68,1,9,190,0,0,11,41,1302,40,0,11705,0,0,0,0,0,0,0,0,0,26,0,0,0,0,0,0,0,0,0,0,0,4,0,0,0,0,0,0,0,0,0,0,0,0,0,0,0,0,0,13,0,0,0,0,12,0,0,0,0,0,0,0,0,0,0,0,0,0,0,0,0,0,0,0,0,0,0,0,0,2,0,0,0,0,129,0,1,0,0,0,0,0,0,0,0,0,0,0,0,0,0,0,0,83,0,0,0,0,0,0,0,152,33,0,0,0,0,0,0,0,0,0,0,0,0,0,0,0,0,0,0,0,0,0,1,0,0,0,0,0,496,0,0,0,4276,0,0,0,0,0,0,0,0,0,0,0,0,0,0,0,0,0,50,0,0,0,0,0,0,0,0,0,0,0,0,0,0,0,0,0,0,0,0,0,0,3,61,0,0,0,0,11,0,0,0,0,0,0,0,0,0,0,0,0,0,0,0,0,0,0,0,0,0,0,0,0,0,0,0,0,0,0,0,0,0,0,0,0,0,0,0,0,0,0,0,0,0,0,0,0,0,0,0,0,0,266,0,0,0,0,0,0,0,0,41,0,0,0,0,0,0,0,0,0,0,0,0,0,118,0,0,0,0,0,0,0,0,0,0,0,0,0,0,0,0,0,0,0,0,0,0,0,0,0,0,0,0,0,0,0,0,0,0,0,0,0,0,0,0,0,0,0,0,0,0,0,0,0,0,0,0,0,0,0,0,0,0,0,0,0,0,0,0,0,0,0
"gene_902",0,0,4,0,33,0,12,0,0,0,0,0,0,0,12,1,0,0,0,12,0,0,39,0,330,0,0,0,0,0,0,0,0,0,0,0,2,61,0,0,0,0,0,12,0,0,1,0,0,0,0,0,0,1,154,0,0,0,0,0,0,0,1,0,0,0,0,0,0,0,0,0,0,0,0,0,0,0,0,4,0,0,0,0,556,0,0,0,0,0,0,0,0,2,0,0,0,0,0,0,0,0,0,0,0,0,0,0,0,0,0,0,0,0,0,0,0,0,0,0,0,0,0,0,0,0,0,0,0,0,0,0,0,0,0,0,0,0,0,0,0,0,0,0,9458,0,0,0,0,0,0,0,0,0,0,0,0,0,0,0,0,0,0,0,0,0,0,0,0,0,0,0,0,0,0,0,0,0,0,0,0,0,0,0,0,0,0,0,0,0,0,0,42168,3,0,0,0,0,0,0,0,0,0,0,7,39,0,0,0,0,0,0,0,1579,0,0,0,3125,0,0,0,0,0,0,0,0,0,0,0,0,0,0,0,0,0,0,37,0,0,0,81,0,0,0,0,18,0,18504,0,0,0,0,0,3,13547,644,3,1,0,0,7,0,0,0,0,0,0,168,52,0,0,531,0,2,0,6,0,72,9,0,0,0,0,175,0,0,8,0,0,1,236,0,0,0,113,545,320,0,2,0,0,0,2102,0,0,0,0,0,0,2,0,2232,47,0,201,0,59,1,0,35,0,0,0,0,0,372,0,271,0,1320,0,0,0,0,0,0,0,0,332,0,9,0,3392,0,0,0,0,2321,0,0,0,0,0,2,1,1,2,93,3083,217,0,0,0,0,0,0,0,0,0,1035,6389,136,467,0,3,111,0,8,0,0,1,0,0,2,0,0,0,0,0,0,1,0,166,43,0,0,0,0,121,5,233,0,0,15,0,0,0,0,0,0,0,12797,0,13,0,0,2,36,6,0,314,3676,11,0,0,0,2488,0,0,0,2,0,0,0,0,1,0,35,0,201,0,0,312,1438,99,0,0,0,0,0,0,0,0,0,0,0,0,0,0,559,0,0,0,250,0,3,0,1,0,0,0,0,0,0,942,0,0,0,0,267,0,0,0,0,20,39,105,0,1,0,0,0,0,0,0,1165,0,719,0,0,0,612,0,0,0,0,0,0,0,0,0,0,0,0,0,0,0,0,0,0,0,0,0,0,0,0,55,0,0,0,81,0,4,13,0,0,552,0,0,31,0,0,0,50,0,0,0,8,0,0,0,0,0,1,0,0,0,19,0,0,0,46,0,12,0,0,295,0,0,0,0,0,0,0,0,0,0,0,0,0,0,0,0,0,0,0,0,0,0,0,0,0,0,0,137,0,0,0,0,0,0,0,18,0,0,0,0,0,0,0,0,0,1,0,0,0,0,0,0,0,0,17,0,0,4,0,0,0,0,0,0,0,1,0,0,0,0,0,0,0,0,0,0,0,0,11,0,0,0,0,0,0,0,0,0,0,0,0,0,0,0,1,0,0,0,0,49,0,0,0,0,0,0,0,0,0,0,0,0,0,0,0,0,0,0,0,0,0,0,0,0,0,0,0,0,0,0,2,0,0,0,0,0,0,0,47,0,0,0,0,0,0,0,0,0,0,0,0,0,0,109,0,0,0,0,0,0,0,0,0,0,0,0,0,0,0,18,0,1,0,0,0,0,0,0,0,0,0,0,0,0,0,0,1,0,0,0,0
"gene_903",172,34,12,15,31,176,593,294,52,152,16,0,135,100,1710,0,0,16,0,51,595,168,65,1,3,0,4,326,160,380,734,11,16,414,10,29,3,42,21,140,320,2,0,133,2,102,28,4,1,34,16,83,1,6,1,25,1,0,110,1,211,275,15,10,104,94,82,2,9,60,98,1,0,11,1,23,0,2,177,96,57,34,47,1402,8,79,110,30,4,41,21,0,2,5,6,0,9,1,11,0,0,0,0,0,0,0,0,178,281,0,0,0,0,133,0,0,62,0,204,0,0,0,17,0,165,1,0,0,95,0,0,0,1,441,2012,193,0,0,90,415,0,0,2,17,94,1414,221,0,0,0,2,0,164,0,330,0,354,71,0,1,96,0,0,289,0,9,53,0,0,17,1,0,0,1,35,0,0,112,47,0,48,0,0,0,60,0,46,0,42,0,1,0,1,1,2,278,0,520,0,26,36,139,3,129,0,198,16,90,13,332,620,278,20,31,0,114,143,73,28,0,11,305,1056,96,0,0,123,1,421,0,0,21,3,0,14,101,0,4,0,2,367,47,263,0,1067,9,147,686,0,199,27,5,198,80,79,906,0,156,0,71,0,33,34,0,134,81,99,19,398,5,350,132,25,1237,0,84,1140,280,78,31,55,14,29,562,0,26,151,0,13,151,106,99,2,9,50,9,1,240,71,2,14,151,340,13,20,21,314,204,275,247,33,76,56,43,31,551,433,0,682,4,44,2,105,266,76,0,7,1,457,28,5,0,17,247,15,56,0,89,34,2,0,145,16,455,3,1,1149,135,511,150,289,494,653,144,102,33,12,6,611,39,9,172,532,7,53,186,4,1,22,43,24,0,135,148,85,155,295,5,451,46,341,1835,313,137,0,78,51,118,555,88,164,7,199,127,171,0,24,57,279,243,823,21,1,79,11,98,14,345,65,9,136,8,157,0,2,13,6,47,263,273,18,788,23,11,87,21,471,5,549,796,7,596,46,1220,0,13,437,155,104,1220,122,29,241,218,26,1,73,25,0,16,5,49,16,17,30,294,27,219,179,668,84,100,621,137,0,1,514,931,0,720,202,0,326,25,0,138,472,71,105,22,13,0,1,34,288,18,202,20,386,24,0,12,5,13,36,3,0,0,40,10,92,1938,0,725,0,9,0,1779,0,246,0,0,1,6,6,584,324,0,107,1,29,0,548,24,4,14,375,14,7,15,0,0,2,386,0,2,262,5,64,126,553,63,0,1375,623,3288,244,0,217,135,0,1,263,84,664,140,9,643,353,1018,0,9,9,367,10,744,1264,0,5,54,101,9,0,15,4,21,534,0,4,2,906,537,1181,858,21,2,2471,1291,49,0,44,41,274,1,1385,2,866,0,5,2014,18,510,28,913,57,2868,1034,457,4,2,676,0,61,10,3,0,181,0,48,8,0,0,0,53,3192,6,1,22,67,0,31,1185,1692,4,0,4,86,0,17,0,0,0,0,13417,1,335,4,0,6481,2,0,1265,64,62,11,2115,5,119,0,375,379,150,0,3107,1741,1803,14,646,1126,830,446,948,0,515,2,1,3,12,711,1712,87,0,439,174,0,485,58,53,1923,116,0,92,33,284,250,0,0,0,4914,2726,7,17,2232,620,0,1,0,2392,0,155,384,180,0,1880,0,0,16,25,255,3,59,1036,4388,1016,0,0,3169,0,653,30,57,0,445,41,2876,0,524,4241,221,466,14313,0,0,3763,0,3087,32,1,0,554,0,40,106,1309,409,4442,158,0
"gene_904",0,0,1,1,18,1834,2,0,0,2,0,2447,233,0,0,0,32,0,0,0,9,52,0,31,13,29,82,0,0,55,4,13,160,0,0,0,2,8,1054,478,0,5,9,364,9,1358,3,0,0,172,17,898,19,1,0,0,1106,16,17,28,0,0,771,195,70,14,78,5197,0,120,0,4,0,0,0,2,91,0,65,0,0,1,2,0,0,4,11,0,0,0,0,816,0,133,22,777,296,0,5189,0,0,1913,443,451,0,1,93,2664,55,40,18,0,99,156,0,416,1017,0,18,18,0,644,197,0,1537,161,5,0,0,3,0,5,52,2,2,0,3,0,187,214,0,850,14,8,136,0,1,1768,0,1515,0,1154,1337,0,3,181,8,0,26,0,2419,2815,12,0,0,0,2319,7772,0,29,0,5410,0,2217,1,0,2,21,448,0,79,663,22,101,1395,652,4,1560,0,7,6,0,23,25,16,40,1687,88,2578,0,69,1444,1140,32,0,52,0,45,1263,38,0,2609,0,4224,1322,200,618,8996,281,1560,41,1746,3,0,4942,15,0,72,0,195,1,0,1638,0,653,2,0,1236,9239,43,0,45,172,2066,586,1305,27,272,0,178,58,1029,5250,1,33,27,0,179,358,305,281,2,0,0,4,0,4,259,0,0,0,220,195,257,0,110,97,7,0,5,30,27,128,0,5,82,37,1,26,0,49,0,0,0,11,12,0,0,0,0,0,3,0,1,834,24,49,0,1,0,0,0,30,327,1,0,3,1419,4,0,37,6,0,206,0,3,1,0,0,0,0,0,0,0,77,282,0,1,30,0,0,0,0,0,0,0,103,1,0,0,3,35,153,0,0,0,294,22,76,0,2189,0,0,11,0,540,16,3,0,23,9,1,2166,15,26,794,0,0,55,13,0,60,0,0,0,0,9,0,4,0,0,0,0,0,15,2874,0,0,10,0,0,1231,1,545,0,0,0,2,1284,352,111,14,0,704,0,0,715,313,0,1395,0,0,0,4,1,1,298,76,0,0,214,4422,0,0,0,0,0,0,6,1430,596,0,0,1073,19,0,0,992,5393,62,0,296,0,0,0,0,0,0,129,0,0,8,0,0,172,405,0,0,206,0,5,11,2,0,575,0,0,0,0,0,0,9,0,8,184,0,0,2,0,2,0,0,0,0,1,0,0,12,48,550,0,13,319,626,1,0,0,0,0,3938,0,1,0,224,601,0,53,18,0,0,9,0,35,6,0,0,0,113,0,6,0,0,0,0,0,0,0,0,23,3,0,0,0,0,0,0,0,0,0,6,0,22,0,0,0,0,176,0,1366,0,34,12,7,0,1282,0,0,0,35,1,38,0,0,6,0,0,0,1,0,1395,0,0,0,22,0,0,0,140,0,0,0,0,0,0,70,0,0,0,27,0,15,0,0,0,0,0,0,0,0,154,0,0,0,0,0,0,0,0,0,0,0,0,0,0,0,0,0,0,0,3,0,0,1,0,0,0,0,0,0,0,0,0,9,73,0,0,0,0,0,0,0,0,0,0,0,0,0,0,0,0,2,0,0,0,0,66,0,1064,0,0,0,0,0,66,1,0,0,163,0,0,1,0,0,0,0,0,0,0,0,27,0,0,0,0,0,11,0,0,0,0,0,65,0,1,0,0,0,0,594,0,0,0,0,0,0,0,0,0,0,0,0,0,0,0,0,0,0,0,0,0,0,0,0,0,0,0,0,0,0,0,0,1,0,0,0,0,0,0,0,0,0,0,0,0,0,0,0,0
"gene_905",3,2,1,278,348,1349,173,0,48,19,323,676,714,0,344,4211,1191,285,93,442,313,0,602,5075,141,1399,2096,24,8,3768,789,4424,10,56,168,525,0,87,287,1206,208,14,32,2662,114,841,1390,191,1259,2205,261,116,83,4130,122,39,858,0,2,131,22,27,991,3252,479,1258,166,17,789,58,654,2964,308,298,11,2214,2428,552,62,158,2910,1675,34,207,25,828,14,7163,217,76,584,503,964,276,1662,409,1377,319,1302,113,1755,254,549,1278,4706,2604,14,2659,3498,11,4233,0,84,409,3983,1566,245,255,1,3579,0,424,0,1,11351,22,1085,241,51,222,121,1743,1823,12,0,2019,8664,2797,1317,7,42,183,0,0,241,0,0,0,1013,699,16,7300,0,112,727,3529,0,111,421,469,0,13652,2,8,820,1779,0,0,1834,2304,1558,0,22586,150,17,0,29,45,901,74,3419,33,10525,2033,206,17252,0,0,46,468,48,929,23878,0,2714,1,33,1,8689,1281,2,23,833,419,8269,116,4972,1,3178,2279,1,21143,19,27,0,599,1,456,0,790,7878,213,15224,3764,398,182,24,722,1986,0,242,6525,2910,39,0,5705,0,0,31,1,302,2,21,4351,0,205,54,7247,2937,2048,3055,1341,15,0,670,48,317,624,2603,5,944,1,226,158,6,2853,79,436,118,1054,0,24,0,0,3413,24,9,1,85,27,1,1217,3,1042,15,519,436,1,21,1943,235,147,812,987,1,302,1406,71,1,62,3,2,22,5169,546,249,42,25,91,210,1491,0,423,1,5,55,0,170,183,95,0,13,95,180,5,243,160,35,447,47,116,3,27,0,1387,293,20,343,2,10482,22,32,48,3,1088,354,7,27,753,19,832,503,305,76,156,133,127,918,535,2562,5,3992,2829,46,1858,0,73,6551,0,4,346,64,428,555,7126,8932,142,97,13,11596,16,1,3986,84,0,0,246,2363,2825,221,7039,5643,800,9,3709,57,1827,1453,3,967,7630,492,65,7,115,101,435,1029,2849,2114,1164,894,1280,953,7384,149,792,0,9518,875,1347,1554,1318,5,1,321,6110,25,115,0,120,63,0,588,231,1261,16,24,55,145,528,1758,531,72,634,990,233,1704,2,28,0,7,21,504,230,799,0,1,1451,0,0,0,2569,0,6,0,3149,1,0,11,52,701,0,0,25,31,120,0,354,3205,2,27,790,368,4461,32,21,145,0,1,120,0,750,1005,3,0,1368,0,5,0,118,31,52,33,5227,830,85,0,0,0,0,58,163,546,0,23,9,8,0,1493,22,1123,410,0,0,472,8,1194,0,16,979,6,0,3,8,3,20,170,876,63,0,58,230,1,5,10,258,2,0,1,202,0,0,4,0,0,0,1,389,50,1393,1,5,3,28,1296,802,0,0,8,1,26,0,0,339,0,567,242,1,1839,976,0,6236,72,121,3,94,223,0,0,0,0,0,0,0,146,0,0,25,0,1388,0,0,0,2,60,247,178,241,4585,0,0,51,19,0,0,29,1053,3,2616,0,2892,0,0,0,0,1,0,0,4,11,0,0,0,42,18,3574,12,86,72,0,746,4980,1,1331,660,1079,1223,3147,32,1435,64,142,0,0,0,95,0,4,5,230,0,1914,17,0,0,2021,0,0,969,0,0,158,1,14,0,0,487,2338,1008,0,3948,0,0,0,15,0,0,82,107,0,3,0,230,4351,0,0,5790,0,0,12,5,616,370,47,2,18,0,6,51,13,5632,0,0,1121,100,0,0,0,2,0,8,0,515,0,753,513,8,4,762,0,5370,0,0,293,1,0,0,112,0,0,16222,0,2306,0,0,764,4327,18,0,329,138,6,2080,0,0,141,5952
"gene_906",108,0,571,0,0,0,14,0,519,0,388,0,758,0,36,0,0,4,0,30,0,1,193,2,0,0,0,1,4,1,0,93,27,0,0,0,0,0,0,839,0,18,0,0,0,0,0,2,44,0,0,7,0,0,0,2,0,0,0,0,0,0,0,0,2,124,0,0,0,0,12,0,0,0,3,61,4,0,8,134,0,0,27,155,1,0,0,16,0,4,0,0,0,628,0,0,0,0,4,0,621,57,4,1003,0,0,0,112,5,8,1,0,0,1,0,0,3,28,420,0,0,322,12,0,483,249,282,0,0,12,0,0,0,0,4,0,1,0,22,0,46,54,0,650,949,0,112,0,2025,0,0,0,0,0,0,34,5,117,395,2,5,363,0,1149,1,709,0,10,14,0,0,33,72,42,0,5864,6,2,0,0,560,185,0,2,0,18,25,486,0,1,2182,15,37,0,29,149,12,2,1961,1,2,0,2017,810,0,24,129,0,300,1135,69,0,230,27,59,549,55,0,168,0,0,77,748,155,1726,33,230,109,2622,2,0,188,12,76,1,0,1322,2,6,76,301,0,76,72,1,1673,223,0,242,1,0,10,11,535,39,231,0,5,6,0,0,1,0,1148,277,0,97,3,0,3,5,0,1,0,0,0,131,3,12,1782,0,0,1,0,7,0,0,1,148,1384,168,195,70,295,1,0,7,0,0,0,0,0,0,0,13,17,142,16,162,0,0,3,0,0,19,0,360,20,21,0,1,0,1619,237,28,0,0,0,706,607,0,0,310,1,0,0,0,355,0,5,0,0,0,1624,0,0,0,3,9,0,0,0,0,349,17,0,5,0,0,55,0,0,4,0,0,0,17,1,27,3,579,493,14,0,676,0,0,729,1006,0,1884,14,28,0,0,9,13,42,36,0,0,0,0,0,0,1,14,116,0,0,8,2450,233,0,28,0,17,5,0,0,0,0,253,0,0,0,1,0,0,289,280,0,0,492,0,0,6860,0,0,141,564,0,0,0,291,2,0,0,11,1,2,1,0,0,61,1,197,0,0,64,3,163,148,0,0,16,0,0,3,635,0,507,120,18,0,0,51,912,0,0,16,0,2,1,797,0,418,0,60,9,0,0,8,0,0,371,769,0,6,23,0,0,264,0,408,1328,402,0,0,0,198,0,0,210,0,2001,0,11,249,0,10,3,3,52,32,0,3,3,1,28,0,0,0,0,0,77,0,1613,3838,3,113,1,99,0,0,635,11,0,372,0,0,0,16,0,44,2,0,7,0,0,9,5,193,125,0,364,0,0,12,0,435,0,458,0,0,0,0,0,2,0,0,0,0,9334,0,31,0,8,0,0,0,0,0,0,716,0,49,238,0,0,643,9,0,0,0,652,40,569,17,1,0,89,78,0,0,11,8,0,277,0,1053,885,31,0,0,0,0,3530,0,0,0,0,0,377,13,0,0,216,0,4607,0,0,0,554,0,304,0,1507,360,16,0,0,1,2,0,829,0,0,0,0,0,3507,7,0,2,20,247,0,0,548,0,3543,0,0,0,0,0,0,23,10,2,0,0,0,0,0,2,0,0,456,337,0,33,0,0,0,28,0,3,0,0,221,5,0,92,1,0,0,0,0,7657,0,240,0,308,0,0,9,0,0,0,2,376,0,0,0,0,129,0,0,0,0,223,43,441,1130,0,0,0,0,32,0,0,3,1314,0,59,0,2,0,14,36,1108,1,79,0,2,44,0,0,1,4,0,1336,0,1276,0,64
"gene_907",69,0,0,169,61,0,3,14,96,76,119,0,0,0,322,2504,11,2570,92,3,12,0,1433,33,264,0,11,0,7,0,0,1393,0,348,0,0,238,8,209,0,2,145,6303,0,1,0,117,0,9,60,0,0,447,0,0,0,1,0,0,10,0,4126,6,0,4439,5,0,0,0,0,1,2,3,0,3,1,137,0,427,0,3728,557,21,0,0,127,0,440,0,35,0,0,0,24,0,0,0,0,1,0,0,1,175,0,0,0,0,0,390,2,2124,0,5,0,0,0,0,0,24,166,8114,76,0,0,0,0,27,0,0,0,0,0,0,0,0,0,0,0,876,0,0,4269,0,6,9,0,0,0,0,9,0,7,718,0,5,0,157,0,10193,0,0,0,139,18,1,0,0,0,0,0,0,0,0,0,58,7,3,0,422,1368,0,0,0,0,0,0,0,1,160,0,0,0,0,138,0,41,0,0,128,5810,261,2,0,3,146,2130,0,0,0,1310,0,0,2,0,0,0,25,0,0,4,85,4271,0,1488,0,5658,163,93,0,8,0,0,0,0,1,0,290,0,0,0,0,4193,0,412,5,0,0,55,0,0,314,0,100,8,2238,0,0,21034,0,1908,0,351,0,92,7,14,0,0,1,0,0,0,23,8,112,2,219,0,787,2,0,0,4,2,0,0,0,0,32,0,0,0,7,0,0,0,0,38,0,0,0,3,505,6,179,392,23,0,0,23,0,0,0,0,28,1718,1638,0,0,0,0,15,519,1860,0,2012,0,0,0,2,0,0,0,200,0,1636,0,0,1676,0,0,0,0,0,56,0,0,0,0,33,0,0,0,59,0,0,0,11,0,1,0,0,0,0,2380,0,0,3,11,0,391,2,1459,0,0,31,0,0,200,0,1677,0,0,1209,0,7,3,0,478,0,0,0,0,796,0,0,0,17,1,0,1,0,1,0,214,936,1,0,851,0,47,734,56,0,125,3,0,0,0,0,0,0,16,2670,6,0,11451,0,0,2605,0,0,224,0,0,0,0,0,0,9,0,0,0,0,25,0,0,0,0,0,0,0,0,0,0,0,105,0,1,0,0,83,0,5,0,0,0,0,0,0,149,0,0,0,0,6,0,0,0,227,1,0,157,0,0,0,8,0,0,22,0,0,0,0,0,94,0,0,0,0,0,0,0,0,0,0,0,0,293,0,0,129,0,0,0,0,2,0,0,0,0,0,0,0,0,0,0,0,0,0,0,2,0,0,0,0,0,0,0,117,119,0,0,0,0,1502,0,0,0,1,23,0,0,0,0,18,0,0,0,0,1623,0,1,0,0,2765,0,0,0,0,0,0,0,0,0,0,0,0,0,0,0,0,0,0,19,0,0,0,0,0,48,0,0,0,0,0,0,0,0,0,0,0,0,0,0,0,0,0,0,0,3,0,0,0,0,0,0,0,0,0,0,0,0,0,0,1,0,0,0,0,12,0,0,0,0,0,0,0,0,0,0,0,0,0,0,3,0,0,0,0,0,0,0,0,0,8,57,0,0,0,0,0,0,0,0,0,0,0,0,0,0,0,0,103,0,0,0,0,0,0,1428,0,0,0,0,0,5178,0,0,0,0,0,0,0,0,0,0,0,0,0,0,0,0,0,0,0,0,0,0,0,0,1758,0,220,0,0,912,0,0,0,1596,0,0,0,0,0,2,0,0,0,0,0,0,0,0,0,9,0,0,0,0,0,0,0,0,0,0,0,0,0,1,0,0,300,0,0,0,0
"gene_908",19,0,0,0,292,688,0,0,228,37,1025,0,704,1,0,906,0,0,8,0,0,0,0,0,196,3,0,160,0,0,0,0,2,0,12,971,0,0,514,0,0,4,0,0,1934,0,10,3,1621,0,166,0,0,1309,0,0,5,819,0,2,1851,1546,0,22,0,0,0,0,0,6,211,586,0,0,0,0,0,0,0,1,0,273,424,5,0,0,0,13,1943,114,95,0,0,0,0,2,0,85,0,0,0,0,4,0,0,0,0,0,0,40,0,0,0,0,0,0,0,0,0,52,32,0,22,31,0,0,0,11,102,8,0,18,0,0,0,11,38,480,0,0,0,0,1,0,1,0,1,1222,0,0,0,0,0,0,0,0,0,13,0,44,0,0,10,600,280,0,118,0,0,10,0,1,0,0,0,94,0,0,0,0,1,0,0,250,0,0,0,0,51,0,1608,1428,106,0,0,8,0,66,0,0,0,65,7,0,0,2026,0,694,0,0,0,0,0,7,0,0,0,0,0,0,0,0,0,3031,20,0,2,519,0,0,12,0,69,0,2,0,0,202,4801,1023,0,14,0,37,0,0,0,6061,0,1862,2,17,0,11,0,0,0,2,4,0,0,2275,0,0,0,0,0,0,0,0,0,0,5,0,0,22,0,0,0,0,0,0,0,0,0,0,0,0,0,0,0,0,7,0,0,0,0,0,0,0,2,0,0,0,0,0,0,0,0,0,0,0,0,0,0,0,0,0,0,0,0,0,0,0,0,0,0,0,0,0,0,0,22,0,0,1034,0,0,22,0,18,202,0,0,0,0,50,0,0,0,0,0,0,0,0,0,0,1408,0,0,0,113,0,0,0,0,0,0,14,0,0,0,0,0,0,0,0,0,0,0,0,0,0,0,0,0,0,0,0,0,0,0,0,0,0,0,0,0,0,0,0,0,0,0,0,0,0,0,0,0,0,0,0,0,0,0,0,0,0,0,0,0,0,0,0,0,42,0,0,2,0,0,0,0,0,0,0,0,0,0,0,0,0,0,0,0,0,0,0,0,0,0,0,0,0,0,0,0,0,0,0,0,0,0,0,0,0,0,0,0,0,0,842,0,0,0,0,0,0,0,0,0,0,7,0,0,0,0,0,0,296,0,0,0,0,0,0,0,0,0,0,0,0,0,0,0,5,0,0,0,0,0,0,0,0,0,0,0,0,0,0,0,0,0,0,0,0,0,0,33,0,0,0,0,0,0,0,0,0,0,7,0,13,0,0,0,0,0,0,41,0,0,0,0,0,54,0,0,0,0,0,0,0,0,6,0,0,0,0,0,0,0,876,0,0,0,0,0,0,0,0,0,0,324,0,0,0,7,0,0,0,0,0,0,2,0,0,0,0,0,0,0,0,0,0,0,0,0,104,0,0,0,0,0,0,0,0,0,0,0,1,0,0,0,0,0,0,0,0,252,0,0,0,0,0,0,0,0,0,0,0,0,16,0,0,0,0,0,0,0,0,0,0,0,0,0,0,0,0,0,0,0,0,0,0,0,0,0,0,0,0,0,0,162,0,0,0,3,0,0,0,0,0,0,0,0,0,0,0,0,0,0,0,17,0,0,0,0,0,0,0,0,0,0,0,0,0,0,0,0,0,0,3,0,0,0,275,0,0,0,0,0,0,0,0,0,0,0,0,0,0,0,0,0,0,0,0,0,0,0,0,0,0,37,0,0,0,0,0,0,0,0,0,0,0,121,3,0
"gene_909",376,5,8,0,200,550,1410,365,5378,1933,1,16,94,70,1264,1170,760,125,140,3727,0,3301,48,5738,3721,3,5235,609,890,39,375,2938,2,4112,262,71,0,77,8,19,634,8,440,0,3712,1,0,5,5,2,248,1432,0,402,9,688,53,536,9,56,1288,22,1309,197,1,104,1015,2,318,3,10,3526,0,438,42,1310,7,0,4,21,130,1343,10,3195,0,2601,35,1022,118,242,2255,7090,0,0,0,3,0,0,0,8,316,0,2078,0,0,165,0,247,20,22,28,0,0,0,0,16573,5,5971,0,0,31,0,0,0,1113,6,2,489,0,0,0,1,0,0,0,0,0,0,0,0,0,8157,0,26,436,0,0,0,0,0,0,0,0,316,823,0,364,0,2072,0,0,6,0,1,1254,2,0,0,0,0,0,0,40,466,1141,3,232,0,338,0,0,3300,0,897,8,0,0,0,0,1,0,0,2,0,0,0,0,0,0,238,0,0,0,0,0,0,0,0,0,6,6,0,0,0,562,0,0,0,486,0,0,0,0,0,0,0,0,118,0,0,0,0,0,0,0,0,0,0,0,0,0,0,0,0,2,0,0,0,0,0,0,0,2938,0,205,35,0,0,0,0,2,0,1542,87,125,0,87,0,0,0,0,14150,0,1011,78,133,1383,0,2086,1356,57,0,0,0,1367,229,3,319,0,46,1,948,0,0,2,0,3,0,13,3,131,96,0,0,0,0,84,0,0,0,3038,2370,968,227,2951,0,133,0,5,0,0,1,1752,0,0,22,0,3,0,0,2,30,289,0,0,20,153,0,48,1,264,0,68,207,173,0,0,0,663,0,0,1,0,0,0,0,140,0,0,0,0,2,1,8,0,0,0,9,132,0,92,2,0,0,0,47,0,0,0,2,16,65,0,0,0,23,757,82,73,0,0,0,0,0,0,0,65,268,0,426,0,13,1476,1,0,0,6,0,0,1430,14,9,1,257,0,190,0,1,1953,0,17,0,29,0,3,0,0,0,0,0,0,0,1686,1,306,3,0,0,20,0,2506,90,36,68,2096,17,545,21,0,1500,10,0,1,22,4,51,2,270,47,6,222,3192,2346,197,1,3567,0,106,66,37,3,422,0,775,0,405,105,276,390,2648,287,0,3,313,16,47,0,0,0,0,1,198,0,1,0,26,482,1863,1,2064,0,2060,1,1,2188,0,303,11,106,0,1866,59,1,115,0,0,143,416,39,11,13,6,0,3878,0,5315,0,1588,539,7385,3257,4077,36,30,331,0,1,0,192,0,390,39,67,5891,0,3,0,325,4,3247,1,3,570,18,42,1163,0,214,389,0,582,51,0,0,1956,10,0,0,0,13,15,129,1662,430,3927,12,0,105,0,0,0,13,182,112,5179,2,0,7250,12,0,0,6,282,663,845,0,0,35,2410,0,3206,0,0,4,4574,182,177,5515,2,7,5227,0,0,2,0,5551,259,0,0,3672,935,0,0,1,0,1584,1404,59,0,0,6555,0,151,0,0,2072,559,26,0,476,0,148,0,8830,0,3248,23215,3702,1,5151,5,0,303,0,0,0,0,1,0,1269,20,8487,0,12,117,8532,0,0,1478,23,0,0,0,0,1225,522,6509,0,774,21,3,0,6,114,175,0,3,50,709,95,0,2,3080,0,2,91,2,938,0,304,7233,216,6055,1500,5,0,1929,134,60,7001,2202,54,0,0,0,0,1526,0,36,2856,430,2,2,309,1,6,0,1,7,134,115,0,54,2301,0,188,4278,0,2646,0,0,929,2193,21,0,0,950,158,2,989,15,74,26,0,5290,0,8,3
"gene_910",343,0,126,0,0,1,0,73,0,0,0,0,0,0,0,0,623,0,0,0,93,1,0,0,0,1223,0,176,50,0,0,39,0,0,0,0,0,71,4,0,0,108,0,24,0,4,0,363,0,0,0,0,0,0,0,0,0,1,0,0,0,4,1,0,0,0,0,0,0,50,0,0,0,0,18,464,0,0,0,0,11,0,0,0,715,0,0,0,0,0,592,0,0,0,0,0,0,0,0,0,0,0,0,0,0,0,0,0,0,0,0,0,0,0,0,0,0,0,0,0,0,0,0,0,0,0,0,0,0,0,0,49,0,0,0,0,0,0,0,0,0,1493,0,0,0,0,0,0,0,0,0,0,0,0,0,57,0,0,0,0,0,0,0,0,0,0,0,0,0,0,0,0,0,2180,0,0,0,0,0,0,0,0,0,0,0,0,0,0,0,0,0,0,0,0,6063,0,0,0,1,0,2170,58,0,0,0,0,2,0,85,1,0,2,186,42,0,822,0,0,48,0,1,3,60,0,0,0,0,0,0,0,1310,0,0,0,0,0,0,114,78,0,0,1571,0,975,145,0,0,0,0,0,0,0,0,0,0,0,117,0,0,7293,0,5,0,0,0,0,31,0,0,0,0,0,0,0,0,0,0,1,56,7,0,0,0,6468,1,0,0,0,0,35,0,0,5,0,0,30,123,0,0,0,0,0,0,0,0,0,20,0,0,0,0,0,0,0,1,0,0,0,0,0,0,0,0,0,0,110,1,0,0,0,11,0,1826,0,0,0,0,4,0,1988,0,0,0,0,0,0,0,0,0,0,0,0,0,16,0,0,1,0,0,1,14,0,0,0,0,5,4,0,0,86,0,0,0,4,4975,0,0,1386,1,0,0,0,0,0,0,0,0,20,0,3,0,0,0,0,64,0,0,0,0,0,0,0,11,0,4,0,0,631,0,55,0,15,0,0,0,9,0,0,0,0,0,0,16,0,0,0,0,0,0,0,0,0,0,0,0,0,0,138,0,5,0,0,10,0,0,90,0,0,0,22,0,0,0,0,0,0,0,0,0,0,0,0,0,0,897,20,22,1,0,0,0,0,0,0,0,0,216,22,0,0,3,407,0,0,0,0,0,0,0,273,0,458,2333,0,273,1,0,1236,0,0,0,177,0,0,70,567,0,8,1,0,20,7,787,0,0,0,0,0,0,0,0,0,0,0,0,0,4,0,0,0,0,0,0,0,0,0,0,950,1304,0,0,0,0,1596,0,4,56,0,1,0,0,0,0,0,0,0,0,23,0,2,0,0,2,0,0,0,60,0,116,0,2,88,0,0,17,0,180,0,0,280,592,424,0,0,0,0,0,2,0,0,0,0,0,1,0,0,0,0,0,0,0,451,4,4555,0,2149,21,65,25,0,0,0,84,0,0,4,0,0,0,0,0,0,8067,2,0,632,0,138,105,0,0,20,45,0,0,0,0,0,0,17,0,0,0,2082,26,5,383,0,0,1040,0,2,0,0,1229,0,2459,0,0,0,0,0,0,10,12,0,0,0,389,0,0,0,129,0,0,0,0,0,0,2,0,0,0,0,0,466,0,2780,0,0,0,0,27,0,0,0,0,0,0,3,27,0,0,1029,0,0,0,0,0,0,0,2,0,0,0,14367,0,0,0,185,0,0,0,0,0,15,0,259,0,0,0,0,1,844,0,0,403,0,0,0,0,0,0,0,0,0,0,2,4526,85,0,22554,26,0,40,78,0,0
"gene_911",253,0,275,0,0,1,203,20,0,0,0,0,3,110,6,0,0,0,0,0,0,5,0,0,0,70,29,4,0,0,0,2572,0,0,0,35,0,0,0,0,145,0,0,0,25,0,1,0,0,0,0,0,0,0,0,0,404,0,4,0,0,0,0,645,0,0,0,0,0,2,2,0,222,0,0,83,0,0,70,740,11,0,0,0,0,0,0,0,0,0,12,0,11,0,144,2,477,0,40,0,0,372,419,285,5,1,0,0,0,0,26,33,3,0,1,76,0,0,213,49,384,22,0,11,0,3,48,0,0,2535,1,0,11,1,0,0,303,0,0,486,1,203,725,0,0,0,57,45,0,1,313,203,1,0,3,200,0,10,44,0,516,0,231,0,1,1,2235,1,6,0,1,0,0,3,1,0,0,0,0,27,29,519,0,8,0,1,2412,0,24,89,0,23,0,0,0,0,0,0,0,0,5,0,2,3488,0,0,112,0,0,0,2,0,0,0,0,0,796,0,0,2,0,0,429,83,0,0,0,0,0,0,0,26,0,0,0,0,1,0,54,0,1677,0,0,0,0,1,0,0,0,1506,0,0,0,0,0,274,0,0,0,0,0,0,0,0,0,0,0,2,0,0,0,0,0,0,0,0,0,0,0,0,0,0,0,0,0,0,0,0,0,307,0,1,0,0,0,0,0,0,0,0,0,0,0,0,0,0,0,0,0,0,0,0,0,0,0,12,82,0,0,0,0,0,70,0,0,0,0,0,0,6,0,1,0,0,0,0,0,0,0,1,0,0,0,0,0,0,0,0,0,0,18,0,0,14,0,0,0,0,0,2,0,0,0,0,0,0,0,0,0,0,0,0,0,0,0,0,0,0,0,0,0,0,0,4,0,0,0,0,0,1,0,0,0,0,0,0,0,0,0,0,0,2,0,0,0,0,0,0,0,0,0,0,0,0,0,0,0,0,0,0,0,0,0,0,7,0,0,0,0,36,0,549,0,0,0,0,0,0,4,5,0,0,0,0,3538,0,12,0,0,0,188,0,5,60,0,0,0,0,0,0,0,6,248,0,3,159,0,0,0,0,2,0,0,0,0,0,39,0,0,0,43,0,1,0,0,151,0,0,10,0,0,0,277,0,0,0,0,0,1,34,0,1,0,0,0,23,0,2,0,1,0,0,461,0,0,0,0,62,73,0,0,88,0,0,2121,0,0,0,0,0,0,1943,0,36,6,0,0,0,0,15,0,66,0,0,0,0,0,0,41,115,2,0,1436,0,0,114,0,2033,0,0,3,0,0,0,0,52,0,0,192,0,0,0,0,0,0,3,294,639,0,0,2,0,0,0,86,0,2,0,0,0,0,97,0,6,0,1,0,0,0,0,0,1,0,0,0,0,0,0,0,0,4,0,0,0,0,0,0,0,0,0,0,0,2,0,0,0,2,0,0,0,0,124,0,0,0,447,0,0,0,0,0,0,0,0,319,32,8,24,0,2,0,0,0,0,0,0,0,0,0,0,0,0,0,0,0,0,0,157,0,0,2,0,200,0,0,0,0,0,0,0,0,0,0,0,0,0,0,0,470,0,0,0,0,0,0,0,0,0,0,0,0,0,6,0,0,0,0,0,0,0,0,0,0,0,0,0,71,0,0,0,0,1,0,0,0,484,0,0,0,0,0,542,0,0,0,0,1,0,0,0,0,48,0,0,0,0,0,0,0,0,0,0,0,0,0,0,0,0
"gene_912",0,0,0,0,0,0,0,0,0,0,0,0,0,0,0,0,0,0,0,0,0,0,0,0,0,0,0,0,0,0,0,0,0,0,0,0,0,0,0,0,0,0,0,0,0,0,0,0,0,0,0,0,0,0,0,0,0,0,0,0,0,0,0,0,0,0,0,0,0,0,115,0,0,0,0,0,0,0,0,0,0,0,0,0,0,0,0,0,0,0,0,0,0,0,1,0,0,1,1,1,0,0,0,0,0,0,1,0,1,0,0,0,0,0,0,0,0,0,0,0,0,0,1,0,0,0,0,0,0,0,0,0,1,0,0,0,0,0,0,0,0,0,0,0,0,0,1,0,0,0,0,0,0,0,0,0,0,0,0,0,0,0,0,4,0,0,0,0,0,3,0,0,0,0,0,0,0,1,0,0,0,0,1,5,1,0,0,4,0,0,1,0,0,1,1,0,0,0,41,0,0,0,0,0,0,0,0,0,3,0,0,0,0,0,0,0,0,0,0,0,0,0,0,0,0,0,0,1,0,0,0,0,0,0,0,0,0,0,0,0,0,0,0,6,0,0,0,0,15,0,0,0,0,0,0,0,0,0,0,371,0,0,0,5,0,0,0,0,0,0,0,0,0,0,5,0,0,60,0,0,0,0,0,0,0,0,1547,0,0,1,0,0,4,0,0,0,0,0,0,0,104,3,0,0,0,0,1,0,0,0,3,0,5,111,0,0,0,0,0,0,0,0,0,0,0,0,0,21,0,0,0,0,25,0,0,0,0,0,0,0,0,0,0,0,0,0,33,533,29,0,0,24,0,1,0,0,0,0,32,0,0,0,0,0,0,3,0,0,0,0,0,0,0,0,727,0,0,0,0,41,0,0,354,0,0,938,0,0,0,0,0,0,0,0,0,0,81,0,0,0,0,202,0,0,0,0,0,0,0,0,0,0,0,0,1,0,607,0,0,1,0,0,0,0,0,2,0,0,0,11,0,0,116,0,0,253,0,0,2,0,0,0,0,837,0,4,16,0,0,0,12,0,0,148,12,1,0,0,0,0,0,0,2,5,0,315,0,0,1,5,0,0,0,2,847,1,0,0,0,0,896,9,0,0,0,0,0,0,8,0,0,0,0,0,8,0,0,23,41,0,99,0,10,1286,0,0,0,0,0,2,0,0,0,0,0,0,0,12,0,0,0,0,0,0,0,1,0,0,0,127,0,1,0,5,112,0,0,1,153,0,0,0,0,0,28,1483,0,23,0,0,78,0,0,34,7,0,0,353,0,0,0,0,0,0,0,15,0,0,0,0,1,0,69,0,0,0,0,0,0,0,0,3,0,0,0,10,0,0,0,0,1796,0,0,3944,304,6,0,0,2394,339,1,0,0,0,0,0,1,0,0,0,0,0,4,0,0,3,0,0,0,210,0,38,0,0,0,0,0,0,5,55,0,1,0,0,0,1,0,7,0,1,0,0,1,0,0,0,0,0,709,0,94,0,1,0,0,0,1,0,0,0,165,23,0,0,0,34,0,0,0,0,0,0,0,0,0,0,0,0,0,0,0,10,0,0,0,2,17,1722,4,0,0,4,0,268,0,0,0,0,0,0,0,19,673,0,0,1,0,1493,1962,0,0,0,4,0,0,2413,582,0,0,16,1,1,26,0,13,564,4,0,138,0,0,0,0,0,5,0,0,1,0,1217,49,0,0,34,0,0,1011,120,0,0,0,0,1,0,4,0,23,3011
"gene_913",29,601,33,19,1116,428,825,0,1933,315,112,6318,356,1736,4783,52,26,9708,550,86,274,939,82,2,541,2515,834,349,3715,1305,69,651,547,0,388,2,224,21,0,27,0,8,5,3,532,170,12,1401,140,14,305,1062,161,24,1296,2414,131,27,266,188,1098,34,68,1290,56,1320,192,1345,123,789,1147,32,2,127,35,262,67,430,6586,31,3001,306,211,913,525,203,10,4,1361,24,46,1,603,1,3245,29,183,33,398,6,4811,225,2,706,702,3735,197,0,359,65,18,1089,4,1022,537,0,34,103,3196,782,0,0,12,7,752,140,0,1527,120,0,78,955,265,31,0,529,33,1511,0,350,867,619,6756,1345,10743,3567,324,880,190,8,13,1341,4,3115,143,39,88,0,1940,384,1483,4383,1526,0,136,21,786,4074,124,2380,2,5248,4738,15,155,4131,383,4340,133,260,34,297,1088,0,5,526,311,0,2,949,469,2352,2316,16377,3272,0,703,226,0,11562,0,4485,9,374,37,4712,318,57,519,346,15001,7187,0,11467,8961,901,2751,529,999,79,14,1,2190,232,2108,21,0,10057,477,89,881,271,64,76,112,49033,511,853,20,198,7,0,227,13946,108,236,1,9070,1,2568,59884,5558,5484,1021,4524,1,3,1882,7427,384,260,302,1756,5,4153,729,1003,1461,278,3100,5216,432,1998,154,1,26,5,100,63,383,31,3450,2402,254,155,2371,977,0,626,1986,0,2946,248,408,71,2361,101,8,1983,459,1015,133,381,680,4442,53,1224,108,35,22,3235,345,23,674,450,534,1432,1541,2599,56,444,82,61,1139,167,374,176,4,392,470,1712,45,3156,823,1084,83,313,782,10,13,112,1505,4262,1107,906,111,4177,335,1025,473,237,1734,553,1679,627,1957,1782,814,4984,53,1628,582,470,2003,1225,1048,3252,208,1797,1410,2130,1177,4973,725,763,472,932,212,920,976,5432,3042,1246,19,1214,62,5,5941,2381,95,5992,1280,3332,1106,1525,159,22,250,0,124,625,4818,0,45,5,5347,86,4,1,2180,616,365,2630,2135,1717,195,274,1847,4,92,144,45,1780,242,314,1851,1496,317,1572,7118,649,3738,84,915,9761,15,358,18,7625,1885,2306,1136,1890,11,4673,292,605,733,688,693,55,213,1013,473,6,6540,933,110,20,1556,115,5313,4793,4,15,18156,3397,608,1,2302,5,976,106,2327,461,768,2466,1479,12,91,1898,8491,808,957,34,79,1022,3755,1008,1578,2121,170,1816,8672,9,166,95,1674,257,71,4451,1537,49,16422,12802,2511,134,32,314,141,673,16655,4870,740,13,488,572,2009,2112,4301,8,48,8730,37,477,913,1225,2085,151,345,1520,453,665,0,80,26,360,84,6314,2572,328,2173,207,1936,6389,1970,371,66,826,13,7917,3514,391,87,152,640,255,11,1918,326,605,769,5386,3208,347,1400,334,71,2206,3734,518,225,240,39,5,45,171,864,1879,351,150,2894,10,321,351,2867,6300,3637,338,776,132,23,60,4216,596,163,10,16,310,262,799,4845,2248,1321,43,77,2109,2240,5186,2042,3499,1202,0,847,1153,1,4173,681,133,37,0,0,470,471,5330,897,19,3,647,3,1741,13,0,726,1,9,3852,446,0,93,2376,556,213,1059,119,1,4741,23,342,25,323,0,1,0,658,3,2035,6,431,24,0,2521,79,80,703,489,132,41,102,97,0,5673,0,192,123,1130,2647,159,3779,41,518,19,4963,0,12,573,87,1772,934,73,2,247,66,161,9,415,69,3,4,0,0,2688,32,0,16,8,7273,58,1089,2074,281,25,2654,0,1073,399,111,1307,46,4113,5,1584,1036,13,298,1978,1340,20,1395,2692,582,7051,2,422,2975,0,10,1873,492,3,652,179,908,292,604,183,614,180,4,427,763,1230,0,34,1112,4,974,1946
"gene_914",219,0,12,141,5,13,0,9,955,0,1,11,0,0,126,1,0,0,25,315,1,1,325,1788,0,0,82,0,175,0,0,633,4,781,0,0,0,5,20,1,0,2,0,104,0,1,4,3,93,18,0,535,224,0,2,1,927,195,1,0,0,56,2,0,20,0,20,0,51,0,385,821,2,0,0,42,0,0,0,19,0,11,48,0,344,1468,0,4,3,6,950,328,0,0,0,0,0,0,0,0,658,0,2,0,0,0,0,0,0,0,0,0,0,414,0,115,3,0,4,0,0,0,0,0,0,0,0,0,123,0,0,0,0,0,0,0,0,0,695,50,0,371,2241,1668,181,0,0,0,0,17,0,773,0,0,0,0,0,5,6,0,0,0,0,0,0,0,0,0,0,0,0,14,0,0,1640,0,0,0,0,0,0,0,0,0,0,0,0,247,0,0,335,0,0,0,0,0,0,0,0,0,13429,0,16,0,0,0,0,0,0,0,0,0,0,0,0,0,0,0,0,0,0,0,0,0,0,27,0,0,0,0,0,0,0,0,0,0,0,0,0,0,0,0,77,0,0,0,0,322,0,0,0,0,0,0,0,0,997,12,0,976,2,0,0,1,0,3,0,0,6,371,10,3,10,6,525,0,0,0,1654,73,0,1369,1,0,0,0,0,0,67,0,0,85,429,192,154,0,0,2,0,106,54,5,177,0,0,15,1,51,0,0,72,0,8,21,1,2,1,961,41,10,0,0,8,27,8,0,3,1,3259,0,1353,0,0,17,527,0,13,2917,93,0,5,21,0,354,0,6,124,0,7,0,242,0,0,0,1,0,15,0,239,352,0,0,2,0,22,3,23,0,8,0,1,18,0,83,0,3905,0,0,168,1154,752,0,0,52,3,2,0,0,0,1,4,0,352,1,420,0,310,0,938,0,0,0,30,161,1988,333,0,0,0,0,0,40,0,216,517,0,0,270,115,853,0,0,0,2496,0,0,0,0,0,0,416,445,97,0,862,244,1058,0,834,28,447,44,0,0,1786,0,1439,563,2008,1335,2,308,33,7,0,0,2798,25,38,0,10,0,18,0,71,0,0,1,197,28,1,5,1,0,0,0,3026,0,59,14,0,1,130,50,34,0,88,396,163,25,4,0,0,0,223,2813,4,0,41,0,44,224,7,1,435,2,62,747,0,4,0,227,0,257,17,29,3,10,306,1352,1,94,9,42,0,1656,285,18,301,1525,1,0,0,4,0,0,160,59,1,2,2049,2024,0,0,294,285,8,4,11,142,14,1117,104,2408,982,567,732,0,89,15,0,1,0,598,0,2104,3319,312,99,336,0,0,0,274,495,0,155,496,1283,0,4,670,39,924,0,2,5398,112,0,0,551,8,8,0,0,0,0,0,346,0,7846,0,0,544,0,0,0,2,0,0,2740,0,127,1024,0,0,0,0,0,0,0,0,0,0,0,64,0,0,189,0,0,2,0,0,0,0,0,0,0,1,0,0,0,0,6,0,0,0,0,0,0,0,1,10,0,0,0,0,9,2194,0,0,2,0,0,0,0,0,0,149,33,4,0,0,0,15,0,707,0,0,3,0,515,4,0,0,0,0,0,0,0,0,0,0,1,0,658,1136,0,1001,0,0,0,12606,0,165,0,0,0,0,0,0,0,0,0,0,0,0,772,5384,166,0,0,255,308,5580,0,8,0,183,0,0,0,0,0,0,1891,1464,0,0,1496,0,0,0,0,0,0,217,0,0,0,0,0,928,0,16,1,13
"gene_915",134,289,0,0,0,0,1160,0,105,16,0,0,118,5769,4,0,24,0,2,1,0,1999,0,0,0,1,1,231,0,714,140,0,279,3116,70,0,4,0,272,1,6,0,1650,0,1,4,364,0,0,0,7,0,0,0,0,0,23,6120,649,0,8,0,3,0,0,24,932,0,355,681,9,200,0,93,938,1,0,0,8,0,223,0,0,777,1,0,333,55,31,29,0,1033,92,46,9,0,146,0,0,12,0,2,131,411,36,559,544,0,0,0,0,203,0,0,0,8,0,0,1,0,0,430,0,0,3516,7,520,0,0,0,45,0,22,3,21,0,2293,3,0,0,67,0,26,0,960,6,580,0,0,0,0,300,0,0,180,0,0,0,0,0,0,51,0,0,0,0,885,18,588,876,0,7451,44,0,97,711,231,27,0,464,377,9,0,22,4470,4,0,0,0,42,0,0,0,30,37,17,48,2,0,31,31,7,2,4,0,0,8,18,0,0,0,4,5,3,0,20,0,0,0,11,0,11,107,0,0,1,24,0,0,0,3,1,0,3,0,1,0,243,58,0,6,31,0,4,17,0,29,0,0,7,0,245,5,1,4,53,0,9,10,140,647,0,0,36,3,2190,12,307,419,16,5,6,1238,348,439,0,3,582,0,0,405,259,0,13,0,1132,27,153,667,7,579,689,0,4,0,155,189,43,367,0,1,45,3,15,201,0,0,0,18,0,1,41,8,0,0,0,0,513,3247,135,0,3,0,23,0,0,1,1225,0,68,430,2,35,42,0,0,0,0,1846,327,0,119,25,0,1,25,0,1833,0,0,623,0,1,0,9,27,0,2,119,0,146,21,0,0,0,4516,1,0,154,38,461,18,1,3,2,10,300,110,244,1,275,0,0,0,0,3026,0,1,0,0,297,0,1316,29,1,94,0,1,110,0,1131,0,0,0,0,4,0,708,972,0,0,45,814,0,0,58,0,0,25,196,2,2090,241,409,83,0,171,45,177,0,416,1166,0,2,11,3,0,252,521,7,0,21,203,2,150,112,59,2,1,97,389,0,840,31,0,0,66,199,0,1270,292,0,0,556,11,2,156,88,18,0,406,1,0,499,561,0,0,32,61,0,274,40,0,0,23,31,394,163,16,20,1204,23,1992,2366,12,0,0,1,39,5,0,102,12,15,0,0,15,0,446,105,8,2,9,0,1,7,5,0,14,41,5,6,0,123,71,407,985,0,279,614,33,3,1318,52,74,1223,123,293,0,929,11,0,104,0,801,5,487,5,337,0,257,81,0,0,0,415,15,91,104,121,80,53,18,166,0,82,565,195,0,0,7,782,290,53,1743,16,0,41,0,0,0,0,0,0,10,0,272,0,0,295,8,87,5,0,857,0,19,244,145,1090,0,46,4,0,0,0,0,664,1217,5,11,1311,458,2702,121,330,0,498,1,0,219,0,8,28,1,9,11,0,1413,26,0,0,30,16,712,6001,328,6,2,0,0,1660,3,7,11,4,1,275,0,0,1689,14246,972,0,0,0,36,129,123,0,156,650,0,0,6,48,34,0,1143,2194,1,148,0,65,0,0,580,0,0,584,1,0,354,0,0,0,0,1072,4,0,57,0,1842,50,336,1274,12,0,0,60,2272,68,524,1,0,7,798,7836,1066,13,80,195,0,2756,0,0,0,2355,982,2494,21,0,1531,2585,0,148,66,0,0,129,209,12,0,9,0,1059,1,1314,0,0,0,2,0,148,26,10,0,0,0,10,3403,1739,0,57,0,376,13,693
"gene_916",18831,2625,15537,5750,7294,4730,13354,17383,8188,11609,7357,27669,11652,29664,5095,3170,5140,28175,5856,1489,1590,3707,9170,24232,5617,1510,15310,4950,3056,4124,6766,8388,4264,1189,7941,9117,1471,6446,4829,12757,1063,10197,13908,1122,11174,1320,9283,5320,5515,7592,5379,9984,3073,4753,4619,15596,4520,15584,7517,2078,6266,4291,17005,5244,15526,7385,9279,26068,15948,19688,12566,2122,859,25648,2483,6318,4972,4608,3447,1738,5100,2685,4816,4805,17062,10482,2530,2525,2708,1034,14293,4661,4609,131,6666,20,10803,915,2380,5895,603,4186,4,268,1607,161,3376,1346,11138,831,10107,16,115,45,3181,22,360,751,294,7055,1198,3062,50,4,341,1589,850,1534,442,1700,1129,297,2707,7268,38,3567,4615,2599,9,9366,295,2171,190,233,0,4433,606,1728,6727,3100,9281,340,127,143,332,142,1492,117,1418,22,2621,3745,433,227,2118,11,15036,2268,312,6243,1383,793,447,2178,35451,315,17993,862,433,8083,1300,10804,9555,6948,8634,660,20873,1021,4727,1389,773,9337,19366,4968,23944,2564,1161,993,798,629,7144,2529,8949,1112,16430,37,1911,6597,385,13568,3754,17725,16,2476,977,4660,16280,3703,2,51,7051,192,9248,3310,334,2244,3434,1883,16734,4558,131,542,5498,5986,4584,7012,527,7264,311,0,5613,6695,7264,1437,14253,1561,987,3435,743,1113,3494,7319,9569,324,32293,459,18,4576,17746,7273,0,51,28,0,0,0,0,0,0,0,0,0,0,0,0,0,0,0,6,0,0,0,5809,1593,0,0,2,626,2472,0,0,0,0,0,0,0,0,0,1,1,38,0,0,0,0,0,0,352,0,0,0,0,0,0,0,341,0,0,0,81,0,0,0,0,0,0,0,0,0,194,0,0,0,6,0,0,0,0,0,37,0,0,0,0,0,0,0,155,0,733,0,0,0,0,0,0,1,0,0,0,0,10,0,0,0,0,0,0,0,0,0,0,0,0,55,0,0,33,0,0,10,0,982,194,0,0,2186,0,0,0,0,0,0,0,0,0,0,0,0,258,0,0,0,0,0,0,0,0,0,0,3,0,0,0,10,0,0,0,42,0,0,0,0,6,0,0,0,66,0,0,0,0,46,0,0,0,0,0,0,0,0,0,0,0,0,1,5,0,0,0,0,22,0,0,0,2678,0,0,0,0,551,0,0,0,202,0,26,0,0,0,0,52,42,0,1,161,0,0,105,0,0,35,0,10,0,1,0,50,0,0,0,0,35,0,0,0,0,66,0,4,0,0,0,0,0,0,0,121,0,0,0,0,0,0,0,0,0,0,0,0,4,0,1,92,0,0,0,0,0,0,0,0,0,0,0,0,0,0,0,0,0,422,1,0,0,0,0,0,0,116,0,0,1813,528,0,0,2,6,0,695,0,0,0,42,0,0,0,0,85,0,0,0,0,0,0,0,0,0,0,0,0,0,0,0,0,0,0,0,0,0,0,0,0,0,0,0,0,0,0,0,0,0,0,0,0,0,0,0,0,0,0,0,0,0,0,0,0,0,0,0,101,1,0,0,0,0,0,0,0,0,202,0,0,0,0,0,0,0,0,0,0,0,0,0,0,0,0,0,0,0,0,0,0,0,0,0,0,0,0,1,0,0,0,0,0,0,0,0,0,0,0,0,0,0,0,0,0,0,0,0,0,0,0,0,0,0,0,0,0,0,0,0,0,0,0,0,0,0,0,0,0,0,0,0,0,0,0,0,0,0,0,0,0,0,0,0,0,0,0,0,0,0,0,0,0,0,0,0,0,0,0,0,0,0,0,0,0,0,0,0,0,0,0,0,0,0,0,0,0,0,0,0,0,0,0,0,0,0
"gene_917",0,0,84,1,1,1,0,0,0,0,576,0,0,0,0,0,0,0,0,0,1,0,0,0,0,0,0,0,0,0,0,0,0,0,0,0,0,0,0,0,0,0,0,0,0,0,0,0,0,0,0,0,1,0,0,0,0,299,0,0,0,0,0,826,0,0,0,0,0,0,0,2,0,0,0,0,0,0,0,22,0,29,0,0,0,0,3,0,3,0,0,0,0,0,0,0,0,0,0,0,0,0,0,0,0,0,1641,0,419,0,0,27,0,0,0,0,0,0,0,514,0,0,0,0,0,0,0,0,0,0,0,0,0,2381,0,0,0,0,0,0,78,0,0,0,0,0,0,0,0,0,1048,0,0,0,0,0,0,0,0,0,0,0,0,0,0,0,0,0,0,0,0,0,0,0,0,0,0,0,0,0,0,0,0,0,0,0,0,0,0,0,0,0,0,0,0,0,0,0,0,0,119,0,0,0,0,0,0,441,0,0,0,0,3,0,0,0,0,0,33,0,0,0,0,0,0,0,0,0,0,0,0,0,0,353,0,0,0,0,0,0,0,0,0,0,0,0,0,0,0,0,0,0,1829,0,0,0,0,0,0,0,0,0,0,0,1,0,0,0,0,0,0,0,0,0,0,0,0,0,0,0,0,0,0,0,0,0,0,0,0,0,0,0,0,0,0,0,0,0,0,0,0,0,0,0,0,0,0,0,0,0,0,0,0,0,0,0,0,0,0,0,0,0,0,0,0,0,0,0,0,0,0,0,0,0,0,0,0,0,0,0,0,26,0,0,0,0,0,0,0,0,0,0,0,0,0,0,0,0,0,0,0,0,0,0,295,0,0,0,0,0,0,0,0,0,0,0,0,0,0,0,0,0,0,0,0,0,0,0,0,0,0,0,0,0,0,0,0,0,0,0,0,0,0,0,0,0,0,0,0,0,0,0,0,0,0,0,0,0,0,0,0,0,0,0,0,0,0,0,0,0,0,0,0,0,0,0,0,0,0,0,9,0,0,0,0,0,0,0,0,0,0,0,0,0,0,0,0,0,0,0,0,0,0,47,0,0,0,0,0,1,0,0,0,0,0,0,0,0,0,0,0,0,0,0,0,0,0,0,1065,0,0,0,0,0,0,0,0,0,0,0,145,0,0,0,0,0,0,0,0,0,0,0,0,0,0,0,0,97,0,0,0,0,0,0,0,0,0,0,0,0,0,0,0,0,0,0,0,0,0,0,0,0,0,0,0,0,0,0,0,0,0,0,0,0,0,0,0,0,0,0,0,0,0,0,0,0,0,0,0,0,0,0,0,0,0,0,0,0,0,0,0,0,0,0,0,0,0,0,0,0,0,0,0,0,0,0,0,0,0,0,0,0,0,0,0,0,0,0,0,0,0,0,0,0,0,0,0,0,0,0,0,18,0,0,1,0,0,0,0,0,0,0,0,0,30,0,0,0,0,0,0,132,0,0,0,0,0,0,0,0,0,0,0,0,0,0,0,0,0,0,78,0,0,0,0,0,0,0,0,0,0,0,0,0,0,0,0,0,0,0,20,0,0,0,0,0,0,0,0,0,0,0,0,0,0,0,0,0,0,0,0,0,0,0,0,0,0,0,0,0,0,0,0,0,0,0,0,0,0,0,0,0,0,0,0,0,0,0,0,0,0,0,0,0,0,0,0,0,0,0,0,0,0,0,0,0,0,0,0,0,0,0,0,0,1465,0,0,0
"gene_918",6,63,1,0,1,0,0,0,0,27,6,0,0,42,23,490,0,48,0,3,0,2,0,44,7,0,40,0,211,1,93,6,1,0,0,1523,0,0,0,1694,0,0,2,0,0,2797,133,8,0,0,1,0,158,2,634,502,0,1,0,0,7,0,0,0,0,0,0,0,0,0,0,0,0,341,2,1,0,0,692,222,22,2,0,0,0,0,34,0,1,0,0,4,0,0,0,0,0,0,389,0,0,0,0,0,1955,29,6,0,5,739,0,0,0,0,0,14,0,0,25,0,698,0,0,0,0,0,0,0,113,5,495,0,88,1,0,0,0,13,0,0,0,36,0,0,0,0,0,0,0,0,0,0,1467,0,0,0,0,0,0,0,0,73,0,0,9,300,882,0,29,0,19,1,0,0,1,1574,0,43,0,0,0,0,1,19,0,0,0,0,16,0,0,0,0,0,4928,0,0,0,4,0,25897,708,194,0,35620,460,0,44,0,0,8,424,0,0,4253,1,2374,0,12538,0,0,107,2,0,0,13,4508,1,0,17,0,1023,3,63,0,2684,9084,344,4,983,1696,26,1,1241,10,2518,43,5585,3,50,48,0,3,281,173,0,0,3,0,19884,0,4,1,0,0,0,0,0,1,4,107,607,1,0,0,0,24,7,5507,0,0,4,0,0,0,7123,52,1200,0,2324,133,8,3,1267,235,0,5,2,0,21,835,2,0,40,4,0,4,1521,0,0,0,0,18,9,0,0,755,0,0,327,475,0,0,0,0,0,2827,37,321,27,6,4,348,1,10,0,135,7,0,943,122,0,306,8,588,15,1,0,0,83,146,0,93,0,0,1,1030,6,61,0,0,1193,150,13,1950,0,0,0,0,102,184,281,1433,0,15,0,0,0,0,0,0,0,205,2156,4,78,0,6,82,171,3,0,208,0,34,0,7,8699,0,366,646,0,2,2855,0,992,0,0,0,0,486,590,87,0,86,1382,3279,0,949,0,5,0,0,0,8,0,613,0,105,778,0,121,0,0,0,3,0,0,114,0,468,23,0,0,0,1,0,8,0,951,724,0,0,44,47,23,0,0,668,0,0,0,2,0,0,91,124,0,28,0,0,0,3983,0,23,0,914,0,0,0,48,0,4,44,0,0,0,20,0,0,3,2615,515,0,0,0,3,11,0,0,0,348,1,0,5,22,248,2,6,0,0,1,1,1038,0,0,336,0,256,0,0,132,15,1,0,0,1139,720,0,0,1898,76,0,0,1841,0,1,460,0,1093,116,2,0,1,0,0,33,0,0,0,0,0,0,10,0,0,1,0,0,0,0,2,0,2,0,1049,0,122,0,0,114,0,0,0,0,0,0,68,0,0,144,609,0,1359,2,12,0,0,0,0,0,9,0,761,0,0,0,0,0,0,0,0,1,0,3,0,0,0,158,0,0,0,0,0,0,0,0,11,0,0,0,0,0,2513,0,0,0,0,0,0,1,0,2,0,0,0,0,1,0,67,0,0,0,0,0,0,0,1,0,0,0,0,0,0,0,285,0,0,0,0,0,0,0,493,0,0,0,0,0,0,0,1467,65,1,406,0,0,0,0,1,0,66,0,29,41,0,40,0,0,0,0,0,95,0,0,0,0,0,0,62,0,0,0,0,0,0,0,0,0,0,0,0,0,0,0,0,0,0,8,0,0,0,2,0,0,0,25,0,0,303,6814,0,0,39,53,0,0,0,0,0,47,0,0,0,0,0,2,0,0,0,0,0,0,0,0,306,0,0
"gene_919",0,0,0,0,0,0,0,0,0,0,0,0,0,0,0,0,0,0,0,0,0,0,0,0,0,0,0,0,0,0,0,0,0,0,0,0,0,0,0,0,0,0,0,0,0,0,0,0,0,0,0,0,0,0,0,0,0,0,0,0,0,0,0,0,0,0,0,0,0,0,0,0,0,0,0,0,0,0,0,0,0,0,0,0,0,0,0,0,0,0,0,0,0,0,0,0,0,0,0,0,0,0,0,0,0,0,0,0,0,0,0,0,0,0,0,0,0,0,0,0,0,0,0,0,0,0,0,0,0,0,0,0,0,0,0,0,0,0,0,0,0,0,0,0,0,0,0,0,0,0,0,0,0,0,0,0,0,0,0,0,0,0,0,0,0,0,0,0,0,0,0,0,0,0,0,0,0,0,0,0,0,0,0,0,0,0,0,0,0,0,0,0,0,0,0,0,0,0,0,0,0,0,0,0,0,0,0,0,0,0,0,0,0,0,0,0,0,0,0,0,0,0,0,0,0,0,0,0,0,0,0,0,0,0,0,0,0,0,0,0,0,0,0,0,0,0,0,0,0,0,0,0,0,0,0,0,0,0,0,0,1,0,0,0,11,0,0,0,0,0,0,2725,0,0,0,0,0,0,0,0,0,0,0,0,0,0,0,14,0,0,0,0,0,1524,1,0,0,0,0,0,0,0,0,0,0,0,0,0,0,0,0,0,0,0,0,0,0,0,278,0,0,0,1,668,0,0,0,0,0,0,0,0,0,0,0,0,44,0,0,0,0,0,0,0,0,0,0,0,0,0,5,0,0,0,0,0,2,0,51,78,0,0,0,0,0,0,0,0,0,0,488,0,0,0,0,0,0,0,0,0,0,0,0,6,0,0,0,0,0,0,0,0,0,0,0,0,0,0,0,0,0,0,0,0,0,0,0,0,0,0,0,0,0,0,0,0,0,0,0,0,0,0,0,0,0,0,0,9,0,0,0,0,2805,2544,0,0,0,4767,17,4,3,1,7316,1522,801,2983,86,1638,12,33,0,0,0,0,235,29,3991,355,1205,0,0,0,0,0,351,165,1,64,0,8,4,0,0,59,69,8,0,7,9,2099,0,470,0,0,37,0,567,26,436,1,2520,0,71,6,18650,3,4302,22,16062,178,1612,448,16,5,0,2024,0,2076,598,32,1,192,2096,0,4966,0,0,1127,4,43,2,0,948,3,1,10,26196,0,18,113,0,11,0,1838,0,173,340,0,323,149,685,1064,90,1106,191,5,0,765,7,0,130,0,26,1130,112,1037,503,2016,0,480,0,2286,737,10,0,14,69,531,0,4,0,0,0,807,164,2350,0,0,0,0,3098,0,32,3,0,24,40,0,0,0,0,21,0,0,1,0,0,1,8427,5426,0,0,1,0,0,0,0,1711,318,0,0,0,3,171,2,0,0,0,39,0,0,0,0,1,0,1,5,0,60,98,0,0,269,0,1238,18,0,0,0,0,229,0,20,0,0,0,513,0,0,2,0,0,60,0,1578,99,0,10,0,0,12,5,1,0,0,901,343,0,412,0,6,0,2023,0,0,106,140,649,428,0,1230,651,0,0,0,47,0,0,4,1897,0,14,29,7,19,859,0,253,0,0,765,55,0,0,0,1,2043,27,19,188,0,251,0,0,1,0,0,0,0,0,18,0,1,0,27,0,1,0,2558,5915,12,65,0,0,0,26,0,0,222,0,0,0,0,0,16,0,0,0,188,63,3,5,1,0,0,0,918,2
"gene_920",0,232,0,0,7,0,139,0,0,0,0,964,164,0,242,1,0,0,13,204,0,0,307,108,0,0,0,2,0,1,0,0,3,100,589,0,0,7,291,56,0,0,0,0,0,0,4,30,1186,0,318,0,0,275,272,245,0,961,0,0,58,0,0,19,0,0,0,0,32,60,18,306,0,0,0,0,0,0,0,31,53,52,0,4,0,946,185,0,0,37,5,0,53,0,95,0,35,0,0,0,0,0,0,2447,81,0,1,0,255,21,18,2,0,11,6,0,4,0,0,6,182,93,2,0,0,1,34,0,0,76,0,10,0,48,0,4,87,156,0,0,157,0,139,0,0,39,7,273,0,35,72,0,470,3,186,25,924,0,4,0,8,83,0,3,0,8,4,0,2,0,0,297,134,114,0,0,0,206,0,0,9,1193,0,0,0,0,11,9,0,88,7,0,0,5,0,0,23,17,30,0,0,0,0,0,0,149,0,10,0,0,0,0,40,0,0,0,3,2,17,0,0,0,34,7,369,0,0,2,0,0,12,0,0,0,6,0,0,0,18,0,30,0,0,0,5,1,0,0,82,0,0,0,332,1,0,0,0,0,0,0,522,3,6,137,729,108,2,2,5,11,0,0,227,8,29,0,133,261,21,123,0,88,74,146,11,0,112,42,0,0,46,1,0,0,38,29,1,6,10,69,248,134,1,2,0,0,9,375,6,1,2,39,12,0,45,0,816,6,43,0,128,0,6,69,391,13,6,0,143,2,425,0,104,198,87,0,0,21,69,4,10,5,56,1621,45,57,0,292,1,1,5,0,33,0,178,2,14,10,55,341,178,0,60,953,0,0,254,0,3,43,99,0,0,0,0,53,2304,0,6,0,19,758,1042,1,65,67,9,12,1,604,0,9,321,2,11,0,45,14,0,25,0,53,0,0,0,0,18,0,51,34,1024,21,295,5,1,15,202,0,0,1,42,19,58,16,189,54,2354,0,2,157,594,0,4,759,0,0,0,7,0,0,85,51,119,0,17,634,650,163,0,4,142,25,0,30,5,20,0,10,0,67,0,1537,0,0,0,0,0,0,1,0,1,36,7,0,79,0,13,1,1,0,0,53,0,22,0,345,0,1,67,0,60,29,0,170,60,10,1048,2685,9,33,0,0,0,0,11,145,11,0,0,321,14,0,0,15,26,52,8,15,0,0,67,0,0,10,0,59,73,47,72,39,42,48,23,87,1,50,0,54,19,201,10,1,0,0,231,2,66,0,2,1,128,28,18,52,13,47,576,130,1,21,439,0,1112,1132,106,0,1619,8,267,31,0,0,0,0,24,3,64,0,3788,0,4,0,0,304,78,2789,42,0,0,600,120,2089,0,0,57,6,20,6601,1041,0,0,145,7,97,738,0,547,4575,29,3505,404,89,1286,515,283,919,0,5,37,8,20,840,575,0,0,0,0,2,14,47,0,65,78,0,0,30,1008,186,4,0,0,825,19,0,0,1228,0,0,0,0,128,52,2073,34,0,42,135,11,2,0,0,269,0,110,0,0,93,0,40,7,0,0,1,0,0,0,29,22,1,192,145,7,13,0,0,0,0,53,0,60,2504,385,596,1,0,202,0,0,0,0,3825,503,1,0,2,0,0,460,0,694,0,0,2228,0,1197,327,0,228,285,0,148,0,32,2,11,0,2450,0,681,0,3,1257,336,0,0,935,301,0,0,1,0,0,0,0,0,157,0,11,4,5,1524,0,0,217,32,2123,0,8
"gene_921",45,1957,0,43,1541,463,419,3143,31,3566,528,916,4,1182,0,81,967,3240,0,2262,164,1014,32,1,358,1054,2615,145,21,0,0,43,1,0,174,0,1,110,4953,143,2562,0,1,231,164,2,0,257,0,13,0,1124,586,27,15,1612,0,3256,10,0,0,383,1978,85,4,106,7300,452,255,812,354,9,0,0,2,31,0,0,16668,1158,3,1260,5,7423,2023,250,0,44,41,1,0,1,0,2369,5736,33,1,0,0,136,0,146,3957,4,35,31,0,0,0,0,922,1040,0,69,1333,27371,11,0,710,72,39,0,527,0,0,1269,0,6,0,0,7,25,0,1,3,15,0,477,133,0,0,35,232,1057,2,0,32,456,0,16,5251,0,0,2,1029,4168,0,0,0,0,197,261,0,107,0,50,0,0,0,1150,125,1738,0,6,6212,0,3949,3,14975,1,0,0,11038,0,0,0,633,130,0,0,2,10314,48,28,7,34,10,1013,0,0,3,0,0,2788,0,0,0,0,371,1651,259,0,0,417,13,2146,10,3,2,111,34,0,0,0,1,0,0,0,472,0,16,6394,3798,0,197,305,0,0,209,0,241,0,854,0,0,0,0,2585,0,2766,1,0,1058,152,0,470,0,1364,0,3,3339,1668,104,74,458,0,0,0,0,3457,129,36,53,0,394,149,94,1,25,213,63,1389,30,121,26,1,10223,86,1209,9,138,794,6251,0,0,424,1216,3204,2073,169,20,2554,611,847,2,623,2,875,117,699,885,176,2194,29,624,0,1344,9,4453,367,0,1,8,92,316,590,55,21,126,5,6821,0,2758,245,31,2277,1,340,2890,49,0,61,41,4,2591,9,2441,129,4,308,908,11564,59,624,1,677,0,17,0,34,411,3175,98,25,0,682,1,1276,545,125,1081,43,1,226,106,36,3996,101,5609,1551,3401,105,206,31,0,56,2564,1001,85,288,3025,89,22,8,160,2625,4792,0,637,2391,2398,5,2769,42,41,1,0,0,116,494,2140,4506,731,103,680,267,537,0,1938,37,1177,4,787,164,0,11,0,0,1735,1621,101,17,0,0,234,1465,2,531,0,149,75,632,7,10,3654,249,55,74,2034,40,5393,32,2176,125,13,45,235,12,581,188,0,0,0,1,110,790,1,14,82,2053,2,1,14,8,308,0,9,8,0,1796,2,587,0,403,0,87,47,43,155,114,239,3486,624,1705,2,60,600,11,1,502,2,59,461,1906,355,15,591,2,30,2785,133,399,3,3718,13,382,893,913,1,782,19,147,207,2885,1057,0,112,5105,10,0,61,1293,60,6,1302,1897,80,762,219,85,0,289,0,14,62,0,233,13,997,863,657,648,244,0,8,0,0,284,2390,2,0,2349,7597,0,1,90,863,0,659,7,0,34,0,17,792,26,2,0,0,485,0,1,23,0,0,0,1035,60,4,0,51,0,6866,310,0,0,1,3659,0,4543,0,0,0,3,17,72,0,0,6898,0,1,2,0,55,0,602,1034,70,2483,5,0,0,318,0,2863,0,803,24,1,307,199,0,27,0,0,0,1,4,0,3,1,114,0,0,0,186,89,0,543,1464,0,0,4458,0,0,4716,590,8,0,41,0,59,2,0,12,2,1906,2145,19,5897,87,0,446,0,7,70,242,5656,0,0,3559,9471,135,5212,0,10,197,516,528,16,0,0,20,1,611,0,23,0,0,333,1348,3557,17,5000,293,0,0,103,34,76,0,114,0,0,307,5,3289,171,0,0,0,55,631,0,13,0,34,14241,0,682,0,0,2,0,12,4380,0,3546,963,0,503,0,21,0,4,68,0,307,1,15408,575,0,5,0,0,0,6,716
"gene_922",0,0,0,1,0,0,0,0,0,0,0,0,0,0,0,0,0,0,0,0,0,0,0,0,0,0,0,0,0,0,0,0,0,0,0,0,0,0,0,0,0,0,0,0,89,0,0,11,0,0,0,0,0,0,0,0,0,19,0,1,0,0,0,416,0,0,0,0,0,0,0,0,0,0,219,0,0,31,0,195,0,0,5,0,0,0,0,0,0,0,0,0,0,0,0,0,0,0,0,0,0,0,0,0,0,0,0,0,0,0,0,0,0,0,0,0,0,0,0,0,0,0,0,0,0,0,1,0,0,0,0,0,0,0,0,0,0,0,0,0,0,0,0,0,0,0,0,0,0,0,93,0,0,0,0,0,0,0,0,0,0,0,0,0,0,0,0,0,0,0,0,2,0,0,0,0,0,0,0,0,0,0,0,0,0,0,0,0,0,0,0,0,0,0,0,0,0,0,0,0,0,0,0,0,0,0,0,0,0,0,0,0,0,0,0,0,0,0,0,0,0,0,0,0,0,0,0,0,0,0,0,0,0,0,0,0,0,0,0,0,0,0,0,0,0,0,0,0,0,0,0,0,0,0,0,0,0,0,0,0,0,0,0,0,0,78,0,4,0,0,0,0,0,0,0,0,0,0,0,0,0,0,0,0,0,0,367,0,0,0,0,0,0,0,0,0,0,0,0,0,0,0,0,0,0,0,0,0,0,0,0,0,0,0,0,0,0,0,0,0,0,0,0,0,0,0,0,0,0,0,0,0,1,0,483,0,0,32,0,0,0,0,0,0,0,0,0,0,0,0,0,0,0,0,0,0,0,0,0,0,0,0,0,0,0,0,0,0,0,0,0,0,0,0,0,0,0,0,0,0,27,0,0,0,0,0,0,0,0,0,26,0,0,0,0,0,0,0,0,0,0,29,0,0,0,0,0,0,0,0,0,0,0,61,0,0,0,0,0,0,0,0,0,0,0,0,0,0,33,0,0,0,0,0,0,0,0,0,0,0,0,0,0,0,0,0,0,0,0,0,0,0,0,0,0,0,0,0,0,0,0,25,0,0,0,0,0,0,0,0,0,0,0,0,0,0,0,0,0,0,0,0,0,0,0,0,0,0,0,0,0,0,0,0,0,0,0,0,0,0,0,0,0,0,0,0,0,0,0,0,0,0,0,0,0,0,0,0,0,0,0,0,0,0,0,0,0,0,0,0,0,0,0,0,0,0,0,0,0,0,0,0,0,0,0,0,0,0,0,1,0,0,0,0,0,0,0,0,0,0,2,0,0,0,0,6,0,0,0,0,0,0,0,1154,0,0,0,0,0,0,0,0,0,0,2,0,0,0,0,0,0,0,0,0,0,0,0,0,0,0,0,0,0,0,0,0,0,0,0,0,0,257,0,0,0,0,0,0,0,2,0,35,0,0,6,0,0,0,0,0,0,0,0,0,1111,0,0,0,0,0,18,0,6,0,0,0,0,0,0,0,0,0,0,4,0,0,0,0,0,0,0,0,0,0,0,0,0,0,0,0,0,0,0,0,0,0,0,0,0,0,0,2,88,0,0,0,0,0,0,0,11,0,0,0,0,0,0,0,0,0,0,0,1784,0,0,3741,413,0,0,0,0,0,0,0,0,1,0,0,0,0,0,0,0,836,0,19,0,158,0,0,0,0,0,1,0,0,0,0,1,0,0,0,0,0,0,0,0,0,1,144,0,11,0,33,0,0,0,0
"gene_923",465,5,1319,0,290,366,0,17,63,775,352,0,0,60,38,61,3696,0,132,0,283,2779,140,1498,112,328,5263,1,10,696,0,0,51,77,149,16,9999,113,2,1328,1071,10619,326,51,0,0,1,1062,0,22,4,1139,623,0,1,2,47,145,50,747,1692,31,9,3892,8,0,2651,8462,0,5519,0,921,257,0,8,1202,316,0,0,134,11,0,0,324,39,0,86,6594,36,1466,6392,17,0,3915,0,301,1872,0,5005,649,209,6,270,0,3,2776,1191,17,10,4,3226,0,1,0,4346,434,261,0,4,464,1290,0,68,1,487,96,0,0,4258,17,0,37,0,6,4,138,686,1,2206,12777,1,6441,794,0,87,41,579,9981,345,14889,1,370,0,171,24,171,37,288,67782,0,54,775,3134,0,0,0,13,593,248,49,170,44600,3,335,0,7,6703,391,20939,68,22,47,2690,2721,3,585,1699,0,49,2009,278,0,11196,6402,0,0,0,6,5,2550,23,47,10368,0,3218,1240,957,2,11651,0,451,56,4461,1678,123,1746,122,0,0,14,6,47704,462,1790,203,3,10476,5,1380,18,2257,0,13058,0,137,116,4,2808,1554,536,2,0,0,19,2111,46,3142,4523,3077,8447,2411,996,808,374,0,10027,0,44,26672,8559,269,928,531,76,7543,2,1323,429,0,7300,12779,2744,21210,311,2,4077,975,987,49,300,529,3089,35,1402,0,712,73,780,5919,213,3531,8,1887,3456,10590,14595,493,0,2093,0,2689,8522,1193,0,9747,4989,124,6961,71,8992,11729,202,4015,1907,28225,500,9855,43,3637,16,6089,811,692,3187,53,2014,11547,262,837,121,26496,429,13962,440,23462,536,883,2762,4097,11180,2,16942,3005,59,241,0,2196,291,75,9158,4423,35194,4548,2277,1923,172,28,1148,11339,296,1141,1308,47,41,54,89,11519,451,14880,18,1440,9492,4,2758,8,560,11547,95,30,777,1334,16122,429,3014,528,3621,3202,6050,6776,10110,1944,1,361,162,252,83,3596,571,40360,2943,1847,103,4318,146,35192,16004,9639,10844,346,1617,1721,3254,706,185,4239,3482,53,1494,14439,610,8,78,2265,3397,8,1412,62,357,13537,1465,623,33,4,736,11,2365,1,1195,9057,62,306,7,28,41,0,2014,0,88,5215,4,245,388,56,1574,3547,2,7653,8,122,60274,592,649,30,2113,380,444,3548,0,2,10,4979,1923,174,1539,1154,0,826,417,171,5105,26,140,497,138,4741,1175,68,2011,4252,0,3,132,173,167,1532,16,981,103,28075,7342,773,0,7,211,1562,96,5,0,299,0,0,230,12075,258,0,53,0,292,1401,3,0,0,2,59,1,402,28,213,1,265,5660,347,196,99,40,460,50,3326,1,2592,2515,1000,1522,73,9231,5377,4178,30,196,0,8060,2051,50,2835,160,0,128,3966,22704,0,1,25,0,466,4,13,3805,2720,4988,666,0,11,0,0,60,0,17,0,1832,451,9,3062,0,8430,0,820,234,0,13395,0,0,300,116776,8688,2,4,11,2685,2548,0,49,0,8152,135,3247,589,6062,6172,359,3923,33074,87,0,321,1715,0,0,958,76,12789,8538,0,31311,1,207,0,14,0,0,6663,43,52,86,0,1481,30,88,0,19,10,0,0,101,6,4088,1631,35094,0,313,0,77,61,7,70,65,0,99,2839,438,1107,2,58,271,1,8612,8,177,520,224,0,879,473,0,0,0,54,0,196,7928,11128,7,1732,1802,1,1,0,17,5,0,85,876,0,7327,0,860,1600,0,673,86,95,2,8,581,829,21,0,12312,20,0,910,5,1118,0,0,933,2672,1,61,59,1492,2,6558,2012,0,4956,142,0,1,23,18030,193,55,23,492,156,8571,507,1831,12189,178,832,2,163,2673,1970,0,0,130,108,130,619,14,1,1,469,78,0,251
"gene_924",0,0,0,0,0,0,0,0,0,0,0,0,0,0,0,0,0,0,0,0,0,0,0,0,0,0,0,0,0,0,0,0,0,0,0,0,0,0,0,0,0,0,0,0,0,0,0,0,0,0,0,0,0,0,0,0,0,0,0,0,0,0,0,0,0,0,0,0,0,0,0,0,0,0,0,0,0,0,0,0,0,38,0,2,0,0,0,0,0,0,0,0,0,0,0,0,0,0,0,0,0,0,0,0,0,0,0,0,0,0,0,0,0,0,0,0,0,0,0,0,0,0,0,0,0,0,0,0,0,0,0,0,0,0,0,0,0,0,0,0,0,0,0,0,0,0,0,0,0,0,0,0,0,0,0,0,0,0,0,0,0,0,0,0,0,0,0,0,0,0,0,0,0,0,0,0,0,0,0,0,0,0,0,0,0,0,0,0,0,0,0,0,0,0,0,0,0,0,0,0,0,0,0,0,0,0,0,0,0,0,0,0,0,0,0,0,0,0,0,0,0,0,0,0,0,0,0,0,0,0,0,0,0,0,0,0,0,0,0,0,0,0,0,0,0,0,0,0,0,0,0,0,0,0,0,0,0,0,0,0,0,36,0,0,0,0,0,6,0,0,0,0,0,0,40,0,0,0,0,33,0,0,0,0,0,0,0,0,0,14,2,2413,0,0,2,41,6,491,0,0,0,0,0,0,49,7,0,0,31,0,0,0,7,0,0,0,0,0,44,0,0,0,0,0,0,30,0,509,23,0,0,0,0,0,0,0,0,0,0,0,0,0,0,0,0,1,0,0,0,0,0,102,0,0,0,0,0,430,0,0,0,0,0,13,34,0,0,0,0,0,0,0,1474,0,0,0,0,11,0,0,467,0,311,0,0,676,0,0,0,0,0,0,0,0,0,6,0,0,1722,0,0,2,0,531,262,0,0,0,0,1,0,0,0,2,0,0,0,0,0,0,0,0,82,411,0,0,0,0,79,0,5,0,216,0,0,0,1,1,0,0,0,0,1697,0,3,0,0,52,8,0,0,0,0,85,1,0,0,0,0,0,1,1,5,0,0,27,0,1167,0,258,5,0,0,0,0,48,0,0,0,5,127,0,0,54,1,0,0,0,0,0,0,2,0,3,0,25,0,0,0,0,0,0,663,7,0,0,1706,714,949,0,0,0,0,2,0,2,0,3454,468,300,0,53,1,4,0,0,0,6,0,0,0,8,698,0,12,0,0,0,6,36,0,41,9,0,0,70,0,6,1,0,106,0,0,30,20,0,0,0,181,0,7,0,0,0,1,0,22,0,0,0,0,0,0,0,0,0,0,0,0,1685,0,1,0,0,0,0,505,0,0,0,0,235,47,2,5114,91,0,0,0,0,0,0,0,0,0,1,0,0,0,0,7,0,0,0,0,0,0,0,0,10,0,0,0,0,0,7,123,51,1,256,0,2668,0,0,0,18,0,0,1044,0,0,0,6,25,112,0,0,64,0,107,0,3,0,0,0,0,1117,0,0,0,0,0,0,706,0,0,1,0,0,0,0,0,0,12970,0,0,0,0,0,0,0,0,11,0,0,1,0,1,0,0,28,3,0,1,0,768,0,0,47,0,1,0,0,0,1,0,120,0,0,683,723,0,0,0,0,12,81,71,0,0,0,0,0,0,239,824,0,0,0,2,84,788,0,0,3,2,0,0,13,1055,0,0,0,0,0,469,2560,0,0,0,0,96,0,2,6,222,0,0
"gene_925",19,33,14,3,82,4,64,11,15,12,0,20,21,10,66,6,42,19,2,31,11,5,26,7,31,10,12,0,61,48,27,60,8,15,22,90,4,38,17,47,39,15,6,26,18,41,7,2,6,26,63,56,13,53,6,7,11,85,101,34,69,72,120,60,49,7,0,54,3,184,5,51,3,63,18,13,7,11,37,64,88,13,18,25,22,78,10,7,13,10,70,24,0,12,1,1,3,0,23,3,10,0,3,3,2,4,6,0,38,0,3,0,0,0,0,29,4,1,0,0,5,7,7,4,4,39,1,4,1,15,0,0,6,0,1,1,10,6,1,0,33,0,12,0,39,8,0,16,11,7,0,0,3,0,1,39,3,18,2,1,14,2,0,0,5,10,5,0,0,0,5,14,22,1,12,10,72,5,0,46,18,3,4,0,1,0,0,1,8,11,17,18,1,40,6,3,9,9,4,45,13,7,7,3,37,8,9,16,23,84,7,21,19,6,4,5,31,0,9,16,9,8,99,82,38,36,5,15,9,16,2,4,3,15,44,5,43,78,40,0,12,85,32,61,34,57,86,1,0,19,75,33,7,3,0,1,71,18,22,16,24,13,86,0,44,143,17,69,47,202,10,35,133,0,13,36,115,16,338,24,4,68,53,20,104,0,22,109,36,34,130,54,1,182,240,10,16,49,0,9,12,2,57,29,20,39,22,87,13,40,160,2,67,7,5,60,91,201,98,47,32,30,45,33,62,41,67,18,0,24,1,0,170,53,50,166,57,0,301,90,56,48,68,109,12,22,180,89,150,5,115,49,19,19,38,67,34,93,75,19,32,4,12,18,211,31,5,50,19,10,17,13,50,0,20,4,80,70,66,29,5,28,112,63,16,128,8,65,137,24,0,4,22,111,2,0,24,1,10,269,32,71,30,9,15,237,11,16,34,153,98,71,69,49,93,72,97,634,35,67,16,72,27,329,1,12,142,0,5,14,189,161,0,6,18,21,327,90,30,0,0,56,0,0,5,344,156,95,45,0,2,18,0,14,0,28,2624,178,0,0,16,244,63,105,203,27,218,232,134,20,876,452,657,2,1613,24,63,97,1394,74,9,8,0,1628,802,50,7,2,0,0,0,0,10,712,14,0,52,82,496,0,724,0,111,3037,149,552,5,0,11,3625,370,19,0,269,3,5,1,0,134,3,21,0,16,3,115,740,219,1198,0,0,1250,52,20,0,4,1,778,25,1121,0,2,211,990,0,284,234,0,42,0,3,8,33,18,32,70,95,12,956,115,56,0,505,452,51,4,0,119,22,65,34,0,78,0,333,0,60,565,68,31,26,29,3,0,0,4,116,82,1,9,24,0,0,0,0,47,1,0,0,330,0,96,436,360,214,0,44,0,30,81,0,330,0,17,0,17,124,268,0,1,39,288,0,2,0,18,0,1425,0,49,5,59,280,1,0,98,8,195,0,8,419,0,0,6,6,20,16,75,360,1047,0,8,150,20,28,4,164,43,11,3,0,99,0,4,9,8,281,187,30,8,139,362,0,0,11,7,9,3,55,12,17,0,105,2,0,23,226,1,1,564,1419,55,10,1,1,0,0,0,38,0,0,4,12,109,444,52,0,4,2,561,40,10,37,0,0,32,3,0,1,0,0,1,617,43,414,1476,2231,2,4,0,0,1,10,849,0,0,785,0,244,103,342,0,47,0,22,0,0,65,233,256,0,2755,1,0,3,0,1,1,0
"gene_926",5859,52,2966,1,3059,2550,480,31,167,391,53,438,34,3,676,0,0,0,195,206,0,0,0,760,1542,0,1,0,0,0,0,222,194,71,0,1,0,719,0,0,1,7,0,0,0,0,1264,56,0,183,131,30,0,256,567,101,5,1,3396,0,0,0,1934,424,26,920,39,0,76,1492,0,2801,0,134,74,403,18,289,0,961,0,0,1401,0,7703,9624,38,77,35,0,1657,305,0,0,94,0,0,37,4,0,0,0,618,0,0,0,437,10,0,0,0,5,728,130,1,0,0,63,0,1656,0,2,17,0,5396,0,0,0,116,0,0,0,770,0,0,0,264,772,6,0,0,12641,7711,0,0,0,690,0,1,1595,0,0,0,0,0,0,0,0,0,6,40,0,0,67,134,0,0,0,54,0,0,0,0,1031,0,0,0,66,0,0,24,0,380,24,19,0,0,302,15869,0,0,1937,0,6,0,419,0,0,0,0,9973,0,0,0,3,1081,148,0,0,324,0,0,0,0,0,0,0,0,0,0,0,0,0,0,103,0,0,0,0,0,0,3543,0,2,0,0,0,1,0,0,0,0,0,0,0,585,0,0,0,0,3,0,2349,0,0,0,0,0,0,0,3,0,0,0,0,0,0,0,0,3,0,0,0,679,0,0,0,0,0,2,0,49,0,0,1866,0,0,0,0,0,0,0,0,0,18,27,0,522,0,0,0,0,0,0,0,323,0,373,0,0,0,0,0,0,0,187,0,0,238,0,0,0,0,0,0,0,0,0,0,0,0,1,0,0,0,0,0,0,2,0,0,0,0,0,0,0,231,0,0,0,0,0,0,0,0,0,392,0,0,0,0,0,0,0,0,0,0,0,0,0,1705,0,0,0,1401,0,0,0,0,0,0,0,0,1018,0,0,139,0,0,1,33,0,0,0,0,0,0,0,0,0,0,0,2,0,0,0,0,0,0,0,483,0,0,0,0,0,0,0,0,0,0,0,65,0,0,0,1040,0,0,0,0,0,0,0,0,0,0,0,0,0,0,0,0,0,0,0,0,0,0,0,0,0,0,0,0,11,11,0,0,0,0,0,0,0,0,23,0,0,0,0,0,0,0,0,0,0,0,0,0,0,0,0,60,0,0,0,0,0,0,0,0,0,908,0,0,0,0,0,0,299,0,0,0,46,0,0,0,0,0,0,0,0,0,0,0,0,0,0,0,0,0,12,0,0,0,0,0,0,0,0,0,0,0,3466,0,0,0,0,0,0,0,0,1,0,0,0,0,0,0,0,1818,0,0,0,0,0,0,0,0,4,1,0,0,0,0,0,0,1,0,0,0,0,119,0,0,0,0,0,16,0,3,0,0,0,0,0,643,0,8,0,1802,1823,0,0,0,0,0,0,0,2912,0,0,0,0,0,0,0,623,0,0,0,0,0,0,0,0,0,0,0,0,1003,0,0,0,0,0,0,0,0,0,0,0,0,0,0,0,0,0,0,0,0,0,11,0,0,0,0,0,332,0,0,0,2,0,0,0,0,106,0,0,0,0,0,0,0,0,0,0,0,0,0,0,0,0,0,0,0,0,46,0,0,0,0,0,0,1,0,0,7,72,0,0,0,0,0,0,0,0,0,0,0,3,1579,0,4,0,0,0,0,0,0,0,0,1577,34,1703,0,0,9,0,274,0,0,0,0,0,0,0,0,0,0,0,0,0,51,2225,0,6351,0,1695,0,0,0,3625,0,16,0,0,0,0,0,0,2316,0,0,1646,0,1137
"gene_927",0,0,0,0,0,0,0,0,0,0,0,0,0,0,0,0,0,0,0,0,0,0,0,0,0,0,0,0,0,0,0,0,0,0,0,0,0,0,0,0,0,0,0,0,0,0,0,0,0,0,0,0,0,0,0,0,0,0,0,0,0,0,0,0,0,0,0,0,0,0,0,0,0,0,0,0,0,0,0,0,0,0,0,0,0,0,0,0,0,0,0,0,0,0,0,0,0,0,0,0,0,0,0,0,0,0,0,0,0,0,0,0,0,0,0,0,0,0,0,0,0,0,0,0,0,0,0,0,0,0,0,0,0,0,0,0,0,0,0,0,0,0,0,0,0,0,0,0,0,0,0,0,0,0,0,0,0,0,0,0,0,0,0,0,0,0,0,0,0,0,0,0,0,0,0,0,0,0,0,0,0,0,0,0,0,0,0,0,0,0,0,0,0,0,0,0,0,0,0,0,0,0,0,0,0,0,0,0,0,0,0,0,0,0,0,0,0,0,0,0,0,0,0,0,0,0,0,0,0,0,0,0,0,0,0,0,0,0,0,0,0,0,0,0,0,0,0,0,0,0,0,0,0,0,0,0,0,0,0,0,0,0,86,0,11,0,0,0,0,0,0,0,0,0,17,0,0,18,14,0,0,0,0,0,0,0,283,0,0,240,0,0,0,1,2934,0,0,0,0,0,0,0,355,0,1398,0,0,0,0,0,0,0,0,0,0,1,15,0,0,0,0,0,0,0,0,0,0,22,0,0,0,0,5,0,0,1,0,0,0,1,0,2,0,0,0,7,0,0,0,0,0,1,0,0,0,0,0,107,226,130,120,0,0,0,0,0,0,0,61,0,0,0,0,0,2,142,0,0,0,0,2,0,0,0,0,0,0,197,0,0,0,4,2,0,0,0,1254,0,0,0,0,0,0,0,302,125,0,0,0,0,38,0,28,0,0,7,0,0,0,0,14,0,2,0,0,0,0,0,0,0,0,0,171,1200,436,0,412,46,0,0,0,0,1311,0,2273,9061,570,0,485,153,0,0,0,0,0,0,0,0,0,0,869,7489,35,16,0,0,0,0,0,0,503,0,426,6,0,0,52,0,8,0,0,28,3,0,37,0,0,1,0,2,2,0,0,20,31,0,0,0,113,7,0,94,264,1,0,278,0,3,159,0,2,0,0,0,5,0,404,0,0,2,0,0,579,0,2,13344,163,0,0,0,12,3,1,999,0,229,1,0,0,0,1555,15,0,0,0,49,0,0,1299,37,82,0,0,0,0,0,15,0,32,8,3,0,0,0,1,327,0,0,72,0,0,0,1,0,0,0,0,0,0,0,0,0,0,0,0,0,0,73,0,0,0,0,18,0,0,1091,37,0,0,0,3,0,0,0,0,1,0,0,18,0,0,0,0,0,0,0,0,45,0,0,0,0,109,0,0,0,0,0,0,0,0,0,1496,0,170,0,0,0,0,0,0,0,0,0,0,0,0,0,0,0,0,0,0,0,0,0,0,5,0,6,0,0,0,0,0,9,0,0,0,0,0,0,37,0,0,0,0,0,0,0,0,0,1,0,0,0,0,0,47,0,3109,0,3,0,0,0,0,0,0,9971,0,0,0,455,0,0,0,85,0,0,101,1206,0,0,0,0,0,0,3,0,46,0,0,1,0,0,0,0,0,0,0,0,0,0,0,0,0,0,0,0,0,85,0,0,139,0,526,0,1,0,0,1423,0,0,0,0,0,2
"gene_928",0,0,2,15,0,19,17,0,161,0,0,0,0,0,346,0,0,1,3,0,11,141,2,0,0,103,3,0,0,0,1,28,1,0,0,14,0,71,77,15,0,0,0,7,0,0,125,0,0,13,2,365,0,0,1,0,1945,0,2,0,2,0,1,0,0,0,9,0,0,0,311,0,0,35,0,0,0,0,0,47,232,10,0,271,9,0,22,38,54,0,0,0,0,0,0,0,0,0,0,1382,17,0,110,1776,386,0,0,0,0,0,5,1713,0,0,586,0,456,0,0,0,0,3505,0,353,17,21,15,0,0,1569,0,0,11,0,1,50,0,0,0,5287,0,0,0,0,7,0,0,675,0,0,0,6252,0,0,0,0,0,0,0,0,0,225,0,578,0,3,0,0,13,506,19,0,0,0,0,0,0,373,0,0,0,3,4,49,12,1372,0,0,2,0,1,0,6,1,42,0,0,18,0,9,0,0,0,533,1,0,0,1837,571,0,0,142,0,3,776,0,0,486,5,0,0,91,0,0,0,0,0,0,0,810,6,0,1,0,17,0,247,0,1,17,0,2171,100,0,483,7,0,0,0,0,0,0,0,0,27,0,4,9,0,0,0,302,0,85,1135,540,0,4,17,85,205,70,25,236,12,6,63,14,44,0,1,0,3481,332,0,329,0,42,1136,0,3,47,4,0,1852,0,139,1897,0,3,0,15,0,11,0,0,0,7,0,713,651,204,5,381,33,10,54,0,26,2,12,0,274,0,4,81,0,0,1365,2202,0,0,4,5,0,37,0,88,0,3,0,0,0,785,0,0,7,0,0,56,3,0,0,164,523,1594,317,0,1063,0,1,20,0,10,371,172,11,371,89,7,0,0,0,1933,0,47,0,470,56,0,0,0,2,4,0,0,11,8,791,0,615,82,18,0,0,1,0,1,73,0,0,16,213,9,4,577,0,0,0,79,0,22,0,86,8,26,1617,804,2453,103,495,22,2,0,62,8,30,45,50,8,0,1080,0,0,0,5,0,1,2,0,0,0,10,0,0,0,0,40,0,0,0,0,0,0,0,0,0,0,12,0,0,0,0,0,56,0,0,0,0,0,0,0,0,0,0,0,29,0,0,0,0,0,0,0,2,0,0,7,0,0,0,0,0,0,26,0,1,1,0,0,18,0,0,2,0,1,0,0,0,0,0,4,0,0,0,1,0,0,0,0,0,0,0,2,0,0,0,0,0,0,0,29,0,0,0,0,0,0,0,0,111,2,0,0,1,0,0,0,0,0,40,63,0,0,5,0,65,0,0,0,0,2,0,3,0,0,0,0,1,0,984,0,0,0,0,1,0,0,0,0,0,0,0,1,0,34,0,0,0,0,0,0,0,0,84,0,0,0,0,0,548,32,0,0,0,72,6,0,86,0,0,0,1,0,58,0,0,0,0,2010,1,0,15,134,0,0,11,158,0,0,0,739,0,0,0,123,0,0,0,0,0,0,0,0,127,0,70,0,0,0,0,0,1,0,15,0,28,1523,0,0,1,0,0,0,0,0,259,0,21,10,144,0,0,0,0,17,222,0,0,0,361,2,0,0,0,0,0,3,1,5,0,1,2,1359,0,0,0,12,0,0,0,0,0,0,0,0,0,0,0,0,20,0,0,0,0,8,2,0,0,0,0,0,0,1,0,74,1,0,0,0,338,0,0,0,290,0,0,0,0,0,0,0,0,4157,0,53,1,0,0,0,0,0,0,0,10,0,0,393
"gene_929",14581,2163,0,52,142,280,18063,1444,1078,1282,72,77,396,0,4880,1,3176,66,945,0,3,7291,26,8323,36,6450,1204,2256,191,4,2,279,0,389,770,20,5266,20,157,55,114,12,6,912,12,2365,2961,76,228,4715,316,118,328,161,1424,0,50,40,557,3005,3567,171,28,1882,743,60,1722,3267,121,3405,9744,32,176,1884,666,15,38,1,33,711,395,1164,0,3,4962,18,474,1475,593,181,14,1565,1546,1886,2818,386,1431,0,1,2086,542,687,175,14425,0,1,104,33,79,0,3688,22,0,33,795,193,35,12,1419,149,29,2,13,51,101,160,29,0,166,35,3,0,1154,12953,0,632,0,326,239,6392,5550,5423,22,269,1400,2231,10622,0,0,14,3,268,450,34,4183,0,749,12341,0,0,387,0,215,1,714,4,0,0,0,0,0,0,4,251,152,64965,0,67,41,17,3427,0,857,674,624,340,30,0,1,496,1530,625,3046,1,0,47,0,263,292,1166,29,20,2,8,11142,4105,19070,0,492,5088,378,11168,9,1898,91,10,1997,441,454,2,0,2008,0,31,431,0,4,1626,10768,0,0,17690,4330,29,2819,0,4387,0,7278,0,2,260,47,3,1,2714,3435,13661,1287,5636,15649,4223,2,0,99,2450,4,3,68,2389,0,2624,19,53,0,0,90,30,116,1,30,98,2,63,3360,2,178,0,1908,4,36,196,1128,2308,1,8,434,2683,204,1240,1,10,1288,38,1,5489,39,12,8465,0,185,338,552,0,23,280,1268,48,84,939,0,155,565,1894,45,2132,393,3,14,4656,0,14,1,1973,951,529,1685,2964,120,1053,4,9,1355,201,1345,200,177,1003,12,9299,296,66,2102,35,45,0,531,0,32,3,1,1493,4,44,4074,6,364,0,33,0,0,3449,1,12,4692,13575,121,0,35,0,68,33,122,184,318,2230,197,615,0,3071,364,1661,50,1,287,49,1127,1,0,57,16,0,800,1657,25,533,297,14,116,3308,336,649,7,107,7,1524,4,58,235,4,13,1,6236,11,2444,10599,1388,38,1,38,34,14,248,4,1066,409,8,492,2527,127,68,3061,3,0,673,0,43,3,0,252,37,257,0,77,4,4,1002,179,201,79,50,14,14,432,0,787,20,289,1323,0,255,442,1484,35,1,91,7,2164,3143,0,739,41,999,781,688,1964,689,3,0,0,24,20,53,191,3,1416,37,94,97,264,29,1179,3119,759,1669,40,319,1309,32,0,216,50,1,1969,132,0,0,69,694,224,56,123,537,203,8,340,604,770,275,11,1334,1,335,3128,1903,0,14,22,63,2650,613,354,0,1571,0,1558,518,4,381,5,1296,2,7,22,0,61,2,0,128,0,304,8,1527,50,1555,2186,180,12,736,76,1707,2369,92,191,7,0,2,0,2,135,0,2,1,8,113,3235,0,5128,74,56,982,2124,31,0,344,29,532,3070,0,30,3,327,0,0,14,0,518,263,207,0,15,421,110,538,6,67,3044,0,24121,0,705,1,1027,7340,2167,0,1,114,3,0,0,0,0,0,0,68,1821,16,166,0,46,188,65,0,0,3024,6,140,260,0,2123,309,0,0,0,106,498,0,1,35,0,87,301,0,47,455,0,0,0,8421,256,3995,0,803,0,3,296,2,2,0,0,174,1468,3,1,1818,0,772,184,14,0,0,6003,88,470,3,421,0,564,58,1,9,135,68,71,35,241,0,0,0,0,381,4781,0,10,0,63,3,290,430,0,3946,1035,37,5383,4,0,1,300,29,34,31,4,8876,11,24,1568,21,81,153,792,151,1457,0,124,2016,0,4909,11,1820,1415,944,1492,14,0,0,5,0,0,10,2,4704,291,0,145,0,1060,0
"gene_930",245,348,20,130,114,0,0,0,0,0,0,4,0,429,463,97,0,0,0,0,0,0,54,40,0,0,0,0,0,0,0,414,139,0,1199,1,0,0,0,0,1801,0,0,3,0,0,0,0,5,8,96,438,0,1,0,1,29,663,0,0,0,1,0,0,0,6,0,0,0,81,75,37,22,0,231,0,0,22,0,0,191,30,0,311,0,0,0,0,0,0,0,47,7,21,1864,7,2,0,0,0,0,13,0,1,0,157,3304,177,1,0,0,0,4,0,0,73,0,0,0,47,295,145,0,0,655,0,19,2,0,0,11,35,3,1,0,0,0,0,4,0,0,0,1,1030,0,1205,93,0,0,0,0,94,6,0,1831,1429,0,69,699,0,0,0,0,0,0,42,79,131,0,2700,0,0,243,394,0,0,0,0,94,340,0,0,41,1,0,12,0,0,0,0,0,96,2655,0,61,3,50,19,0,0,0,0,20,485,58,178,136,0,0,0,0,0,0,3365,0,192,0,275,1779,0,0,2,123,0,140,0,424,12,0,1,0,0,16,234,22,60,0,0,0,11,0,2249,0,0,0,765,0,3,4,89,379,11,0,0,0,22,1,0,8,11,0,0,0,0,4,0,0,0,115,43,119,1554,7,0,0,0,0,0,8,7,23,433,1,0,0,2,937,381,0,0,0,56,11,15,4,8,0,0,636,0,5,0,976,0,1,7,1055,84,21,14,1,0,0,12,9,16,3718,5,0,1,8,0,0,0,1,183,3,2,734,0,218,0,2,3,0,0,0,1,4,287,101,0,346,956,0,0,2306,351,29,0,0,0,0,4,1,0,0,90,2,571,90,2763,255,6,0,0,392,74,0,0,1099,0,0,0,35,0,4,3326,0,2,5,0,0,81,0,2170,1287,0,922,0,1276,0,595,0,311,60,8,425,641,165,0,6,152,2,0,0,156,252,6,9,899,0,0,1605,1466,62,0,0,0,0,0,0,1,3,351,0,218,0,2,0,11,298,12,0,480,4,0,7,1,287,0,0,0,1,20,0,0,50,0,0,0,0,0,0,0,42,0,0,0,0,0,26,0,59,0,6,1428,0,13,0,15,0,50,0,0,0,0,0,0,0,0,0,261,0,0,0,0,215,7,1229,326,1228,1932,10,0,0,193,1568,1,2,17,8,1066,26,2,311,0,3054,24,2,0,0,0,0,2,0,0,373,0,0,0,1,35,1038,0,0,0,0,0,34,0,0,0,0,6,0,5,4478,1393,1250,0,11,0,2,7,0,0,6,30,48,0,0,25,0,0,0,0,82,71,0,0,0,205,0,994,0,0,1,0,0,0,0,67,193,0,0,29,0,0,0,4001,0,0,0,0,0,0,0,0,0,0,14,0,0,0,0,0,0,0,0,759,430,35,0,0,0,0,0,1,0,0,811,8,0,0,0,0,37,0,33,1044,0,1,0,0,0,0,0,0,0,1212,0,0,0,33,0,0,0,0,0,0,0,11384,0,1,28,0,0,0,1,0,0,2,0,0,0,0,509,19,0,0,0,0,13,0,0,0,0,32,0,0,0,372,19,0,0,0,0,0,7,1273,0,0,0,4,0,0,0,281,0,0,0,0,0,0,0,0,0,7,2,0,0,0,58,0,0,1,0,0,0,0,0,0,398,0,0,0,2,0,15,0,0,0,0,254,0,520,0,0,587,0,0,0,1,2,0,0,0,0,0,0,0,0,3815,0,0,84,0,0,40,0,10,0,0,193,0,13,0
"gene_931",0,0,0,0,0,0,0,0,1693,0,181,0,0,0,1,0,0,0,0,1486,0,0,0,0,0,454,0,0,0,459,0,0,0,0,611,22,0,0,0,357,0,5,0,0,0,0,0,0,0,2,237,0,0,0,0,0,0,0,15,0,0,203,5,0,0,0,46,0,102,0,0,5,0,6,67,0,0,0,32,41,0,0,456,13,18,0,0,0,1,0,0,0,0,0,0,0,0,0,0,0,0,0,0,0,0,0,0,0,0,0,0,0,0,0,0,0,0,0,0,0,0,0,0,0,0,0,0,42,0,0,0,0,0,0,0,0,0,0,0,0,0,0,0,0,1,78,0,0,0,0,0,0,0,0,0,0,0,0,0,0,0,0,0,0,0,0,2,0,0,0,0,12,0,0,0,0,0,0,0,0,0,0,0,0,0,0,0,0,0,0,0,0,0,0,0,0,0,0,0,0,0,0,0,0,0,3,0,0,0,0,0,0,0,0,0,0,0,0,0,0,0,0,5,0,0,0,0,0,0,0,0,0,0,0,0,0,0,0,0,0,0,0,0,0,0,0,1,0,0,0,0,13,0,0,0,0,0,0,0,0,0,0,0,0,0,0,0,0,0,0,0,0,0,0,0,0,9291,0,0,0,0,0,0,0,0,0,0,0,0,0,0,516,0,0,0,3,0,0,0,0,0,0,0,0,0,0,0,0,0,0,0,0,0,0,7,0,0,0,1,0,0,0,0,0,0,0,0,0,0,0,0,0,1,0,0,0,57,0,266,0,0,0,0,0,2,0,0,0,0,0,0,0,0,0,0,0,0,0,0,0,0,0,0,0,0,0,5331,0,0,0,0,0,0,0,0,0,0,0,0,0,0,0,0,0,0,0,0,0,0,0,0,0,0,0,0,0,3,0,0,0,0,1125,0,0,0,0,0,0,0,12,0,0,0,761,0,0,0,0,0,0,0,0,0,0,0,0,0,0,241,0,0,0,0,0,0,0,0,0,0,0,0,0,0,0,0,0,0,0,13,0,0,0,0,0,0,0,0,0,0,0,0,0,0,461,0,0,0,0,0,0,0,0,0,0,0,0,0,0,0,0,0,0,0,0,0,0,0,0,0,0,0,0,0,0,0,0,21,0,13,0,0,0,0,0,0,12,0,0,0,0,0,0,0,0,0,0,0,0,0,0,0,0,0,0,1,0,3,0,0,0,0,0,0,0,0,0,0,0,0,0,0,0,0,0,0,0,0,0,0,0,70,0,5,0,1,0,0,0,0,0,0,0,0,0,0,116,0,0,2,0,0,0,0,0,0,0,0,0,0,0,1,0,1,0,0,0,0,0,0,0,2,0,0,0,0,0,0,0,0,0,0,0,0,0,0,0,0,1,0,2,0,1,0,0,1,0,0,0,0,0,0,0,0,0,4,0,0,0,0,0,0,0,0,0,0,0,0,0,0,0,0,0,0,0,0,0,0,0,0,0,0,0,0,0,0,0,0,0,0,0,0,0,0,0,0,0,0,0,1,0,0,0,0,1,0,0,0,0,0,0,0,1,0,0,0,0,0,0,0,0,0,0,0,0,0,0,0,0,0,0,0,1,0,0,4,0,2,1,0,0,0,0,0,1,0,0,0,0,0,0,0,0,1,0,0,0,0,1,0,0,0,0,0,0,0,0,0,0,0,0,0,0,0,0,0,0,0,0,0,0,0,1,0,0,0,0,0,0
"gene_932",104,8,214,1,0,104,13,692,60,4438,598,2864,30,1599,90,39,1936,0,9,0,10,0,473,1090,0,249,0,3090,0,867,137,21,0,0,5506,5024,38,0,1481,0,6725,130,1205,333,0,1,2,0,5501,0,12,5,462,3972,0,2,1103,0,9,1612,259,9,12744,0,37,0,77,0,136,75,768,0,0,136,2,0,0,303,18,0,16,0,18,722,18,30,650,89,343,18,2,0,1,2773,0,232,1,0,0,1022,0,6,0,0,11,200,67,60,486,0,0,0,0,5,0,0,0,0,0,45,324,50,0,5,1,23,1,0,0,0,25,1423,20905,0,25088,1150,0,189,82,0,0,83,0,201,1276,0,0,0,0,170,1,0,33,971,1,35,33,11318,704,0,0,1246,0,204,0,0,2783,1239,0,0,112,9230,0,56,0,29,0,0,315,13736,0,60,2,0,1510,402,0,18130,0,852,0,0,0,0,1,0,0,5,0,0,0,0,1,0,0,0,0,0,0,0,0,0,0,0,0,0,4689,1524,15,0,0,0,0,0,0,0,0,4,0,0,4,0,0,0,0,0,0,6991,2,0,20,0,0,1,0,0,1113,0,1347,0,0,0,0,0,0,0,0,0,20517,0,52,4303,0,0,0,8,17,23,0,2437,4,853,66,0,0,780,276,329,1,30,18,798,2030,4,9,0,517,138,0,4,0,4090,27,282,0,534,78,898,1,5067,1,195,21,1688,0,107,15,340,833,16,1180,2079,9,0,2497,487,790,304,1461,2649,304,240,407,493,0,1410,0,0,0,0,881,0,79,2,0,6,52,0,0,186,25,240,100,0,47,22,50,887,2,0,0,4312,289,69,1732,2,1073,2485,74,0,65,2473,300,1094,2898,298,1100,746,467,0,837,145,181,34,1395,0,3853,305,1582,0,25,4526,2585,394,18,23,1929,840,1515,1794,1929,5075,1,0,5714,11806,4,1,27,707,262,0,1576,32,2270,0,172,7,9,442,428,115,2398,709,29,0,287,6008,184,0,0,534,8463,19,0,1965,22,8,19224,2638,0,844,0,186,0,0,92,0,1967,0,1,0,0,0,0,884,0,12,0,0,3,109,0,1,898,0,0,0,44,0,11,0,1998,0,1,1548,0,0,20,0,0,355,31,0,0,1377,1,4,0,8,0,425,0,322,3368,152,0,0,41,2,0,67,2534,42,0,5,3,4,1,47,311,1,0,0,0,0,19,0,336,968,74,576,0,0,0,67,5,1707,16,0,0,0,35,0,0,0,108,124,3482,59,28,522,49,0,25,11325,0,2,139,104,1417,199,92,0,156,887,0,0,4292,0,667,0,34,0,6,0,0,166,0,154,0,381,0,0,0,0,1672,0,1,0,0,0,110,10,3,0,0,0,0,0,0,0,21,0,35,0,6718,2,1571,0,0,947,4,635,0,206,0,0,5602,2,0,0,2125,0,5,37,0,0,0,5407,969,5624,0,0,69,0,0,4,1103,0,0,10328,0,439,0,53,0,0,0,0,14233,728,0,0,928,0,0,1536,0,9137,0,0,160,5,2443,6,0,2,1119,0,148,525,9,0,703,0,0,485,0,199,0,0,2058,0,163,2,7961,0,226,0,24,0,1,0,756,0,11,18,1910,0,302,0,1822,183,2,0,0,0,0,11369,6,0,0,1124,0,4367,0,300,3625,63,0,0,23333,0,30,0,240,11,371,0,0,1,0,0,0,2298,0,0,4246,156,114,0,0,0,0,0,0,0,0,0,3,338,0,0,0,0,2,0,27,96,0,3,0,0,62,51,11060,955,0,0,0,0,0,4,0,705,0,100
"gene_933",0,0,79,1,0,0,0,0,0,0,0,101,615,0,1826,0,4,2,0,4,0,0,12,4,0,0,10,1153,0,0,0,9,0,570,380,2847,0,0,0,3,0,0,60,22,0,0,0,0,0,0,0,0,47,0,0,0,366,0,0,347,0,1121,2638,0,0,477,0,1,0,0,26,0,0,108,1,0,1,0,0,0,0,0,0,283,1427,0,11,0,0,0,0,0,0,0,0,0,0,0,0,0,0,0,0,0,0,0,0,0,0,0,0,199,0,0,0,0,0,0,0,0,0,0,0,15,6,0,0,0,0,0,127,0,0,0,0,0,0,0,1,0,0,0,0,0,0,0,0,0,0,0,0,0,0,0,0,0,0,0,0,0,0,0,0,0,0,0,0,0,0,0,0,0,0,0,0,1,0,0,0,0,557,0,0,0,0,0,0,0,31,0,0,0,0,0,0,0,0,0,0,0,0,0,0,21,0,0,0,0,0,0,0,0,0,0,0,0,0,0,0,0,0,0,0,0,111,0,0,0,0,0,0,0,16,0,0,0,0,0,0,0,0,0,40,0,0,0,0,0,0,0,0,0,0,6,0,0,0,0,0,14,0,0,0,0,0,0,15,4,0,0,0,0,0,111,202,0,0,0,0,0,0,0,0,0,48,20,0,0,0,0,0,88,0,0,0,341,12,0,0,0,0,0,0,0,0,0,24,0,141,0,0,0,0,0,0,0,0,0,0,0,0,8,0,0,0,0,0,0,0,0,0,0,59,0,0,0,0,22,0,0,0,8,0,0,17,0,0,0,0,0,1627,14,0,0,7,0,76,0,0,0,0,0,0,0,0,0,0,0,0,0,0,0,0,0,0,0,0,0,75,46,0,0,118,0,0,16,0,0,0,283,348,0,14,10,0,0,0,0,77,0,24,0,0,0,0,0,78,0,0,0,0,0,0,216,317,16,0,10,0,0,111,3,0,0,0,0,0,106,0,0,0,0,13,0,0,0,56,0,0,0,26,9,0,0,8,0,0,0,0,0,0,117,312,2,0,0,0,0,0,1,0,0,0,0,0,5,0,0,0,0,0,0,0,0,0,0,0,18,0,0,0,0,0,8,273,0,0,0,0,0,0,0,0,0,287,10,0,13,0,0,90,0,0,0,105,0,0,0,0,0,0,0,0,195,0,0,0,0,0,3,0,0,0,0,51,0,0,0,0,0,0,0,1,4,0,0,0,0,0,16,0,0,1,0,559,0,0,0,0,0,0,0,0,0,73,0,0,0,0,0,1,0,0,0,13,0,0,0,34,0,0,5,0,0,750,0,590,5406,0,442,0,0,4,0,0,0,0,0,0,0,4,0,2,0,0,0,0,0,0,0,0,0,0,86,104,0,0,1,0,817,3,0,0,310,0,0,0,273,164,0,0,6,0,0,102,0,0,0,0,0,0,10,0,0,0,0,0,27,0,0,0,0,29,0,0,1,0,0,0,0,0,0,0,0,16,590,138,0,0,0,0,0,0,0,151,0,0,0,0,0,0,46,0,0,0,0,0,0,0,0,0,754,0,0,0,0,0,0,1,0,0,0,0,0,0,5,0,0,0,0,0,0,0,0,0,0,0,0,0,0,0,0,0,0,0,0,0,0,0,0,0,0,0,0,16,0,0,0,0,0,0,0,0,0,0,150,1566,0,0,0,0,0,0,0,0,0,6,0,0,0,0,0,0,0,0,0,0,0
"gene_934",5274,441,1747,3903,244,1349,26,521,2234,5733,2032,13454,1983,174,1456,568,6710,18,2105,2452,323,983,4713,1195,3897,3377,3056,4506,8776,10760,1385,8672,746,10948,281,168,5200,2727,3007,2961,7078,1081,2929,253,1716,5256,201,69,1930,103,3525,5999,10,4050,1766,120,5123,685,1824,10801,3216,3533,3533,4022,4876,741,286,3818,15895,2178,2373,423,39,1450,758,728,1602,1875,1968,7599,10136,608,1867,5826,3064,13867,464,4451,716,366,6435,2439,13855,4213,7406,2338,25606,1806,26350,22146,7876,40704,26695,30866,27181,4370,14264,4698,8918,5683,36727,577,196,5508,46619,52162,8295,8768,7414,9917,665,4604,2480,9658,23973,52674,5348,4480,28071,4042,6520,10675,21795,28354,24483,5346,15684,12215,50819,28883,22269,6680,6454,28469,13777,6865,22808,26517,22962,20795,1726,22256,5757,44085,35822,111175,35452,16297,49846,6153,1284,5596,20859,20838,15439,5215,9368,35638,2208,8027,65902,10775,20233,13184,28653,31753,20837,11726,30940,3240,53341,33365,26074,88526,19465,29322,46768,25084,48003,36957,42649,21770,5768,34177,11592,3812,12563,5983,18502,467,27856,5426,19331,3493,8508,1355,11930,7796,35648,4520,19737,30983,5027,8478,4997,1081,2822,8334,22129,19997,19600,6662,4639,11881,22866,5582,11555,10678,12636,23581,762,25321,10140,9800,40508,4385,11214,14774,8801,3954,49525,21253,7499,8301,7532,8849,19130,14453,4860,6213,16519,12194,56742,489,13388,7107,5551,6533,12936,1459,6474,1210,326,1246,19546,2327,13231,2808,2995,423,17933,6731,1414,7880,2908,6261,5468,5443,3017,1677,295,12197,2007,5731,3002,1478,2832,6488,3930,5391,6346,1891,450,6538,6646,660,4233,22,1515,689,80,6719,1852,14499,309,6605,61,1023,676,2312,1449,1091,851,1836,2944,2140,15374,87,9816,1336,920,3392,67,75,2999,5540,1701,1960,1789,400,1552,483,1717,1290,1427,1232,3339,7643,3214,7437,900,5278,6940,6242,746,1849,6991,5183,2708,482,2326,960,437,4573,3681,2551,8829,5250,1437,5804,209,979,9279,13239,144,10869,242,8859,3095,2750,12653,4196,6370,5643,2233,4579,26693,2731,1273,1382,2995,9907,6499,1216,315,687,1694,9498,841,2761,7629,4394,23075,1379,14697,3893,2413,1148,3270,1329,2539,12267,1552,62,1711,14421,1936,374,6704,9369,2503,2081,14606,15664,13470,19096,362,1004,4762,621,679,47,2026,3229,656,2664,13829,505,3100,3021,3353,2792,852,10,257,1770,417,2,1424,513,17,129,2035,1563,0,2186,23,327,1314,6,708,153,122,98,1624,737,3150,9312,168,366,2502,36,1170,629,991,3372,22,1243,3424,395,0,606,22,2446,234,479,1448,225,969,6,46,456,774,1044,3468,1853,10,69,2010,2586,0,2474,1427,3334,207,536,0,1545,5600,29,1645,3789,7591,11099,5860,19,620,2957,3601,3994,1503,0,1302,5916,2619,363,25,6,120,5,181,49,1446,1,37,4,742,13,30,7,1665,5928,5805,1122,4513,15,129,3929,4039,1302,2372,154,3939,21,2315,0,180,201,534,961,122,3,917,209,1247,1245,491,25,11592,482,51,3712,2354,1765,5964,581,594,14,29,48,444,266,1,60,2045,0,4835,0,2378,2043,326,6,352,386,1,2,3,4200,2,3,4032,167,419,0,0,1,0,7,69,0,268,8085,10949,5849,168,45,1049,29,546,772,0,1464,365,226,51,81,2965,193,1940,217,0,13,1740,42,3073,264,0,11896,22,0,1333,0,66,104,324,295,36,7710,47,0,170,0,7,941,918,1,0,519,18,31,11,308,2801,0,0,0,3544,636,18,131,130,94,0,0,26,10,57,349,1694,1148,12,822,4586,201,646,345,0,7118,269,1227,0,5525,1244,0,90,77,1272,1358,626,0,6,89,0,14332,1551,11353,6389,1,144,766,712,321,17162,0,3468,4,435,482,0,0,423,2394,4634,0,0,4,376,0,13,0,0,4,1181,0,0,51,633,1,1,0,45,3600,69,1136,221,11,54,0,0,3,252,0,322,1775,128,0,2,7650,0,5,948,0,32,25,7,7,2,0
"gene_935",0,0,1,0,1,1,0,5,1,0,1,123,3,15,0,0,4,1949,1,0,0,1599,244,1,0,561,776,70,5,42,0,0,128,77,24,3,443,30,132,85,427,24,2,1,1015,0,0,404,0,0,462,0,427,31,8,0,0,580,139,510,2,0,20,724,101,0,0,11,0,0,0,0,3,4,0,162,0,115,5,258,409,24,0,17,0,0,72,7,1,0,1,32,0,0,647,0,0,1,0,0,189,292,0,0,3,0,0,0,234,3,1,0,0,638,0,0,0,42,0,30,0,1871,137,0,0,154,2,0,2,0,0,0,0,0,1019,0,1808,0,2860,5384,67,12,2,50,0,0,0,0,223,0,191,0,0,65,1888,1318,24,0,788,0,4354,36,4,0,1,1,10,0,0,0,0,0,2,7,102,18,0,0,40,89,59,92,4,3,1,2132,0,8070,0,0,2,106,0,1952,0,141,0,0,0,7,4,0,0,0,111,0,21,0,0,0,0,0,0,0,0,0,122,1153,56,0,0,0,0,0,0,0,0,5,0,0,0,0,0,0,0,0,0,0,2,0,0,0,0,0,23,0,0,0,0,610,11,0,0,0,0,0,0,2,0,0,0,0,5,38,0,0,0,1,0,24,0,0,0,88,31,6,0,0,4,0,0,0,0,0,0,238,0,2,0,0,17,0,21,15,0,91,0,0,0,25,0,19,0,0,0,0,2,1,0,0,0,0,4,0,0,0,0,99,0,0,1,138,0,0,0,11,587,39,458,0,0,1,32,68,0,0,0,0,0,0,0,0,2,0,9,0,0,347,0,46,0,0,0,0,0,0,11,0,0,0,0,2,87,0,0,1,76,0,115,0,18,31,0,0,0,0,0,0,15,2,0,0,0,158,0,0,69,633,0,1,0,106,797,0,1,0,6,0,6,0,0,0,0,14,10,0,0,9,73,701,0,0,0,0,0,0,4,0,0,39,0,0,0,122,0,262,0,0,0,0,0,0,0,0,0,0,0,0,0,0,0,0,0,0,223,75,0,0,0,0,0,0,0,0,0,0,0,0,0,0,27,0,0,0,1,83,19,0,26,0,0,0,8,0,0,0,0,0,0,850,0,0,0,9,0,280,0,0,0,360,0,0,0,0,0,0,0,0,6,0,0,0,0,0,0,0,0,0,423,0,0,1,10,0,0,0,0,0,0,0,0,0,0,0,0,453,0,0,3,0,0,0,0,0,0,0,0,180,0,0,0,0,0,0,0,0,2,0,0,0,107,0,0,0,0,19,247,0,14,0,0,0,0,0,0,310,0,0,0,0,0,2,0,0,0,0,0,0,0,22,0,0,0,0,15,0,915,0,0,0,0,0,0,5,0,0,0,0,0,0,0,275,0,0,0,0,0,1350,0,27,0,39,0,0,0,0,3,0,0,0,0,0,0,0,0,0,1,0,0,0,0,0,0,0,0,0,0,77,0,0,0,0,0,0,0,0,0,0,0,0,0,0,0,157,0,0,0,0,0,0,0,0,0,0,0,0,183,0,0,0,0,0,82,0,0,0,1,0,1,0,100,0,226,0,0,1,0,0,503,638,0,0,0,0,850,0,0,0,0,0,37,0,2,0,0,0,281,6,0,0,0,0,12,0,0,0,0,0,0,98,0,657,1,48,0,0,0,0,0,0,0,0,46,0,0,0,0,0,227,0,0,0,437,0,0,0,0,0,0,0,0,0,0,0,418,0,0,0
"gene_936",7647,0,110,349,1126,0,49,2,5454,4113,17277,729,18747,734,666,1651,1784,179,78,0,144,1725,2,14171,6945,35,308,6035,4673,21,0,14464,16,543,16481,8757,170,12,2070,12,49,375,45,1749,717,2483,1195,7073,0,3909,49,101,1,1311,53,1057,1572,43,15244,11435,194,297,446,1845,16,12701,753,2330,170,7682,396,339,147,448,5582,113,7063,0,8088,289,3880,730,7863,29,2447,20,1292,840,155,384,14779,3,0,0,0,33,0,0,0,303,508,1,0,218,3625,0,144,1291,266,5636,2,0,61,0,19260,0,242,0,40,31,0,0,14,25,8439,0,0,236,5,11802,0,102,0,0,0,2,110,4474,7389,86,8779,3,96,6,0,4,12,602,5,38305,0,536,0,0,28,517,0,0,0,0,0,17904,0,52,7750,0,3,3152,0,46,7633,1082,890,1,0,86,329,263,14717,5094,265,0,123,0,4181,152,11,0,24,5022,13,0,0,0,0,0,0,1,0,0,51,1,0,0,26931,2,217,97,11119,0,6993,0,2444,2844,0,20,63,0,4262,0,1,0,14,0,12,11810,57,0,0,0,0,2565,0,0,0,0,28368,1820,41221,4,0,0,49,105,0,1490,0,12,0,0,50,140,4645,14,25096,73,37,0,306,0,217,1040,722,1,208,221,26,197,129,2143,0,954,0,1445,3,1541,942,70,3050,121,982,108,2,1306,104,2540,489,2136,276,1,0,8,0,0,1737,5,0,30,1273,733,404,1,90,1151,124,8798,0,138,1,18,0,2193,2556,4659,0,3,2294,12951,77,94,38,68,1,1,16,23,0,0,10168,4,1,63,3305,27,17,0,65,1731,0,938,69,625,0,33,364,1,12426,3811,0,52,1,1959,591,3,233,0,7172,0,1538,33,28,85,0,14,10897,1851,1,1,15,6696,0,178,0,4497,56,7,0,416,646,15,347,0,210,204,1,4,371,3324,2536,157,7,558,0,836,393,1090,578,16,3143,345,57,2295,27,4529,774,3000,773,125,0,363,24,2649,0,0,5,0,924,0,2608,326,1190,1,548,113,0,1001,232,26,39,1252,775,2109,1,2568,480,0,4,0,90,5,569,575,0,0,3,0,0,0,77,0,8,0,26,40,343,2319,178,160,1697,0,0,134,0,456,18,674,15102,0,33,0,135,71,0,2,104,11,1067,12,0,90,550,144,1855,0,21,435,386,12,9,68,10,19,722,79,41,5,0,16,0,203,5,0,75,1058,99,715,698,0,308,47,2624,934,5,19,1068,0,117,5,0,4,93,329,0,33,82,14,185,0,0,3,2238,0,42,0,3212,0,25,58,257,3,9327,1,111,605,5,6,1020,14,0,4,0,172,0,0,38,2489,1,0,0,0,2202,0,2,2,858,0,634,0,0,82,0,11,0,0,2,0,0,0,0,19,0,18,0,0,0,80,0,0,0,0,1,0,0,1055,0,0,0,0,0,0,0,16,31,4761,1975,6,0,142,0,1902,0,0,3,0,0,0,0,0,31,0,309,93,1060,0,140,84,0,197,0,0,189,0,0,634,0,0,11,1690,80,0,2,2554,0,0,0,0,0,13,600,212,1004,1130,0,0,0,0,1505,0,0,0,0,0,0,0,5,24,0,0,2,0,1,1324,0,216,468,6267,463,12,0,0,0,0,2,3,0,0,0,0,1058,0,0,2352,781,0,0,1,0,610,0,54,6,0,7308,0,149,0,360,0,1499,0,0,168,0,0,0,1504,0,0,0,0,13772,32,55,1,51,0,0,0,256,0,0,0,663,0,8,2,0,0,500,0,48,0,0,25,590,188,0,80,0,0,1,0,0,953,109,0,0,1489
"gene_937",0,13,271,0,107,16,0,0,4,0,0,51,5,0,0,0,0,0,0,6,0,10,1956,1,0,0,2,0,854,0,0,0,0,17,111,0,0,41,0,1,0,4,0,0,29,0,1,3,0,6,0,0,0,0,4,0,0,294,25,30,0,0,0,789,2,0,65,0,175,67,535,0,42,1,4140,3,23,0,0,0,0,0,0,0,1272,0,0,0,127,2,6,0,115,318,0,13,0,0,0,0,0,0,0,35,0,233,191,0,1,836,103,0,0,0,0,0,0,0,0,0,0,0,0,30,0,0,0,0,8,8,0,0,236,6,0,1,0,0,0,0,1682,672,2,0,0,0,0,3497,141,0,0,0,0,0,0,325,0,0,0,0,0,0,0,0,0,0,0,191,0,0,10,0,0,0,0,0,0,0,38,0,0,0,1,0,0,0,0,0,40,0,0,0,0,829,0,0,0,0,0,0,0,0,0,0,0,0,0,0,0,0,0,0,0,0,0,0,0,0,0,0,0,0,0,0,0,0,0,0,0,0,0,0,0,0,0,0,0,0,0,0,0,0,0,0,0,0,0,0,0,0,0,0,0,0,0,0,0,0,0,0,0,0,0,0,0,0,0,0,0,0,0,991,0,0,0,0,0,0,0,0,0,0,0,0,6,0,0,0,0,0,0,0,0,0,0,0,0,0,0,0,0,0,0,0,0,0,0,0,0,0,0,0,0,0,51,0,0,154,0,0,0,0,0,0,1,0,0,1,0,0,0,0,0,0,0,0,0,0,0,0,0,0,0,0,0,0,0,0,0,0,0,0,0,0,0,0,0,0,0,0,0,0,0,0,0,0,0,0,0,0,0,0,0,1,0,0,0,0,0,0,0,0,0,0,0,0,0,1,0,0,0,0,2724,0,123,0,0,0,82,0,0,0,0,0,0,95,0,0,0,0,0,3,0,0,1,0,0,273,45,0,0,0,0,0,236,0,0,0,0,0,0,0,0,0,0,0,0,0,0,0,0,0,270,0,0,0,0,0,7,0,0,0,0,71,0,0,83,0,0,0,0,0,0,0,0,0,0,0,0,0,0,0,0,0,0,0,0,0,0,0,246,138,0,0,0,1,0,0,0,0,0,0,0,0,0,0,0,0,0,18,0,0,0,0,0,0,0,0,0,0,0,0,75,0,91,0,0,0,0,3,0,0,0,0,0,0,0,0,0,0,0,0,0,0,0,1,0,0,0,0,0,0,0,1206,0,0,80,0,0,0,0,0,0,1297,0,0,0,0,0,0,0,0,0,0,0,0,0,71,1,0,0,0,0,0,0,0,501,0,0,0,0,0,0,0,0,9,0,0,0,0,0,0,0,0,0,0,0,0,2,0,6,0,0,0,0,0,0,0,0,0,0,0,1720,3,0,0,0,0,0,0,0,0,0,0,0,0,0,0,3,0,0,0,0,0,0,0,0,224,0,0,0,0,0,0,0,0,0,0,0,0,0,0,0,0,0,0,0,0,49,0,0,0,0,0,0,0,0,0,733,0,0,0,0,0,0,269,0,0,0,0,0,0,0,0,0,0,0,0,0,0,0,0,0,0,0,0,0,0,0,0,0,2548,0,0,0,0,1292,0,0,0,0,0,0,0,0,0,0,0,0,0,0,0,0,1727,0,0,0,0,0,500,0,0,526,0,0,0,60,0,0,0,0,0,0,0,109,0,0,0,0,0,130,0,0,4534,0,1,0,0
"gene_938",0,0,24,36,2111,1680,7,286,7,0,24,0,0,0,10,1,0,0,0,1,2,7,727,0,0,0,0,1059,1,1999,2,0,0,4,424,1518,540,0,0,240,561,2,0,1551,402,1910,55,0,104,8,0,0,725,35,3,26,4,86,0,464,0,9,1,186,77,0,0,99,2,14548,83,29,16,11,17,20,0,0,0,0,186,0,0,0,64,58,51,11,1405,0,0,2,477,357,0,2,0,23,2,13,5733,0,35,98,0,1210,0,0,0,32,0,6,97,5,0,2177,288,15,0,3,12,0,2,32,59,0,17,150,0,0,266,7,0,61,1627,0,67,0,0,0,2,8,4,0,0,14,1,57,0,0,1700,739,1732,4687,1235,82,0,3,0,0,12,0,3114,40,4,1,186,0,0,0,62,7,0,14,0,0,263,13470,17,111,360,1,0,0,0,0,0,100,1,0,0,0,1,0,1,967,39,20,1,0,84,1,87,47,0,71,141,1142,0,1084,0,0,15,0,453,193,0,0,0,0,5,0,27,11,1,0,8,0,5,41,0,0,0,0,0,2332,16,14,0,0,0,0,11,2,547,1,0,8,83,50,0,15,0,0,0,0,10,9,0,0,0,54,63,0,2,0,461,0,263,0,5,1720,0,1,0,0,15,18,0,1,26,311,0,430,255,1,501,2619,0,24,1714,1,0,331,0,2,62,1,13,277,0,1143,0,3810,0,0,0,0,178,7,0,21,0,11,8,44,0,12,0,565,16,0,0,1378,159,0,0,34,5,198,2,0,0,0,248,0,300,7,0,0,16,0,0,183,1687,38,0,8,0,3,9,14,9,119,0,0,3228,0,0,10,10,2,16,9,693,0,1282,58,0,1158,0,2371,1170,0,2591,0,72,3,0,1,4713,0,10,117,48,1058,0,6240,1544,73,0,0,105,0,0,4,21,56,0,58,29,566,0,5,307,0,0,0,0,0,0,0,2,0,0,0,0,4,3,13,9,0,0,0,0,74,1,200,1396,18,0,128,78,54,196,0,91,0,0,0,67,82,352,654,0,3,0,0,0,0,0,37,1,44,247,199,3,0,0,0,120,42,0,163,0,24,7,0,1,1859,0,266,0,0,0,0,8,10,0,225,0,0,0,17,1,0,0,604,1,0,322,23,3237,0,0,0,0,0,4,0,0,92,0,1197,21,0,0,0,0,1363,234,213,147,0,0,27,0,1,475,934,0,1923,77,0,0,0,26,2819,0,172,3,27,2623,641,543,1,2,0,31,0,0,0,0,0,8,0,2065,0,0,0,0,0,0,0,5,0,8,0,0,0,115,3,3007,0,0,161,1741,0,132,2256,0,6,17,0,0,111,11,45,647,1,0,2879,7,3452,273,309,567,1,1,2,0,0,1,1,8,0,0,4,30,0,0,963,1,8098,132,0,0,1,42,114,0,0,32,33,288,0,390,0,2,0,1,0,3,1473,0,1682,0,0,0,8,0,0,3,341,0,0,2284,0,0,19,0,1012,0,0,0,8,4,10,0,0,24,71,20,593,1377,56,2294,177,13,0,6,14,0,84,434,70,308,1,448,0,2,0,4,1,1237,13,14,103,627,229,0,592,768,0,9,10,0,11,0,70,0,0,0,0,0,3238,1888,0,418,43,6,1074,0,0,0,4,19,0,0,3,1,0,0,0,20,372,0,3,1,819,0,601,0,191,0,49,22,0,1051,0,0,0,1,0,64,2358,1,2,0,162,6,5,0,132,204,0,5,0,0,2,58,6,3,0,2278,1,0,107
"gene_939",0,1,141,14,0,311,0,2,0,0,0,0,0,112,0,65,822,79,0,21,0,0,852,0,0,0,0,0,70,0,1,0,140,0,0,0,0,0,0,0,0,0,0,0,0,0,20,34,14,1,162,2,0,0,25,0,0,405,0,1,0,0,0,6,111,49,0,0,0,137,0,27,0,0,3,0,134,0,21,213,0,5,0,0,41,0,5,106,0,0,2,222,0,4464,79,0,0,0,0,0,0,0,0,0,0,4954,0,0,6,136,122,0,1,0,92,0,1,0,9413,1,0,0,0,0,0,0,84,354,11,0,0,0,1605,1,0,0,83,12,0,0,2076,0,4541,2,0,2743,0,1,163,54,25,0,0,0,0,3089,0,822,0,1168,1746,1,33,3,0,0,497,0,0,152,7,3593,45,0,0,0,76,787,0,5,123,7,0,0,0,0,0,0,5768,0,4,0,0,0,0,0,0,4,0,3577,10,6,0,272,0,0,109,0,0,0,2,0,12,0,0,5,189,198,49,0,0,246,0,0,2,0,1,3,26,1,0,1,0,0,61,275,0,0,48,0,0,0,0,326,0,0,184,4,0,64,1723,0,0,0,0,0,0,54,0,4,65,0,0,0,1566,1283,421,632,26,0,78,2,246,335,1156,747,0,442,12,117,47,24,7,150,0,1,0,20,22,109,1210,1,424,761,616,421,153,154,36,103,1,0,185,24,0,552,300,0,17,7,99,15,913,8,12,7,157,8726,198,425,9,427,1622,315,218,2615,1,478,947,51,27,186,0,768,73,49,1054,27,0,135,122,1230,81,7,742,6,251,6731,71,1548,64,188,0,37,2813,292,198,45,62,12,4,7,14,11,345,0,0,3,986,3161,180,0,628,0,175,0,16,597,49,360,0,3401,34,11,37,367,4,534,2,0,256,1119,38,0,6470,1107,178,344,2,1324,162,848,35,0,1310,27,0,0,70,84,1,25,16,131,342,64,63,5,0,555,1244,1525,210,16,119,635,24,440,3796,0,1272,140,8,51,53,9,101,397,68,1007,14,110,2963,1,161,162,68,0,154,7232,220,285,154,92,9539,21,0,190,4985,725,1546,445,324,8,90,4483,251,31,3391,3741,1006,1625,1529,176,0,29,1094,41,6,73,1633,1120,51,492,64,624,2545,5232,226,153,382,1812,1858,5154,693,169,762,6578,1405,95,423,341,2,10964,3,20,45,0,400,63,18,652,170,408,4831,5426,64,140,31,4763,242,1,1898,0,1492,5,0,0,0,1679,3570,0,0,4829,14,39,114,418,5535,478,730,167,1439,0,180,0,299,358,1,68,3567,1627,19,6,285,0,568,12925,4159,386,622,163,215,34,1,43,1586,11029,397,0,27,20,195,0,1115,1,4,32,0,4720,2297,32,1377,4999,79,28,2699,3107,766,113,54,42,153,4355,7,12,81,0,140,35,1433,0,3309,29,28,26,1271,50,11875,1410,0,661,0,126,11,1514,483,7,53,6546,1249,2846,110,6815,3170,93,9,2,584,4831,8855,12720,19,4,7374,89,11821,983,0,25,128,24395,6619,120,29,290,407,0,2690,0,9208,2,3481,663,17,2790,262,113,238,26,4,688,120,1897,1,315,14249,2207,188,24,19,2,0,11670,720,2042,3557,4804,1348,211,96,126,416,5267,141,1188,162,48,3293,45,5104,39,1967,274,5881,0,26,3360,14,676,4983,431,0,0,52,348,236,6002,25,7,15593,3417,890,0,86,8034,440,0,1,17,1,7011,1961,122,99,5485,2109,5,2011,4419,515,731,692,31,4127,0,13,5,3663,116,39,243,90,1680,139,0,46,0,205,3523,16,5979,1164,15537,6054,55,8,2876
"gene_940",105,494,1,275,49,2541,626,959,1,479,8,182,8967,941,95,36,3,819,795,0,401,0,2,50,1424,0,0,2149,29,804,9,12676,938,220,1,0,10,1928,0,1,0,22,0,188,14,1122,3,26,277,6,4884,6,182,255,3207,4901,4358,74,1693,1521,6760,0,1244,141,190,1817,177,421,359,116,1,3266,7,2131,1743,12,3,71,14,0,0,13890,83,318,1991,5733,292,1685,267,114,0,717,0,43,162,261,203,622,612,1355,13,7433,1,257,3,14,0,62,527,86,5,151,23,20,2259,97,1591,0,0,338,0,528,247,0,0,8,427,166,3910,316,121,183,1762,77,0,21,1,77,2042,4634,0,3890,144,3482,7,0,5302,5,69,0,9222,3,413,29,190,0,114,1869,48,0,1,14,128,422,140,22,212,0,38,0,372,0,4502,15,642,5,18,0,398,0,242,0,0,0,1360,8,217,0,0,6048,4,179,89,77,52,2,3,0,0,20,0,4581,8,163,1354,24,2,402,396,0,7692,8,0,1783,28,19,1,0,0,0,1,7686,7531,29,10,4,62,2,0,0,83,3,100,120,1854,762,0,0,17411,2023,54,0,29271,0,20,1,11430,6,814,2,1092,21,0,0,12,750,0,2894,0,4,22,925,7,93,11,6979,12,2610,0,0,1190,162,362,7,1027,97,25,12,3489,1,95,0,313,83,0,563,302,10,257,595,36,341,0,101,9,1,139,10,22,1,1745,42,37,25,161,627,4715,0,279,467,67,22,122,2333,0,0,2629,77,1498,66,512,1131,1963,311,472,7,633,22,8,48,119,15,46,30,572,363,268,0,2471,6,70,276,4,3,2049,17,1957,1537,80,1326,61,7,1877,145,0,1282,1,0,1254,2,615,1,24,806,211,86,13,23,124,1701,0,7,14,12,8,2393,12353,11775,2024,2,89,0,2598,2961,916,0,811,3867,355,122,75,1020,2946,2140,18,111,220,1,127,72,312,837,6646,4,2893,7,2,53,304,815,93,52,1134,0,7045,4938,0,2584,0,895,41,0,0,6295,98,10984,189,339,533,881,50,74,0,4,0,804,37,3612,1733,441,612,493,175,670,168,0,1260,3,133,126,0,53,0,4,247,0,0,87,232,271,22,0,2018,468,120,902,0,0,171,999,0,2,1,0,113,138,6233,0,88,2,3,872,25,1,342,3,31,0,1096,0,130,2207,10974,101,0,2723,95,1441,15,0,268,71,1231,0,730,1236,2318,48,0,1727,805,210,292,30,1,148,733,6583,183,0,11,30,1597,481,3,9,363,11,11,960,30,0,2607,0,32,435,0,0,3,253,2,312,6165,22,18,35,61,1,0,475,0,0,5,0,236,2624,0,0,79,880,200,12,1097,429,280,350,0,2,3,23,14,1377,45,6,0,0,1,2256,9,249,473,385,3,0,699,308,0,753,0,0,0,8,64,267,1632,1994,0,1574,0,146,4,63,0,0,243,0,51,40,11,7,5,81,0,5,2,581,126,3,2722,1608,134,0,0,0,3,0,0,91,0,0,8,342,2606,0,0,1558,0,542,21,2,0,0,282,0,347,131,35,694,2332,0,57,2763,14,0,0,19,1,2325,4,7,873,863,0,0,0,916,1,80,0,22,0,339,0,51,55,1349,41,145,0,678,2292,16,1604,2,1,102,0,751,3220,0,0,631,3369,827,352,0,10,0,5,160,127,0,0,0,138,1160,345,0,0,79,19,0,230,0,712,0,395,1,0,0,318,13,25,0,0,0,196,0,1695,0,101,7,0,0,0,0,0,936,0,0,52,0,2376,1634,756,35,1256,65,61,109,425,0,1779,284,2,2,76,14
"gene_941",655,1478,1474,1378,3355,25,8,1611,9,134,3139,83,75,122,8406,1082,42,1074,12,274,1220,1294,2119,680,0,258,236,24,2966,1672,286,57,566,190,2599,326,6474,4329,1247,34,996,624,297,185,4984,952,93,4593,677,2154,3066,4382,148,1661,5,162,796,1211,1839,378,598,77,511,3880,246,8,262,13,2540,2,1686,259,1,0,253,192,233,420,1094,11,10377,1218,3718,2586,216,830,2,225,2795,90,4191,2294,172,6,5,0,99,3,14,3078,0,0,1458,0,1203,3,484,1,0,139,4,8,8,10,35,37,42,1,251,278,14,3168,163,87,148,1430,4,350,189,50,27,0,21,546,27,0,1038,2151,3,74,73,246,14,89,0,595,685,140,154,3247,39,6,69,225,5938,7,492,103,136,5,1170,8106,65,34,11,1181,87,94,64,211,179,335,15,15,2,103,11,141,115,32,3,498,1485,27,10,4633,863,210,193,7,2,81,100,0,881,199,407,2102,7,213,2269,433,828,22,0,0,2705,417,1079,1556,8530,74,240,268,2360,199,2830,3794,2186,820,84,2344,2201,143,69,333,594,54,568,13,78,286,23,88,23,331,4130,242,1063,106,0,4039,12,234,589,895,1139,7,242,2230,2,11145,30,639,156,2777,1275,59,62,0,271,573,3924,0,121,1575,1339,509,189,113,1283,4331,528,7,428,433,1566,878,3153,87,108,187,858,5291,385,164,915,283,31,230,611,1058,916,155,690,580,930,37,903,170,832,275,2832,1237,0,11,88,653,1,561,105,5002,817,343,267,855,2892,66,673,6301,224,211,1377,544,1377,757,209,144,437,268,3454,121,311,607,641,408,106,216,487,0,714,139,46,551,1185,40,2131,116,201,101,415,4824,2592,3442,1117,101,225,10,59,506,286,394,108,553,345,388,426,341,1089,499,266,104,58,737,33,712,1197,144,545,477,3682,847,179,55,422,273,457,910,2883,55,2365,0,1093,937,2456,1204,489,1748,311,252,152,1519,96,290,79,1012,505,1719,624,288,546,1146,89,4600,71,224,203,3,1032,79,41,1228,135,61,265,1014,782,0,448,156,960,5021,175,710,0,156,125,23,290,662,99,323,73,99,5,58,51,11,133,3181,926,130,365,8,260,943,779,0,1284,139,256,0,133,61,253,249,1203,287,24,109,648,1005,105,39,1554,902,482,819,8,1328,44,2908,554,286,539,88,308,408,856,39,2,53,7,1236,476,0,123,98,3365,257,123,19,470,2279,138,37,53,1589,1847,76,115,271,900,1476,223,71,93,1415,331,180,45,9,296,1285,127,1339,268,2223,1,31,381,1,236,1632,199,735,62,833,1099,495,5,104,208,955,1205,584,98,97,24,39,494,24,27,123,115,1815,844,262,430,682,524,1228,38,2310,85,94,344,23,32,373,0,28,1052,3,1154,1361,4238,15,338,783,24,10983,2,192,1837,19,631,3853,4,26,4504,1347,0,394,1,45,17,1286,11,935,1284,584,3456,0,357,0,0,86,308,392,297,119,23,728,1411,438,0,54,207,0,651,147,1122,105,3,665,16,348,468,3579,21,1,26,7,28,2200,0,6,0,1,678,5,1278,1,3732,612,167,5375,376,32,4720,565,124,2,815,2,12,685,170,320,2,376,6,2595,417,8643,51,78,550,5,1,17,1,130,30,307,942,7,480,4397,1,2045,50,131,483,0,532,73,76,768,1449,2,28,63,0,537,112,808,0,29,8,2011,48,417,1163,78,12,0,873,72,112,294,842,17,1428,1482,253,0,2,161,5,2340,163,66,147,834,2,152,779,382,0,2,439,683,40,0,11,1603,88,0,115,0,102,240,2103,9300,3239,154,2,29,138,451,3,1384,11,3031,628,1192
"gene_942",432,0,2,1707,0,2,996,19,2144,30,109,1,13394,2283,0,0,346,3124,12,92,277,335,572,3861,136,248,0,0,0,0,3,2256,1,1326,302,524,0,27,385,52,697,0,11,11,5,15692,660,0,774,2,11944,246,1897,512,620,0,17,62,6,158,78,874,2690,41,0,1306,335,3,152,1185,42,4695,8,0,2,46,209,691,29,0,7,138,17538,2340,2513,241,3,318,6443,15,330,33,2220,2636,1594,2,0,24,2788,2,1367,1877,6,276,5670,23,53,1291,165,45,1873,915,133,3014,507,8,259,547,1055,1124,536,83,0,505,3001,1248,1236,121,0,534,56,47,0,2972,8407,1730,1276,11664,1649,470,4263,0,190,1742,0,2,1090,463,53,0,705,0,3170,0,1070,5348,12,2733,6956,0,1,434,1920,78,6063,25,5,0,1824,19,15,11429,142,223,619,46,137,65,530,38,0,3713,1525,2071,0,1,463,5398,0,26,153,3306,679,1049,11,2351,1541,0,6133,0,30,0,1227,150,6,77,76,399,15,3061,0,145,3779,695,635,730,560,1043,3214,6,0,0,263,0,0,558,1,2,2044,4661,73,1,1420,179,7403,8,0,6573,3,211,142,1659,756,416,3172,534,509,0,0,44,5137,0,226,23,523,2,718,0,2212,1191,1,226,538,412,0,0,1323,449,102,139,265,6141,8,60,0,0,0,120,98,8,990,891,0,3392,0,2310,9685,114,2010,0,1293,267,104,83,768,388,40,85,329,1220,1,1,0,1301,441,1193,91,665,3,1,366,11,230,644,1,209,738,557,3,56,699,175,32,267,39,481,2,139,779,6,401,5,3,0,271,1674,151,716,329,0,372,2709,151,75,323,157,1,3,16,830,601,0,207,0,872,4,1583,2419,1,175,200,8,1098,2180,36,1730,241,0,415,2,11,400,796,1867,3137,1115,749,367,781,310,339,1,17,4,608,1,0,66,2606,157,91,1118,2,47,0,356,1184,2039,115,269,42,2402,154,473,2,39,0,5,0,1992,4,5,28,324,18,3381,2,306,136,0,2339,392,1060,16,23,380,405,23,712,361,51,34,36,0,2,157,30,155,0,921,70,442,419,932,2,15,285,156,183,340,85,5,235,270,0,28,0,0,1,80,883,18,0,297,1637,2,0,0,42,36,221,0,0,19,871,0,11,0,0,567,0,155,12,110,4,13,0,1,0,151,0,6,337,0,0,558,2,0,42,295,0,0,2,42,1095,58,752,5,0,83,2,0,206,60,0,0,37,443,457,73,15,660,125,0,30,5,0,4,15,6,12,86,0,116,0,2651,1446,595,0,35,0,18,3,70,19,0,11,11,13,207,0,0,642,20,895,1,79,1916,0,267,136,2,0,431,43,14,0,1256,87,8,16,35,0,5,0,35,12,0,0,0,0,95,48,0,2244,661,1,2,2088,0,2,0,0,9,0,0,0,2,3,0,0,0,261,12,66,36,0,4,0,24,0,0,92,48,0,304,0,1121,152,0,7,32,226,0,777,0,0,16,142,69,0,1,0,0,1598,1,0,0,7,118,0,0,0,295,0,1341,1019,0,0,2275,13,2579,0,0,0,0,15,262,0,0,0,2,0,6,28,71,0,0,486,234,21,0,1,0,1,248,5,0,0,463,0,20,0,0,328,1,18,0,404,0,108,0,0,0,1,94,0,34,3,2653,38,4,7,0,0,14,73,0,30,0,0,0,44,1,4744,1295,276,0,0,17,0,17,407,15,1,50,0,1,2,21,0,0,3,230,3,0,0,0,26,0,0,0,17,38,0,0,0,0,20,1795,1,18,30,68,146,2,1529,17
"gene_943",0,0,0,0,0,0,0,0,0,0,0,0,0,0,0,0,0,0,0,0,0,0,0,0,0,0,0,0,0,0,0,0,0,0,0,0,0,0,0,0,0,0,0,0,0,0,0,0,0,0,0,0,0,0,0,0,0,0,0,0,0,0,0,0,0,0,0,0,0,0,0,0,0,0,0,0,0,0,0,0,0,0,0,0,0,0,0,0,0,0,0,0,0,0,0,0,0,0,0,0,0,0,0,0,0,0,0,0,0,0,0,0,0,0,0,0,0,0,0,0,0,0,0,0,0,0,0,0,0,0,0,0,0,0,0,0,0,0,0,0,0,0,0,0,0,0,0,0,0,0,0,0,0,0,0,0,0,0,0,0,0,0,0,0,0,0,0,0,0,0,0,0,0,0,0,0,0,0,0,0,0,0,0,0,0,0,0,0,0,0,0,0,0,0,0,0,0,0,0,0,0,0,0,0,0,0,0,0,0,0,0,0,0,0,0,0,0,0,0,0,0,0,0,0,0,0,0,0,0,0,0,0,0,0,0,0,0,0,0,0,0,0,0,0,0,0,0,0,0,0,0,0,0,0,0,0,0,0,0,0,0,0,0,0,0,0,0,0,9,0,0,0,0,0,0,0,0,0,0,0,0,0,0,0,0,0,0,0,0,0,0,0,0,700,0,0,0,0,0,0,0,140,0,0,0,0,0,0,0,0,0,0,0,0,0,0,0,0,3,0,0,0,0,0,0,664,0,1,0,0,0,0,0,0,0,0,0,0,1902,0,2,5,0,0,0,0,4,0,0,1806,0,0,0,0,0,0,1,0,0,0,0,0,0,0,0,0,0,0,0,0,0,0,0,0,0,0,0,0,0,0,0,0,0,0,479,0,0,0,0,0,0,0,0,0,0,0,0,0,0,0,0,0,0,0,0,0,0,0,0,0,0,0,0,0,0,0,0,0,0,0,0,0,0,0,0,0,0,0,0,0,0,0,0,0,0,0,0,0,0,0,0,0,0,0,0,0,5829,0,0,0,0,0,0,0,0,0,0,0,0,0,0,0,0,0,0,0,0,0,0,0,0,0,0,0,0,0,0,0,0,0,0,0,0,0,0,0,0,13,0,0,0,0,0,0,0,0,0,0,0,0,0,0,0,0,0,0,0,0,0,0,0,0,0,0,0,0,0,0,0,0,0,0,0,0,0,0,0,0,0,0,0,0,0,0,0,0,0,0,0,0,0,0,0,0,0,0,0,0,0,54,0,0,0,0,19,0,0,0,0,0,0,0,0,0,0,0,0,0,0,0,0,0,0,0,0,0,0,0,60,0,0,0,0,0,0,0,0,572,0,0,0,0,0,0,0,0,0,0,0,0,0,0,0,0,0,0,0,0,0,0,0,0,0,0,0,0,0,0,382,0,0,0,0,2,0,0,0,0,0,0,0,0,0,0,0,0,0,0,0,0,0,0,0,1,0,0,0,0,0,0,0,0,56,0,0,0,0,0,0,0,0,0,0,0,0,0,0,0,0,0,0,0,0,0,0,0,0,0,0,0,0,0,0,0,0,0,0,0,0,0,0,0,0,0,0,0,0,0,0,0,0,0,0,1,0,1243,0,0,0,0,0,0,0,0,0,0,0,0,0,0,0,0,0,0,0,0,0,0,126,0,0,0,0,0,0,0,0,0,0,186,0,0,0,0,0,0,0,0,0,0,0,0,0,0,0,0,0,0
"gene_944",0,0,110,0,2772,119,190,0,0,0,11193,10,6,12,30,0,9,534,370,0,407,7,0,48,786,4,0,0,2034,0,355,0,0,0,434,16644,0,12,180,0,215,0,711,205,0,1235,3,16,0,0,0,1127,1777,0,1132,5,0,0,0,0,0,2,0,0,745,613,0,0,1,64,0,8,314,76,5607,0,1917,0,5391,216,1,0,130,205,0,0,1205,2991,0,0,1354,10014,35147,1022,0,2332,3,2,451,0,3,0,1,0,0,88,116,0,4556,269,0,0,912,309,0,0,476,467,70,126,0,0,0,403,0,582,0,1,885,0,0,0,173,3,6,11,0,0,0,32,53,617,15,5439,2,0,0,1959,9599,1217,13850,0,3320,0,0,111,5,1056,1475,0,0,8,0,0,0,3041,0,0,31,0,3,0,164,0,445,0,9200,1163,403,9,0,2862,0,0,0,15,0,4042,933,0,0,69,0,165,3,0,0,0,3953,0,22,0,6049,0,525,3399,0,71,15,0,0,0,0,0,142,4246,0,12,702,0,0,1,5122,12,0,227,0,0,1,8506,5,4,0,2104,0,1,1492,0,91,0,0,4890,1646,0,0,0,0,13,9,0,0,2048,31,0,907,0,0,0,1976,19,411,0,0,260,45,0,2392,23,30,1,365,2,52,157,1861,0,0,0,10,0,1504,199,6372,741,3,0,5078,497,2,0,208,0,10,245,1,675,63,2,0,0,42,0,235,9981,219,15,0,0,0,0,6,0,0,0,0,415,1122,5,0,0,613,725,0,8,1,7,0,0,0,96,316,0,638,48,134,60,0,2825,228,0,0,1,1331,0,33,0,0,2,0,47,87,0,1,187,39,131,225,0,0,0,0,4,2805,540,62,124,4660,279,753,24,4,13,0,92,0,0,0,0,4,2,10,475,0,14,4,529,25,376,0,305,592,1,0,0,0,0,0,1,0,0,3007,220,442,499,0,8354,6432,3,2369,0,2673,0,56,2,774,235,0,0,6909,0,0,0,2,15,0,0,1,3,20,0,0,12725,980,4,0,7664,0,1475,109,21,1,0,1357,0,0,0,0,0,0,0,68,6,0,17,3860,7177,5,14,1,213,0,2872,0,0,13,1054,1,1,0,0,0,696,431,197,5,7,7529,0,677,1,0,71,45,0,60,1182,0,0,0,6,0,0,13,4,0,0,0,22,1,0,3,79,623,0,669,222,228,0,0,1590,133,0,1582,4099,618,0,121,0,268,116,0,520,93,0,0,0,2,2,0,822,714,188,2179,0,13,0,0,0,1801,11,0,0,6598,0,0,0,2,275,0,720,0,10,135,0,1564,0,102,1,59,326,91,0,3,16,0,1934,279,0,0,177,0,0,0,0,0,306,0,487,0,71,10,0,0,0,0,0,0,0,0,114,270,0,448,31,2,769,0,270,671,0,50,0,0,193,0,7,16,2989,818,7,62,0,0,0,22,0,393,661,22,0,20,0,3,4,4,22,2,0,155,0,0,31,0,0,0,4624,0,66,0,0,0,0,0,12,0,150,0,0,0,230,371,67,690,503,64,0,0,0,0,3342,961,0,633,0,1362,1856,0,0,0,3229,0,0,117,0,0,203,84,0,5,2,0,0,25,0,0,0,0,38,3,7,0,0,0,6,0,122,0,428,0,330,1697,0,0,0,88,0,0,11,54,0,281,22,0,0,0,0,0,360,0,0,653,2,0,246,0,106,0,83,0,0,459,3,2,0,2,810,140,15,0,30,0,0,0,39,29,0,146,12,2,0,0,0,0,0,3057,0,0,2
"gene_945",0,0,147,0,0,0,0,0,0,0,0,0,0,0,0,0,0,0,7,0,0,0,0,0,0,0,0,0,0,0,0,0,0,0,6,0,0,0,0,0,0,0,45,0,0,0,0,0,0,0,0,0,0,0,0,0,0,0,0,121,0,0,0,0,31,0,0,0,0,0,0,0,0,0,0,0,0,0,0,0,0,0,0,0,6,214,0,0,2,0,0,0,1303,0,0,0,0,0,0,0,0,0,0,0,0,0,0,0,0,0,0,0,0,0,0,0,0,0,0,0,0,0,0,0,0,0,0,0,0,0,0,0,0,17,0,0,0,0,0,0,0,0,546,0,0,0,0,0,0,0,0,0,0,0,0,0,0,0,0,0,0,501,0,0,0,0,0,0,0,0,0,0,0,0,0,0,0,0,0,0,0,0,0,0,0,0,0,0,0,0,0,0,0,0,0,0,0,0,0,0,0,0,0,0,0,532,0,0,0,0,2,0,2,0,0,0,0,0,0,18,0,71,0,0,0,0,0,0,0,0,0,0,0,0,0,0,0,0,2,0,0,0,0,0,0,0,1,0,0,0,0,0,0,0,0,0,0,0,0,0,0,1,0,0,0,0,0,1,0,1,0,3,4,0,0,4,1,0,0,0,0,0,1,0,0,0,0,0,0,0,0,4,0,0,0,1,0,0,0,2,2,0,2,0,3,0,0,0,0,0,0,0,0,0,0,0,0,0,2,0,0,2,0,0,0,0,0,0,1,0,0,0,0,0,1,0,0,0,1,0,0,0,0,1,2,0,0,1,0,0,0,0,1,0,0,0,0,0,2,1,0,7,0,0,1,2,0,5,1,0,2,2,0,0,5,0,11,0,4,2,0,9,0,0,0,0,0,0,0,6,0,0,0,0,0,1,0,0,0,1,0,0,0,0,0,2,0,0,0,0,0,2,0,1,0,0,6,0,0,3,0,0,0,1,0,1,0,0,1,0,0,3,0,0,0,0,0,0,0,0,1,0,0,1,0,0,0,0,0,0,0,0,0,0,0,0,51,0,0,0,0,10,0,0,0,241,0,0,0,0,0,0,0,0,0,0,0,0,0,230,6,0,0,0,2,0,0,0,0,0,0,0,0,0,0,2,0,0,0,0,0,0,0,0,6,0,0,97,0,29,0,0,0,0,0,147,0,0,0,0,0,0,0,411,0,0,0,1198,0,3,0,0,9,0,0,0,0,0,0,0,0,0,0,0,2,0,0,0,0,0,21,0,0,43,1,0,0,0,0,0,0,0,0,0,0,0,0,0,0,0,0,2,0,0,0,0,0,0,0,0,0,0,0,0,0,0,0,0,0,0,0,0,0,14,0,2,0,0,0,0,0,0,0,0,0,2,0,0,4416,0,0,0,0,0,0,1,0,0,0,0,0,0,0,436,0,0,0,0,909,0,0,0,0,1049,0,1,0,0,0,0,0,0,0,0,0,0,12,8,0,0,0,0,0,0,0,0,0,4,4,61,0,0,0,0,0,0,0,0,0,250,0,0,0,0,0,0,0,0,0,0,0,0,0,0,0,0,0,0,0,0,0,0,0,0,0,0,0,0,0,0,1032,0,0,0,0,0,0,0,0,0,0,0,0,0,0,803,0,0,0,0,0,0,0,0,0,0,8,0,0,0,0,0,0,0,0,0,0,6,0,0,0,0,0,0,0,8,11331,0,0,1,0,0,0,0,0,0,0,0
"gene_946",23,18,0,16,0,0,0,0,0,0,0,0,0,0,3,6,0,15,0,1,0,0,0,2,0,0,0,0,0,0,0,1,0,0,217,0,5,0,1,0,124,9,0,277,91,0,6,0,0,0,0,35,0,0,0,2,0,0,0,70,0,0,338,21,0,0,0,353,0,0,443,0,0,3,0,0,87,0,0,0,0,0,0,2,0,48,0,81,0,28,9,0,26,0,0,0,0,0,2,0,4081,0,2096,0,0,53,0,0,0,0,541,0,0,0,0,0,0,0,0,0,0,0,0,0,11,0,0,0,0,0,1516,2486,0,83,0,0,11,2,0,0,0,0,0,0,0,0,53,1023,1400,2795,0,0,0,0,2,0,0,0,0,0,0,0,0,0,3382,0,0,0,0,0,0,0,0,6736,0,0,0,0,0,0,0,0,0,53,0,0,0,0,0,0,0,0,0,0,0,0,0,0,0,0,0,205,0,346,1758,0,0,0,0,0,5139,0,0,15,0,557,1,0,0,6578,117,463,0,0,0,0,0,8,162,0,0,30,2503,15,0,0,0,0,0,0,2,0,0,0,0,0,0,0,8,63,0,0,0,0,32,0,0,0,0,97,0,0,0,618,0,44,0,0,1058,4272,0,0,0,15,0,158,12,1,0,31,0,1542,0,2342,0,0,843,3,9,0,0,0,14,0,309,3344,42,0,29,7,0,0,0,9,70,237,0,9,465,5,0,0,0,0,0,2,0,12,963,0,0,0,0,0,7,40,544,1,0,1473,0,0,59,1,22,0,1,0,0,0,0,58,0,6,0,0,16,8,2161,0,0,1311,0,0,0,422,771,4,0,0,0,0,1,0,5,783,2844,3898,1536,0,1,24,0,216,0,949,0,0,675,1799,1,0,0,6,247,286,0,1188,1145,118,1,0,0,10,15,251,0,1,0,1,0,1,929,993,0,0,26,99,0,3668,2,0,0,0,5723,1719,1,0,41,569,40,0,505,143,1100,236,53,0,0,0,0,0,0,0,0,0,0,0,0,0,9,0,0,0,0,0,0,709,0,0,0,0,0,0,0,0,0,0,87,0,0,0,0,0,0,0,0,0,0,0,0,0,0,0,0,44,0,0,0,0,0,12,3819,0,0,47,0,0,0,0,0,0,0,0,0,0,0,0,0,0,0,0,0,0,14,1421,0,0,0,0,0,0,0,0,0,28,0,0,0,3082,0,260,0,0,0,72,0,0,0,0,0,0,0,0,6,0,0,0,0,0,0,0,0,0,0,0,0,0,0,0,0,1,0,0,0,45,0,51,0,0,0,0,0,0,0,0,0,3465,0,0,0,0,0,0,139,0,0,0,0,0,24,0,0,0,0,0,0,0,0,0,0,0,0,0,0,0,0,0,41,0,0,0,537,0,0,0,0,5,0,0,0,0,0,0,3,0,0,0,0,0,14,0,0,0,0,0,89,0,0,0,0,0,0,0,0,0,171,0,0,0,0,0,0,0,0,0,0,0,0,0,0,0,0,0,0,0,0,0,0,0,0,0,0,1,0,0,0,0,0,15,0,0,0,0,0,0,0,0,0,14,0,0,0,0,0,0,0,0,0,0,0,0,0,0,0,0,0,0,50,0,26,0,0,22,0,0,921,0,0,0,0,0,0,0,0,880,0,0,0,31,0,0,0,1,0,0,0,0,0,0,0,0,0,0,0,19,0,0,0,0,1,0,0,0,43,0,0,317,0,0,1,0,0,0,0,2345,0,0
"gene_947",1772,263,7999,2418,631,1091,85,1097,66,4,1929,194,596,186,7946,1094,2262,5816,566,2591,43,181,4329,932,566,548,492,2568,33,7131,37,777,526,2310,1616,13,2004,0,15,687,15986,3107,987,3480,89,3825,118,1,67,0,162,316,1009,3902,350,586,2953,0,10,7798,0,2466,1961,738,4653,0,0,230,3,103,463,490,72,1217,2042,3024,54,166,438,7819,0,0,32,15,2402,7571,1511,0,1553,25,416,6561,43,0,7508,30,142,0,8224,0,0,0,23,12,0,0,0,1,0,5,8,19,19,22,0,10,0,132,50,7,10,21,64,0,1,2442,3,0,3376,0,67,55,502,889,170,44,1987,11430,0,0,38,393,0,9,0,14,0,0,0,0,226,117,392,0,408,5,5358,0,0,299,124,0,0,0,0,185,94,0,5650,0,1,121,10,0,31,959,48,0,90,0,4590,1049,2,19,0,35,0,0,43,62,0,195,549,0,0,95,0,837,265,489,1304,0,813,26,0,0,0,0,0,0,53,0,14,0,135,0,0,0,160,0,4636,40,0,2,3196,0,975,438,45,233,0,1,202,6,0,17965,0,11,0,8,0,0,28,3,2,4,101,0,0,1,0,0,0,2,0,3,125,5800,94,0,3581,574,512,0,1539,160,349,440,43,2,1477,7,3171,15,47,0,178,523,4,52,0,0,0,476,3961,1886,35,1601,4,299,4,0,89,25,869,0,0,635,21,1145,453,0,77,605,6,42,7,295,47,0,1039,0,129,741,0,63,1,378,6469,13,148,0,2742,4,519,0,141,90,1240,0,152,4,72,163,15,124,0,0,1,387,109,26,0,346,24,130,514,24,115,445,128,105,3,0,0,1281,7,180,0,2772,0,105,3,1589,277,0,7716,56,12,0,5377,10,0,3490,0,4,1,5,0,11712,0,589,22,1513,2,1423,275,28,0,21,167,67,513,78,1899,0,0,1351,4,7692,0,168,1294,0,1,77,2,0,0,104,6,1442,19,35,1783,6,733,0,3740,21,2601,0,670,0,39,0,1042,212,4486,100,19,0,728,0,135,1,0,401,0,34,0,0,52,23,6,1534,2,0,6,412,402,14,0,158,0,1907,1266,0,68,7,160,67,4,6433,0,11,0,343,480,1280,0,0,4,136,0,47,36,11,0,47,308,85,16,0,0,0,2,0,0,29,0,93,4614,18,3350,390,0,0,469,0,56,7,1,0,210,1,27,435,50,0,91,1007,204,11983,5,0,3,1138,0,93,0,23,58,0,2,7,588,717,0,969,33,10,0,8,324,0,7,1909,0,37,30,40,0,21,84,661,702,28,44,0,0,125,180,269,5,5,4741,0,0,3674,0,778,0,0,1,224,109,0,1,0,10,1,0,4,0,0,19,221,0,0,1199,14,0,0,0,0,8,44,1,641,0,0,0,660,0,1,0,238,0,0,945,0,0,0,0,0,0,0,264,108,0,0,0,0,240,4,0,0,0,5,657,4610,0,0,0,0,0,0,1677,0,1,962,0,0,7,4,1884,11,0,0,659,0,0,0,0,0,3880,3042,0,0,1,55,0,0,1,0,9,0,32,0,0,13,0,101,112,0,2,20,909,1,978,0,0,0,0,0,0,0,0,0,0,4,0,0,0,82,116,0,65,0,0,0,0,0,16935,0,0,47,38,0,0,0,0,0,0,0,0,647,0,0,7,0,0,0,0,0,0,0,0,0,0,0,0,0,0,0,1227,54,70,1612,0,78,2,0,0,0,47,1252,61,0,0,2381,42,1652,0,0,0,0,0,0,0,0,0,0,0,0,0,0
"gene_948",0,610,0,396,2798,0,71,54,42,26,4,0,0,1,43,0,23,9,0,2,211,43,397,287,0,0,0,0,214,0,0,0,394,1,2,0,0,0,12522,316,5,345,0,44,893,275,90,0,0,298,0,0,942,386,84,0,0,500,0,0,0,0,0,0,0,173,0,1178,18,0,639,130,0,173,52,85,0,36,0,393,0,114,0,62,0,0,0,0,0,0,455,0,0,0,0,0,0,89,0,0,0,1257,0,0,0,113,0,0,1,0,0,0,0,0,0,359,56,0,0,0,4,0,857,0,0,0,399,1080,0,1,0,0,0,42,0,0,0,0,54,0,0,0,0,0,1207,0,0,0,0,0,2540,0,0,1,0,1,0,1,3,0,19,0,1,0,0,3,0,0,2,0,0,3,374,18,0,0,0,0,239,7,67,0,0,6,0,0,17,0,0,24,0,6002,0,563,0,0,16,0,0,0,0,0,0,0,76,0,0,0,0,1,0,0,0,0,0,3,0,0,0,0,0,0,2,0,0,0,0,0,0,0,336,0,0,135,0,0,46,0,0,0,1,0,0,0,0,0,1,1513,0,0,0,0,0,0,0,0,0,25,0,0,0,0,0,0,0,0,0,0,0,0,0,0,0,0,0,0,140,2,0,0,0,0,0,0,0,0,263,0,13,0,0,0,6,0,206,0,0,0,0,0,370,75,0,0,0,0,0,0,0,0,0,0,0,0,0,0,0,0,0,0,0,0,0,0,0,0,0,7,0,0,0,0,0,0,0,3,0,0,0,0,0,0,0,0,0,0,0,0,0,0,8,19,0,0,38,0,0,0,1,0,0,0,0,0,0,0,0,0,0,0,0,0,0,0,0,0,0,0,0,0,0,0,0,0,0,1174,0,0,0,0,0,0,0,0,0,0,0,0,0,0,0,0,0,0,0,0,0,0,0,0,0,0,0,0,0,8,0,0,0,0,0,0,0,0,0,0,0,0,0,0,0,0,0,0,0,5,0,0,0,0,0,0,0,0,7,0,14,0,0,0,0,0,0,0,0,0,0,0,4,0,1,0,0,0,71,0,0,0,0,0,0,0,0,0,0,0,0,0,0,0,2,0,0,0,0,0,0,0,0,0,0,0,0,0,0,0,0,0,0,0,0,0,0,0,0,0,97,0,0,0,0,0,0,0,0,0,0,0,0,0,0,0,0,0,0,0,0,0,0,0,0,0,0,0,0,0,0,0,0,0,0,0,0,0,0,0,0,0,0,0,0,0,0,0,0,0,0,92,0,0,0,0,0,0,0,0,0,0,4,0,0,0,0,0,0,0,0,0,0,0,0,0,0,0,0,0,0,0,0,0,0,0,0,0,0,0,0,0,0,0,0,0,0,0,0,0,0,0,0,0,0,0,0,0,0,0,0,0,0,0,7,0,0,0,0,0,0,0,0,0,0,0,0,0,0,0,0,0,0,0,0,0,0,0,0,0,0,0,0,0,0,0,0,0,0,0,0,0,0,0,0,0,0,0,0,0,0,0,0,0,0,0,0,0,0,0,0,0,0,0,0,0,0,0,0,0,0,0,0,0,0,115,0,0,0,0,13,18,0,0,0,0,0,0,0,0,0,0,0,0,0,0,0,0,0,0,0,0,0,0,0,0,0,0,0,0,0,0,0,0,0,0,0,0,0,0,99,0,0,0,0,0,0,0,0,0,0,0,0,0,0,0,0,0,0,0,0,0
"gene_949",8335,0,4,0,0,13,0,0,94,5,0,59,0,2,15,18,8,0,1566,741,0,0,30,0,0,158,0,111,2209,0,0,3498,0,0,0,0,0,4150,0,0,0,179,0,10,1,0,25,1662,660,0,170,0,0,0,0,0,43,0,774,0,50,45,14,3,0,0,0,2333,17,0,2,1,0,0,0,0,0,379,0,0,0,0,0,0,0,0,162,1,0,194,3941,404,0,34,0,0,0,0,0,0,0,0,0,0,0,779,0,0,71,0,0,61,0,60,0,0,0,1,0,198,0,21,0,1,0,0,0,0,0,0,9,0,91,0,0,0,0,0,0,153,0,0,0,520,0,0,0,20,0,10,0,0,0,0,0,2,0,0,1524,0,0,0,0,0,0,0,0,0,0,0,1773,0,0,0,0,803,0,0,0,0,0,0,0,0,1627,486,0,0,19,0,0,7,0,0,0,5,0,1607,0,0,0,0,0,0,0,0,0,0,0,0,0,8203,794,0,0,0,0,0,0,0,0,0,0,0,0,14,0,0,0,1,0,0,0,0,0,0,0,0,0,0,0,36,41,0,0,0,0,0,0,0,0,0,10,0,0,0,0,0,0,0,183,0,0,47,75,0,0,23,0,0,0,0,0,2,0,0,0,0,0,156,5,0,0,0,0,5,0,0,37,35,144,0,0,9,0,0,0,190,0,0,38,0,0,0,0,0,0,0,0,0,0,0,801,66,0,0,5027,0,0,0,0,0,107,0,0,0,39,0,0,0,23,0,0,0,4,0,81,57,3,0,0,0,0,0,0,0,0,0,0,0,0,0,0,0,3617,0,1,3,6,0,0,835,0,0,0,0,172,0,8,0,0,0,438,10,0,0,936,0,0,1,0,0,0,0,0,0,0,0,4,0,0,0,483,0,0,0,0,0,0,0,3,0,0,0,0,0,137,0,26,0,0,106,0,0,2064,0,0,0,9,0,0,0,0,0,0,0,165,0,0,0,0,413,0,0,0,0,0,0,0,0,6,0,44,0,0,50,3,6,0,0,0,0,0,1,0,2,0,0,0,0,4163,0,0,73,0,0,0,0,0,0,4,0,0,0,0,0,0,0,0,0,0,0,342,0,0,64,0,0,71,0,174,0,335,0,0,43,0,0,0,0,1,0,0,0,0,0,0,0,2,0,0,0,0,0,180,0,0,0,1,639,0,24,0,0,67,3015,0,0,0,0,0,0,0,0,0,0,0,1,0,0,0,2392,0,0,0,0,0,0,0,0,0,31,527,0,0,0,0,0,0,131,0,0,0,222,0,0,0,0,6,0,0,0,0,0,240,0,2,0,0,0,0,0,0,0,0,0,0,0,0,0,0,0,0,0,0,0,0,0,0,0,71,0,0,0,0,0,418,0,0,0,0,0,1,0,0,0,0,0,0,10420,0,0,0,0,0,0,0,0,0,0,0,0,0,8640,0,0,3706,0,0,0,0,0,3,0,0,901,0,0,0,0,0,0,0,4,0,0,12,0,0,2,0,0,177,0,0,0,0,0,0,0,0,1,0,0,0,0,0,0,0,0,0,0,253,0,0,0,0,0,0,0,0,0,0,0,0,0,0,0,0,0,0,6034,0,0,0,0,0,5,0,0,0,0,0,0,0,0,0,0,73,0,0,0,0,0,165,0,0,0,0,0,0,40,0,0,0,0,0,0,0,0,0,0,0,0,5,2,0,0,0,0,0,0,3,0,0,172,0,0
"gene_950",293,815,2177,4,0,25,3415,19,173,12,406,155,42,7,485,3148,1,1,186,0,162,14,169,1516,3,2748,0,134,395,315,3917,4,7,3698,1391,5054,11,4280,11,8,14,6472,156,0,5008,2173,938,117,0,61,573,709,658,3763,8,16,73,83,1334,4317,381,5386,55,168,33,1070,182,22352,108,12674,0,197,1,1186,543,1446,484,698,3,23,115,820,2,4061,48,407,0,603,1675,115,1835,1905,5423,61,6515,0,172,2,2257,161,6418,334,6988,1399,5980,0,198,55,2209,1,2742,25,33,0,586,16,140,3,1079,7,11,4540,0,1,1111,1632,0,0,15,1965,20,600,94,1,680,985,218,1256,3067,653,9,7,1,812,583,4413,263,0,400,3110,0,7,12,5,12286,7039,2831,433,54,90,5449,6,177,10017,146,1,492,7526,57,18,203,4,1267,239,150,4,1015,105,0,6,6858,83,18763,489,2694,0,353,154,3,1770,0,137,8,2481,0,2807,1317,3,0,1751,0,0,0,44,423,0,1,0,16,617,0,0,0,0,0,0,4,0,0,9,0,0,0,0,0,237,0,0,0,0,548,7204,0,0,15739,0,667,691,0,0,1,8,3464,227,0,0,588,0,0,0,3923,0,0,0,3337,1894,0,0,0,0,0,111,6,64,0,457,0,1,2844,16,0,213,490,1191,43,0,0,0,999,0,0,0,0,0,0,5,0,0,58,0,324,12,0,0,0,10,31,0,0,10,220,118,1281,0,4372,0,0,0,0,0,0,0,11,2,0,1,0,0,0,0,0,0,0,0,1,1,2368,0,0,292,2147,1,0,0,73,0,0,0,53,1,0,419,0,0,0,4,0,0,0,200,0,53,0,0,5,0,2,0,0,0,0,74,66,3,0,0,0,0,0,9206,0,0,0,0,0,0,23,0,1,0,0,0,0,9,0,0,0,0,4251,1,0,4,0,299,0,0,0,2,88,587,0,464,0,0,414,0,0,1,2,0,0,0,27,0,0,82,1,1314,0,24,0,0,79,0,9,154,0,0,0,59,0,30,1,0,377,0,0,1187,116,0,14,18,232,3,68,5,2,0,0,0,0,857,0,21,451,5368,0,0,0,0,8,768,0,2,6071,0,5,330,0,2141,0,1502,0,7438,0,274,0,0,29,36,0,0,0,141,6,753,0,0,0,63,10,148,0,0,0,1398,0,35,0,716,0,27,109,0,0,0,0,0,0,4617,13,228,164,0,0,0,12,143,6,0,49,0,0,315,0,0,4,0,0,2713,0,0,1,6520,0,1,0,0,0,0,67,0,2,7,1103,0,2655,0,10,117,0,40,2063,0,0,729,38,345,109,2,80,16,0,0,73,0,29,0,100,119,3,147,0,0,2284,0,0,0,0,1,0,4,0,0,0,0,883,0,0,0,50,0,1057,2,0,0,210,0,0,356,0,31,0,0,983,0,0,242,1,239,0,15,7,10,0,0,57,0,0,0,0,0,0,0,0,114,261,4280,0,0,0,9,0,61,1,1,0,0,0,0,0,1,56,923,269,0,428,1501,4,0,0,1,0,0,0,0,3,0,0,41,4181,171,0,1,174,0,348,613,0,1675,0,15,86,0,3,0,0,7511,2014,2473,0,3,0,1,0,0,51,0,0,0,0,2,0,156,375,0,195,0,0,0,0,0,2,0,0,0,0,0,1,0,0,0,0,66,0,0,246,0,0,0,0,98,34,432,5,0,1129,664,0,100,339,0,0,0,0,1595,0,3,0,0,0,0,0,99,477,0,1,88,19,0,370,1,0,0,0,0,0,0
"gene_951",6,2,44,0,0,28,0,2,0,0,35,0,0,4,0,0,1,0,0,0,23,0,0,146,10,151,2,0,3,21,0,2,0,0,1,0,26,0,1,0,1,15,0,7,6,0,0,45,4,1,0,0,0,0,0,0,0,7,29,0,150,0,0,5,0,0,0,0,0,0,30,0,0,4,1,203,0,509,0,1,218,36,111,0,9,0,0,23,0,0,0,0,0,0,586,0,0,0,0,5387,2017,0,0,0,0,0,0,0,0,16,0,0,0,0,0,0,0,0,0,0,8,2,0,0,8,0,0,0,0,201,0,0,1,0,0,146,1,0,0,0,0,313,0,0,0,0,0,0,0,8,0,0,1788,0,7644,0,1030,0,0,0,0,0,0,0,0,0,0,0,0,0,0,0,0,0,38,91,0,0,1,17277,0,0,0,0,0,0,0,0,78,0,0,0,7,0,185,0,15,302,13,0,8,73,25,0,272,73,74,0,53,3,55,37,4,1046,0,36,18,152,0,0,0,0,83,147,0,10,15,1,88,21,0,1,10,1,754,0,321,0,2,0,0,85,0,11,18,12,0,0,56,9,54,0,1421,82,1788,9,0,94,3,517,349,64,9,10,8,2,388,13,125,772,6,306,247,66,431,51,143,93,249,1,0,166,80,3,5,253,6,0,0,0,1,0,0,0,4,1,18,1061,0,20,0,200,0,0,26,70,0,297,0,196,1,563,7,0,21,0,143,20,193,5,22,111,2,37,3,29,60,40,2,1,21,38,27,32,81,456,2,0,3,6,20,0,778,138,34,0,44,0,0,34,261,0,119,0,505,30,0,2,19,37,17,277,52,78,363,0,0,1,112,43,5,116,116,0,282,1,476,50,1926,43,19,0,367,0,101,4,0,1240,0,0,242,15,0,0,1,6,4,2,0,0,135,5,0,1,82,191,5,0,33,49,235,633,821,181,62,1010,1,0,532,0,106,7,240,35,1,67,1,0,5,1,0,215,0,4,246,540,0,131,20,26,0,8,566,0,0,6,35,46,0,95,283,153,0,17,678,6,4,65,140,0,0,27,202,0,224,0,0,645,922,0,0,36,29,1,0,32,24,1,22,0,57,0,1,0,85,12,23,0,21,12,38,246,0,11,5,0,20,0,114,12,21,7,137,0,0,298,30,10,1,0,193,0,15,0,134,0,7,19,0,1,0,0,0,515,0,4,0,29,0,1,0,1,1,0,49,22,2,27,84,6,0,130,0,5,0,1482,2,115,0,0,0,3,0,0,6,0,1,349,0,14,0,1,169,241,0,0,0,341,116,0,2,0,82,169,0,1,0,1,0,53,73,0,262,0,0,0,167,2471,0,0,0,0,0,0,354,0,14,0,3,0,0,24,0,46,0,147,0,59,1,0,0,2,82,0,0,0,97,13,0,0,27,150,0,3,0,42,4,0,5,363,1030,9,0,60,3,0,0,0,42,26,3,0,0,287,0,4,15,242,473,5997,0,95,0,41,114,0,612,0,0,1,0,0,396,176,0,655,0,59,94,0,167,2215,0,2,0,0,0,19,0,0,13,41,0,4,0,40,0,875,11,0,216,453,3,0,302,98,16,0,0,68,608,0,0,0,1634,15,0,11,0,0,11,2,0,5,124,1,0,0,0,154,11,18,183,188,172,3,404,0,0,205,329,0,0,0,0,16,6,25,31,0,3228,5,0,2,0,6,0,4,156,0,37,182,4,0,0,222,49,0
"gene_952",0,0,101,0,0,0,0,0,0,0,0,0,0,0,142,0,0,56,0,0,0,0,0,0,0,0,39,2849,0,0,10,0,0,0,1,1,0,0,0,0,1525,0,0,0,511,0,13,0,0,0,0,208,0,0,0,0,4,17,0,21,0,0,895,16,0,0,0,5809,13,0,0,0,0,0,581,0,0,0,0,0,0,0,0,0,2,0,0,0,0,0,180,1,0,1,0,0,0,0,0,452,0,0,0,0,0,0,0,0,10,0,0,0,0,0,0,0,0,0,64,0,0,0,0,28,0,0,0,0,0,0,0,0,0,0,0,1,0,0,0,0,0,0,0,0,0,0,0,0,2,0,0,0,0,0,0,0,0,0,0,0,0,0,0,0,0,0,0,0,12,0,0,0,0,0,0,0,0,132,0,0,0,0,0,7,0,0,0,2,0,0,0,0,0,0,0,0,0,0,464,0,0,43,0,0,0,5,0,2960,0,316,0,0,6,77,0,0,0,0,0,744,0,0,0,0,0,51,0,0,0,0,0,0,0,0,0,0,0,0,166,29,0,0,0,47,0,6052,0,0,0,0,0,0,0,12,0,0,0,0,3,0,0,22,1,5,14,0,0,694,0,0,0,0,289,0,406,0,0,268,0,0,0,0,0,0,0,0,0,0,748,0,555,27,0,0,0,0,0,0,0,181,0,0,71,1,0,50,0,0,0,8,0,7,12,0,8,0,0,136,0,0,2,1,0,55,0,8,0,4,434,0,0,0,0,0,0,0,5,0,0,0,0,4,10,0,1,0,220,1,0,1,0,0,0,0,0,0,23,4,0,0,20,0,0,0,2663,59,0,3,0,63,0,0,0,0,68,2,0,0,0,0,10,2561,0,1,0,0,0,29,20,0,0,1379,0,0,0,18,20,0,0,0,0,0,0,0,0,0,0,0,0,0,0,0,0,0,0,3,0,2,2492,0,0,0,0,0,0,0,0,10,1,0,171,0,0,0,451,2,0,0,0,66,2,0,153,0,32,11,0,1,3594,0,5,0,0,1,0,0,0,224,0,0,0,0,0,0,0,6,8,0,2152,255,177,2,71,0,295,0,42,0,0,0,21,0,29,3,70,0,0,650,0,0,13,0,0,0,0,0,1100,0,0,0,463,0,0,0,0,0,159,0,299,0,0,0,5,941,1,0,687,0,10,1001,0,11,8760,1,0,0,0,6,506,366,2,0,155,810,0,923,323,0,0,0,1664,0,300,21,0,0,0,0,0,0,53,50,0,17,2,0,0,0,0,87,0,0,115,0,284,3,0,4628,435,102,350,0,0,0,14,0,0,0,0,0,35,0,0,0,0,0,0,0,0,0,0,0,0,0,41,0,0,0,0,12,0,1167,0,0,1173,0,0,0,0,0,7,97,0,9,3,0,0,0,0,0,0,0,0,0,0,0,0,3061,435,0,0,0,1,0,0,357,0,0,0,0,0,12,0,1,0,92,0,305,0,839,0,0,0,0,0,0,7,0,0,8298,0,1,0,0,0,0,0,44,0,0,0,0,0,0,0,0,0,0,0,0,0,0,0,0,17,0,17,0,167,0,0,0,21,0,0,0,2,0,0,0,0,0,0,2,90,0,0,0,220,0,0,0,0,0,0,1,0,0,0,0,0,0,0,0,402,0,0,0,0,0,0,0,0,0,0,0,0,0,874,2,0,1,39,0,0,0,37,0,0,0,0,0,62,0,1,0,0,29
"gene_953",0,1090,0,0,0,0,0,0,0,25,0,0,0,104,0,0,0,0,751,0,0,0,0,0,0,0,0,473,0,46,3,0,298,475,0,48,0,2,0,0,0,0,0,0,0,481,0,0,0,18,0,0,0,0,2,0,0,1876,0,0,0,0,0,0,0,0,13,0,71,31,0,0,0,0,72,4501,0,0,0,0,0,0,29,2,0,35,0,1,0,323,0,0,724,392,0,1,0,0,10,0,0,0,0,0,11,0,1,0,36,0,0,82,0,4,0,318,0,0,0,0,0,0,0,0,30,0,0,0,0,0,0,0,1,0,17,0,25,24,6,0,254,0,0,10,1074,2,2,1241,2,102,0,0,35,1,0,0,0,19,0,0,0,0,0,189,1282,0,0,3,0,0,0,0,0,0,0,21,77,0,32,218,173,2,0,0,1,0,0,0,0,0,0,0,161,0,0,0,0,0,0,1,2,2,0,20,0,0,0,0,0,53,1,4,2,0,0,15,0,0,0,1,74,0,0,0,3,0,0,0,0,0,0,0,0,0,0,0,0,2794,0,0,220,0,2,0,0,302,0,202,565,0,0,0,0,0,0,151,0,0,925,80,0,0,0,4,0,0,0,0,0,0,0,0,0,0,0,0,0,0,2655,0,0,0,0,0,0,0,3,0,0,0,0,0,0,0,0,0,0,0,38,0,0,0,0,0,0,1,510,0,0,0,0,0,0,166,0,0,0,0,0,0,0,0,0,115,0,0,0,0,0,0,0,0,0,0,1,0,0,0,192,0,0,0,0,0,0,0,0,0,0,0,0,0,0,0,0,0,0,0,0,0,0,0,0,0,0,0,0,0,0,0,0,0,0,0,0,0,0,0,1,0,0,0,0,0,0,0,0,0,0,0,0,0,0,0,0,0,0,0,0,0,0,0,0,0,0,0,0,0,23,0,1840,0,0,0,0,0,0,0,0,0,0,0,0,0,0,25,0,0,0,0,0,246,2,0,0,0,0,0,1,0,2,0,0,2,0,0,0,0,0,1,0,0,1,0,0,0,1,0,1,0,0,0,0,0,1,2,0,0,2,0,2,0,0,0,1,1,0,0,0,0,0,3,0,0,0,0,0,0,0,1,0,0,1,1,0,2,0,3,1,1,0,0,0,1,0,0,3,0,0,0,0,0,2,0,0,0,0,0,0,0,0,0,0,0,0,4,0,0,0,8,0,0,0,0,0,0,3,0,0,0,11,0,0,0,1,0,0,0,0,0,0,0,0,1,0,0,0,0,0,0,0,0,0,0,0,0,0,2,0,1,2,0,0,0,75,0,0,0,0,0,0,0,0,0,0,1933,22,0,0,0,0,0,0,0,0,0,0,0,0,0,2152,0,0,0,0,0,0,0,0,0,0,0,0,0,0,0,0,0,0,0,0,0,0,0,0,0,0,0,0,0,0,0,0,0,0,0,0,0,0,244,0,0,0,0,0,0,0,0,2023,70,0,0,0,0,0,0,0,0,0,27,0,0,0,0,0,0,0,0,0,0,195,0,0,0,0,16,0,174,0,0,0,0,0,0,0,0,0,0,0,0,0,0,0,55,0,0,0,0,0,0,0,35,0,0,0,0,0,0,0,0,0,0,0,0,0,0,0,537,0,0,0,294,0,2,0,0,0,0,0,0,0,0,0,0,0,0,0,4460,6,0,0,0,0,0,0,0,0,0,0,0,73,2,0,0,0,0,0,592
"gene_954",7,0,34,0,821,0,242,0,2,0,0,0,0,70,0,418,1,0,0,0,0,0,28,10,0,39,0,104,6,0,0,0,59,0,169,0,10,0,1168,0,0,0,2,0,0,2,0,0,0,732,0,0,5,420,0,0,0,0,0,164,0,9,0,0,0,7,5,0,121,74,39,0,0,0,0,398,1473,5,29,0,0,835,0,10,0,0,0,0,6,0,0,0,0,4707,7,194,1072,0,0,1289,0,0,0,424,1,0,0,0,0,0,0,0,0,16,0,2,0,0,0,0,230,94,3,12,0,0,0,615,128,4,37,0,0,0,0,110,0,0,1,0,1,619,0,0,0,75,0,0,0,0,0,1161,129,0,0,0,237,0,26,38,4785,5,0,0,345,221,0,2,560,0,21279,2637,66,0,5895,0,0,0,0,0,2967,0,5184,5455,740,0,111,85,13,0,0,8,94,52,166,1980,0,3752,15,76,0,534,7,116,23,15,10171,7270,0,549,0,162,76,38,3302,457,3,0,35,0,0,0,6,8363,39,40,221,0,0,7861,633,1,0,0,1,65,11759,43,771,0,218,0,0,10,2366,5,4251,0,3506,0,47,1,9,0,159,0,26,521,31,1832,0,211,0,220,884,0,26,59,50,1,0,585,0,106,20,172,4,3,181,1332,733,299,0,37,31,9,4,0,402,3,546,12,0,2,2466,1234,288,0,511,443,0,0,1692,0,128,53,6,2151,54,0,9,0,0,32,329,0,29,9,0,3028,50,13,20,9,0,5,733,36,3,0,0,21,9,1297,6,1,536,213,8,323,0,409,15,24,3,38,2,0,15,255,464,0,348,1075,1789,83,6,0,31,89,344,1,35,644,0,299,9,3,281,9,130,10,756,0,184,785,2248,0,3,1281,2633,20,92,250,2207,18,193,8,121,40,245,44,374,9,93,42,8,7,3316,506,46,75,236,0,919,103,2,531,0,338,0,12,83,37,7,0,19,731,0,8,41,145,0,16,66,0,3,406,109,42,90,8,26,35,77,0,22,1,0,167,265,0,79,45,1,0,385,3,0,436,0,906,32,0,0,25,42,45,1210,0,1292,9,1,0,3,0,262,0,449,270,228,0,0,0,1,6,3,0,1432,65,0,156,0,0,29,0,190,0,0,550,0,1,1911,1,14,678,0,0,101,46,0,25,771,1416,64,279,3,0,2,0,7,925,0,291,8,1,4,9,329,181,1,0,0,80,753,0,220,103,0,811,0,11,0,0,71,121,0,762,233,0,0,35,31,194,281,259,49,94,11,151,0,0,492,46,499,11,45,301,1,4,395,78,59,1,403,9,75,0,27,0,0,4,419,0,1,0,0,0,208,70,0,311,17,6,0,299,0,0,538,39,0,793,16,0,2,104,15,0,0,621,435,1739,0,339,95,571,0,110,1117,0,1,0,14,0,3659,0,28,0,4,1,0,1,156,0,609,41,421,113,0,0,3,568,2084,0,1820,1717,8,47,0,30,265,3,0,0,0,1352,0,0,1,7,45,5,0,65,0,0,0,0,0,4551,0,4,239,0,407,8,10,0,1127,52,0,0,1,99,152,31,0,3,339,221,4,0,29,3,12,0,0,0,573,0,22,369,6,258,0,0,44,0,593,0,0,272,5,117,0,3499,0,747,91,9,0,43,2,0,0,155,0,0,19,36,0,0,0,787,7813,737,4,5,0,6,0,359,0,30,1265,6769,0,0,0,0,2,0,0,203,0,362,30,17,745,0,0,0,17,0,19,3237,25,0
"gene_955",1,11,26,0,0,287,0,0,148,0,0,259,0,99,332,36,48,270,996,0,535,0,3,1220,66,0,19,92,175,328,0,965,104,12,286,0,2,3,6,175,55,4,122,334,121,0,82,0,15,154,536,93,0,6,1034,535,482,1607,0,0,0,11,754,0,765,229,1,1312,591,345,0,1,0,546,8,0,5,471,182,1,17,2,311,18,20,0,145,105,60,3,1,0,0,0,0,172,0,1826,0,0,22,19,0,0,82,0,0,0,13113,1445,73,0,9,0,103,1118,1,1514,0,3,0,0,0,0,0,0,0,1198,0,0,0,0,0,0,2,0,0,0,27,0,0,0,0,0,0,0,2709,0,40,0,0,0,0,668,0,0,3,10635,0,0,1,0,761,0,1666,0,153,0,0,14,0,0,0,0,0,0,0,0,0,0,0,136,1,46,0,0,0,0,0,0,0,0,0,0,2,0,0,0,832,0,3,0,0,0,0,0,0,0,0,0,0,0,0,0,0,1,0,283,0,1,62,4,0,0,0,0,0,0,0,515,0,0,0,1240,0,118,409,0,2,0,3,0,1044,0,0,0,12,0,0,980,0,0,0,0,0,0,0,582,0,1,0,0,0,0,0,0,0,0,0,0,5,0,0,0,0,0,0,0,0,1,0,0,0,0,0,236,0,0,0,0,0,0,0,0,0,69,0,0,0,0,0,0,0,0,0,0,0,0,7,0,0,0,0,0,0,0,0,0,0,0,0,1,11,0,0,105,0,0,0,0,0,0,0,0,0,0,0,0,0,0,0,0,0,0,0,0,0,0,0,0,35,630,0,0,0,0,0,0,0,0,0,0,0,4,0,0,0,0,0,0,0,0,0,0,0,0,0,70,0,0,193,0,0,0,0,0,0,1,0,0,0,0,0,0,0,0,18,0,0,0,0,0,0,0,0,0,30,11,0,0,0,0,25,0,0,0,0,0,0,0,0,109,0,0,0,0,0,0,0,0,0,0,4,0,255,0,0,0,0,0,0,0,0,99,0,0,0,70,0,0,0,422,0,0,0,7,0,0,0,0,0,0,0,140,0,86,0,52,0,8,0,0,0,0,0,0,0,0,146,0,0,0,0,0,0,0,0,0,0,0,0,5,0,86,0,0,0,0,0,0,0,0,1,0,0,0,0,8,0,3,0,0,0,0,1,0,0,0,0,0,4,1,0,0,0,0,0,4,0,0,0,2,0,0,0,0,0,0,0,0,0,1,0,0,0,0,0,0,0,767,20,0,0,240,0,0,0,0,10,0,0,0,0,0,0,6,0,6,2,0,25,0,0,0,1368,0,0,115,0,0,0,0,0,0,0,0,2556,0,0,0,0,0,0,0,0,0,0,0,0,0,0,0,0,0,0,1,0,18,0,0,0,0,0,0,2,0,4585,0,0,446,0,2169,13,0,0,0,0,0,100,0,0,0,0,0,0,0,69,0,4,0,0,65,0,0,0,0,0,0,0,0,0,0,0,0,151,0,0,0,0,0,0,0,0,0,0,243,0,0,0,0,0,0,0,0,94,0,0,0,0,0,0,0,0,0,0,0,0,0,1,361,0,0,0,0,0,0,0,0,0,0,0,184,1085,0,0,0,0,110,0,286,0,0,0,0,0,0,0,0,0,0,0,0,0,0,0,0,0,0,0,0,0,5,0,0,0,0,0,0,0,0,0,0,295,37,0,0,0,0,0,106,19,0,0,0,0,0,0,360
"gene_956",279,0,0,257,1,0,0,234,0,0,0,214,0,0,0,0,0,0,0,0,0,0,0,0,0,0,0,4,13,0,0,0,0,0,0,0,0,0,0,0,0,0,44,0,9,0,0,0,1,62,185,0,1,0,0,0,0,11,0,0,0,0,0,0,0,35,2,0,0,0,0,0,0,0,0,0,0,0,3,0,0,0,0,0,23,0,0,0,3,0,0,0,0,72,0,0,0,0,0,1,94,0,0,0,20,0,0,0,0,0,0,0,0,209,0,0,0,9222,0,0,0,0,0,0,0,0,13,0,0,0,0,0,0,851,168,0,16265,0,0,0,0,15,0,0,0,0,0,0,0,0,0,0,4724,23497,0,0,0,0,0,0,0,0,0,0,0,0,0,0,0,0,11,0,0,0,0,76,0,3,0,1,0,0,0,0,0,0,1783,0,0,0,0,0,0,0,0,0,0,0,0,0,9,0,0,0,0,0,0,0,0,0,0,0,0,101,0,0,0,0,0,0,98,28,0,1,0,0,0,0,0,0,0,1042,0,0,939,0,0,0,0,92,0,0,0,5,0,0,0,0,0,0,0,0,0,0,0,140,0,0,0,68,48,0,0,0,1,143,0,0,0,0,0,52,0,0,3,0,0,0,0,0,0,0,9,0,18,12,0,0,0,2280,26,0,1,0,1009,549,0,258,0,0,4,0,0,0,2009,0,1482,0,0,0,818,0,0,0,0,0,200,414,0,0,0,6,0,0,102,282,0,0,0,1384,5754,0,0,126,0,1,0,0,4,46,0,0,1629,3659,777,166,0,0,12,7,0,0,0,0,2,0,761,0,2,267,0,0,0,0,0,95,0,0,0,9022,0,0,1238,0,0,68,0,0,2,0,0,0,0,0,0,0,0,3847,0,0,0,1784,0,4,1,995,0,0,0,0,0,15,0,101,0,0,0,0,0,0,0,0,1,0,0,0,1,0,0,0,1,0,0,0,0,0,103,29,0,0,0,0,0,0,1,0,0,600,354,120,0,0,1014,10,0,0,0,0,2113,0,0,0,0,3,26,0,0,0,125,148,0,0,0,75,0,0,1253,0,2,0,0,0,0,19,0,0,0,0,0,1063,0,4,0,3,0,0,0,0,0,2,1,0,0,0,3,507,0,0,479,0,28,66,0,4,46,0,3,762,42,0,25,0,0,765,0,0,2,0,0,0,0,0,0,209,0,4,12,2,0,0,0,0,0,2354,1,52,3293,0,0,104,0,141,1410,13,0,1,1419,943,0,85,0,0,217,0,0,0,0,1,0,0,0,0,1422,1,9,0,349,0,0,0,52,0,0,0,0,0,0,0,0,0,0,0,0,0,0,0,0,752,1,0,0,0,0,0,0,0,0,0,0,0,0,0,0,0,0,0,1,393,0,0,0,0,705,0,0,197,2,1972,0,0,0,0,0,0,0,0,0,0,0,6530,31,0,0,0,0,0,0,11,0,0,0,0,483,2,0,0,399,0,0,0,0,8329,1788,0,37,0,0,0,0,0,0,244,0,0,0,0,0,0,0,0,0,1859,0,0,807,0,0,0,1,0,0,0,0,0,0,15,0,0,0,198,0,62,0,2831,0,0,0,0,0,100,0,0,0,0,0,0,0,0,0,0,0,3080,0,2799,0,0,0,0,0,0,0,0,0,4,0,0,0,0,0,0,0,0,0,22,0,0,1206,0,0,0,25,0,1,0,0,8,3,0,0,0,0,0,0,0,0,0,0,110
"gene_957",0,2450,0,0,0,0,0,0,0,26,0,0,341,0,0,0,0,2093,0,0,0,0,0,0,348,0,0,0,32,0,0,0,107,47,0,0,0,0,154,0,0,0,0,0,0,0,0,0,0,0,0,23,0,0,0,0,0,0,0,0,0,17,0,6751,0,0,0,211,0,0,429,0,0,0,0,2,0,0,0,6,455,0,0,0,0,0,0,0,0,0,0,0,0,2483,3520,0,17529,3,0,0,0,0,0,0,0,37,0,0,0,0,0,24,0,0,47,0,0,0,0,0,0,0,0,0,0,0,0,0,0,0,0,0,0,0,0,0,0,0,0,0,556,0,0,0,2,104,0,0,0,0,0,14,0,0,58,0,0,0,31,0,0,0,0,0,0,0,0,0,0,0,0,4,32,0,0,0,0,0,0,0,0,0,0,0,76,0,187,0,0,1,0,0,0,0,473,61,0,0,433,152,323,0,0,6,0,0,42,0,699,0,0,0,0,0,0,0,0,0,99,0,331,0,4,0,0,2,0,0,57,0,0,0,0,129,3,0,0,431,0,419,2,922,0,6,803,2,0,0,1069,0,0,4,109,0,4,0,77,16,0,0,531,205,0,0,0,165,2,16,0,0,23,0,272,60,0,0,74,40,0,0,2,122,0,0,189,0,1,546,0,0,2,249,9,1050,70,5,0,526,2,34,47,21,41,0,2,257,74,359,4,0,0,0,0,53,86,175,0,0,0,0,0,723,0,0,0,21,0,0,0,0,0,0,395,0,0,5,140,0,3907,452,15,0,0,0,0,64,2030,863,7,1,0,0,0,0,7,0,106,4,1014,0,0,0,34,0,8869,0,3,0,65,0,1,0,37,422,27,0,1232,177,462,8,0,11,0,183,37,0,291,0,279,0,0,98,0,3554,0,0,0,8,0,10,0,0,10,0,0,11,1,0,0,0,59,740,0,208,4,2,0,91,441,0,0,46,0,10,0,0,172,2,25,1,55,0,1807,28,274,132,7,21,39,1,0,0,5,0,2,377,0,0,0,445,0,0,0,4,1,4491,36,0,21,0,0,14,0,16,0,0,0,0,0,0,3889,4,0,19,0,1,0,3,333,189,0,30,66,246,0,3165,0,1015,0,169,0,324,1,5,203,0,0,0,3,218,0,0,0,1,2,0,5,4429,0,520,377,0,0,13,0,18,8,2853,0,15,0,0,0,0,0,0,319,2,0,0,19,3564,880,0,0,0,0,0,9,3,79,0,0,654,0,0,0,849,0,1349,2,3518,0,12,2,1,167,23,0,1,0,0,0,0,30,188,16,1210,0,0,0,32,0,0,0,108,12,0,35,0,0,0,0,0,99,0,0,0,1,0,0,0,0,112,0,9462,0,0,0,463,0,1,0,0,0,138,0,0,0,0,58,0,0,0,0,14,0,0,0,0,6,0,0,36,0,0,0,0,0,648,0,0,276,0,0,2137,0,0,999,0,0,5,3,0,2,1,70,0,0,0,1,0,0,2044,69,0,0,0,0,0,0,0,0,0,0,0,0,568,0,0,0,4400,0,0,0,0,28,0,0,11,0,0,0,1,1108,0,0,1,141,0,11,91,0,0,1,0,2,0,2580,246,0,0,0,0,0,0,0,0,0,0,0,0,0,0,1,0,0,0,130,0,0,16,0,39,0,0,1221,0,0,14,0,0,31,2,8,0,43,0,0,4,345,0,63,0,0,10,150,0,0,640,1419,0,0,0,367,0,0,0
"gene_958",293,5697,3492,3560,283,2036,76,1231,1152,498,9,690,2471,875,67,668,43,815,105,209,2,461,8623,3146,977,742,2552,246,9,8955,757,809,595,117,11,2574,173,2,578,620,602,1621,123,709,60,327,178,770,375,1137,265,5533,81,745,1110,4477,81,4622,922,178,26,170,354,2875,46,791,146,5823,53,1485,1307,35,106,25,137,1843,1020,16,542,88,5065,380,5171,5598,1978,373,93,412,710,23,1304,522,13,0,71,194,385,56,6687,31,0,154,3210,0,6053,1594,387,1,419,316,4588,0,14,28,0,70,0,7,1145,90,0,456,1502,8,1,817,904,1,0,55,64,1140,8,19,1,0,1586,1408,4,3638,2,246,1482,7,0,40941,1694,1337,16,123,1,1030,766,7,2732,405,7145,56,0,0,54,40,12711,119,0,18,474,5,40,2441,1,3815,5781,0,3105,2073,0,160,4,15981,93,979,1570,5106,0,220,124,4,3025,111,11531,14,1311,2449,3954,4560,5,2,2198,1,2013,4229,9,218,0,19,502,2,4,14,0,1,231,1,138,22,2514,1962,1,7,860,14,10,334,23129,1002,0,11,36,92,20,4572,3121,620,2225,567,423,76,2727,48,0,629,11095,159,367,3378,1,24522,0,0,1,6,54,4,163,43,1,9,81,1130,392,508,0,0,0,0,10,3,0,0,4155,4,0,65,0,146,29,610,0,387,4,0,0,78,0,102,0,0,0,0,0,1,0,0,0,0,0,0,0,5,0,0,0,38,2246,0,0,1,2,5,35,1,0,0,0,2,0,0,1162,82,237,2,61,0,0,423,0,442,526,6,259,5,1,0,0,0,0,0,0,56,0,0,0,0,0,0,0,0,2,0,3896,0,0,56,0,59,2,0,8,16,158,0,0,0,64,1054,0,9,33,44,10,81,0,3,954,0,517,506,0,475,1,96,0,0,43,71,28,4,37,84,1,6,0,0,0,9,277,0,0,361,0,0,0,67,0,2,0,106,15,5,57,0,27,602,1,0,1,0,0,0,0,464,9,0,47,154,0,152,0,362,11,0,334,0,84,0,18,0,0,0,15,1500,1482,711,0,0,137,0,0,0,1354,404,1,232,439,0,53,2,0,0,93,0,6,2034,0,95,0,1,3,2,40,303,40,2,0,0,1430,1,70,0,184,9,0,16,0,88,24,85,0,6,177,295,0,0,212,211,0,0,3,0,0,34,22,691,1081,47,0,0,0,3,174,224,0,1,688,0,445,0,2,3186,237,0,0,141,2,2858,28,15,0,452,24,0,1,1579,84,51,0,431,889,0,0,16,15,0,1989,8491,403,0,0,139,0,11,3,58,19,61,16,0,226,242,0,0,30,31,1,0,5,53,27,384,5084,0,0,0,0,0,422,0,1,2,0,0,0,2,0,2241,6,0,1421,865,0,0,0,1,0,0,0,599,0,0,1,1249,0,0,4,0,0,2,693,2,0,0,116,0,6,635,0,0,47,30,38,1,0,7270,9,0,0,0,3,0,0,23,0,53,0,30,0,0,1,7,0,77,1,15,0,0,0,0,38,7,30,1,13,0,0,26,0,0,0,0,0,294,0,15,0,346,235,0,16,0,48,0,0,0,0,0,8,1093,0,0,0,126,369,1,0,431,0,20,4,36,0,0,0,0,0,0,2,188,0,0,0,162,1,668,282,0,0,0,157,3774,0,129,0,13,128,14,0,0,78,1515,0,2,0,2,3,0,0,0,11,2461,4,0,3134,0,0,1,0,0,739,870,12,27,218,30,0,0,0,1062,0,0,1,290,1,0,0,121,0,0
"gene_959",0,0,0,0,1,0,0,0,0,0,0,7,0,0,0,0,7,0,0,0,0,0,0,0,1,0,0,0,0,0,0,0,0,0,0,0,0,0,0,0,0,0,0,0,0,0,0,0,0,0,7,0,0,0,0,0,0,0,0,0,0,0,0,0,0,0,0,0,0,0,0,0,0,0,0,0,0,0,36,0,0,0,0,0,0,0,0,0,0,0,0,0,0,0,0,0,0,0,0,0,0,0,0,0,0,0,0,0,0,0,0,0,0,0,0,0,0,0,0,0,0,0,0,0,0,0,0,0,0,0,0,0,0,0,0,0,0,0,0,0,0,0,0,0,0,0,0,0,0,0,0,0,0,0,0,0,0,0,0,0,0,0,0,0,0,0,0,0,0,0,0,0,0,0,0,0,0,0,0,0,0,0,0,0,0,0,0,0,0,0,0,0,0,0,0,0,0,0,0,0,0,0,0,0,0,0,0,0,0,0,0,0,0,0,0,0,0,0,0,0,0,0,0,0,0,0,0,0,0,0,0,0,0,0,0,0,0,9,0,0,0,0,0,0,0,0,0,0,0,0,0,0,0,0,0,0,0,0,0,33,0,0,0,0,0,0,0,0,0,0,0,0,0,8,0,0,519,0,0,0,0,0,0,0,0,0,0,0,0,0,0,0,0,0,0,0,0,0,0,0,0,294,0,0,0,0,0,0,0,17,0,7,0,0,0,0,0,0,0,0,0,0,0,18,0,0,0,0,0,0,0,0,0,0,7,0,0,0,0,0,0,0,0,0,0,0,0,0,0,0,0,0,0,0,0,0,0,0,0,0,0,0,13,0,0,0,0,0,0,0,0,0,0,0,0,0,0,0,0,0,0,0,0,0,492,0,0,0,0,5,0,0,0,0,0,0,0,0,0,0,0,0,0,0,0,0,0,0,0,0,0,0,24,0,179,0,0,0,0,0,0,0,0,0,0,0,0,0,2,0,0,0,3,0,0,0,0,0,0,0,0,0,449,0,0,0,0,0,0,0,0,0,0,1,1,0,80,0,62,0,0,0,0,0,0,0,0,0,0,0,0,0,0,0,33,0,0,0,3,0,33,46,0,0,0,0,2,0,6,0,0,1,0,222,0,0,0,0,0,0,0,53,2,0,0,0,0,0,564,0,0,0,0,1,0,0,282,0,381,0,0,0,0,4,0,0,0,0,0,0,400,0,0,0,0,0,0,0,0,170,0,228,182,70,0,0,0,0,0,0,0,0,0,0,0,0,0,0,1,1333,0,0,7,37,0,0,0,0,0,0,0,0,0,0,0,0,0,0,6724,0,0,0,0,3,0,0,0,0,0,0,26,0,0,0,0,3,0,0,0,0,0,0,0,0,0,0,0,0,0,0,0,0,0,0,0,0,8,0,0,0,0,0,58,0,149,0,73,0,0,0,0,0,0,0,0,0,0,2,0,0,0,0,0,0,39,0,1787,0,0,0,0,0,0,0,0,5,0,0,0,0,0,0,0,0,0,0,0,4,0,0,0,0,0,0,0,0,0,0,0,0,0,0,0,0,0,0,0,0,231,0,0,444,0,41,0,0,0,1,2285,0,0,32,0,0,0,0,0,0,0,0,0,0,0,0,0,0,0,0,0,20,1,0,0,0,0,0,0,0,0,0,0,790,0,0,0,0,0,0,0,0,918,0,0,5,1,261,0,0,0,0,0,0,0,0,0,0,0,0
"gene_960",2665,4428,3297,2515,1021,7822,2544,7530,1627,8591,5548,7649,17304,7963,1354,5156,2186,5838,828,2047,706,1158,2476,11988,1376,5613,9428,596,2096,3117,5137,7994,520,3380,1097,7046,3340,4328,9443,5816,3170,876,3606,1490,4660,1211,1268,3014,3031,9979,1660,5766,444,1799,5344,6840,4156,7775,4069,3169,3051,1423,5127,4004,4117,4449,3041,9667,1253,9241,7663,9791,576,2543,1718,1143,1930,2610,2370,2667,6373,1240,1187,9149,1869,3629,687,5023,2210,1000,7177,5031,7332,9929,7818,464,3118,299,18523,8529,10671,6078,4247,8938,5278,9817,5209,2588,2532,3391,4077,2796,1789,10607,2171,5692,111,1704,7645,2173,2069,2874,611,368,4551,3790,474,4100,4868,1378,1531,6450,2924,333,4788,2297,17526,6320,8152,3859,2922,2515,5087,6686,19120,232,23613,771,5412,29377,8169,14218,14256,4546,3694,18576,158,11456,13416,759,13996,11043,1987,1298,9234,21645,20121,11672,2348,17108,2224,2293,11628,1599,14301,732,3211,6838,12016,21875,6493,4175,1502,1669,11906,2607,1282,5081,387,5846,26482,16735,157,18119,710,12507,1681,5582,6029,3119,13325,1052,21324,11767,12644,8471,3100,6954,3575,5976,8743,4801,13244,5190,4791,11685,9362,6104,9078,12585,1646,6532,32086,4376,29833,7245,11541,21208,6830,35194,1570,22953,7301,8157,22562,2692,28351,4231,5057,628,6971,2746,13096,9282,26706,18392,3773,13203,3770,21301,18869,5144,21433,1293,16379,19381,9707,6087,9060,25493,8249,4864,1415,531,1843,5201,2680,1717,2332,2757,6093,13836,3382,4646,6855,4819,3025,2565,1559,1867,513,3273,2165,489,4791,10517,1253,6172,2473,1770,393,887,3322,1524,3417,1754,448,208,3313,1216,1456,1112,8430,2818,25254,1476,1182,1858,1775,1886,4445,5941,6734,614,1520,1237,1914,6046,12057,1333,1180,4124,1862,7168,4156,2936,2489,2931,4598,3637,1626,403,1891,12349,4646,2237,1706,658,2851,6982,698,3103,5648,1416,2626,426,5024,4649,1520,2573,1297,2075,271,2462,1614,1863,1198,4907,5589,2194,5921,1352,1235,1467,10080,2748,7020,1655,5951,2100,1759,1733,5672,923,1292,4967,2236,6206,4698,791,2602,9533,3805,6014,1029,5284,1794,3086,2199,160,1532,3622,4170,1164,6996,4313,3809,4878,2857,1793,4791,627,170,648,3583,4687,1677,3415,2626,3278,3602,3610,715,3847,6054,6922,15572,6804,4264,3659,4636,929,2511,9852,373,4181,10861,860,9972,4974,330,12209,2847,158,2238,5259,4161,4341,7262,1242,1950,3643,3720,8676,5985,1398,1463,817,943,2547,3317,2725,1785,224,316,6635,2104,3289,1268,3288,258,865,4061,754,4746,476,924,2811,2129,2273,1380,807,3218,2391,10334,2850,4210,6688,1020,1111,10198,2510,2004,390,4469,1445,315,1498,456,3943,3509,1556,3430,54,2233,2061,5909,4231,3969,1974,1490,952,1671,8061,3976,12060,1274,8979,13973,684,1724,2439,2641,2489,4133,2454,2706,1697,1273,10488,497,3950,4735,939,1570,739,16058,2717,893,4920,3443,6557,7175,8073,73,7170,8913,1151,6688,6356,1078,1362,1907,6576,5181,4633,412,4633,858,1340,1966,991,2746,2179,2480,2570,1301,1634,5740,1000,2373,2535,574,4336,2557,1384,3235,4168,506,1117,9951,4067,13179,4739,962,2541,4042,3399,5601,5580,26274,13214,1930,1893,7140,2524,45367,11968,20184,1384,17813,503,12534,7789,11999,4046,5646,13784,2370,14926,8313,772,9864,4252,7665,1470,1430,7809,29902,9253,18510,507,253,5179,2441,8271,146,1668,280,11723,3878,11947,47,1869,373,17645,19610,23554,1441,13783,10076,2360,7702,12327,37775,7991,15414,2041,4694,6609,31002,274,1397,16296,9433,22989,4015,1360,1405,1317,2761,1013,14610,792,5993,7384,5488,383,2903,24092,9125,10324,8420,1659,5345,2086,2872,33,2841,1828,8924,3985,4491,4076,3293,6642,11179,277,1201,3478,4374,36638,101,73,3369,1750,2190,8323,15268,5264,162,4477,360,11111,20387,7810,3815,7888,7734,3340,3490,4537,16017,6183,3244,421,5319,3892,32715,10472,2586,10308,5400,16400,2462,2038,4295,2956,2906,11878,5247,3853,2717,191,2095,16415,28583,10145,11906,7672,6278,10051,298,543,3085,10133,810,4362,2892,4006,7123,2030,615,6979,1150,4941,107,1751,2310,3840,16633,10609,1073,1913,8497,2865,1446,9304
"gene_961",0,0,0,0,0,0,0,0,0,0,0,0,0,0,0,0,0,0,0,0,5,0,0,0,0,0,0,0,0,0,0,0,0,0,0,7,1,0,0,0,0,0,0,0,0,0,0,0,0,0,0,0,0,0,0,0,0,0,0,0,0,0,0,8,0,0,0,0,0,0,0,0,0,1991,0,0,8,0,0,0,0,0,0,0,0,0,0,0,0,0,0,440,0,0,0,0,0,0,0,0,0,0,0,0,0,0,0,0,16,0,0,0,0,0,0,0,0,0,0,0,0,0,0,0,0,0,0,0,0,0,0,0,0,0,0,0,0,0,0,0,0,0,0,0,0,0,0,0,3,0,0,0,0,0,0,0,0,0,0,20,0,0,0,0,0,0,0,0,0,0,0,0,0,0,0,0,2,0,0,0,0,0,0,0,0,0,0,0,0,0,0,0,0,0,0,0,0,0,0,0,0,0,0,0,0,0,0,0,0,0,0,0,0,0,0,0,0,0,0,0,0,0,0,0,0,0,0,0,0,0,0,0,0,0,0,0,0,0,0,0,0,0,0,0,0,0,0,0,0,0,0,0,0,0,0,0,0,0,0,0,0,0,0,0,0,0,0,0,0,0,0,44,0,0,0,0,0,0,0,0,0,0,0,0,0,0,0,0,0,0,0,0,0,0,0,0,0,0,0,0,0,0,0,0,0,0,0,0,0,0,0,0,0,0,0,0,0,0,0,0,0,0,0,0,0,0,0,0,0,0,0,0,0,0,0,0,0,0,0,0,0,0,0,0,0,0,2,0,0,0,0,0,0,0,0,0,0,0,0,0,0,0,0,0,0,0,0,0,0,0,0,0,0,0,0,0,0,0,0,0,0,0,0,0,0,0,0,0,0,0,0,0,0,0,0,0,0,0,0,0,0,0,0,0,0,0,0,0,0,0,0,0,0,0,0,0,0,0,0,0,0,0,0,0,0,0,0,0,0,0,0,0,0,0,0,0,0,0,0,0,0,0,0,0,0,0,0,0,0,0,0,0,0,0,0,0,0,0,0,0,0,0,0,0,0,0,0,0,0,0,0,0,0,0,0,0,0,0,0,0,0,0,0,0,0,0,0,0,0,0,0,0,0,0,0,0,0,0,0,0,0,0,0,0,0,0,0,0,0,0,0,0,0,0,0,0,0,0,0,0,0,0,0,0,0,0,0,0,0,0,0,0,0,0,0,0,0,0,0,0,0,0,0,0,0,0,0,0,0,0,0,0,0,0,0,0,0,0,0,0,0,0,0,0,0,0,0,0,0,0,0,0,0,0,0,0,0,0,0,0,0,0,0,0,0,112,0,0,0,0,0,0,0,0,0,0,0,0,0,0,0,0,0,0,0,0,0,0,0,0,0,0,6,0,0,0,0,0,0,0,0,0,0,0,0,0,59,0,0,0,0,0,0,0,0,0,0,0,0,0,0,0,0,0,0,0,0,0,0,0,0,0,0,0,0,0,0,0,0,0,0,0,0,0,0,0,0,0,1,0,0,0,0,0,0,0,0,0,0,0,0,0,0,0,0,0,0,0,0,0,0,0,0,0,0,0,0,0,0,0,0,0,0,0,0,0,0,0,0,0,31,0,0,0,118,0,0,0,0,0,0,0,0,0,0,0,0,0,0,0,0,0,0,0,0,0,0,0,0,0,0,0,0,0,0,0,0,0,0,0,0,1,0,0,0,0,0,0
"gene_962",0,0,0,0,0,0,0,0,0,0,0,0,0,0,0,0,0,0,0,0,0,0,0,0,0,0,0,0,0,0,0,0,0,0,0,0,0,0,0,0,0,0,0,0,0,0,0,0,0,0,0,0,0,0,0,0,0,0,0,0,0,0,0,0,0,0,0,0,0,0,0,0,0,0,0,0,0,0,0,0,0,0,0,0,0,0,0,0,0,0,0,0,0,0,0,0,0,0,0,0,0,0,0,0,0,0,0,0,0,0,308,0,0,0,0,0,0,0,0,0,0,0,0,0,0,0,0,0,0,0,0,0,0,0,0,0,0,0,0,0,0,0,0,0,0,0,0,0,0,0,0,0,0,0,0,0,0,0,0,0,0,0,0,0,0,0,0,0,0,0,0,0,0,0,0,0,0,0,0,0,8,0,0,0,0,0,0,0,0,0,0,0,0,0,0,0,0,0,0,0,0,0,0,0,0,102,0,0,0,0,0,0,0,0,0,0,0,0,0,0,0,0,0,0,0,0,0,0,0,0,0,0,0,0,0,0,0,0,0,69,0,0,0,0,0,0,0,74,0,0,0,0,76,0,1,0,0,1077,0,0,0,0,133,0,0,0,0,0,0,0,0,0,1,0,0,0,0,0,0,0,0,0,0,0,0,0,0,0,0,0,0,0,0,0,0,0,0,0,0,0,0,0,0,0,0,0,0,0,0,0,0,0,0,0,0,0,0,0,0,275,0,0,0,0,0,0,0,0,0,0,0,0,0,0,0,0,0,0,0,0,0,0,0,107,0,0,0,0,0,0,0,0,0,0,0,0,0,0,0,0,0,0,0,0,0,0,0,0,0,0,0,0,0,0,0,0,0,0,0,0,0,0,0,0,0,0,0,0,0,0,0,0,0,0,0,0,0,0,0,0,0,0,0,0,0,0,0,0,0,0,0,0,0,0,0,0,0,0,0,0,0,0,0,0,0,0,0,0,0,0,0,0,0,0,0,0,0,0,0,0,0,0,0,0,0,0,0,0,0,0,0,0,0,0,0,0,0,0,0,0,0,0,0,0,0,0,0,0,0,0,0,0,0,0,0,0,0,0,0,0,0,0,0,0,0,0,0,0,0,0,0,0,0,0,0,0,0,0,0,0,0,0,0,0,0,0,0,0,0,0,0,0,0,0,0,0,0,0,0,0,0,0,0,0,0,0,0,0,0,0,0,0,0,0,0,0,0,0,0,0,0,0,0,0,0,0,0,0,0,0,0,0,0,0,0,0,0,0,0,0,0,0,0,0,0,0,0,0,0,0,0,0,0,0,0,0,0,0,0,0,0,0,0,0,0,0,0,0,0,0,0,0,0,0,0,0,0,0,0,0,0,0,0,0,0,0,0,0,0,0,0,0,0,0,0,0,0,0,0,0,0,0,0,0,0,0,0,0,0,0,0,0,0,0,0,0,0,0,0,0,0,0,0,0,0,0,0,0,0,0,0,0,0,0,0,0,0,0,0,0,0,0,0,0,0,0,0,0,0,0,0,0,0,0,0,0,0,0,0,0,0,0,0,0,0,0,0,0,0,0,0,0,0,0,0,0,0,0,0,0,0,0,0,0,0,0,0,0,0,0,0,0,0,0,0,0,0,0,0,0,0,0,0,0,0,0,0,0,0,0,0,0,0,0,0,0,0,0,0,0,0,0,0,0,0,0,0,0,0,0,0,0,0,0,0,0,0,0
"gene_963",0,0,843,0,12,84,6,0,38,0,1,80,0,2622,4595,0,0,1,79,0,0,121,2,0,1593,219,41,0,404,0,9712,6,0,2507,2510,20,1653,3221,608,0,51,15,2,2,0,0,0,2,0,170,0,0,466,49,0,40,0,173,991,591,3,297,537,0,3,0,178,216,5,7,1,0,0,0,0,0,506,302,56,17,2912,0,34,3364,808,723,0,0,7,180,0,0,0,0,401,215,42,0,0,5,393,0,0,24,0,0,0,4,0,0,0,0,35,0,0,148,0,648,9,0,2,13919,0,14,0,221,0,1253,2,1627,3,78,0,0,6,1387,0,2784,0,5,0,0,2,4,17,2002,0,381,0,7083,13956,0,4450,240,0,0,0,1565,0,1,107,0,0,0,3611,10409,0,3666,7,0,6039,6962,287,204,328,1,378,192,0,0,16,30,0,4581,0,12,0,14,0,2,1761,41,0,1,4349,0,0,2,306,42,380,143,1254,0,0,0,0,114,0,0,0,5,182,0,3679,23,17,33,26,0,60,125,2,0,911,81,9,0,2838,4363,48,276,3765,314,112,54,0,2453,0,3,479,0,1022,0,4,1,0,0,0,0,0,3,260,0,32213,0,8,0,30,14,7,25,150,7,0,585,45,43,1289,1580,23,2,56,953,278,89,8,1307,12,37,2,241,2,59,73,941,0,2859,15,53,353,0,376,15,5266,1,2583,1897,417,1042,722,7,19,3522,3424,1175,732,486,93,212,0,133,909,0,564,961,3231,5348,3,8354,89,206,109,0,1,9,3453,423,4219,7,53,2,1132,715,0,76,7,329,458,911,73,1,3,19,145,29,195,2102,630,4,2975,4360,21,47,199,0,0,1273,334,82,1878,0,1299,0,2,2176,210,0,14,0,1,0,174,0,1,116,4,52,0,2,5,458,1533,604,0,0,19,9,13,48,3832,1714,17,0,0,0,151,202,0,35,1583,176,22,0,6,1,477,4,89,75,57,7,13,2,3,124,85,3,639,961,1,23,38,1336,131,443,78,71,0,1008,3224,4,4,0,34,6,1,3,0,5,0,0,450,1168,0,655,75,1147,0,4,267,1509,16,106,0,133,2437,0,8,100,91,0,4002,0,245,1,186,4,353,97,0,9,0,0,0,0,365,0,0,2,803,0,0,11,0,3,114,0,18,73,0,0,3999,0,0,67,7,0,0,1275,21,168,0,107,0,2511,0,106,4618,20,677,1,7,1939,187,0,1,0,64,104,0,1357,0,605,108,1650,1348,0,0,480,60,20,1,710,744,39,0,1949,936,0,0,97,7,1438,15,0,0,191,0,7,1465,866,26,2,3,1693,67,1050,0,558,568,0,3530,125,0,1,0,61,0,111,450,2,0,1055,522,16,67,0,1179,1,228,471,1012,113,700,0,0,0,354,90,0,0,607,3,424,4149,2,150,0,481,198,10,689,895,807,1,0,1,50,60,46,284,1,0,643,11730,158,5168,27,0,103,268,0,0,0,2467,42,12,280,0,127,30,563,36,2,0,3,4884,8370,57,1369,0,1,1242,17669,163,65,28,0,738,13258,678,2423,123,0,1721,0,16,5,7873,213,2,2758,101,1,188,11,0,10,0,1,2549,903,3,8563,546,1,240,8,132,145,638,17,0,128,1,1,644,0,15,73,88,222,3481,1,7782,151,6,9,697,39516,2,11,56,211,47,54,859,42,697,4396,393,0,1017,0,499,22,0,18,2,1085,133,0,559,16,1,8820,0,483,16,0,0,521,87,0,0,7814,1548,0,9,0,2797,0,0,2502,20,3435,3,278,10591,5078,279,67,165,337,156,138,494
"gene_964",82,0,0,0,6,269,192,0,4,0,83,0,4,743,0,0,0,0,0,0,0,0,0,0,137,91,41,0,0,0,0,8,0,0,0,0,1,0,0,0,0,0,0,1,0,0,0,0,42,178,0,0,0,149,0,28,0,337,4,0,0,0,74,0,78,0,0,0,0,25,0,0,0,35,0,0,0,0,0,0,0,0,0,2,0,0,1,74,0,0,0,0,0,0,0,0,0,3,0,0,0,0,0,1,0,0,104,0,129,0,0,0,0,0,188,0,14,122,1,0,33,0,116,0,0,0,0,0,757,0,0,0,4,0,3,0,0,0,1357,0,4230,6,0,0,0,0,4233,0,2,19,0,0,0,7,469,1,0,0,0,0,11,0,0,0,0,0,5,0,0,0,0,961,0,228,0,33,2475,0,221,0,3373,27,0,117,0,0,1339,0,12,0,0,0,328,57,0,5,1,252,3,2,3,0,6,0,97,0,195,173,0,1309,1578,216,93,74,564,0,2,0,0,0,1,1613,0,0,0,8,173,0,0,4,84,0,0,0,86,0,0,251,5,53,1044,29,0,21,265,0,0,2297,96,0,915,0,0,0,0,4,0,0,7,452,5,0,175,0,16,33,35,12,33,386,4960,0,7,40,3,0,0,0,49,0,0,323,88,93,0,4,1,744,0,4938,4,0,5,2649,17,291,45,5,0,27,19,546,0,800,76,2,0,144,699,1127,0,0,1002,13,2,1340,0,3,584,32,0,264,1,23,180,1513,22,0,52,12,1,0,383,1609,7,0,0,216,3,3313,118,0,0,376,35,13,0,46,0,0,14,0,0,0,4,57,28,1,114,20,0,590,0,4,39,50,0,2,0,32,28,1,0,29,0,30,391,160,0,704,289,0,7109,1,1973,0,62,1,3,0,85,195,0,879,15,316,0,14,0,187,16,1357,155,34,0,198,0,23,24,8,427,0,637,0,0,1,83,0,22,0,0,506,3,543,0,0,28,49,9,0,0,3,0,18,0,0,482,0,1,3,301,3,0,0,11,4,0,0,5,0,0,0,0,0,0,304,7,19,0,0,0,0,0,0,81,64,12,23,0,1,0,0,2,0,250,0,0,0,0,28,10,2,0,23,64,131,8,0,139,0,10,223,0,0,0,0,29,0,26,88,0,0,9,0,74,0,5,106,5,0,3,0,0,181,60,0,20,0,5,0,0,3,0,0,0,4,0,0,360,1,0,0,170,0,137,0,618,0,1,74,45,0,0,0,31,7,0,0,0,1,0,0,0,20,0,6,0,0,25,15,29,753,551,0,0,0,119,7,0,0,0,0,0,1066,0,0,0,1983,16,0,0,0,0,21,0,0,4073,98,16,161,0,16,1632,0,99,0,0,8,0,0,4,0,0,584,1,0,0,0,0,0,0,0,0,0,0,236,0,0,0,0,0,0,0,0,0,0,0,0,2,51,0,0,0,0,0,0,45,0,0,0,0,0,0,9,38,0,0,0,1,3,7,6,0,0,62,0,0,0,137,67,1,0,0,111,0,1155,0,1232,0,820,0,0,41,0,0,0,753,0,0,450,0,0,0,0,8,14,0,1,341,0,0,0,0,0,0,0,0,0,0,0,0,28,50,185,0,0,0,121,0,0,2,38,0,0,0,0,1,52,0,50,0,0,1,0,202,0,6,0,0,157,0,0,0,1,0,7,0,0,0,0,5,0,0,0,0,0,241,0,0,148,0,169,0,0,0,0,0,0
"gene_965",1677,3,0,0,2,0,0,0,1709,0,474,0,0,0,260,324,0,1,9,0,97,0,23,1065,0,0,0,0,0,33,18,197,13,1,0,0,0,1,0,0,3416,0,520,0,0,0,34,5,0,437,0,199,0,1,6,0,32,0,729,3,2,58,0,0,0,480,43,0,4454,0,42,0,6,0,0,1,0,0,0,1,518,0,899,219,0,203,623,16,0,19,0,0,0,19,326,0,202,0,0,0,0,0,3,4168,0,234,0,32,0,1,0,2,0,0,78,0,0,8,16,0,0,0,3,0,2,0,10,0,170,0,0,41,1,0,6,0,0,665,70,7,0,6,0,0,122,0,0,4,8,0,67,0,12,0,187,0,0,106,0,0,0,0,1,0,0,0,57,0,0,0,23,32,0,0,0,10,37,18,462,0,3056,0,4699,19,16,0,7,20,1064,0,2,41,326,0,0,0,0,0,4,0,0,0,0,0,0,0,0,0,0,0,114,0,0,5,0,0,1,0,0,0,1,46,0,229,0,0,0,20,7,446,0,45,0,0,0,1,0,0,0,0,0,0,11,0,0,0,0,1,0,0,0,0,0,0,0,391,0,9,0,0,0,0,0,0,0,0,0,0,0,0,0,0,0,1,0,0,0,0,0,0,0,0,0,0,0,0,0,0,0,0,0,0,0,0,0,0,0,0,0,0,0,0,0,0,0,0,0,0,0,0,0,0,0,0,0,0,2,0,0,0,0,0,0,0,0,0,0,0,0,0,0,0,2,0,0,0,0,16,251,549,0,0,15,0,0,0,0,0,0,0,0,0,0,0,14,0,0,0,0,0,0,3,0,0,0,0,0,0,0,13,0,2,0,0,0,2,0,0,0,95,2,0,1,0,0,0,0,0,0,30,0,0,0,0,0,0,0,0,445,0,0,0,0,0,0,0,0,69,0,0,0,0,0,0,0,0,3,0,0,0,0,0,0,0,0,0,0,0,0,0,0,0,0,427,0,0,0,0,0,179,0,165,0,186,0,0,222,560,1,0,1,0,0,0,0,0,0,59,0,0,0,0,0,0,0,0,0,0,0,1645,0,0,0,0,0,0,74,0,0,0,0,0,0,14,0,0,8,0,0,0,0,0,0,0,0,22,0,130,0,0,15,0,0,0,0,0,0,0,77,4,0,0,203,0,0,0,109,0,0,0,0,0,0,0,0,0,0,0,0,0,7,40,0,0,0,0,0,0,0,0,0,0,0,0,1,0,0,4,0,0,0,0,0,21,0,92,0,3,25,153,526,0,0,0,0,0,0,5,0,0,0,0,2,0,0,139,0,0,0,0,0,0,0,0,0,0,0,0,0,0,0,0,0,0,0,0,175,30,0,0,0,0,0,43,0,591,0,0,1153,0,0,0,0,0,397,309,0,0,0,0,73,0,0,0,0,0,73,0,0,0,0,6,0,0,7,0,0,0,0,0,0,0,0,0,0,0,0,0,0,0,0,0,1,0,0,0,0,3051,0,0,0,0,0,29,0,0,0,0,12,0,0,0,0,0,0,0,3,0,0,1,6,0,0,0,4,0,0,0,0,71,0,0,0,0,3458,0,240,0,0,0,0,0,0,0,116,0,0,0,0,0,0,0,0,0,0,0,0,0,0,0,176,0,0,0,12,0,0,335,0,0,0,0,0,0,0,0,0,0,0,2458,0,0,123,0,0,136,0,0,0,0,0,434,0,0,0,0,0,0
"gene_966",8,0,0,0,38,0,0,0,0,0,861,0,0,10,228,0,0,0,0,0,0,0,0,0,0,0,0,0,0,1,0,0,0,3,0,50,0,0,106,36,0,0,0,15,0,0,3,0,0,0,46,0,0,0,0,0,0,1,0,0,0,0,8,0,288,1286,0,184,0,0,0,63,0,0,0,734,0,0,0,0,0,3,0,0,0,0,2,0,14,1,44,0,0,0,0,0,0,0,0,601,0,0,0,0,0,0,0,299,41,0,0,16,0,0,3,82,9,0,0,0,0,3,0,0,0,0,0,0,0,16,0,299,0,387,0,841,0,0,0,21,0,0,0,0,4037,0,0,0,0,0,22,0,0,1,0,0,0,0,0,0,0,465,0,0,0,0,0,0,0,1,0,0,0,0,0,0,0,0,0,0,0,0,0,0,0,0,0,0,0,0,0,1,0,0,128,0,0,0,1357,0,0,0,0,0,0,0,0,0,0,0,0,0,39,0,0,1,0,0,0,0,0,0,6,0,0,1208,104,525,0,0,0,0,0,0,0,0,0,0,1,0,0,0,8880,0,153,0,0,0,0,0,30056,19845,2,0,0,0,0,0,0,0,0,0,0,0,0,0,0,16,0,0,0,0,0,0,0,104,35,0,0,0,0,0,0,0,0,8,0,0,0,0,1,0,11,0,0,0,0,0,0,0,2,0,0,0,255,0,0,0,2,59,0,0,0,0,0,0,0,7,0,0,0,0,0,0,0,0,0,0,5,9,0,0,0,1,0,0,9,0,0,0,0,0,0,0,0,13,0,2,0,0,0,0,0,0,69,0,0,0,0,0,0,0,0,0,0,0,28,0,0,0,0,0,0,0,0,0,0,11,0,0,0,48,0,0,0,0,0,0,0,0,0,26,0,0,0,0,0,0,313,0,0,2,0,10,0,0,0,0,0,0,0,17,0,0,80,0,0,65,0,0,0,0,0,1,0,0,0,46,0,0,0,0,0,0,0,1,0,1,0,0,0,0,0,0,0,0,0,0,8,0,0,0,6,0,0,0,0,0,0,0,0,0,0,0,0,0,0,0,0,0,0,28,0,0,0,0,0,3,0,0,0,0,0,36,0,9,0,0,0,0,0,0,0,0,0,0,0,0,2,0,0,0,0,1,0,0,0,0,0,134,0,0,0,2,0,0,0,0,0,0,0,0,1,32,0,0,1,0,0,0,0,0,4,0,0,0,0,0,0,0,0,0,0,0,0,0,0,0,0,0,2,0,0,16,0,0,0,0,0,0,0,0,0,0,0,0,0,0,0,0,0,0,0,0,0,11,0,0,0,0,0,0,0,0,0,0,0,0,0,0,0,0,0,0,0,0,0,0,0,0,0,0,0,0,0,0,0,5,0,0,44,0,0,0,0,0,0,0,0,0,0,0,0,0,0,0,0,49,0,0,0,0,0,0,0,0,0,0,0,0,0,0,0,0,0,0,0,0,0,0,0,0,0,0,0,0,0,9,0,13,3,0,0,0,0,0,0,0,0,0,0,0,0,0,0,9,0,0,15,0,7,0,0,0,0,0,9,0,0,0,0,0,0,0,0,6,0,0,0,0,1,0,0,0,0,0,0,0,0,0,3,0,0,0,0,0,0,0,0,0,0,0,0,0,0,37,0,0,0,0,0,0,0,0,0,0,0,0,0,0,0,0,0,0,0,0,0,0,0,0,6,0,0,0,31,0,0,0
"gene_967",13,3261,12,132,4140,20,6122,10382,6829,11750,5,3,747,3917,7,776,2794,6556,936,754,13,214,3297,1607,316,206,76,1391,866,195,10,137,627,4815,682,2947,1516,12842,1702,2444,16524,0,88,240,2395,183,894,250,2,2567,23163,2649,3,8328,214,242,20182,10699,186,4098,654,840,155,54,1293,1632,671,2683,242,6315,9508,19,505,837,19,2291,674,1305,1060,1520,19,2623,31,341,21976,1208,221,15210,83,4949,8746,22,1227,4795,7526,81,1,258,666,127,11008,187,4039,2266,0,1,12305,2393,32,606,0,561,222,3067,720,3684,123,73,16397,0,6375,2657,579,654,92,11,88,2120,4793,339,1,180,1141,1205,0,9663,202,21664,1682,2277,7256,293,7591,2110,541,0,1627,11953,6470,0,5,0,0,52,5139,4796,17705,0,10765,1469,34,6381,234,3529,0,22,5701,38,740,34801,3944,28,2788,254,9237,279,0,3,18285,288,69,10731,3,8793,246,110,1273,729,1735,14,615,17,108,2505,3992,2,41,1394,16860,5435,102,2024,4,1741,354,7,8892,7968,111,5728,23868,58,1178,3198,191,72,18,20047,5340,3727,94,862,34492,16,10808,12493,244,5004,4169,332,670,9381,29,8924,156,1491,1897,342,1024,56,37,3565,335,230,23616,233,838,2472,892,4262,3586,3633,255,4301,65481,26336,2396,447,3549,8492,10665,21050,12998,3160,11549,6458,1350,595,1326,5980,13815,6760,8633,3381,13774,999,2919,3319,5179,313,286,1025,56203,1596,2509,908,11076,4838,12014,13586,8143,7211,57,1678,27114,1462,67,2485,12264,296,2559,8433,128,238,15700,1325,5818,526,1434,9522,6030,692,368,698,2075,11050,247,5066,10618,7162,2902,2382,225,1088,606,8685,4643,6034,4210,5260,4281,79,4475,3567,729,2653,948,26029,1734,930,435,7099,8336,645,6267,87,11235,2795,2484,3154,785,1923,5521,16133,20013,3845,6710,343,10130,9661,469,17005,3044,34699,3553,380,1077,7206,1696,2785,1649,11401,6602,905,11070,7765,3127,14072,25860,307,1105,57424,5809,3770,6219,383,1733,1990,4299,1193,4892,8223,4126,8639,17892,3480,1583,3808,12461,15967,10325,613,3638,28864,6345,1124,7449,1282,5414,3097,330,126,54139,36,2765,4593,3259,4297,17167,10962,8675,1170,17694,649,4210,6066,19701,2046,6784,13128,1037,13583,3004,1359,1181,71,1818,64,2097,366,625,373,661,478,7673,24,73,1804,3408,11931,7333,0,507,29,508,553,12194,122,2806,15551,4719,110,21,1,69,0,131,1514,18,58,1,7679,9220,21,909,2,187,335,671,2229,445,11840,6372,2738,5898,1978,2241,4436,178,0,51,148,1569,810,6,2814,1829,711,1566,2,2117,9680,113,73,2,7794,2269,6397,147,206,7771,9706,1473,826,557,2141,417,12,435,131,99,1697,4,6,764,5160,308,9409,317,11,1072,1827,1982,17466,0,5796,4763,18,968,7,3645,104,16,0,56,0,1560,2828,2956,1040,923,39,4535,1,1579,1125,8,737,1327,1599,14,10844,25508,2,539,397,3000,4694,388,1018,0,1111,0,993,34,0,0,0,841,6,4,16,35,1781,8149,4,0,5650,6269,11,38,0,11950,1280,1,211,54,0,0,6,14,0,8633,1099,1208,129,0,78,0,1123,27797,0,4289,33,9267,344,38,450,0,10,0,6616,205,19,2,2771,1338,1768,0,0,0,58,13126,0,10389,1063,0,18,186,67,426,4029,3,51,115,5,22379,315,25,240,26,3,0,3,18,0,3241,800,86,0,2,0,3375,1194,11345,676,2830,0,16,56,273,3958,126,10,48,1,724,3225,7,4047,0,0,28,32,4,53,5589,5894,30343,1767,616,33,0,0,0,58,6762,0,0,1065,626,22,0,5,0,59,5500,1390,0,27709,0,59,329,1259,137,11544,9,3602,0,395,0,0,2,7512,88,34,2705,3385,0,20937,25,51,8,0,4045,0,1213,445,219,17,326,13,76,1495,3563,38145,259,13,0,9,1746,0,1217,0,0,2486,0,799
"gene_968",8,30,127,907,0,121,771,2552,0,10563,1658,1247,58,5806,0,1294,6914,224,360,15,727,1105,325,13,76,2469,6697,3264,175,2192,865,773,0,589,205,5256,774,2112,266,0,5616,316,6,80,389,0,105,9,456,6832,3044,295,85,327,79,173,0,1583,230,0,4699,4,3498,5552,5654,5,155,5949,0,139,2567,0,368,1,0,372,2,2715,95,147,1296,4,763,1321,72,840,41,5,387,266,974,97,834,23,2906,473,43,0,1,21,58,31,0,5411,934,292,8083,17,25,14,3,1209,651,541,1,0,3,0,1,2174,680,0,4,20,6,2852,215,1536,18,4039,0,0,7,89,98,0,3,3630,17522,1,50,12,2674,1342,160,9778,527,857,7,1,0,1,1,38,729,1539,29571,15,284,179,7834,0,5464,67,56,16233,123,57,40,2374,2,493,54844,1161,53,4671,2,5,4816,3191,16,1173,3749,801,0,528,6105,215,0,349,6818,69,4835,960,351,0,6,1288,2046,42,4513,4251,3522,0,8,601,3,14,1,3059,0,34,826,13,10411,2152,0,0,3310,0,11,31,3167,955,6262,2872,2802,470,746,0,1,70,62,663,137,1434,0,1048,7,1,2124,0,9,5559,6493,0,7229,2,0,1270,12898,1,406,36,0,7396,5,61,0,1620,3913,336,849,21,2,760,1454,2836,796,13766,40,1155,1367,6804,7303,8,92,384,218,117,542,157,824,7197,165,935,438,1190,107,172,749,67,2179,3556,268,1,136,1,6549,404,1597,0,59,247,6423,1,1172,8,968,157,402,3457,252,607,3843,2024,20,0,3671,1124,390,2004,2030,771,1330,484,5666,623,2,8,2582,957,181,180,407,14976,8726,2349,4,225,1,621,1412,4550,5506,151,123,15,3847,740,530,11227,308,9022,4368,890,751,4815,20,3400,282,621,15010,46,3263,1471,1001,17,1027,25534,1,4065,8,4,4389,1000,5741,296,20219,3284,23596,4132,1398,6,7,391,7739,87,286,10,4424,176,1257,5434,747,4739,0,134,4948,7189,1488,451,825,266,2704,287,1284,1128,159,2623,97,15,2367,1781,153,1476,3830,410,132,422,10170,756,7130,2318,11,192,124,436,4311,592,783,1531,1252,475,238,0,1168,4,524,797,0,22,0,2023,490,1709,58,130,259,360,159,2,14,8,155,5354,4089,17,35,229,46,0,0,0,2,650,1,0,6,4,4715,2199,737,2123,161,7,131,533,1099,478,106,137,0,0,2,0,354,270,348,40,0,42,515,1399,109,0,67,225,24,626,0,302,343,3892,616,9562,0,0,3,2839,0,541,3590,9,93,836,1024,2167,608,5445,103,1024,60,26,65,40,239,705,1595,1,3460,11,0,278,882,2149,131,21,94,2784,1,79,0,34,6482,0,460,0,722,1286,232,551,0,65,0,1374,3650,4,0,135,276,30,490,143,443,77,0,516,21,2,0,7918,30,5532,592,0,1769,546,43,326,1211,411,36,1091,478,7504,11984,0,2911,5,6461,30,6926,4,1,1,172,4,21,0,2367,2574,8,0,2,0,0,27,4808,0,0,1708,1249,14146,118,0,0,104,4059,9279,1,0,275,0,4304,17,756,1096,232,21,0,1067,47,671,4,1,0,0,736,19,120,1,359,40,0,0,155,12004,356,0,24,4128,22103,1,0,266,13,0,244,220,0,1,789,10,11,14895,1,415,3447,0,0,5800,287,24,4339,8,0,4034,9,1443,202,2,185,2,0,3141,1832,2,70,74,97,7150,793,0,5,9,251,19012,229,68,1364,3,12,0,3,313,0,16,999,369,27348,2976,499,0,7,301,40,0,0,1187,145,0,0,0,1802,0,0,0,0,98,2253,1,0,224,0,11031,4172,75,8,0,2037,6,18013,1673,0,1568,119,5,2,0,149,0,0,7707,1,270,2555,0
"gene_969",0,0,61,0,207,6,3,0,12,1,0,0,0,0,0,0,78,0,0,0,0,0,0,0,138,0,0,0,0,0,0,0,0,56,28,0,0,0,0,2,0,48,0,0,0,0,0,0,0,6,0,512,0,0,0,0,0,0,0,622,0,0,0,76,0,4,0,68,0,0,0,0,235,5,0,0,0,2,597,1,0,0,0,0,43,176,0,0,17,952,0,0,0,0,0,0,0,105,221,0,0,0,0,309,0,0,0,0,0,0,0,1,0,0,0,0,0,7,0,0,0,254,0,0,0,0,0,282,0,1278,0,0,0,0,0,0,0,0,0,0,0,0,1081,1070,0,0,0,0,0,0,0,0,0,0,0,0,0,0,0,0,0,18,0,0,0,0,40,0,0,0,0,0,0,0,0,0,0,0,1,0,0,0,0,0,0,0,70,0,1,0,0,489,0,0,0,0,0,174,1,0,0,0,0,0,0,0,0,0,0,0,0,7,0,4,0,2,0,0,0,0,6,0,751,0,0,0,0,0,0,873,0,0,0,0,22,27,0,0,0,0,0,528,0,0,0,0,0,1285,1,1444,0,0,0,0,0,0,0,0,0,870,5,0,64,0,0,0,0,0,0,0,0,594,0,0,5,0,0,0,461,0,0,0,0,0,49,0,0,0,0,2,0,0,0,0,0,0,0,0,0,0,0,0,0,0,0,0,0,0,1,0,0,0,0,0,0,2,0,0,0,0,0,0,0,2,0,1,0,0,0,0,0,0,0,0,0,0,0,0,0,0,0,0,0,0,0,0,0,0,0,0,0,0,0,0,0,0,0,0,3,0,0,0,1,0,0,0,0,0,0,0,0,0,0,0,0,0,7,0,0,0,0,0,0,0,0,0,1,0,0,0,0,0,0,0,0,104,0,0,3,0,0,0,0,0,0,2,0,0,0,0,1,0,0,0,0,0,0,0,0,0,0,0,3,0,0,0,0,0,0,0,0,0,0,0,0,0,0,0,0,0,0,0,0,0,320,0,0,0,1,0,0,0,0,0,6,292,0,0,0,0,0,0,0,0,9,0,310,0,0,0,0,0,0,0,0,582,607,0,19,0,0,0,0,0,0,0,0,0,0,0,0,0,0,0,0,0,0,0,0,0,0,0,0,0,646,0,0,0,0,0,1957,0,0,0,0,0,0,0,0,0,0,0,1,0,0,0,0,0,0,2,0,0,0,0,0,0,0,0,0,0,81,0,122,0,0,0,69,0,0,0,0,0,50,0,88,0,0,0,27,0,0,0,0,0,0,0,0,0,0,0,158,0,115,0,0,0,2,0,2,0,0,0,0,0,0,0,0,0,0,0,0,0,0,0,1,0,0,0,0,0,0,0,0,0,0,0,0,0,0,12,0,0,0,0,0,0,0,0,0,0,27,0,0,0,0,0,0,0,90,0,0,0,0,0,0,0,0,0,0,0,0,0,0,0,0,0,1,0,0,0,0,0,0,0,0,0,0,0,0,0,0,0,7,0,0,0,0,0,0,0,17,0,0,0,0,0,0,0,0,0,0,0,0,0,0,0,0,0,0,0,0,0,0,0,0,0,0,0,0,0,0,0,0,0,0,0,0,0,0,0,0,0,0,1087,69,0,0,12,0,0,0,0,1,0,0,0,0,0,0,0,0,0,0,0,0,0,1,0,0,0,0,0,0,0,0,0,0,0,11,0,0,0,0,0,0,0,0,0
"gene_970",0,0,0,0,0,0,2,0,0,1,0,0,0,0,1,1,0,2,0,0,0,0,0,0,0,0,0,0,0,0,0,0,0,1,0,0,0,1,0,2,0,0,0,0,0,0,0,0,0,0,3,0,0,1,0,0,0,0,5,0,0,0,0,1,0,0,0,0,0,1,1,0,0,0,0,0,0,2,0,0,0,0,1,1,0,0,0,0,0,0,1,0,0,0,0,0,0,0,0,0,0,0,0,0,0,0,0,0,0,0,0,0,0,0,0,0,0,0,0,0,0,0,0,0,0,0,0,0,0,0,0,0,0,0,0,0,0,0,0,0,0,0,0,0,0,0,0,0,0,0,0,0,0,0,0,0,0,0,0,0,0,0,0,0,0,0,0,0,0,0,0,0,0,0,0,0,0,0,0,0,0,0,0,0,0,0,0,0,0,0,0,0,0,0,0,0,0,0,0,0,0,0,0,0,0,0,0,0,0,0,0,0,0,0,0,0,0,0,0,0,0,0,0,0,0,0,0,0,0,0,0,0,0,0,0,0,0,0,0,0,1,0,0,0,0,0,0,0,0,0,0,0,0,0,0,0,0,0,0,0,0,0,0,0,0,0,2,0,0,0,0,0,0,0,0,0,25,0,0,0,0,0,0,0,0,0,0,0,0,0,0,0,0,0,0,0,0,0,0,0,0,0,0,0,0,0,0,0,0,0,0,0,0,0,0,0,0,0,0,0,0,0,0,0,0,0,0,0,1,0,0,0,0,0,0,0,0,0,0,0,0,0,1,0,0,0,0,0,0,0,0,0,0,0,0,0,0,0,0,0,0,0,0,0,0,16,18,0,0,0,0,0,0,0,0,0,0,0,0,0,0,0,0,0,0,0,0,0,0,0,0,0,0,0,0,0,0,0,0,1,0,0,0,0,0,0,0,0,0,0,0,0,0,0,0,0,0,0,0,0,0,0,0,0,0,0,0,0,0,0,0,0,0,0,0,0,0,0,0,0,0,0,0,0,0,0,0,0,0,0,0,0,19,0,0,0,0,0,0,0,0,36,0,0,0,0,0,0,0,0,0,0,0,0,0,0,195,0,61,0,0,0,0,0,0,0,1106,0,0,1,0,0,0,0,0,0,0,0,0,0,0,0,0,0,0,0,0,0,0,0,0,0,0,0,0,0,0,0,0,0,0,0,0,0,0,0,0,0,0,0,0,0,0,0,0,0,0,0,0,0,0,0,0,0,0,0,0,0,0,0,2,0,0,0,1,0,0,0,0,0,0,0,0,0,0,0,0,0,0,0,0,0,0,0,0,0,0,0,0,0,0,0,0,0,0,0,0,0,283,77,0,166,0,0,0,0,0,0,0,430,0,0,0,0,0,0,0,0,0,0,0,0,401,0,0,40,0,0,186,0,0,5,1411,0,0,3039,0,0,4,0,0,1,0,0,148,0,0,0,0,0,0,0,0,8,593,40,0,0,0,0,0,0,0,0,0,0,4,0,0,0,0,398,0,0,0,0,0,0,0,0,0,0,0,358,0,0,0,0,0,0,0,0,0,0,0,0,0,0,0,0,0,0,0,0,0,2,0,0,50,0,0,0,0,0,0,0,0,0,4,0,1695,0,251,0,0,0,0,0,0,0,0,329,0,0,0,2,0,0,0,0,0,3905,0,0,0,0,382,0,55,0,1,0,0,0,0,0,84,0,0,0,0,0,0,41,0,0,0,0
"gene_971",381,0,3,10,0,0,1175,30,192,100,8,0,29,0,0,45,6,3234,126,72,0,0,4622,0,0,40,0,0,0,40,28,0,0,2133,0,6,0,0,0,0,0,0,12241,189,20,0,0,0,415,0,0,0,30,8,2017,0,0,0,158,2541,0,0,0,506,0,34,0,0,281,101,65,0,0,0,252,2,0,3,0,12,8,2,0,0,0,2278,0,0,2224,1,2279,0,1219,0,0,0,0,0,4,789,0,402,2,0,0,111,0,0,0,0,0,2,0,0,0,0,87,0,0,0,8,0,0,0,0,0,0,0,0,231,0,0,0,62,42,0,0,37,0,347,0,13,0,0,0,0,443,0,7,0,0,3,0,57,0,1077,0,8,0,0,933,1,0,0,0,9,0,0,0,31,0,0,4,0,0,0,0,0,42,0,56,0,0,1053,0,0,0,0,2,40,0,0,0,100,0,0,0,11,0,0,233,4501,0,0,0,0,0,0,0,0,0,484,1,0,0,0,0,0,0,0,0,216,0,0,0,0,0,0,0,0,0,4344,0,0,0,0,0,0,364,0,0,47,0,0,0,0,1009,0,0,424,0,0,0,0,0,0,0,3,0,4,0,0,0,0,18,0,0,0,4,0,0,38,0,0,2,6,0,131,130,1,0,0,1003,627,0,0,0,24,0,525,0,80,0,29,45,0,236,0,0,623,0,5,0,2,0,41,0,0,0,80,0,0,0,7,18,1336,11,2,0,100,0,290,0,0,123,0,0,0,0,8,0,0,2,1436,0,0,0,2,8,0,0,0,0,0,0,0,0,370,576,3,0,139,3917,0,46,0,0,866,0,0,1,796,0,0,1987,0,0,0,0,0,0,391,5,27,0,2207,0,309,0,0,0,0,0,0,0,47,7,0,0,1,1,897,0,1863,0,0,0,0,0,0,573,0,0,0,0,45,0,1674,3575,0,0,6,6,19,0,89,576,2,2923,0,0,0,0,10293,159,641,115,0,12,47,8,82,19,3,0,2773,594,11,0,106,103,15,109,4000,0,437,35,37,1,233,0,0,984,72,72,793,0,1,0,2,52,44,2,561,16,0,1,4,253,331,8,6,10,5,812,181,56,142,30,4,67,5,0,0,58,0,46,1,9,945,192,7,14,0,1584,0,15,32,0,4,19,5,0,0,43,1673,485,943,7,245,6,107,266,4,27,4,8,358,0,0,0,1695,5505,20,0,309,121,2151,0,1,4700,0,0,11,0,935,0,2321,0,3531,51,0,0,0,0,4216,305,10,0,0,1,0,806,618,0,0,53,0,0,132,1,32,173,0,1941,39,0,3451,0,0,40,191,0,0,353,3581,0,62,0,739,0,0,8,0,0,0,0,13380,0,0,0,0,267,0,16,0,0,0,4120,0,733,0,1752,0,0,0,62,0,2188,183,0,563,0,1428,0,19,0,4,0,4,1,0,0,0,0,226,0,79,0,1230,0,6,0,0,0,297,0,21,0,0,73,0,3,0,158,3,0,0,0,253,0,1029,0,0,0,22948,0,256,0,0,0,372,0,0,0,0,0,915,2,0,0,102,0,1088,1,0,0,2,0,1,5,0,0,43,0,0,2057,0,49,0,1,1206,0,897,35,0,0,0,0,0,5,1,54,0,0,45,0,0,0,0,0,0,185,1,0,34,175,0,0,0,341,67,4076,2976,0,0,0,0,88,2714,5,0,0,166,0,0,0,15,1245,0,65,0,89,0,0,826,0,0,0,0,37,0,1301,0,0,0,0,0
"gene_972",0,0,20,0,0,160,0,0,380,0,0,816,1,0,0,0,0,3,0,0,0,0,1,0,0,0,0,0,0,0,0,0,0,0,0,6,2,0,0,0,0,0,0,0,0,0,0,3,645,0,0,700,0,0,51,0,279,4,7,0,0,0,0,0,104,0,0,0,239,0,1,0,0,4,28,0,0,248,0,0,0,2,0,0,0,0,0,12,0,4,54,0,0,0,0,0,419,0,0,0,0,0,0,0,746,1,669,354,0,0,664,0,0,0,3471,23,1194,0,0,5534,0,0,0,0,0,0,0,0,87,0,364,1,0,13,1,339,0,0,0,0,0,0,0,0,0,0,0,0,0,0,0,154,0,0,179,0,0,0,0,0,0,0,0,1523,0,632,10317,0,52,0,3,27932,0,0,0,0,0,312,0,1,0,1897,0,0,0,0,69824,4673,5,0,0,3721,1,29,0,486,0,0,0,2,0,7,0,0,0,2,35,8,73,0,14,0,48,3504,0,0,0,0,2,0,0,0,18,0,5103,0,157,0,10,0,0,2035,197,0,0,0,0,0,0,112,0,0,0,0,0,0,0,0,205,0,0,15,0,1,7361,0,0,0,0,6,0,1,14,0,0,0,8,0,0,0,0,2,0,280,0,23,32,0,129,0,0,0,1,0,59,0,0,0,0,1,0,0,1,1,735,1,15,32,0,0,3,0,0,83,0,0,0,624,11,0,0,0,1165,2,0,422,0,1369,0,119,0,0,3,971,305,711,0,73,0,0,0,0,84,44,329,106,4,0,431,0,0,0,1,509,0,0,0,0,0,0,51,0,0,156,112,457,0,0,0,0,0,0,37,139,51,0,0,0,63,363,0,17,12,1,0,5593,0,0,1,4,0,0,0,10,629,0,0,232,11,0,1104,0,64,0,0,0,0,0,0,0,0,0,91,0,320,468,1140,2,0,18,1,0,44,0,10294,0,0,3,503,2,0,1720,0,0,1,0,33,0,3,0,93,0,25,204,31,627,4,6,1947,10,350,56,11,1604,6,3,412,437,10,207,420,357,0,0,1,24,1812,615,0,44,109,0,1226,274,0,204,4449,7,0,402,1429,1,0,1,551,13,0,1,610,2,151,1326,180,7,1272,96,10,5,832,0,284,435,41,964,474,64,104,57,0,0,579,116,2644,3,22,698,242,0,43,979,39,2167,0,346,3,34,10,1,60,220,493,625,80,498,135,3810,13,42,0,0,2884,484,412,15,2,7,8,54,267,224,804,8,86,2659,2073,1636,151,291,141,509,18,27,452,2,604,31,28,1,13,43,0,4337,412,128,0,8,239,0,0,0,278,0,4,2703,21,72,1,37,132,0,0,7,8,1,6,2010,1105,99,17,1,0,3,117,1,84,22,631,0,2230,1027,1904,0,2928,3,662,0,0,12,0,0,3,0,1,37,204,1,662,0,93,463,0,458,127,2307,0,0,3478,3953,61,639,1,0,12,60,748,1138,7751,0,0,0,9,4,1,23,2,0,7304,0,0,0,1886,60,6,326,0,38,14,759,0,0,0,1414,0,8,0,0,26,0,0,208,0,0,3,0,1802,1893,506,1010,3,0,265,0,0,0,0,0,305,14,3,6,0,2,0,255,153,2374,0,263,2,1217,116,1337,3717,0,92,0,325,0,0,21,21,0,0,27,68,1288,0,0,1,1076,0,439,0,28,3022,2985,32,0,1,16,191,0,1042,0,239,103,173,0,0,0,70,599,4249,1313,224,299,0,8343,51,4258,0,0,0,35,3613,0,54,0
"gene_973",0,0,0,0,0,0,0,0,0,0,0,0,0,0,0,0,0,0,0,0,0,0,0,0,0,0,0,0,0,0,27,13,0,0,0,0,0,0,56,0,0,94,0,0,0,0,0,0,0,0,0,0,0,0,0,0,0,0,0,0,0,0,0,0,0,0,0,0,0,0,0,0,4,0,0,0,0,0,0,0,298,0,0,0,0,0,19,0,0,59,0,0,0,0,0,0,0,0,0,0,0,0,0,0,0,0,0,0,0,0,11472,0,0,0,0,0,0,0,0,0,0,0,0,21,0,0,0,0,0,0,11,1723,0,0,6,0,0,0,0,0,0,0,0,0,0,0,0,0,0,0,0,3,10626,0,0,29,0,0,6,0,0,0,0,0,0,0,0,4671,0,0,0,1,0,0,0,0,0,0,0,0,1645,0,0,0,0,0,0,0,0,16974,0,0,0,0,0,0,0,15,0,0,0,0,1,0,238,31,0,0,0,1,0,1867,0,0,0,0,72,7,382,0,0,0,0,0,0,0,0,0,0,0,0,0,0,0,0,0,55,0,83,0,0,0,0,0,0,0,0,18,0,2137,0,0,0,1,83,8856,0,710,0,0,0,0,0,0,0,0,0,1,0,0,0,0,0,0,0,2,0,0,0,0,0,0,0,0,0,0,0,0,0,10,0,0,0,0,0,7,0,90,0,0,0,0,0,0,0,1,0,0,0,0,0,1,0,0,0,0,0,0,0,0,0,0,0,0,0,0,0,0,0,0,0,0,0,0,0,0,0,31,0,0,0,0,0,0,0,16,0,6,1,0,0,0,0,0,45,0,0,0,133,0,0,0,0,0,0,1,0,0,0,0,0,0,0,0,0,0,0,0,0,0,0,0,0,0,0,0,0,0,0,0,0,0,0,0,0,0,0,0,0,0,0,0,0,0,0,0,0,0,0,0,0,0,0,0,17,0,0,0,0,0,0,0,0,0,0,0,0,0,108,0,0,0,0,0,0,0,0,0,0,0,0,0,0,0,0,0,0,0,0,0,0,0,0,0,0,0,0,0,0,0,14,0,0,0,0,0,0,0,0,0,0,0,2,0,0,0,0,0,0,0,0,0,0,0,0,0,0,0,0,0,0,0,0,0,0,0,0,0,0,0,0,0,0,0,0,0,0,0,0,0,0,0,0,0,0,0,0,0,0,0,0,0,0,0,0,0,0,0,0,0,0,0,0,0,0,0,0,0,0,0,0,0,0,1,0,333,0,0,0,0,0,0,19,0,0,2,0,0,0,0,0,0,0,0,0,13,0,0,0,0,0,0,0,0,0,0,0,0,0,0,0,0,0,0,0,0,0,0,0,0,0,0,0,0,0,0,0,0,0,0,0,0,0,0,0,0,0,0,0,0,0,0,0,0,0,0,0,0,0,0,0,0,0,0,0,0,0,0,205,0,0,0,0,0,0,0,0,0,0,0,0,0,0,0,0,0,0,0,0,0,0,0,0,0,0,0,5419,0,0,0,0,0,0,0,0,0,0,54,2,0,0,0,0,0,0,0,0,0,0,0,0,0,0,0,0,0,0,0,0,0,0,0,0,0,0,0,0,0,0,0,0,0,0,0,0,0,0,0,0,0,0,0,0,8,0,0,0,0,0,0,0,0,0,0,0,0,0,0,0,0,0,0,0,0,0,0,0,0,0,0,0,0,0,0,0,0,0,0,0,0,0,0,0,0,0,0,0,0
"gene_974",41,1,0,18,0,2,115,0,350,22,0,968,0,8,0,7,0,1529,0,53,8,1,179,6,0,0,0,0,0,439,118,0,0,0,72,0,2,0,0,0,318,0,0,0,0,1569,3,3,61,0,0,0,0,1294,85,2458,301,0,70,1,1083,10,0,0,110,216,6,0,2118,1,2,1085,0,6,46,0,1046,64,0,0,78,219,113,0,0,0,121,42,0,7,0,2690,0,0,560,0,1,391,4,0,0,0,48,0,0,0,0,1270,0,0,26,0,0,40,0,0,0,0,1426,0,1,468,27,14,60,0,1,0,469,0,316,29,8,638,29,312,37,545,12293,178,1055,10,1,0,10352,1,0,100,784,4,0,22,22,2561,73,2606,326,0,0,62,298,2408,131,1,332,8397,35,0,0,0,120,11264,86,0,0,0,389,3167,0,120,21318,0,0,24,267,0,1109,213,1063,4531,11800,0,2607,1567,4,0,0,0,0,0,23159,19,0,0,0,0,97,36,0,0,0,0,0,0,0,0,0,0,3279,0,0,0,0,982,0,0,0,0,0,0,124,0,0,0,2,0,0,8093,94,0,0,0,302,4,0,0,0,0,0,0,0,3,0,1,1971,126,0,0,0,0,0,10,1079,167,34,0,791,59,70,34,0,23,335,0,8908,1,26,0,301,0,0,0,358,330,0,0,0,4348,106,0,0,0,0,0,2284,667,10,0,640,0,0,31,12,0,172,6,0,21,19,21,61,0,9,66,0,116,211,1,0,1,0,898,0,983,0,0,0,0,13,0,1,87,3237,0,0,10,151,1,3,8,0,4,2,313,55,63,7,0,3,740,5,0,0,0,27,193,84,96,0,0,5,0,2037,0,51,0,3,0,2387,130,399,485,5322,444,4923,0,407,21,358,0,1963,203,108,1,0,575,0,0,0,0,196,20,311,49,1,26,10,0,1120,344,62,1,0,12,316,3,0,0,573,673,5,0,498,0,19,0,12,85,17,74,198,1,0,7,201,0,1,0,0,45,8,191,2,18,0,62,10,9,0,13,480,0,0,396,97,0,11,0,666,169,3,0,55,4,2,3796,5267,12,0,254,0,4,9,684,0,1251,181,0,0,601,0,0,110,0,29,2679,41,8475,285,334,53,65,14,233,7,0,4840,2440,8,0,0,69,1870,37,205,2,176,2,2918,7,9,156,1204,14430,8,0,1559,0,0,0,6886,0,1499,60,2,13,47,0,0,0,144,0,39,157,1746,6,5305,0,87,347,0,0,1,1453,1,3568,11,0,21,2577,2210,0,0,0,4,0,5900,4371,124,20,1479,1836,1,5,11,0,0,0,19,12428,0,0,4610,1,0,0,3101,0,0,3,0,0,0,0,3,272,540,0,3716,0,0,3201,0,0,0,3,0,0,13,0,0,8,0,0,377,11,43,0,0,1,0,0,10,0,0,0,1303,0,46,0,0,0,0,0,0,0,0,326,0,0,30,4,19,487,0,36,0,0,2,0,0,0,0,117,0,0,0,0,0,94,0,0,0,0,357,629,0,0,0,0,0,0,0,1,45,51,0,0,0,12,0,12,11,0,163,2501,0,0,2929,0,0,137,11,18,0,0,161,0,0,0,2491,0,6138,0,0,0,0,0,0,0,0,7,520,21,2710,0,0,0,0,0,0,2,0,0,0,0,23,0,0,0,749,0,0,902,21,0,0,0,0,0,0,0,0,0,586,8,0,0,0,0,0,0,0,0,0,0,2036,1,713,0,0,0,331,0,0,32,0,0,0,4,0,616,0,76,2720,0,0,0
"gene_975",0,0,0,0,28,333,0,50,0,0,0,1,96,0,8,0,1057,336,1,3,0,235,0,0,641,229,42,0,0,870,0,2,5,7,3,527,0,0,15,31,22,59,2,0,3,0,731,0,0,0,403,471,585,0,13,1,0,0,0,0,3551,0,0,0,0,12,0,1,0,825,308,0,0,0,1,0,19,59,0,0,2126,59,50,1,0,0,0,0,1,15,0,0,0,0,0,13,0,0,1,172,0,0,0,7,0,11,904,0,78,0,0,0,18,0,0,0,0,0,246,0,294,0,0,0,0,0,0,7,2130,0,0,1,0,1,0,6,0,0,0,0,0,0,0,0,1,0,192,10,0,8,0,927,0,0,0,312,0,1,3,0,7585,0,0,0,1496,528,400,0,0,0,1187,0,0,105,0,0,0,6,189,146,0,0,1,0,0,0,0,0,0,0,0,34,0,401,0,0,0,0,0,0,0,0,0,0,0,0,8,0,0,0,0,0,0,0,0,0,0,0,0,0,0,0,0,0,0,0,0,0,0,0,0,3,0,0,0,0,0,0,0,0,0,0,0,0,0,16,0,0,0,0,0,0,131,0,0,0,0,0,0,0,1174,0,0,0,0,0,6,0,0,0,0,0,59,0,0,0,0,13,0,0,0,5,731,96,0,0,1,0,0,320,0,0,66,0,0,0,0,0,0,0,0,0,0,1,229,0,1,375,0,0,0,0,55,0,0,0,0,8,0,0,0,1,0,9,0,5187,0,0,0,0,32,0,0,0,0,0,1,0,0,0,0,0,102,0,0,0,0,0,960,0,1953,50,0,384,0,122,5,0,383,37,398,0,0,986,0,0,0,0,0,0,1657,0,36,0,0,6,0,0,10,25,607,0,0,2622,5,0,0,0,0,767,0,0,0,0,0,0,29,0,1,0,163,118,0,0,178,0,0,0,6,0,2594,726,0,0,0,0,117,0,0,0,0,38,469,5,0,0,0,0,0,0,0,569,32,0,0,0,140,0,0,0,0,0,0,0,0,0,0,39,0,0,0,0,0,0,0,0,35,0,352,0,0,199,0,0,0,0,0,0,0,0,1,0,27,0,0,0,0,38,0,7,0,0,0,833,0,0,0,61,0,0,787,0,0,0,0,0,0,0,42,43,0,0,0,1,0,19,0,0,124,23,0,0,0,0,0,1,1,0,0,45,0,194,0,101,0,0,0,0,0,0,0,1,0,119,0,0,0,1,0,0,0,0,0,8,1,0,0,0,0,0,0,0,0,0,0,0,18,17,1,256,0,60,0,0,0,0,0,0,78,0,0,0,0,0,0,0,0,4,0,0,0,190,0,0,1,344,0,0,0,0,0,0,0,0,0,3,0,0,0,0,0,0,0,4,0,0,0,2,0,0,0,0,0,0,0,0,0,87,0,0,0,0,36,0,1617,1,0,13,0,753,0,0,1345,0,0,0,0,0,661,0,0,0,0,0,0,0,0,0,14,0,0,0,0,0,1063,2548,0,581,3,0,424,0,0,0,0,0,1456,12,0,0,0,0,0,0,0,0,0,1896,257,0,0,0,0,5,1395,0,0,1118,0,0,0,0,0,0,0,3374,290,0,0,3,0,0,5795,0,0,0,4134,26,54,13,0,0,0,0,0,0,0,0,0,0,0,17,497,0,0,0,0,0,0,0,0,455,0,0,0,0,0,0,0,0,0,0,0,0,0,0,0,1,0,0,0,25,0,0,1,0,0,0
"gene_976",0,0,0,0,0,0,0,0,0,0,0,0,0,0,0,0,0,140,0,0,0,1,0,0,0,0,0,0,5,0,0,1592,0,84,0,0,0,18,1,0,0,0,1,0,0,0,3119,0,0,26,0,0,0,56,0,0,382,0,1121,0,0,0,0,0,0,0,10,0,0,1,0,0,0,0,0,0,806,0,0,0,0,0,0,0,4,14,0,0,0,0,0,0,0,0,0,0,0,0,0,0,0,0,0,0,0,0,0,0,0,293,0,0,0,0,0,0,0,0,0,0,0,0,0,0,0,0,0,0,0,0,0,0,0,0,0,0,0,0,0,0,0,0,0,0,0,0,0,911,0,0,420,0,0,0,0,0,0,2,0,3,0,0,0,0,0,0,0,0,0,0,0,0,0,0,0,0,0,0,0,0,0,0,0,1,0,0,0,0,0,0,0,0,0,0,0,0,0,0,0,0,0,0,0,0,0,0,0,0,0,0,0,0,0,0,0,0,0,0,0,0,0,0,0,0,0,0,0,0,0,0,0,132,0,0,0,0,0,0,0,0,0,0,0,0,0,5,0,0,0,0,0,0,0,0,0,0,0,0,0,0,0,0,0,14,0,0,0,0,0,0,0,0,0,0,0,0,0,0,0,0,0,0,0,0,0,0,0,0,0,0,0,0,0,0,0,0,0,0,0,113,0,0,0,0,0,0,17,0,0,0,0,3,0,0,0,0,0,0,0,0,0,0,1,0,0,386,0,0,0,36,0,23,239,0,0,0,0,0,0,0,0,0,0,0,0,0,3,5,0,0,0,3,0,0,0,0,0,0,0,0,0,0,35,0,208,0,0,0,0,1,0,387,0,0,0,0,0,0,0,0,0,877,5138,0,0,2,0,0,0,0,0,0,0,0,2,0,0,0,0,0,0,0,0,0,0,0,0,598,0,0,0,0,15,45,0,0,0,0,0,0,0,0,0,85,0,7,53,100,0,0,0,0,164,1629,0,411,0,0,0,16,0,0,43,54,0,81,0,1,1,0,0,0,0,0,87,0,0,0,0,0,0,0,0,0,0,0,7820,0,0,0,21,0,0,11,0,0,0,0,0,0,0,0,0,3,0,0,0,0,0,185,0,375,0,0,0,0,0,0,1,0,0,4,0,0,0,1545,0,7,83,0,0,0,0,0,0,122,1,0,1,0,0,0,0,0,0,0,0,0,0,0,141,6,0,0,0,0,0,0,0,0,0,1,0,5,0,0,0,0,0,1180,0,0,0,0,0,0,0,0,0,0,0,0,769,40,0,0,0,0,0,0,0,0,0,0,0,0,0,0,0,0,0,0,0,0,0,0,0,0,0,812,0,222,0,0,0,2,0,0,0,0,0,0,0,0,0,0,0,0,0,0,0,298,0,0,0,0,1392,0,0,0,0,0,0,0,0,0,0,0,0,0,0,0,0,0,0,0,80,0,0,0,0,0,0,0,162,0,118,0,0,0,4,0,4,0,0,0,0,4307,0,0,0,0,0,0,0,125,0,0,0,3,0,0,0,0,0,0,0,0,515,0,0,0,0,0,0,0,0,0,0,0,1,0,0,0,0,0,0,0,0,0,0,0,0,0,0,0,0,0,0,0,0,0,0,680,0,0,0,0,0,7,0,0,0,0,0,0,0,467,0,0,51,0,0,0,0,82,2605,0,0,0,0,0,0,0,0,0,0,0,0,0,269,0,0,0,0,2,0,0
"gene_977",0,13872,1,23,14269,4,21,1651,4175,0,0,1,22452,4356,0,0,1281,0,1759,206,73,87,9509,6105,401,601,4050,900,0,0,85,595,373,936,1600,1062,0,68,635,0,6228,45,1738,264,12,4684,3,28,54,0,0,3825,0,1,994,0,0,0,42,329,0,1,9,1605,0,51,17,69,220,0,153,37,149,117,1005,38,2125,1,0,8598,124,0,0,192,2,2267,203,5224,0,2892,5,1,2937,3655,2183,33,24,150,1216,386,0,5,8686,2692,0,92,12786,19577,1,750,181,211,0,71,0,4215,497,2,0,3,7054,107,0,529,424,20,98,334,4682,615,448,1650,0,0,0,874,0,6181,1,1566,1506,4236,0,71387,0,6716,7104,0,0,92,1858,14950,1421,26134,1443,18079,115,1147,1291,407,544,151,0,843,96,216,1705,3,1,660,29,2,99058,0,14752,2473,3194,1433,0,100,1432,1107,1076,392,11,34,95,2,675,79,140,12271,1341,9854,0,2204,122,0,0,429,6154,0,6,0,0,0,105,0,0,90,1441,611,0,369,25569,508,50,6,0,0,0,1175,0,3095,0,0,829,14,1430,24853,570,11113,0,60,10005,1820,0,1528,10695,3259,280,29043,19,30,1607,9,95003,1,4,0,0,4,0,0,0,1,93,0,1225,0,9334,450,140,11,0,1308,71,0,156,9633,34,52,15,2219,53,4532,1282,11,4583,54,817,14033,11121,833,0,308,104,801,3106,33,5602,803,21,1995,4142,13,1876,3851,2330,1968,40,0,0,25,306,1888,413,79,13367,60,0,318,0,336,2518,3814,6,9804,3672,646,916,37,1144,49,2315,944,19092,0,1,0,328,721,5,4688,10888,3224,31,32,3166,563,478,11,0,0,7,0,3,5,131,1586,98,3766,720,8,0,278,5,5269,13079,17,18,11,1360,1665,3823,25,16,2289,5149,958,11,7850,5760,4527,9293,0,1347,3162,0,94,0,7638,4,8952,28,2791,3217,8,4386,1,3604,2742,7731,16,1,43,214,548,2327,778,21,474,1719,4320,3476,5,4421,0,4476,97,532,1658,0,255,2382,246,3919,9450,0,242,229,66,182,154,0,20558,113,593,6150,396,262,26087,0,15,263,1661,0,0,0,0,0,0,0,0,30,0,0,0,3,21,48,0,0,0,8,25,0,0,17554,594,0,117,1,1,0,44,0,0,0,448,202,0,74,12,1,0,0,0,210,8,0,0,0,252,0,0,0,0,0,0,0,46,0,0,40,929,2,0,0,0,146,730,0,28087,754,8,1,4442,0,0,96,108,0,0,160,0,0,5,0,0,0,0,0,1,1,508,1,518,0,166,0,0,34,0,0,0,311,0,0,0,0,0,0,0,0,25,0,361,0,1009,43,350,0,31,1,0,890,0,0,0,0,0,459,36,13297,0,0,66,0,0,2,0,1402,0,112,0,11,2144,0,191,115,0,0,1584,2,124,0,439,643,19,64,0,3,3,0,1,0,0,9,0,535,0,0,5,6,580,0,0,113,0,6009,0,0,2,2,0,0,2,0,751,0,373,4191,0,421,0,0,237,2078,22,0,14,14,0,0,0,0,0,248,0,2752,1008,39,0,0,16738,3867,7253,0,1081,0,0,0,0,0,0,0,1414,0,4,0,220,1,0,11591,5,0,530,2166,0,116,0,36,0,0,0,34,0,0,0,51,0,0,4,0,0,0,0,0,0,0,0,0,3,0,23,0,0,66,105,1,0,3667,0,696,95,247,0,6,0,0,1,0,0,0,0,139,7,0,0,0,0,230,0,8,0,1186,1101,0,1,421,3,19,2566,814,0,1,12,0,46,2,289,464,1191,705,3,0,2789,43,0,0,1534,45,808,0,0,0,2
"gene_978",1957,8,551,8,187,43,1230,375,322,111,232,0,91,792,46,644,765,1090,347,62,827,108,18,1448,985,709,2,587,2388,1062,1483,1732,1734,1,1,569,301,497,0,164,2391,1188,20,1878,487,924,2650,10,163,795,78,856,75,98,0,855,146,27,187,986,44,821,290,11,403,508,10,116,162,210,237,565,0,3207,3526,21,383,134,290,319,1722,731,1161,294,4253,23,120,176,0,99,1842,203,932,786,6,230,23,5,758,52,314,159,766,2933,75,1,2469,554,680,1,1198,201,77,0,778,2,11,1,670,29,2,51,261,250,1229,3004,7,0,38,149,64,1,910,1470,6415,1485,1,228,4197,0,31,4,1,53,0,1154,429,590,5190,173,14,32,403,57,80,609,6,19,36,36,0,5786,575,257,0,2932,36,10267,143,3318,2753,42,392,279,67,111,9,272,1612,2758,719,71,185,222,465,1724,59,56,0,397,25,2254,2,829,0,1338,8,4,764,634,100,2090,17,0,1,9,1458,809,483,530,13,191,56,2009,50,26,386,1663,469,1353,452,83,1289,2079,12487,813,8,15,3172,2152,948,1817,1941,4877,2,10483,11611,1282,386,47,513,11739,438,5,196,329,0,64,1077,8,69,1,13002,10,2236,794,4430,2,6,5976,94,68,116,3,150,252,354,36,259,136,444,773,134,805,473,136,600,168,4,34,9,94,136,47,90,217,151,130,69,49,174,253,60,84,34,24,114,248,498,462,394,0,9,512,55,101,32,66,30,132,109,456,64,10,344,155,6,1344,148,45,53,372,130,132,779,198,319,270,0,0,175,31,100,595,384,78,0,39,108,98,0,193,721,88,9,0,35,597,173,7,352,60,480,57,7,3,47,89,282,85,234,110,95,474,273,12,1115,9,268,31,73,4,204,6,2,301,186,388,2,143,44,33,646,1,188,136,0,5,18,347,58,49,56,190,933,5,298,86,70,0,26,25,62,264,30,72,47,20,12,29,12,2,204,36,74,678,74,168,248,79,204,53,13,710,27,1080,5,39,122,173,1199,961,0,0,0,205,0,0,0,0,347,5,189,152,0,0,0,0,0,3,1,66,0,0,0,0,32,32,0,0,6,1,143,0,0,3,0,4,68,0,15,2,0,10,40,0,0,36,8,78,0,14,18,35,105,0,69,0,0,0,2,58,109,0,0,0,40,0,0,33,0,1,0,1,11,35,45,0,0,16,0,18,15,0,751,0,92,397,0,0,24,3,11,29,1,0,0,3,59,5,236,0,215,3,0,0,0,142,0,0,22,38,123,0,29,4,0,0,65,0,0,0,0,242,0,3,0,0,51,0,0,25,228,0,0,0,366,23,112,0,1,53,56,69,119,4,17,26,0,4,220,24,84,0,35,196,0,0,3,0,38,29,2,109,15,0,1,4,0,0,19,0,98,7,1,1,0,2,17,33,0,13,63,72,8,14,13,3,85,5,2,118,46,10,0,14,21,3,41,0,124,13,87,28,413,26,92,24,0,7,0,0,183,127,27,10,2,68,2,57,27,2,6,0,22,11,5,8,0,0,1,5,0,49,5,70,13,0,15,2,4,0,41,0,8,4,0,22,15,12,94,0,2,80,4,0,5,0,4,69,39,0,0,0,112,23,8,8,9,14,91,23,1,22,50,0,6,1,4,0,1,4,7,1,3,2,0,0,7,0,8,11,93,5,0,1,44,23,20,1,6,55,27,12,12,90,5,22,40,55,0,5,41,9,93,3,397,0,2,76,23,153,8,90,4,1,21,62
"gene_979",696,466,131,28,523,194,208,1953,71,689,1564,395,6389,1662,1242,696,889,1850,1318,2214,39,27,39,946,129,1,801,129,975,34,28,1557,533,1308,144,1308,927,3241,39,1691,2226,77,1326,3666,1227,2,53,2755,109,325,1068,3255,560,0,955,329,616,1371,24,32,4707,2276,0,635,421,446,320,365,693,4534,4229,971,12,4,1003,2727,1018,57,813,478,992,101,17,181,2560,60,0,3474,125,32,3972,63,10911,1,10509,1,61499,1007,6,13148,9133,312,2,3,5852,990,259,2,498,0,5920,434,54,8583,2689,0,3179,2716,1118,1851,949,199,2,13,2840,2016,18,0,7148,0,12,0,687,1603,1,0,5260,1306,17922,36495,28691,0,0,17,7387,1797,1,10308,1392,250,3528,7036,265,106,18,5461,5812,2,11062,0,202,143,12230,1,36,965,18,44,86,23797,0,1,1507,0,40071,1603,432,2675,391,22351,59,192,651,569,2125,507,6392,351,161,71,0,0,100,7811,2925,5519,51,964,2808,4825,0,1143,1,23,1575,49,66,21407,1295,720,0,2625,3322,1,19,1,4,1002,1072,1409,244,48,1476,14,3,14626,8620,76,3311,4,35,1438,8514,3,2737,971,783,2127,7895,600,243,249,21561,761,2381,0,273,11488,99,0,23,11204,3859,490,1553,0,0,15,11,2637,7,1,109,20,4372,905,748,265,634,9,113,0,59,3131,4005,6678,2414,3168,4611,150,289,333,7461,13250,727,4339,25,1067,5833,7765,1017,320,2104,308,1017,1925,13,0,8583,40,3580,8,1612,0,6090,582,32,557,3183,78,5770,5848,3,43,440,392,2,964,97,862,659,33,23,1106,4014,2,8195,261,2425,376,4379,2,10814,1983,0,2616,457,1618,13,4801,1057,1,0,3403,0,0,74,63,1038,8,17315,771,3,1424,5,0,1599,4093,572,396,21,677,10,8,696,217,344,108,131,154,3566,1,7,1,499,8000,11,29,725,1212,564,1553,137,59,77,55,1,425,5,0,569,34,599,1984,8304,1061,0,3752,7,3,8342,60,14,5,11,40,428,1166,0,1096,358,7,268,2343,1086,1835,51,24,2,4874,3,50,62,46,271,3391,7771,50,79,2932,290,207,176,63,140,4,298,2,0,232,1038,1444,67,292,54,0,1508,3,486,728,1,399,274,0,0,1123,81,1803,11,91,40,12597,105,1265,1,1245,4,153,0,505,19,150,0,0,1,2,33,7908,303,0,0,86,3,0,0,16,0,7,298,0,903,109,27,0,130,3845,116,98,1,0,156,360,728,0,0,358,2063,0,0,174,1594,37,1,4874,1637,9,54,70,45,1993,3,1383,0,618,14,217,49,0,68,229,973,3,4879,0,2018,1697,21,3631,21,0,0,14,2698,19,1801,0,481,663,38,0,90,68,3484,324,1091,66,716,0,531,298,274,1186,1234,0,245,895,2369,10650,671,1312,0,366,0,0,0,75,0,31,0,1983,0,4,0,8,0,0,0,0,0,3876,0,0,0,42,4714,1,0,0,0,0,0,0,3,26,68,0,39,0,157,0,1,0,0,0,0,1215,36,1,2,0,0,0,0,0,0,1,3527,4172,1830,906,0,0,0,0,0,0,0,116,4095,89,1,0,3,55,86,0,0,0,239,185,1294,667,596,2,4,1,0,0,0,0,439,0,0,203,0,0,58,0,35,0,0,0,0,0,25898,4533,0,0,471,4,4818,0,0,107,0,78,0,0,620,0,0,171,1,2708,0,0,25,7,19,3192,0,6,0,1087,0,0,507,0,0,73,0,0,0,0,4,0,0,10,278,0,0,9,0,0,0,30662,0,0,681,0,0,0,9183,25,0,1,24,90,0,0,0,0,246,580,0,0,8,17,141,112,7,0,0,95,43,22,0,534
"gene_980",0,0,0,0,0,0,0,0,370,0,0,0,0,0,0,0,0,0,0,0,0,2,11,0,268,0,0,0,0,0,0,0,31,0,258,5,0,0,0,242,1,0,0,0,4064,0,2,1,0,0,1,0,60,0,0,0,3,1,0,0,13,0,0,0,0,0,0,2,0,0,6,0,2,0,0,2,0,0,0,0,0,0,0,0,640,192,0,0,2,0,0,0,0,0,0,0,0,0,0,0,0,0,0,0,0,0,0,0,0,0,0,0,0,0,0,0,0,0,0,0,1,0,0,0,0,0,0,0,0,0,0,0,0,0,0,0,0,0,0,0,139,0,0,0,0,0,0,0,0,0,0,0,0,0,0,0,0,0,0,0,0,0,0,0,0,0,0,0,0,0,0,0,0,0,0,0,0,0,0,0,0,5,0,0,0,0,1624,0,0,0,0,0,255,0,0,2,0,0,0,0,0,0,1,0,0,1,0,0,1,0,1,0,0,0,9,0,0,0,7,6,0,0,3,0,0,0,8,0,0,0,1,0,0,1,0,1,0,0,0,0,0,0,1,1,0,3,0,0,3,0,0,0,5,0,0,0,0,0,0,0,0,0,0,0,0,0,0,0,0,0,0,0,0,13,0,0,2,0,0,0,0,0,0,0,0,0,0,0,0,0,0,0,0,112,0,0,0,0,0,0,0,0,0,0,0,0,0,0,0,0,0,0,0,0,0,0,0,0,0,0,0,0,0,0,0,0,0,0,0,0,0,0,0,0,0,0,0,0,0,0,0,0,0,0,0,0,0,0,0,0,0,0,0,0,0,0,0,0,0,0,0,0,0,0,0,0,0,0,0,0,0,0,0,0,0,0,0,0,0,0,0,0,0,0,0,0,9,0,0,0,0,0,0,0,0,0,0,0,0,0,0,0,0,45,0,0,1,0,0,0,0,0,0,0,0,0,0,0,0,0,0,0,0,0,0,0,0,0,0,0,0,0,0,5979,0,0,0,0,0,0,0,0,0,0,0,0,0,0,0,0,0,0,0,0,0,0,0,0,0,0,0,0,0,0,0,0,0,0,0,0,0,0,0,0,0,0,0,0,0,0,0,0,0,0,0,0,0,0,0,0,0,0,0,0,0,0,0,0,0,0,0,0,0,0,0,0,0,0,0,0,107,0,0,0,0,0,0,0,0,0,0,0,0,0,0,0,0,0,0,0,0,0,769,0,0,0,0,0,0,0,0,0,0,0,7029,0,0,0,0,0,0,0,0,0,6,0,0,0,0,0,0,0,0,0,0,0,0,0,0,0,0,0,0,0,0,0,0,0,0,0,1,0,0,0,0,0,0,0,0,0,0,0,0,0,0,0,0,0,0,0,0,0,0,0,0,0,0,0,0,0,0,0,0,0,0,0,0,0,0,0,0,0,0,0,0,0,0,0,0,0,0,0,0,0,0,0,0,0,0,0,0,0,0,9,0,0,0,0,0,0,0,0,0,0,0,0,0,0,0,271,0,0,0,0,0,0,0,0,0,0,0,0,0,0,0,5,0,222,0,0,0,0,0,0,0,0,0,0,0,0,0,0,0,0,0,0,0,0,0,0,0,0,0,0,0,109,0,706,0,0,0,0,0,0,0,0,0,579,0,0,0,0,0,0,0,0,1,0,0,0,47,0,0,0,0,0,0,0,0,0,0,0,0,0,0,0,514,0,0,0,0,0,0,0,0,0,0,0
"gene_981",1,0,0,320,0,0,4,0,0,0,0,0,0,0,2,0,261,0,0,0,35,0,24,26,0,0,0,0,0,0,0,0,587,0,0,0,0,0,240,0,8,0,0,0,0,0,262,0,772,644,0,0,0,0,0,0,53,0,0,0,0,3,0,0,0,0,93,0,14,12,29,7,16,7,0,113,120,0,5,0,0,0,46,45,0,301,0,0,251,0,110,0,2087,0,34,179,67,1,0,0,0,0,0,0,0,0,0,133,685,551,2,0,0,0,0,7627,0,0,524,0,0,0,29,0,0,0,0,0,0,498,0,0,0,0,0,0,0,0,15728,0,0,4,0,0,0,0,0,5,185,0,0,15,0,0,0,0,157,0,0,0,0,0,20523,0,0,0,0,0,1,1336,0,0,0,0,0,0,0,1,0,0,0,0,0,0,0,124,0,0,0,6,0,0,0,0,0,0,0,0,0,0,3,0,0,0,0,0,0,0,0,0,6,0,0,0,0,116,0,0,0,0,0,5,0,0,0,0,0,0,0,0,5,1491,0,0,0,0,0,0,0,0,765,0,0,0,0,0,0,0,0,145,0,0,0,0,0,0,0,0,0,92,0,66,2,0,2055,450,0,0,0,0,5,0,94,1382,0,0,0,319,386,94,3,44,0,0,0,0,7,1,0,66,0,143,164,0,1544,0,1,968,1322,109,0,5,0,0,509,10,26,0,408,0,0,0,0,0,100,0,0,0,0,0,0,743,5,0,68,0,0,20,5,168,179,0,0,0,0,0,0,0,0,90,0,0,0,0,17,0,0,0,2865,88,1434,0,269,0,0,0,153,9,0,0,1229,16,1492,0,0,0,0,0,0,0,0,0,0,1,0,0,0,17,0,0,0,2,0,0,0,0,0,7,0,865,15,0,39,1457,0,10,0,25,0,37,18,347,9,0,0,2,93,0,0,0,0,7,0,0,0,7461,9,31,2,50,0,235,0,0,0,0,34,0,0,0,0,0,0,3,0,15,0,0,0,8,972,0,0,15,0,0,0,0,0,28,0,0,0,0,0,10,313,0,1,0,6,6,0,0,3,90,576,4,1113,0,0,0,0,0,0,0,0,0,0,0,0,0,0,0,0,0,0,0,0,0,0,0,0,0,0,0,0,0,0,0,80,0,0,12,0,397,28,0,0,0,1,390,0,88,0,0,1,0,0,7,0,27,0,0,0,0,0,0,0,0,0,0,0,0,0,0,0,0,0,2,0,0,0,0,0,0,0,2067,0,0,0,0,34,0,29,0,0,0,398,5,0,0,0,0,0,0,0,1,0,2,62,0,0,0,0,0,0,0,524,0,0,0,1,0,0,2,0,0,0,8,0,0,0,241,0,0,0,0,0,0,0,14,0,0,0,0,0,0,0,858,281,0,0,158,0,0,0,0,0,0,0,1537,3,0,0,358,0,0,0,0,1,0,0,0,11363,0,0,0,0,0,0,0,0,0,0,0,0,0,1206,0,0,0,8,0,1762,0,9,476,0,0,0,718,0,0,0,0,0,0,0,0,0,0,0,0,0,0,0,5079,0,11,0,0,0,11,0,311,0,0,0,0,0,693,0,0,506,0,0,0,0,0,0,0,0,0,0,0,0,0,0,0,0,0,0,0,0,0,46,0,0,0,139,1,0,214,0,0,1,0,0,0,0,0,4,0,0,401,0,0,0,0,0,0,0,0,0,0,0,0,1,5003,1382,0,0,0,0,0,0,0
"gene_982",14516,3163,18783,8627,11837,13078,38391,15866,5833,23450,33465,140896,20852,11788,14852,30904,7249,39668,4702,888,9953,2797,27185,5766,4573,12975,7673,17945,48463,5354,4533,7565,2742,23126,14516,44337,9429,23959,14906,8308,36403,15925,9682,8284,9787,48183,3127,4688,7509,8039,5400,30478,9179,10284,36037,13309,8838,9289,19175,3714,6473,37795,27611,37607,4365,19920,11271,32796,14818,44077,14357,5168,1928,9362,13881,1574,6074,14166,16527,15808,16372,21567,98493,25534,57734,20826,4878,7356,5960,10384,19682,19624,2027,404,1297,134,855,18,24891,10,2957,1161,12225,95076,17,0,1155,11831,1484,4087,4345,13564,2185,10241,2645,6445,136,3633,3946,15965,23,19136,549,357,8419,5632,558,6298,4073,880,7,3131,2144,12321,140,10101,21840,32671,14543,6697,2964,14819,7318,84,12234,1586,19799,26003,8916,7413,6488,26781,9938,11228,501,676,36472,136,41185,5181,6206,64014,4339,18848,2347,16366,7903,143783,11445,151,4229,18949,6462,1426,7148,5415,7149,976,11,8063,8000,7281,6599,10785,4094,2407,9686,23811,44686,1489,17200,2101,18360,12181,8425,4513,4274,10070,4400,2714,11833,6216,473,8478,1926,27093,8505,5747,35933,179,67302,34288,6552,21248,2843,1269,3744,88,3351,596,27249,2657,5000,2643,30581,20622,12685,10986,771,359,4197,19263,15572,11244,19246,39977,3195,15678,49742,366,5073,36097,53033,9753,3482,3995,14783,24088,3280,5146,10224,16473,27338,87,18892,5897,388,24479,782,5071,3318,8487,4404,18122,65028,23790,19531,23206,14692,68072,27736,38120,1950,25722,22781,55630,18832,11658,28350,7936,10569,834,772,50221,12821,8574,4924,6268,22044,597,5573,1252,1759,13810,97063,9484,16830,11581,1334,23472,25856,13023,1776,25240,6716,17149,2321,8754,16065,24504,8200,3654,9649,7967,30406,7571,30053,50979,34409,5557,5015,21907,23031,62645,5026,16545,70390,49121,6047,1196,28867,109,18075,15570,20888,16226,3075,17417,1750,68067,4869,5990,73649,47953,12305,6186,15357,19730,6143,16135,55548,32407,11844,55154,2018,10487,7809,2639,15711,3694,10983,63587,17228,36120,37453,55336,90291,7069,2611,35093,1894,3559,3994,7638,27646,10774,19429,10043,9664,27692,50748,13985,4876,20979,10732,3949,22323,10241,3690,5967,25431,30161,21432,22103,19337,7973,22475,11558,24039,26189,11329,173,9716,21139,42769,3777,299,41754,19634,19474,15001,7740,2125,8983,1979,1448,21723,71425,4883,5490,11025,10737,1666,76998,4856,21651,34770,476,28562,17396,9234,4751,5668,7264,23,340,15015,11695,6941,9001,10820,50,0,3780,1955,271,2088,1,427,141,4112,832,886,3,4251,22729,301,996,651,1121,22679,36648,18449,2069,16633,2797,1003,375,8924,242,66,2108,3369,7261,1372,5021,1570,5866,283,1197,8713,7911,4581,8472,6239,3094,8585,13699,100,6909,18,186,1009,4595,7913,600,4522,19756,4187,24,8201,207,32154,7006,3015,1756,1416,595,15487,1000,1294,33,1,3318,20621,333,10292,40223,32911,2993,1421,21061,4040,39332,120,3696,15942,7558,3072,16198,3809,17670,2608,1346,12834,4894,43217,10353,11312,20683,135,1054,1082,1785,686,1543,1,2646,1770,4189,8002,13,664,1711,1729,2013,179,22207,3475,1214,2360,11075,40,184,3842,1316,45657,21432,2021,13411,2425,1643,33581,163,21851,2828,13140,8360,2619,639,26,2888,3,968,20520,86744,247,10545,4,528,5953,1875,6990,4,92,20400,15975,28574,1572,29,437,4,115,94,4691,1500,54,13762,79,8940,14207,30936,0,11036,829,9331,24552,171,6359,3739,1639,524,655,289,26456,5668,19,951,4691,18,9474,26960,3603,34204,3,10,401,17221,5715,1541,16,29691,3068,3320,7784,18332,36312,4813,545,2152,71192,216,12312,137,518,61,52,7525,368,2069,3362,1399,11307,30271,11580,2306,372,872,26914,33,16,4478,65755,16,33863,49,67,2629,378,3,3283,0,1101,246,3,8207,1004,5163,2841,15066,2078,1618,20911,48810,15842,26451,49,8058,99,45215,6652,21827,2183,4078,11706,368,254,9010,44036,117,153,21178,3105,7873,39,913,1671,8238,790,12075,205,1,2215,8002,655,272,1799,799,431,1378,9538,166,345,22526,10151,3,5,7370,29904,3367,34066,7360,72004,21142,30783,102449,0,0,100,86,898,1304,0,34575,1,525,7,18821
"gene_983",153419,87662,95933,61763,104955,69222,118997,102353,84760,82576,89453,102940,92941,70326,85778,101816,139826,122450,65850,50570,21131,65589,93409,113778,103658,67836,70970,64763,88660,87111,53686,71361,57635,58955,78726,121241,91980,111276,51912,55293,102936,69256,101575,85127,32705,126631,75468,59010,23762,53598,94834,161556,61156,47886,44249,157384,58516,143280,108642,67586,50598,108277,161160,104849,38084,60783,67814,110659,87131,135461,139389,143456,11330,95015,106291,107487,77026,40685,63776,143896,136661,69362,112155,128711,146972,93812,6113,206601,62605,37025,90886,161681,20149,20987,1680,3763,19210,364,30495,15428,5030,6543,7963,21608,77036,31289,24216,4114,21025,6542,45176,2404,7530,24750,58843,37025,14834,1288,6170,2082,27347,2176,8405,400,13702,10941,547,2094,8186,39609,3285,6386,19728,26291,14013,67973,53460,13616,35925,24929,22272,16141,53250,20378,26758,29444,22009,68128,42600,19065,32138,18036,4336,11962,62862,31820,56214,13260,7838,5768,83832,3602,62668,38723,21396,63261,41541,50071,2168,12566,48662,42332,34597,12620,67102,10014,61162,39931,72880,44209,91546,10447,94996,46571,36880,79363,4211,20425,14648,36699,51518,15478,20354,63497,11170,16451,12141,12457,39726,32218,22037,13921,21603,27361,24727,7706,14073,8385,14476,7750,46507,5340,31668,12849,28921,7875,32702,13165,3497,10679,2609,30325,18402,13718,23673,27177,13259,17705,13233,23093,4960,5844,5072,18378,48580,11710,28930,32216,20928,1137,5140,14431,23245,10351,22505,22233,16103,27201,5902,16716,5316,22337,34274,7577,28177,18422,16684,18310,5011,11746,27490,12462,42046,8325,3777,7048,26947,2555,7929,30085,3762,29218,24585,14969,12788,3664,17317,8957,12064,2924,8869,7559,8300,3893,2705,21730,2670,18423,21905,380,1248,6799,11600,6821,6660,7853,6329,4014,6067,9146,20801,5154,17607,1539,9408,11208,6547,2015,8537,1426,7892,3629,11433,1810,9559,5110,31747,38006,40264,24259,11520,5640,10318,46688,11372,2003,26365,853,39627,7468,6781,5876,3595,3926,30654,4593,4035,3395,17075,42284,1693,7715,3281,4706,25054,1116,19329,3379,9217,4003,15332,64542,3918,15053,21452,9926,4113,3430,28683,6638,10284,6641,7681,14346,2460,36218,16110,20880,10886,22045,28352,9945,5753,6198,27098,38132,13082,19776,10700,47908,11024,11136,11010,3561,23044,6140,10238,8405,34840,11489,37639,58159,53158,16501,11071,6783,5965,12418,14006,6737,9738,1776,16522,1977,10360,25505,13117,28616,29527,12078,33419,3942,17167,45164,10660,34145,18704,10050,8962,6425,8924,5071,6157,5679,1371,14396,21672,1286,14697,21126,14513,1835,15324,16419,18645,7176,11128,16528,29618,63188,10987,3576,22116,6904,15462,36082,26296,5317,27790,19386,24984,8996,2800,4881,27340,17813,12413,7256,18478,16434,4263,6769,13262,8335,3511,16108,2911,26924,6816,24042,24290,24007,10645,12260,4786,6440,13198,12371,24260,19115,6145,31538,13122,5155,16257,8391,9304,7823,4441,12476,6973,11545,32378,12807,15908,19991,9805,18143,37018,13014,17275,11656,12000,39451,47566,19786,7411,65723,9708,17688,18476,15953,1439,42259,7192,4772,11184,9663,33222,14925,2112,13128,16528,13705,6184,21053,27600,17545,5954,26712,19776,25812,8741,56764,4649,32691,15941,9757,22942,48034,8607,10035,12626,16907,9080,5590,22189,12744,2467,6360,11818,18845,8395,19285,30690,17719,6047,57467,21738,18285,8259,18708,26415,20413,16362,10816,14572,14250,9451,4997,10743,7801,1123,10652,30405,175,4671,8536,4754,4467,14890,14074,1865,5616,18259,4207,56158,39137,23112,8782,1,3528,4123,914,11871,47628,219,4239,2725,7781,13125,3320,2801,3330,10533,35773,3718,1638,563,32468,32612,4677,10241,22841,49422,3267,549,4854,5917,12994,7422,20377,11762,6759,11259,1172,2509,1605,307,8115,330,4424,34009,4776,46036,21134,35245,21981,10929,1035,8772,12774,5380,5642,41359,10943,43279,58594,19961,2385,11864,10721,962,1702,15777,6365,24691,9457,1956,16589,89,28254,19675,19752,4464,14272,855,33366,335,1610,16029,20440,1157,11314,20506,64,6069,23671,4068,53876,11355,2295,24746,22779,498,7653,5705,2569,29571,32264,1034,4445,9768,702,290,677,9999,370,2472,16313,5174,7795,1340,11307,6,254,2434,2865,385,1198,20461,24,10950,17126,2707,39931,4871,2576,8869,7979,643,4668,452,1182,9578,9658,8202,844,12712,8483,742,1739,6452,13712,7185,13618,29677,134,24286,1381,16493,2000,940,31766,852,20383,47519,7847,70184,10577,5622,7463,21,17746,18902,17763,3049,15052
"gene_984",584,0,11,0,0,314,0,38,1634,282,580,0,2276,1,1817,0,0,0,687,11,565,0,2313,898,1,3571,649,12,1,14,52,819,0,21,0,0,0,405,0,332,24,12,351,0,0,1778,0,50,0,65,0,111,0,0,0,171,0,18,1838,69,0,0,21,1660,0,768,0,0,18,0,0,0,298,4935,12,3,861,0,52,18,39,131,12,0,0,2849,0,0,764,0,0,54,210,0,0,0,0,0,73,0,0,0,0,0,0,0,0,0,0,0,0,0,0,0,0,19,0,0,0,129,0,0,0,0,0,0,0,0,0,0,0,0,0,0,46,0,0,1,0,0,0,0,264,0,0,0,0,1,0,0,0,0,0,0,6,0,1,0,0,0,0,0,0,0,0,0,0,0,0,0,0,476,3279,0,0,0,0,0,0,0,0,0,0,0,0,0,0,0,0,0,0,0,0,0,0,0,0,0,0,1453,0,25,52,29,434,0,0,1,181,0,0,14,2,0,70,0,300,750,0,0,0,0,0,364,0,0,21,47,3109,723,6,0,3004,2,0,0,210,0,0,0,0,0,0,71,4193,0,0,596,0,1,0,0,0,0,12,71,0,151,0,0,1733,415,1141,19,274,86,514,7,0,1938,1046,33619,144,5235,788,57,853,782,1,19,153,76,162,145,722,176,4,2115,1,1195,1,75,2077,3119,894,32,1397,125,8299,1009,261,196,702,1976,71,2638,8,84,17,734,6643,449,36,88,1477,254,182,0,1,2,611,2650,996,10,3141,97,5712,460,192,4310,473,450,6,13,3707,7,117,4406,441,2629,185,0,1778,2421,14793,131,1495,1,1059,1,145,3478,48,6376,1152,157,0,7,2100,2,408,2747,4011,71,42,95,630,3,9,874,162,4836,260,15,463,43,564,1728,4998,2806,1576,2879,9,1333,555,6202,0,24,2458,113,214,2489,12,303,0,76,707,5809,1143,1190,1058,1113,1815,28,11,2148,15,1642,61,4,1,39,2809,1982,3028,29,6,5,456,378,333,10547,882,274,1408,2560,191,377,11640,0,662,6717,28,4023,230,9,56,2935,719,1612,11,49,1010,20,2162,11,839,2001,4656,3343,40,393,902,164,4,8715,9,522,770,4582,2196,5,392,488,0,313,7401,623,3718,56,202,0,2068,1,1278,10280,187,0,154,283,21,876,360,2810,1464,1241,102,17,820,386,151,1,14470,962,49,6774,356,1589,21,1,10,0,2438,2726,1487,1037,6,175,6104,135,84,1,2683,3,2815,1355,1873,4,1034,228,480,3668,39,682,158,359,1907,3124,1675,152,4291,1,27,33,218,370,287,14441,1165,0,467,76,505,34,10035,124,298,158,3012,4637,5,768,1995,5,3752,883,0,5890,0,1000,2106,1115,2090,1117,3201,3312,2244,744,721,29,3895,188,2368,0,9000,6485,1882,3241,3845,347,1,4848,1259,0,12,7510,3202,1958,2642,1471,63,174,226,184,166,46,2,8734,3139,9331,1117,31,27,178,573,1735,11665,3962,828,9413,563,5738,219,962,766,834,1232,193,2,3209,941,2641,1944,31,1,1851,346,211,738,3893,1067,3727,3305,2471,876,11010,4808,10131,0,615,327,1860,4,615,2,6984,7263,1815,559,896,8666,292,4,210,432,15,6946,4,227,101,0,20,11,64,855,1584,223,1816,3904,125,11922,8,35,392,852,1283,2,1767,59,734,44,139,1957,123,0,5654,414,2,1544,1101,116,933,2363,0,437,189,1629,389,747,3692,53,3395,10141,511,10,1488,47,3805,19,0,60,1,2333,1345,2227,0,11,3420,251,8732,219,5020,1050,67,708,1961,3018,40,1279,0,26,860,0,3341,110,1021,213,587,724,3429,3,118,910,24,1171,790,55,7188,2802,1080,5087,22291,0,1364,1261,33,4717,26
"gene_985",18302,7070,8381,2466,20181,8402,5439,3845,1035,26691,11289,31540,6538,3275,9286,2940,6958,13457,5323,33,3138,1584,22503,12035,65,12137,4185,11529,6984,16236,2500,1851,5084,9510,52,13980,7764,7975,2503,2150,2747,3034,3676,9614,7743,7619,8272,1053,4461,3453,3483,9032,5736,3363,4145,9748,3924,27571,5912,5679,8412,13289,16945,11890,3937,6706,12050,24145,18434,832,17986,3424,323,13729,9915,17800,27858,3198,1161,23821,731,3434,9043,4497,2452,7972,57,23846,2452,1053,10285,30039,1877,177179,53649,8,1784,6134,28432,13409,16805,22613,43821,88527,100507,12845,9180,37038,15037,7691,599,2556,97,14263,6057,6771,8880,1603,10990,26612,1246,22728,18027,1103,189,6819,687,3204,19803,58193,903,957,139,9465,50057,114081,1516,17442,1686,11354,3400,8951,1024,137997,39158,5278,15646,120128,40552,2695,13388,90,12415,67276,19388,2905,28033,121649,42384,6477,39997,464,66593,17700,14711,19097,25779,51480,22010,12673,55237,33511,2402,425,142690,36215,1211,38186,10178,58180,129032,7414,10487,4253,93800,50642,254,49514,30192,29918,12276,1967,10511,49012,35854,23401,1970,6046,66031,11343,52408,18288,87321,9036,27705,35859,21623,26438,25397,23288,64793,3821,90769,62040,13954,19526,1699,40599,21417,27136,17615,17140,36749,28951,5816,31567,127341,1451,44318,55889,1301,60737,87666,20811,15277,29120,35918,18971,11387,3075,11401,5362,18966,19313,32460,1821,14841,57397,8926,7256,95789,8754,50416,8225,42729,26312,40552,5209,9338,28162,12464,4872,6826,296,1254,977,369,5088,2680,374,6348,9619,4822,1044,1059,8561,8338,437,594,2972,547,12081,656,4639,2532,10955,6291,42206,1009,12,8006,2303,2641,1870,2918,2175,8001,32,5212,6643,1009,1432,2772,10984,1023,4757,4496,10947,4096,3488,5955,1532,721,1397,11222,825,305,17587,3843,1719,602,8064,2999,1,136,967,17324,1615,10450,6683,14949,425,194,11147,12083,3810,236,1858,4923,6383,857,995,20898,5796,6155,1850,2768,1894,2343,2946,7786,12207,3348,1736,2274,2948,2687,2859,3207,3736,739,8837,4039,1501,9884,1442,4349,10321,5304,5271,4608,8398,3389,273,4436,19239,14401,1843,4074,2618,11040,2460,12214,19269,17586,8179,443,10613,9206,1880,24863,1170,1659,10419,23019,5977,1388,296,2028,2755,1646,6420,325,9250,1728,2040,4219,10123,5875,5173,10276,3292,9393,22656,7581,2750,5807,22110,5968,811,643,121,2948,15676,2110,28942,20210,1997,3263,14312,11758,12077,5166,9464,1916,825,6375,5098,18964,7069,1185,4874,2477,9433,39595,5123,7179,1166,4485,5164,3448,1548,385,1115,3312,11958,4147,2530,5096,2101,2607,7966,11823,6434,2809,300,10930,32,13399,1658,4390,3805,101,2033,14291,828,4936,2675,5458,1301,1535,275,263,2300,14538,12,9353,1372,7670,3957,2566,9365,3297,10822,8592,2324,4786,7705,768,1890,3246,8244,4846,5690,233,950,279,3598,3018,9427,10716,523,1042,5357,1181,3807,471,5990,3408,6164,1550,3371,22699,10958,3052,4364,10288,6552,3946,9367,6874,2857,10131,1256,2875,3642,8,172,5802,11969,12224,4668,4141,20953,6336,7425,38671,385,1169,4534,5840,3238,6455,704,11113,3232,1932,20534,13504,7947,2178,6195,5134,10216,800,382,2846,495,7062,12668,3,11347,16852,37,82,0,162,7716,13417,1386,220,1422,4946,855,692,13111,10040,157,4516,11773,6063,5362,1555,2618,3039,4160,8308,3242,1267,4879,3937,123,3114,2386,2090,1732,2221,5466,98,281,3358,10013,1295,869,3155,1267,2205,1707,10977,9,0,7179,219,2466,5619,1095,11450,433,3801,7105,41461,622,173,9433,2969,8513,579,10213,649,3782,1653,21628,11126,17422,10413,19596,245,737,424,661,1456,1918,954,24,13069,675,4947,43,1853,20087,7267,88,5,150,10878,9243,23,12757,328,1517,233,196,1619,1403,365,858,9524,867,546,2251,17982,1511,2562,1333,6255,1253,771,251,11960,40529,2944,1242,963,2576,56,2902,1353,85,788,20970,18463,0,145,387,0,1273,5682,16381,599,38,2159,818,3070,1943,112,9228,883,3289,822,9227,3700,2392,5300,1107,5001,614,97,18,437,619,15,1744,1913,10497,695,1092,255,2281,4080,17,1595,2033,4754,1866,484,10743,1,168,4500,965,463,2635,146,766,0,3870,2299,4335
"gene_986",1,170,1133,486,0,158,194,125,829,4,90,8,34,627,575,0,67,3,988,141,244,1,1356,2,766,7,122,1330,0,156,2715,0,0,729,42,0,0,0,176,379,0,0,434,746,97,618,0,26,93,90,0,168,1,0,3,18,242,512,21,14,935,0,7850,1219,7,25,128,3,2,1434,2,3557,63,1,472,708,0,3,12,34,197,140,0,9,331,928,0,1171,23,35,196,811,3281,0,0,157,814,2,7,393,0,0,2748,1,137,2434,5,2,2468,47,1,2,0,1261,1998,0,0,54,3,4203,129,3,117,0,0,5271,4,145,6,1596,599,969,0,5,0,709,237,8,1236,0,17,0,141,28,3984,8979,12,1,2950,0,40,352,2233,5,2334,0,2,463,132,583,1601,3298,0,141,14,2000,107,105,72,500,0,341,5,35,9824,0,38,1059,7,18,0,1135,85,13538,0,1840,1936,10891,30,6476,176,6192,294,3570,0,0,87,608,1757,0,564,1,2197,79,0,3,1,0,0,0,4135,0,0,0,0,19,36,0,0,0,191,2,0,0,0,0,0,24,0,1359,0,0,0,0,0,2847,0,809,140,0,0,0,0,302,1,0,0,96,0,0,0,209,0,0,852,1,243,1323,0,0,0,0,0,0,0,0,0,0,0,17,0,9,0,0,0,0,0,0,0,0,0,0,0,0,0,15,28,0,8,0,0,0,0,0,2,0,0,0,0,0,0,0,0,0,0,0,0,0,0,0,193,0,23,0,0,0,0,0,0,0,0,0,0,824,0,0,0,48,0,0,0,0,0,0,0,0,0,0,0,0,0,0,0,0,0,0,0,0,0,0,0,0,0,20,0,0,0,0,0,0,0,0,0,1,0,0,464,0,0,2,0,0,0,0,0,0,0,0,0,0,0,0,0,483,0,26,0,0,0,0,0,0,0,0,0,0,0,0,0,0,0,0,0,0,6,0,0,0,0,0,0,0,0,0,0,0,1,32,0,0,0,0,0,0,0,0,0,0,0,517,0,0,11,0,0,0,3,0,258,0,92,1226,3,0,860,0,0,0,0,0,0,0,0,0,200,0,0,151,0,0,0,0,805,41,0,0,0,6,0,0,9,0,289,0,128,86,0,0,0,0,590,320,3,1,0,0,123,0,0,0,1477,0,465,0,0,0,0,4,0,0,1625,0,0,11,47,7,0,0,0,0,1,0,0,233,0,0,3,3,227,0,0,0,52,1,0,0,0,79,1,501,75,0,0,1,0,418,54,16,0,0,0,8,0,391,1,0,0,295,0,0,0,0,0,4,0,127,298,996,0,0,0,0,17,31,0,0,0,114,64,0,0,0,0,0,0,0,0,0,0,0,0,0,0,158,0,0,0,0,0,1,0,0,0,0,1,0,0,0,0,0,0,0,584,0,0,0,170,0,0,0,0,0,0,0,0,0,0,0,0,0,41,0,0,0,0,0,0,0,0,0,0,0,0,0,0,0,9,0,0,0,0,0,0,0,0,0,14,0,0,0,0,0,0,0,3,0,0,0,0,777,0,0,0,1074,0,0,141,0,0,0,0,15,0,0,0,0,0,0,406,0,12,0,0,0,0,0,0,0,0,0,0,0,0,71,0,0,0,0,0,0,0,0,0,3,0,123,248,0,0,409,0,0,0,0,0,0,0,2,0,0,0,0,0,0,0,0,1,0,0,0,242,0,0,0,0,0,0,0,0,0,0,0,0,0,0,0,0,0,0,0,0,0,0,0,0,0,0,208
"gene_987",0,291,1,3,0,2,594,212,0,0,0,0,152,2,3,731,18,1106,2,0,0,0,31,45,0,1497,962,1,7,0,1,7,3489,1103,0,0,272,9,8,0,0,61,7,0,0,0,1075,0,0,1,26,0,370,586,0,0,203,1,17,0,20,3498,673,1,0,921,846,442,8,0,531,2,32,758,18,651,0,0,2,0,20,0,0,13,0,0,0,0,0,0,0,386,54,0,58,18,12,0,1144,359,0,15,0,4812,0,0,6,0,2,34,0,0,0,2,0,1795,8,24,0,0,724,0,0,0,12,29,0,0,1,1618,0,0,0,23,136,6,0,0,0,0,384,0,0,0,5890,0,0,0,1235,44,0,0,1193,0,0,0,0,0,8985,517,0,688,0,21,373,11,4,669,0,471,0,0,571,0,10,7,0,40,0,0,0,502,12,2,0,0,0,0,87,0,302,1,0,439,0,236,0,0,0,0,0,0,0,1,0,0,27,0,0,37,1,28,303,0,0,0,0,0,0,0,0,0,0,0,10,404,0,0,470,0,0,0,14,0,225,0,0,1,0,0,53,0,0,0,0,0,0,11,8,57,0,0,345,0,5834,0,0,0,0,0,70,0,0,0,0,0,0,0,0,0,0,0,0,1072,10,0,0,0,0,0,0,0,0,0,0,0,3,0,7,0,10590,0,0,0,435,0,0,0,33,129,0,0,184,0,0,45,27,0,0,0,0,4,0,0,0,5,0,1,1636,0,0,0,0,0,0,0,0,0,0,0,0,281,0,0,0,14,0,0,0,11,0,0,0,0,0,0,0,0,0,0,645,916,0,0,0,0,116,0,0,0,0,0,0,0,0,0,0,0,0,0,0,20,0,0,0,0,0,0,0,0,0,0,0,0,0,0,0,11,0,0,2040,0,0,0,0,0,1,8,0,0,0,0,0,0,0,0,0,43,0,0,0,0,0,0,46,0,0,39,0,0,1886,0,0,0,0,0,0,41,0,0,2486,0,0,0,0,0,0,0,0,0,0,11,0,0,0,0,308,0,0,0,0,0,0,0,0,7716,0,1916,0,0,0,0,0,829,2,0,4,100,0,0,0,117,0,0,0,0,0,0,0,390,0,0,0,0,0,3,0,0,0,0,1,0,0,0,0,0,0,0,0,0,0,1118,1,0,0,0,0,0,0,0,0,0,0,0,0,0,0,0,0,0,0,0,0,15,0,0,0,0,0,0,0,1397,0,0,390,0,0,0,0,0,0,4,0,0,0,0,0,3,0,0,0,0,0,0,0,0,0,0,0,0,121,0,0,0,0,0,0,0,0,0,0,0,0,0,0,0,0,0,0,0,0,0,0,302,0,0,0,0,0,0,4,1,0,0,0,0,0,0,0,0,0,0,0,0,0,0,0,0,2632,0,0,2,0,0,8,0,0,0,0,469,0,0,0,0,0,0,0,0,0,0,0,0,4,0,0,154,0,0,0,0,0,0,0,0,0,0,0,0,0,3018,0,0,0,0,0,0,0,0,0,0,0,0,0,13,0,0,0,0,0,0,0,0,0,0,0,0,0,0,0,0,0,5,0,0,0,269,0,0,0,0,0,0,0,0,0,0,0,0,108,2,0,3635,0,0,0,0,0,0,0,0,0,0,0,0,0,0,0,0,0,0,0,0,0,0,0,0,147,0,0,0,0,0,0,0,0,0,0,0,0,0,0,0,0,0,0,0,0,0,0,0,0,0,0,0,0,384,0,0
"gene_988",0,0,0,3,1,176,4404,0,0,0,1331,20,0,7,629,0,0,0,2,0,3,0,6,21,0,186,1,0,0,0,0,0,0,1,0,0,0,15,0,0,0,26,116,102,0,0,0,0,0,0,668,4,0,0,13,0,0,0,0,0,1,299,0,0,1,1,0,0,0,0,0,334,52,0,0,0,1,2,0,0,0,31,0,0,0,44,1,5,0,0,143,0,0,0,0,60,0,0,20,0,414,0,9598,7,0,667,0,402,14,95,0,3,9,3,4370,134,0,53,1383,85,290,0,14,0,90,9452,8,0,485,0,1104,3,5,358,65,1731,0,32,0,0,76,1523,0,0,0,236,522,0,13421,0,626,3,107,77,0,1004,0,726,238,174,4,3,221,12,985,0,1621,2402,0,2742,1631,882,0,26,3379,0,0,0,0,1,23,166,0,0,0,4,2605,17,2182,0,370,0,140,0,12,27,0,4,1712,0,3,73,1236,0,169,2,0,67,0,2352,594,482,223,0,0,2,943,37,3,183,338,189,52,29,728,0,1280,683,83,0,121,0,51,0,5649,72,8927,0,90,0,0,997,4813,7,0,1,0,1185,3,5,0,4097,303,1,0,3,0,0,515,0,0,1,0,0,0,10,0,0,0,319,0,0,0,0,92,0,0,0,0,0,0,0,23,0,0,0,0,0,0,0,0,277,0,0,0,0,0,0,0,323,0,22,0,1399,0,0,1,1,0,0,0,0,0,0,14,2,6,0,0,0,22,0,0,0,2,0,0,0,0,1,0,8,855,0,62,0,5,0,0,1,0,0,4,3,111,0,0,0,0,0,8,0,0,0,0,0,30,0,66,19,0,0,1,0,4,0,0,0,0,0,0,0,0,6,0,0,0,0,0,0,0,0,0,0,0,0,52,22,1414,66,0,0,1,36,0,0,0,0,0,0,0,1,0,0,7,0,7,1152,11,0,0,41,0,0,0,0,0,0,0,0,0,0,0,0,8,0,0,2,0,343,0,968,0,0,0,0,0,0,0,0,0,0,0,0,0,3,0,1439,2,0,0,65,0,0,21,0,13,0,343,0,0,0,70,1,17,148,5,0,0,0,2,152,0,0,0,0,0,0,6,0,0,1,0,10,0,2139,0,0,0,0,11,17,0,188,0,4,0,0,0,0,0,1302,0,277,0,0,0,0,3,68,0,0,0,0,0,0,0,1,0,0,0,0,0,2,0,0,1,131,53,0,0,0,0,0,0,1,0,0,0,4,0,0,1,0,0,0,880,0,0,0,0,0,5,0,0,118,22,0,2,0,2,0,0,0,36,0,0,0,6,0,0,0,0,0,0,0,0,0,22,0,0,6,0,0,0,0,0,0,0,13,0,0,0,0,0,0,0,0,192,726,0,333,0,1024,0,0,0,0,60,0,0,0,0,0,3316,0,0,0,0,0,0,0,0,34,0,71,1,0,0,0,0,1536,0,0,0,2487,0,0,26,0,0,0,0,0,2,0,372,0,0,0,0,0,0,39,88,0,0,0,0,2,0,0,0,0,0,0,0,0,0,0,0,0,0,0,0,0,96,0,0,0,0,0,336,3,0,0,0,0,0,4,0,0,0,0,0,0,0,1,0,2,0,90,0,0,0,0,0,0,31,0,3,0,0,0,0,0,733,0,0,0,0,0,0,0,0,0,0,0,0,0,0,0,0,4,0,0,0,0,7,0,0,0,11,0,0,0,0,132,0,0,1026,0,1,0,0,0,0,0
"gene_989",0,0,0,0,146,2048,1,25,2,0,0,43,7,98,1275,0,1804,0,24,63,31,2753,1,27,14,0,2813,0,0,3,0,12,12,1,0,9,138,16,2,11,262,0,4,0,3002,0,1322,186,188,4,0,21,348,0,381,379,9397,5693,4,1640,42,451,0,10662,643,0,160,41,2696,2,26,22,27,370,3,0,0,22,0,742,2154,68,48,1547,0,14,0,72,2608,60,1,11,3830,0,275,0,339,112,30,12,0,12,2629,0,1329,2094,690,4492,4287,979,9405,1,349,1251,478,1581,1,1530,2,134,71,19,915,78,8685,199,8,2,3024,968,4,49,69,21,1825,31,60,166,6,651,0,0,22,0,6080,948,1924,1856,95,5181,0,963,2228,3242,1,11141,362,0,3584,76,0,106,1050,3566,0,2653,19257,2,4,16,48,0,3699,207,8538,2619,0,8,12715,0,18331,287,5223,4576,293,21,0,183,0,4599,8429,548,638,2,1339,4054,4415,4484,4548,50,4118,92,3994,3819,38,592,26,44,3,733,123,1505,1,22,2,6455,147,17,26,8553,10,8389,1924,367,16,22120,434,218,3127,4844,5,854,1,109,8527,4950,8166,66,832,347,0,2535,187,2,0,14,12490,0,399,4223,1,177,20603,153,1307,1054,2123,4,1,204,0,163,5,81,5943,3,1212,72,760,1941,214,1364,2154,1187,151,3709,278,10,23,120,778,549,2330,8,369,10,8,958,1340,649,141,197,10,1352,296,2051,0,6,688,567,1210,31,1852,39,543,348,8,776,783,81,699,5,0,469,0,3974,107,0,16,1352,256,57,484,8640,875,340,3233,1085,2541,0,167,339,79,224,287,751,286,1235,3,176,0,9,2663,681,5697,312,4304,1,264,117,1518,21,182,777,3168,283,85,268,624,21,702,36,196,882,485,674,102,3217,4,1078,143,138,3121,346,10,5047,224,110,3988,3720,2060,18,229,278,510,247,3513,4,2495,28,229,5716,374,249,136,4,1396,172,8,737,232,1,402,0,16,696,1994,0,696,2305,2118,483,311,66,0,1,994,8451,185,2084,214,423,2,372,0,50,216,0,1774,2477,204,188,685,14,0,23,188,10,877,964,225,14,2797,2,1879,0,0,4,1288,1,1881,148,20,49,659,0,905,138,488,681,283,0,135,3,6,898,7206,35,5610,3,39,2917,421,253,0,0,63,899,271,509,107,762,2304,1352,31,1,2779,194,1256,2,89,67,87,832,0,28,4259,463,483,633,27,116,0,1724,0,1316,10,0,6,14,669,113,30,51,353,32,125,5531,316,1635,145,1378,67,366,1262,1613,2418,279,2,4710,60,410,450,2306,14,4,1559,6419,4,99,218,231,57,384,113,2193,608,198,3669,14,112,1,12,832,79,68,0,1,0,1804,250,3,0,3933,286,0,33,1657,107,1069,3620,2436,991,0,103,0,107,500,181,837,92,1688,89,6579,11306,0,11,0,432,1826,913,112,469,5629,0,1434,12,90,80,0,0,44,59,9590,15147,0,10,0,2242,0,108,73,4479,0,5423,95,1610,77,214,113,200,0,1009,0,0,8105,0,5,0,9,14,1649,674,0,1,2942,4,46,91,0,46,3196,437,0,11,14927,5,1130,0,2208,1905,834,4,0,3,115,518,447,536,0,3696,0,4,310,0,295,885,2034,1892,1959,49,15,9,77,1,0,344,0,1,22,1415,4790,4181,0,6,20,17,43,3545,26,782,532,12,0,51,10,522,6,893,0,0,6,29,20,1,0,0,2692,18,40,1910,163,235,479,2,86,46,7,8582,66,0,1,5393,2268,6658,6,52,43,0,3782,0,603,3015,471,332,0,281,0,0,720,46595,91,0,0,0,50,4,0,1212,208,61,1574,0,169,11,7507,2316,3
"gene_990",0,0,57,8080,745,15,3,0,135,9,1279,11,4041,693,456,0,815,0,2322,240,39,41,0,6,2,2780,501,0,0,1526,19,240,1,10,315,200,17,0,0,212,686,2541,244,29,3,0,3991,39,1,2430,135,960,405,0,0,284,891,90,12,0,421,0,1515,0,0,1,278,0,1162,37,1405,0,0,10351,1650,0,280,232,125,53,0,111,0,4165,352,171,0,5,46,1,208,2,14,0,2,0,0,2,0,266,183,0,8,0,0,573,0,581,0,0,36,8,10,3,0,257,504,0,0,16,1679,0,17,2,0,0,0,146,28,0,22,0,0,3,0,7,2,0,0,37,1633,0,15,0,370,876,103,0,0,0,19,916,0,4,4,95,2,0,22,977,0,159,149,1485,149,1,1,26,982,0,0,10490,3131,0,0,0,0,0,0,0,8,63,0,0,0,0,25,0,0,0,200,4,1,30,528,0,0,0,1634,529,122,63,1,0,2779,131,429,507,0,6,0,3,11,1,553,1,23,14986,1308,0,14,24,0,0,1153,162,47,0,3,0,5,0,112,0,2246,5192,0,187,9908,0,28,155,129,0,2,659,31,14033,0,2229,12,0,81,134,551,6,3,0,2,0,1952,2863,604,658,3,160,409,0,48,456,807,2147,9,1208,4649,0,18,1,0,7,201,3817,152,27,0,5787,6271,196,1,70,27,78,103,81,237,768,0,752,551,319,884,0,0,24,2,29,720,617,336,37,349,226,8,94,5,0,18,0,11,0,3,242,63,467,0,0,863,0,10110,1,2649,32,2,879,11,12,487,1,225,5,153,28,1662,102,290,1104,52,64,0,11,131,116,0,343,0,133,2243,1202,165,0,4278,35,256,4462,5671,136,0,0,52,235,106,80,321,0,487,1900,0,4966,0,2151,50,36,129,803,40,10,180,11,2848,2460,0,435,0,187,1051,31,425,155,20,23,0,8928,810,0,150,2692,43,71,609,1,1,15,1938,0,55,0,564,4,660,0,2,1366,2,0,0,0,0,0,1,131,0,3,0,0,0,0,81,0,78,316,0,0,0,0,2,1458,7,64,239,0,8,0,0,0,0,0,0,0,0,0,0,0,0,0,1587,0,0,0,77,0,3185,0,0,1,4,0,0,0,33,0,0,250,0,2,0,0,0,22,0,43,6,0,1355,0,4,0,0,58,441,0,584,0,0,0,4,0,0,0,0,0,1567,1421,0,0,1886,0,394,0,0,0,14,0,0,0,68,0,0,0,0,0,7,0,1,0,0,115,0,0,0,0,4,41,0,0,1,219,0,0,0,0,0,0,0,2211,6,0,0,0,148,786,547,0,8,33,59,10,15,7,0,0,0,0,0,0,0,70,1,0,0,2,0,0,0,324,0,0,12251,0,0,1,2735,0,0,48,1,0,0,5349,9222,0,0,2,0,0,1,0,0,0,0,0,0,0,1033,0,2,0,0,33,0,211,0,0,0,0,0,0,0,0,0,0,0,0,0,12684,0,0,0,0,0,0,118,0,0,0,5409,0,0,11,1,0,0,0,0,0,0,0,0,19,0,0,81,2270,0,0,0,0,89,33,0,0,0,0,0,0,0,2,0,210,0,0,0,0,84,386,0,0,0,1650,0,0,0,0,1107,30,0,0,0,3364,0,0,0,0,8,1349,33,0,0,172,0,0,62,0,0,0,619,0,0,0,0,0,12,3,8490,0,0,272,0,0,0,0,0,0,269,0,0,65,661,0,121,0,0,0,342,0,0,0,0,0,0,0,0,0,0,0,0,0,577,0
"gene_991",165,2,189,0,17,343,2987,0,1,0,14,189,2,0,27,79,68,206,0,0,0,126,1571,3448,0,0,0,0,2,0,0,1,0,0,7538,2,1,4,13,0,2,0,335,165,0,3256,0,0,48,7,878,28,22,369,330,11,41,0,68,145,5,23,0,457,1,94,817,233,84,1025,5121,1708,0,3,246,0,0,479,0,795,271,616,1736,0,74,416,0,0,68,1,1,280,0,0,0,0,0,0,27,0,0,0,0,0,0,0,0,0,389,0,15,2,0,0,0,0,0,0,0,0,0,0,0,0,0,0,0,0,0,73,0,0,0,0,0,0,1449,0,0,0,0,0,0,17,0,79,0,0,1,0,1150,0,0,0,0,0,0,0,0,0,0,4,0,0,0,0,0,0,0,0,0,0,0,0,0,0,2,0,0,3035,0,0,0,0,0,1700,0,0,0,0,0,0,0,0,0,0,0,0,7,0,0,0,0,206,0,0,0,202,45,218,0,0,0,0,95,0,0,0,0,0,0,0,0,0,14,0,117,533,0,0,0,0,0,0,243,8,0,0,0,0,0,0,10,3,1,0,0,0,0,0,10,0,1,0,0,0,0,0,0,137,0,0,19,0,0,0,0,0,0,0,0,0,0,132,0,92,0,0,0,0,0,0,0,0,0,0,29,0,84,0,68,0,1,65,964,0,0,34,0,0,8,0,0,559,0,0,0,0,0,0,0,2,30,0,0,44,881,1,0,0,0,0,71,0,836,0,0,0,537,5,295,0,0,235,455,0,13,0,0,0,0,0,0,0,0,0,1,251,0,0,0,0,0,0,0,0,0,0,0,0,0,0,101,0,0,23,0,429,0,0,0,0,0,0,0,0,0,9,41,1492,0,0,0,0,0,0,0,1,0,0,0,0,0,0,0,0,7,0,0,0,0,0,0,1,0,0,0,0,0,10,1665,0,2,0,40,0,59,1809,0,1,0,0,171,84,0,0,5,0,0,50,44,0,0,13,74,0,0,0,68,0,0,0,0,0,5,178,0,27,0,0,0,0,0,0,103,0,9,0,0,0,3,0,0,116,24,0,0,0,1623,0,0,0,0,7,0,13,0,0,278,0,56,315,200,3,0,147,0,0,0,0,0,16,0,0,0,0,0,0,0,0,0,7,0,192,214,0,0,1,0,0,0,0,0,0,612,0,33,0,0,21,0,0,7,0,0,0,0,0,2,306,0,0,0,0,0,0,3,1,0,1,0,0,0,0,0,0,0,0,786,0,0,0,0,10,0,0,0,0,0,0,24,0,0,0,0,0,0,0,0,0,0,0,5,0,0,0,0,0,0,0,0,0,0,0,0,0,0,0,0,0,0,0,13,0,0,5,0,0,0,0,0,0,0,1,380,795,0,0,0,0,0,0,5,0,2,0,0,0,0,0,180,25,0,155,0,0,3,0,1,0,0,0,0,0,0,2,0,0,0,0,0,0,0,0,0,0,0,2,0,0,0,0,0,0,0,0,0,3,0,0,4,0,0,0,261,0,0,0,0,0,0,0,0,0,0,0,0,0,0,0,0,0,0,0,0,0,0,0,0,0,0,0,0,0,0,0,0,0,0,0,0,40,160,0,0,0,0,0,0,0,0,0,0,0,2,155,0,0,5,0,0,0,0,0,0,0,0,0,0,0,0,105,209,0,19,0,0,0,0,7,0,0,0,0,0,1,0,0,0,0,82,0,1,0,0,0,0,0
"gene_992",20,0,4,0,0,0,0,7,0,1,110,0,0,0,2,6,42,0,1,0,4,1,27,0,0,0,0,0,0,0,0,0,47,0,0,32,2,4,0,262,0,73,16,0,241,0,0,0,0,0,0,27,14,0,215,6,1,163,0,0,0,6,0,0,1,0,2,0,663,0,0,0,31,0,0,0,0,56,0,0,2340,0,0,0,6,4,451,257,65,0,0,0,0,0,136,2,0,0,1,102,17,0,0,2,0,897,0,0,0,0,0,0,1,57,0,0,2,11,0,0,0,0,1,0,0,0,0,0,1,0,0,0,0,0,0,0,30,0,0,0,3,0,15,0,0,219,158,0,1,0,0,0,0,0,1006,0,0,0,0,0,0,0,0,1,10,2,0,0,0,0,0,546,0,73,0,0,0,0,0,220,0,0,12,0,0,0,0,5,0,0,0,1,0,0,0,171,0,0,0,0,0,0,0,0,0,0,0,43,0,24,0,4,0,0,0,0,0,5,0,0,0,0,0,0,0,0,0,0,0,0,0,0,0,0,0,1,0,0,0,0,0,0,0,0,0,0,0,0,0,0,0,0,0,0,0,0,0,0,0,0,123,1,42,1,0,5,0,1,0,0,1,29,0,4,37,0,509,0,2,0,35,17,16,32,0,48,0,0,0,0,0,16,0,0,156,0,7,0,58,63,2,0,0,3,0,0,0,0,0,26,38,0,7,0,1,22,4,0,11,2,29,142,1,0,23,0,1,17,0,10,6,1,1,127,48,11,1,5,29,0,14,122,1,55,1026,0,0,0,9,0,0,0,221,0,4,0,11,0,0,31,23,0,21,0,1,0,0,112,0,0,0,39,0,15,2,0,11,0,471,0,46,160,18,3,179,59,7,0,29,19,0,0,0,12,0,0,0,1,35,0,141,0,0,8,7,0,46,0,16,0,1,0,0,26,1,137,94,4,3,96,2,0,0,1,0,368,10,0,2,11,19,0,0,0,0,0,175,46,5,0,0,6,265,0,14,144,15,0,139,1599,276,17,112,1,0,0,0,53,17,0,384,0,74,1,0,3,0,1072,1,0,0,19,0,0,241,3,0,38,455,5,7,222,7,9,2,1,0,0,0,47,12,0,7,434,0,0,0,38,0,1,0,0,29,0,314,0,0,0,20,0,9,28,0,2,5,0,0,46,0,0,3,60,1,19,536,235,13,81,78,1935,31,0,866,0,1,99,87,2,10,0,81,267,0,110,202,148,606,22,0,95,0,36,0,0,10,0,0,3,424,0,0,283,1,0,0,0,0,281,118,10,1061,0,0,0,0,331,0,34,126,0,18,0,0,1702,0,0,0,0,410,0,942,0,41,12,51,21,36,0,9,0,0,2,685,0,0,3,147,2,0,5557,0,7,0,0,151,0,965,1084,756,1,0,225,0,6,1006,0,1,0,0,35,804,13,67,1,52,0,1,0,4,38,215,1,0,0,56,29,1,16,1167,39,240,1,0,0,0,0,37,0,0,1112,0,6,324,0,0,270,1,0,0,0,0,217,9,159,40,118,0,0,331,0,2,50,0,175,72,76,0,1,0,0,0,0,15,0,0,1247,13,0,14,0,0,34,0,88,6,0,0,0,0,0,130,444,485,0,0,389,0,1,25,0,564,4,859,2,0,0,39,48,0,0,1081,4,0,18,0,0,1286,0,0,1,7,31,0,7,174,118,1,0,0,0,0,0,0,0,6,92,35,2
"gene_993",21,1556,494,281,266,3744,48,437,155,12,411,145,853,1,0,477,53,924,351,90,8,455,1396,2953,5372,4829,195,37,85,3280,44,2079,18,576,58,0,651,32,1624,211,49,66,73,6,458,2,70,68,812,1335,178,2829,210,252,0,2,14,0,301,64,3,338,1287,2278,2035,16,595,5500,201,1170,1037,1084,11,938,96,140,113,528,168,2491,222,55,1995,204,179,36,107,221,492,1248,143,449,7,280,2,68,0,17,117,5079,167,2012,6717,424,1072,3437,3015,1349,311,1288,20,2547,15,502,771,0,7,0,0,115,0,3,12,0,6454,816,0,7298,13,1104,0,1,1068,241,991,0,4316,101,3,0,0,976,1,1676,7304,36322,1621,14120,2501,2030,17,239,57,73,44200,20,129,6171,4421,456,71,26,6334,170,209,450,3797,7,3506,2906,0,308,3978,0,0,265,95,483,1715,0,74,4,10,13541,2321,6812,2776,0,41,0,6614,319,125,632,0,40,1202,186,3828,490,1469,29,3,319,820,0,0,0,13,6,32,49,2369,0,21,63,1259,10,132,824,54,0,7,4855,7,1624,21,2443,4960,81,59,24,1,8613,0,552,0,5,93,0,0,10187,0,148,383,682,496,1832,130,882,392,34,1484,900,0,0,151,44,5,280,530,70,929,973,3106,1891,3192,2964,356,289,1241,323,44,713,39,21,2421,1098,398,2679,233,4413,2147,4842,321,2082,877,3088,6147,3397,2058,6,1241,11472,1513,4520,262,4173,8429,391,443,947,25,8,1970,153,41,259,150,4,120,54,3791,2384,1571,215,21,0,438,1174,0,313,10300,7307,1,415,9376,117,3637,1,210,962,273,1187,1310,50,58,29,3888,211,7,1645,874,361,115,36,2458,10872,7678,389,434,1495,376,158,1479,12,211,80,662,5520,295,904,150,1706,1338,35,1278,208,742,0,292,3,1012,990,255,3770,2620,4433,107,2277,94,12449,2248,512,5463,271,2093,171,3586,125,722,944,20,2,708,10746,3198,753,5698,3749,3071,982,1262,2624,6,3172,2190,465,2015,3634,19,28,467,8383,308,23949,2880,290,203,534,3625,68,477,220,1786,4125,6020,71,6670,276,3854,3170,96,39,53,12,3,66,0,372,784,565,625,3279,9,0,124,763,1150,963,121,21,1202,196,263,35,35,96,0,0,483,823,798,50,303,1721,1570,64,7,702,1465,366,393,868,447,182,237,13,5647,1191,1666,30,1514,6,838,2914,101,891,193,464,134,1921,384,158,70,162,432,2,300,365,11,72,362,208,3125,708,9,8656,1509,417,81,190,755,6,1430,0,527,17,1520,429,2,983,1465,963,674,59,2027,4,1191,2476,142,812,48,2948,461,0,77,3611,308,66,174,2,2353,332,3517,330,2951,192,1,6,285,285,914,33,435,10,165,230,1722,4,1150,9,1286,166,267,2552,71,401,229,140,2922,1225,9,14,5,3225,284,58,294,17,0,4150,881,667,1802,7922,0,571,5517,0,1223,94,352,149,1915,0,0,1694,26,6424,1,1,772,4,1019,0,322,1,1460,0,365,2,0,701,3428,36,1,1,0,219,875,5,736,0,0,121,0,4863,84,1507,1136,919,1336,0,2963,793,11,30,378,527,0,0,9,153,3501,21,226,436,5240,302,4,2588,7031,0,595,258,2,19,3,0,266,0,536,5546,2427,24,12,1,0,0,771,277,73,0,4182,1569,297,295,3,91,2,668,1,11,24,169,1,0,0,786,2,96,458,4,6260,46,14,0,281,29,111,18,218,5546,561,87,795,68,1,536,671,1,1259,486,279,521,486,3847,162,346,1,25,0,92,350,821,42,439,0,302,1,20,8,805,4,901,326,6317,4347,244,2547,851,1,39,220,136,0,5047,0,8,4,310,275,5377,2,430,453,0
"gene_994",0,0,0,0,10,0,0,0,0,1,0,0,177,0,0,0,0,0,0,0,0,0,0,0,0,0,0,0,0,0,0,0,0,0,0,0,0,0,0,0,0,0,0,0,0,0,0,0,0,0,1,0,0,0,0,0,0,0,2,470,0,0,0,0,0,0,0,0,0,0,0,0,12,39,0,0,0,0,0,0,1,0,0,0,0,15,0,0,0,76,0,804,0,0,0,0,0,0,0,0,0,0,0,0,0,0,0,0,0,0,0,0,0,0,0,0,0,0,0,0,0,0,0,0,0,0,0,0,0,0,0,0,0,0,0,0,0,0,0,0,0,0,0,0,0,0,0,0,0,0,0,0,0,0,0,0,0,0,0,0,0,0,0,0,0,0,0,0,0,0,0,0,0,0,0,0,0,0,0,0,0,0,0,0,0,0,0,0,0,0,0,0,0,0,1,0,0,1,1,0,2,0,0,1,2,0,0,0,0,1,3,0,1,0,0,0,0,0,0,0,0,0,3,0,0,0,0,2,0,0,0,0,0,0,0,0,0,0,2,0,0,0,0,0,2,0,0,0,0,0,0,0,0,0,3,11,1,0,2,0,0,0,0,0,0,0,0,0,0,0,0,0,0,0,0,99,0,0,0,0,0,0,0,0,0,0,0,0,0,0,0,0,0,0,0,0,0,0,0,0,0,0,0,0,0,0,0,0,0,0,0,0,0,0,57,0,0,0,0,389,0,0,0,0,0,0,0,0,0,0,0,0,0,0,1091,0,0,0,0,1,0,0,0,0,0,0,0,0,0,0,0,0,0,0,0,0,0,0,0,0,0,0,0,0,0,0,0,0,0,0,0,0,0,0,2,0,946,0,0,0,0,0,14,0,0,0,34,0,2,1,0,0,0,0,0,0,0,0,0,0,0,0,0,0,0,0,1,0,0,0,0,2,0,0,0,0,14,0,0,0,0,0,0,0,0,5,0,0,36,0,0,0,0,0,0,0,0,0,0,0,0,0,0,0,0,1,0,16,0,0,0,0,0,0,0,0,0,0,0,0,0,0,0,0,0,0,0,446,0,0,0,0,0,0,0,0,0,0,0,0,0,0,0,0,0,0,7,0,0,0,0,0,0,0,0,0,0,3542,0,0,2,0,67,0,0,0,0,0,0,0,0,0,0,0,0,0,0,0,0,145,70,0,0,0,0,0,5,0,0,0,0,0,0,4,0,23,0,0,0,0,0,0,0,0,0,0,0,0,0,0,27,0,0,0,0,0,0,0,0,0,0,0,522,0,0,0,0,0,0,0,0,0,0,0,0,0,0,0,0,0,58,0,0,0,0,0,0,0,0,0,0,0,0,0,0,21,0,0,0,0,0,0,0,0,0,0,0,5,3621,0,0,0,0,0,0,0,0,0,0,0,0,0,0,0,0,0,0,0,0,0,0,0,0,0,0,0,0,0,0,0,0,41,0,1,0,0,0,0,16,0,0,0,0,0,0,0,0,0,0,0,0,0,0,0,0,0,0,0,0,0,0,0,0,0,0,0,0,0,0,0,0,0,0,0,0,0,0,0,0,0,0,0,0,0,0,0,0,0,0,0,0,0,0,0,0,37,0,0,0,0,0,0,0,0,0,6,0,0,0,0,2,0,0,0,0,0,0,0,0,0,0,0,0,0,0,0,0,0,0,0,0,0,61,0,0,0,0,100,0,0,0,0,2,1,0,0,0,0
"gene_995",1662,58,13,169,51,4,698,2,162,1534,10,615,14,1265,40,947,384,1,284,18,387,26,14,4636,157,3844,162,7,28,81,1325,906,118,363,331,808,154,416,142,1,244,477,258,134,2624,3170,497,6,2806,1,1305,1447,8,68,665,0,146,288,583,92,3844,1755,1355,31,5,330,505,27,41,46,4743,8679,1,823,82,40,110,145,2,2248,338,14,439,1265,2,0,164,6645,315,348,0,0,7874,456,702,3188,20262,1408,0,1436,999,965,3924,75,953,8431,1047,54,5045,2608,23641,1855,0,128,7006,790,5280,1033,0,960,7407,60,573,87,15,6779,2306,86,2136,0,162,7,37,843,1302,44,4873,5,3332,130,11308,2383,438,208,36467,18,0,21132,0,18035,1,1599,4160,0,11208,152,5660,4,13368,79,61,63,36,94,2498,0,22954,4034,3,1529,13,5,3908,434,260,14,11,1137,2743,3702,67,1981,0,233,643,4,2059,552,271,8242,6115,2189,7301,2136,6657,0,9829,17,17,25,12984,4165,2554,15637,119,1662,10963,284,310,2246,0,899,7088,126,54555,3815,311,190,15,13,3169,140,43,2374,3280,29,11933,1463,0,326,33,0,1071,3658,634,2155,0,4,1,1547,720,3207,2,0,4975,2184,1374,786,0,116,40,3325,903,0,1,0,6513,13,0,5188,125,967,33,6,2218,837,283,264,1989,592,2116,1223,176,477,161,1839,692,9699,4998,0,188,20,437,307,146,380,2392,884,11,145,44,457,0,427,40,32,535,1059,2880,116,1974,1376,299,300,535,1,0,119,39,3534,659,252,16,31,1334,11,1206,287,66,64,320,504,55,122,37,0,3869,20,1140,324,3012,29,3049,247,0,164,4,70,46,590,4,93,486,8208,26,75,193,2109,1288,301,292,471,2071,143,129,775,187,2870,3,308,3205,153,1356,2374,6473,271,52,21,114,3644,760,4443,250,7,756,1,4955,20,1513,2634,74,1306,2491,75,2,41,1,0,17,1027,160,59,283,23,1738,866,2057,118,4428,1225,564,141,1815,4750,390,0,15,743,319,908,3215,9,1580,2338,174,81,42,3925,11,200,5,4,104,3365,3,3264,2365,120,1859,664,9,1303,10,5155,36,1005,381,18,221,1562,21,117,44,0,1,0,0,1768,18,13,0,639,1,0,20,43,40,1502,0,728,602,216,0,9,58,631,0,68,53,218,23,32,525,10,1286,914,27,0,12,206,0,205,164,220,1007,112,2119,10,3,1389,79,67,237,0,1,263,4,10,13,0,0,17,180,72,37,0,93,82,763,0,474,0,1,125,2,0,352,4976,11,174,43,40,0,180,401,374,105,203,10,48,1092,0,0,41,6,31,356,36,0,0,21,151,0,1,131,54,17,3,0,70,2,955,207,1412,0,109,20,11,15,0,0,16,0,6,632,61,193,0,1,6,0,0,0,19,79,10,0,0,136,3799,1904,3697,3,31,0,37,2,1927,2375,23,51,1,132,275,28,54,0,0,13,163,0,677,1579,4,57,13,0,13,6216,0,0,1002,0,4020,2,270,701,511,2,122,0,2033,0,2447,0,5456,4,0,0,0,155,531,12,0,0,0,0,1374,0,138,0,376,398,19,9,1,2,0,426,2301,0,2537,0,0,0,0,47,5594,0,256,62,0,37,1218,151,0,0,3,1306,0,0,703,775,2165,0,18,8120,483,321,285,14,4,29,0,771,309,0,28,1,620,142,881,372,227,219,0,20,1,0,190,0,2,0,484,2369,374,28,0,0,2164,22,0,580,1626,61,0,0,0,199,785,0,0,0,3643,80,11,215,112,160,0,691,22,3,333,50,3,0,0,16861,1808,85,40,1,1,0,20,1267,18,0,483,4,32,396,12,0,1,255,1029
"gene_996",60,2,0,0,345,0,962,1,0,612,0,0,2073,0,0,0,37,0,29,1431,4,1,155,4,0,785,20,112,1360,0,391,0,0,11,5,0,0,0,0,26,0,0,2343,4583,0,1,0,0,3037,60,10448,26,0,0,4617,7033,0,2,8,1,0,0,5501,1032,0,0,0,1,0,73,17,0,0,0,0,7187,622,38,134,2996,0,0,0,34,0,0,0,0,0,0,26,0,0,0,0,0,0,0,0,0,64,0,1,0,0,0,0,0,1006,0,0,0,1,0,0,0,0,0,0,0,0,0,0,1779,1,0,0,0,0,4,0,3,0,0,0,0,0,0,0,0,0,0,0,0,0,0,0,0,0,0,0,0,0,0,0,0,0,0,0,0,0,0,0,0,0,0,0,30,0,0,0,0,0,23,0,0,0,0,0,0,0,0,0,0,0,0,0,0,0,0,0,0,0,0,0,0,0,0,19,0,0,0,4,0,0,343,128,0,0,0,0,4091,121,0,0,488,53,0,46,0,184,0,0,0,0,0,0,0,377,0,0,0,1,0,0,0,0,0,0,0,0,1,0,0,0,234,0,0,0,0,4307,334,0,0,591,0,0,0,0,0,0,0,0,0,0,0,0,0,0,0,0,0,0,2,0,0,0,0,0,0,29,418,570,0,0,0,1227,0,63,0,0,0,0,0,2,21,8,2,0,0,0,1114,0,0,0,0,0,0,16,0,0,0,0,0,0,0,0,97,0,1,0,0,163,0,0,55,0,8,0,0,0,0,0,0,95,0,4999,0,0,0,28,0,651,7478,0,25,0,0,0,0,1118,162,457,44,0,0,8,0,0,0,0,0,0,0,562,0,0,0,2,0,0,0,18,0,161,123,0,43,0,0,0,0,45,0,0,0,0,0,0,438,0,0,0,0,0,0,0,55,0,0,5,0,0,1175,0,0,3,0,73,0,94,0,0,0,0,0,33,964,0,0,1464,0,0,20,0,0,0,0,3,0,0,0,0,545,0,0,0,1267,0,32,0,1,0,4,0,2,0,1002,0,27,0,0,39,215,8502,0,77,0,98,2,104,0,0,3341,0,0,0,0,1928,6,0,4936,0,1,3,479,0,0,0,0,6,0,0,0,0,0,0,0,16,0,0,0,35,0,0,0,0,0,11317,0,0,19,0,46,3,872,3629,0,0,0,9,28,0,0,0,0,0,0,0,0,0,0,1010,0,0,0,0,0,0,12936,0,0,0,1,177,0,1,0,0,174,13,1155,0,0,0,0,0,82,22,3,0,0,1602,13031,243,0,0,0,1,0,3,0,0,0,0,0,0,2106,2755,1,0,1162,31,0,0,0,145,0,0,0,152,0,0,1,43,0,0,0,0,0,0,0,1192,0,0,820,0,104,0,0,0,11688,0,16072,0,0,0,0,0,0,0,0,0,2,0,0,0,0,0,0,4,1787,0,1,0,65,0,14,12,54,0,0,0,13,5,0,7,39,0,0,4,6,379,27260,0,0,0,16890,157,5,809,0,0,0,0,18484,129,0,0,0,1,0,0,0,0,0,0,1,524,0,766,0,0,7,0,0,4312,2325,161,0,0,5596,0,0,0,0,0,0,2026,1363,0,0,0,0,3,77,9,19,0,0,241,34,0,0,0,0,0,0,0,0,0,0,0,57,0,0,0,0,0,0,3,0,1,0,0,0,0,0,9163,0,0,0,0,169,0,264,0,144,0,0,0,0,0,0,0,0,0,0,0,19,0,0,382,0,0,0,0,38
"gene_997",0,0,0,0,7,0,0,0,0,0,0,0,0,0,0,0,125,0,0,1604,0,0,0,0,0,0,0,0,63,0,0,0,0,0,0,0,161,0,14,0,0,0,0,3,0,0,0,0,0,823,0,1,0,0,3,0,0,142,0,0,1,0,0,0,0,0,0,0,19,0,4,0,0,0,0,0,361,0,921,0,0,0,151,0,0,0,0,1,0,0,0,0,40,0,0,0,0,0,0,0,3,0,0,0,0,0,0,0,3207,0,0,0,0,0,0,0,0,0,0,0,0,0,0,532,0,0,0,2,0,0,0,0,0,0,0,25,0,0,0,0,0,0,0,6221,0,0,85,60,0,0,0,0,0,0,1134,142,0,0,0,0,0,0,0,17062,0,5,0,0,0,0,0,0,0,0,0,0,9,0,0,0,0,0,0,0,32446,0,0,93,0,0,0,0,1,110,0,7,0,0,9303,0,30,0,183,0,0,20,553,0,0,0,6,1013,0,0,4,741,0,0,0,0,0,320,753,0,474,0,0,0,652,4287,1476,23,21,530,0,6,0,0,3082,0,0,0,0,0,1,0,0,0,0,0,3810,0,0,100,0,65,0,11,45,2490,0,0,27,0,0,0,124,2,0,109,0,74,15,0,9,0,0,497,0,0,0,0,64,241,37,1,696,0,0,0,184,1,20,0,0,0,0,297,0,11,0,6,111,0,62,0,0,362,0,0,0,165,0,0,0,0,5,0,0,0,0,7902,0,0,32,3,68,20,54,1628,2,0,0,0,50,0,0,15,0,3,0,0,1,1088,26,0,15,6,199,35,1,93,27,4,322,2298,34,739,0,0,177,0,0,489,0,0,178,0,0,183,0,0,120,11,9,0,0,0,0,3285,0,6,0,452,261,0,18,855,0,182,7,0,0,0,0,18,0,106,0,29,0,0,180,0,0,10,0,0,6,0,0,2,0,2,5,0,0,62,0,109,1,0,151,0,0,28,440,0,0,1,703,102,316,788,0,415,1,0,0,0,7,0,0,0,2,195,10,17,7,514,6,314,675,0,4424,0,5,12,0,0,59,241,1,1,1,0,1,90,98,13,0,31,0,643,2,0,0,24,2,0,950,0,18,0,12,775,14,9,0,0,412,0,0,0,0,0,14,639,0,0,0,2,0,0,0,3,0,42,0,1355,0,72,13,0,1,99,0,0,0,0,0,2,210,48,0,113,0,137,99,0,2069,195,79,0,0,0,0,206,0,0,359,0,63,299,640,16,22,0,6,702,0,1,0,953,220,0,8,0,88,0,106,0,7,1506,0,39,2,74,0,0,0,0,0,0,0,0,0,0,0,364,8,0,0,0,15,30,11,6,0,7485,0,195,101,2,0,985,0,0,1342,1152,0,0,12,1121,9565,0,0,71,0,0,1325,16,0,0,10,0,139,54,487,0,92,0,4,0,4218,0,0,2377,0,131,4914,3939,2,1,0,7,46,0,0,0,0,0,332,1419,15,58,0,15,8,0,0,0,0,0,0,0,20,0,0,0,3,0,0,0,0,1,1,211,2574,1,0,217,0,179,0,8,42,0,0,8095,49,27,0,0,0,0,0,8756,0,0,4,0,0,0,0,0,0,0,1510,144,0,36,0,0,20,0,0,0,0,0,0,1,0,0,0,25,0,0,634,0,0,1,6424,0,321,989,0,8,1,0,0,871,0,0,0,0,15,2,2,90,0,1071,0,0,0,0,354,0,530,21,0,0,8,0,0,0,0,0
"gene_998",0,0,0,0,0,0,0,0,0,0,0,0,0,0,0,0,0,0,0,0,0,0,0,0,0,0,0,0,0,0,0,0,0,0,0,0,0,0,0,0,0,0,0,0,0,0,0,0,0,0,0,0,0,0,0,0,0,0,0,0,0,0,0,0,0,0,0,0,0,0,0,0,0,0,0,0,0,0,0,0,0,0,0,0,0,0,0,0,0,0,0,0,0,2,0,0,16,0,17,2,0,0,0,0,0,0,13,0,0,0,5,0,1,0,0,0,0,0,0,3,0,11,0,0,0,0,0,0,0,0,0,0,0,0,0,41,4,0,0,0,1,0,0,0,0,0,0,0,0,11,9,1,38,0,0,0,0,0,0,0,0,20,0,0,13,109,0,1,6,1,0,0,0,0,3,0,0,0,14,0,17,0,8,0,0,0,0,0,0,0,0,25,0,54,0,16,0,0,0,0,0,0,0,21,0,0,56,0,0,0,0,0,0,0,0,0,0,0,0,0,0,0,0,38,0,0,0,0,0,0,0,0,0,0,0,0,0,0,0,0,0,0,0,0,0,0,0,0,0,0,0,0,0,0,0,0,0,0,0,0,1301,0,16,0,0,0,179,0,0,0,8,1,196,2457,163,0,0,10,0,1,993,146,474,0,45,0,72,1270,811,103,0,206,0,1,100,0,245,0,1,214,125,0,57,127,16,149,5,0,0,3,454,158,0,1194,9,333,0,15,1,0,70,81,37,28,0,3,38,1549,0,0,543,0,0,0,95,829,0,63,0,12,0,0,0,1640,4464,461,793,21,13,0,0,0,15,0,0,0,0,0,1241,811,89,257,1932,420,5120,18,0,0,222,1127,149,6,0,57,230,93,247,4487,0,34,40,2,0,1,1,0,1,0,3,0,0,173,0,12,0,0,94,124,293,0,81,1865,4,3,79,0,1,1,18,0,0,2711,0,6,493,9,0,4,15,0,0,407,233,60,0,0,115,0,6,2065,2102,1013,0,0,0,0,1,1,51,0,0,0,1,300,0,1,0,0,0,104,0,0,0,0,1,0,587,0,2,0,0,0,360,0,0,0,152,0,0,946,0,19,548,0,209,0,20,0,1,0,0,2,0,0,2393,0,0,932,0,0,220,0,0,0,4,6,0,0,0,143,0,181,1,0,0,0,27,39,0,0,0,77,389,0,2243,0,0,50,15,0,0,0,0,0,544,14,15,0,0,0,138,218,0,0,0,25,0,0,597,0,0,4,0,0,0,0,0,0,0,1,52,4,0,0,16,210,0,0,0,0,270,338,0,142,53,0,0,0,55,0,140,0,0,2,0,0,0,4065,981,0,0,0,0,0,0,0,0,0,3,1390,0,919,271,3,0,108,0,12,20,3,26,0,7158,0,0,0,3,0,7162,0,1,0,127,3,6,0,326,0,0,548,1,0,578,0,2,0,0,0,3,88,2,241,11,560,0,0,0,0,0,0,0,12,0,0,2957,0,4219,4,0,12,0,235,0,0,0,0,0,1,0,0,25,0,229,0,58,0,0,0,1,0,15,464,1,0,0,0,0,0,0,0,0,0,0,3,27,0,83,16,0,0,0,14,566,25,0,1173,0,0,5261,542,6522,0,0,399,0,22,0,0,9849,0,716,0,225,36,10,0,0,0,3,0,0,0,0,0,0,0,202,0,0,0,86,0,0,0,0,0,10,32,2,0,0,0,2698,0,0,7672,2,0,927,1120,5,0,0,1,0,8,0,150
"gene_999",0,0,0,0,0,0,0,0,0,0,0,0,0,0,0,0,0,0,0,0,0,0,0,0,0,0,0,0,0,0,0,0,0,0,0,0,0,0,0,0,0,0,0,0,0,0,0,0,0,0,0,0,0,0,0,0,0,0,0,0,0,0,0,0,0,0,0,0,0,0,0,0,0,0,0,0,0,0,0,0,0,0,0,0,0,0,0,0,0,0,0,0,0,0,0,0,0,0,0,0,0,0,0,0,0,0,0,0,0,0,0,0,0,0,0,1,0,0,0,0,0,0,0,0,0,0,0,0,0,0,0,0,0,0,0,0,0,0,0,0,0,0,0,0,0,0,0,0,0,0,0,0,0,0,0,0,0,0,0,0,0,0,0,0,0,0,0,0,0,0,0,0,0,0,0,0,0,0,0,0,0,0,0,0,0,0,0,0,0,0,0,0,0,0,0,0,0,1,0,0,364,0,0,0,0,0,0,0,0,0,0,0,0,0,143,0,0,0,0,0,0,0,0,0,0,0,0,0,0,0,0,0,0,0,0,0,19,0,0,0,0,0,0,0,0,0,0,0,3,0,0,41,0,150,0,0,0,0,0,0,0,0,1,0,0,0,0,0,0,683,451,0,0,38,0,0,3507,85,0,160,0,0,3,0,834,0,21,1052,6,3,2965,0,0,594,853,0,0,0,903,0,0,0,2,0,954,1512,1,312,1,22,0,0,0,0,32,383,0,5,226,0,0,121,0,841,1,795,0,2028,250,235,0,281,0,350,0,0,0,0,8,0,0,0,815,0,0,0,0,1,35,23,0,0,3,0,0,0,74,0,0,134,0,459,1763,3,0,0,0,47,425,364,4,2,1390,2620,171,4,18,885,0,0,6752,0,0,8,0,0,3,518,4362,1,1279,10,0,43,0,2,1533,0,0,330,174,2,75,5829,0,7,0,0,0,43,0,13,0,43,52,254,0,0,7,0,0,283,925,27,11,0,2,89,1,334,0,31,11,0,50,2,0,7,23,0,0,77,0,1520,0,0,231,36,527,0,22,1186,0,11,2921,0,0,245,0,0,0,0,1,0,793,0,17,472,0,0,0,4500,196,15,0,237,14,0,13,19,0,0,2548,2,180,4,0,6,0,0,3,4430,1033,3246,0,92,355,29,0,2,655,1039,0,0,2513,0,0,0,0,0,0,1326,217,6510,0,44,0,4378,373,1323,0,0,1,2853,0,0,0,0,13,0,0,0,1155,0,409,49,0,283,9,2525,0,0,0,0,229,198,242,0,0,242,0,80,1484,14,162,0,4,0,1,412,1,0,1,4,0,139,0,0,260,194,287,0,0,48,3,0,572,0,0,0,0,2,0,0,0,0,0,2888,0,0,26,0,0,42,0,0,2,0,0,0,0,0,1,0,0,0,0,0,0,0,0,0,0,0,671,0,12,0,0,0,0,0,2,0,0,10,0,0,0,0,616,0,0,0,1464,0,0,0,0,0,0,8,191,0,0,276,371,0,0,0,123,0,0,0,187,0,0,0,2,0,0,32,0,0,0,0,0,1,0,0,0,0,356,0,0,26,13,0,0,0,405,0,0,0,1110,959,0,0,0,0,0,0,0,0,0,0,260,0,0,134,0,0,0,0,0,0,0,0,0,30,0,0,0,26,0,0,0,0,1,0,4,0,24,0,5,0,0,0,0,0,3,0,0,0,63,0,0,0,0,0,0,0,0,19,0,0,0,0,0,0,0,0,1345,0,0,0,0,0
"gene_1000",2812,111,3223,51,615,0,332,31,800,1672,14,0,29,0,5,1,4550,4,22,0,44,892,87,541,644,0,0,1503,187,0,0,6,3,0,6063,73,114,0,0,87,13,0,325,67,0,8619,19,195,0,1668,497,820,38,0,18,61,138,0,0,4157,2245,0,8499,0,0,0,363,0,9,0,15,0,0,391,87,2599,6,6,38,122,3,97,1065,1,979,4240,8,34,62,0,334,0,3317,5,11123,0,1,0,247,383,20,0,0,441,0,5,0,343,4,0,279,0,0,400,1699,1027,0,13,0,0,371,155,12,0,1,2661,1,437,0,25,37,0,0,4465,415,0,0,0,26,0,1,14,0,140,2897,0,10,0,0,225,8646,110,0,94,1668,1,15,286,1,119,19,28,34,3596,0,0,8920,4887,52,39,224,0,0,17,557,13,193,0,0,0,673,2,30,0,2180,1372,0,4555,19988,0,0,29829,496,0,0,889,7221,0,0,1752,0,38,2359,74,78,0,324,0,0,0,400,0,344,154,2615,1,7,2,0,141,0,67,0,0,9,81,827,762,0,0,44,3510,208,0,937,57,290,30,260,2,0,49,508,82,0,1,930,22,56,11,1,0,0,0,2,9,6,0,1,20,0,0,1,0,171,0,1,0,1,0,0,3160,45,751,0,0,0,210,108,0,191,907,66,0,43,0,0,394,0,0,0,0,7,3,0,2233,0,1320,6599,0,1,0,3488,0,153,0,0,0,0,0,0,1,1,0,11,0,5520,0,68,47,0,232,9,0,0,0,0,26,0,0,2,0,0,0,10741,9,14,0,58,0,0,0,0,0,1,3,0,0,0,0,0,0,142,0,415,6,0,1616,1197,0,22,6,0,2,4,0,4,0,5,1469,5204,610,9352,0,0,0,0,0,0,0,0,674,0,0,0,69,52,6,0,2,0,510,0,1523,0,40,0,0,2,103,0,170,0,2749,0,0,5,0,0,0,0,2339,0,128,228,1,195,0,0,0,743,0,845,713,13,1007,0,0,0,38,0,0,0,0,0,0,0,0,0,0,0,0,0,2,3479,0,0,8,0,0,1,0,0,0,0,0,0,0,0,0,5,0,727,0,0,0,0,0,211,0,161,0,0,0,0,0,1,0,2,0,0,0,0,0,0,0,172,0,0,0,1,0,4,0,2,2230,0,0,8,0,0,11,0,7,0,660,0,0,95,0,0,0,0,0,0,0,1,1,0,0,448,4,0,0,0,0,0,1298,1,0,5,0,0,0,45,0,0,0,0,0,0,0,57,0,0,0,0,0,0,0,72,0,0,0,0,0,0,0,39,0,0,0,108,0,0,0,0,1,3,0,86,4720,0,5784,384,0,0,0,0,0,2,0,0,0,11,0,0,0,151,0,0,0,116,0,2047,0,127,236,1,0,0,0,0,0,14,0,0,312,22,0,0,0,0,0,0,231,0,0,0,2612,451,0,0,5,0,0,0,0,1,0,0,0,0,1225,0,0,0,0,0,84,4,1,0,0,33,0,0,0,23,6,5,12,84,251,10,0,18,0,0,0,2739,0,0,1,0,0,0,0,0,0,0,632,0,0,0,0,0,0,4,0,3209,0,0,0,0,0,0,0,1313,0,0,0,0,0,846,0,5433,0,219,0,3,1,68,0,0,0,0,0,106,0,73,5685,0,0,0,0,0,8564,0,0,0,1,0,30,0,0,0,1,170,6,0,0,0,0,7,0,0,0,0,0,0,0,0,0,0,0,0,0,0,0,0,6,0,0,0,0,0,0
"gene_1001",116,2,0,14,11,37,1500,224,310,4,0,4,7,43,18,6754,0,0,0,0,7,0,26,0,941,25,0,5,24,0,0,178,155,1,81,0,0,10,0,1,0,61,0,400,12,220,0,0,1690,34,64,0,304,0,0,0,1,29677,8,0,230,239,2008,38,0,0,25,460,349,151,1919,8,19,620,896,1,0,320,112,0,1557,0,167,1,19,25,389,448,30,0,0,16,1,1,0,1,25,0,5834,3,1192,0,0,0,0,0,0,0,0,0,0,23,60,15743,18,0,0,0,0,0,0,0,24,0,0,0,2,0,0,0,105,0,0,0,0,0,2944,248,23103,0,0,69,2720,0,785,10,0,0,0,0,0,0,0,0,0,25,0,17,40,0,8578,0,0,6,5001,0,3,0,0,18380,0,1,4,0,0,0,0,0,0,0,0,0,0,0,0,0,0,0,0,0,0,0,0,0,0,0,6604,0,0,0,0,0,0,1,2,0,0,0,3,13,0,0,122,0,599,0,0,0,1,0,0,14,0,0,450,0,3373,0,187,2,105,0,228,1943,10938,0,0,1,94,0,0,0,1,0,0,0,54,0,43,0,4,4767,0,3,1,2200,1,219,0,103,0,0,0,1,0,670,1086,0,0,0,0,2265,0,0,2,16,8,0,0,0,0,0,3,26,0,0,0,0,0,0,0,141,10,0,0,1,973,211,0,0,0,0,0,0,0,0,77,0,0,0,606,0,0,0,0,0,0,0,0,0,14,717,7,20,0,0,1,0,1,0,1090,0,0,0,0,0,0,0,0,0,0,4,1,0,4,0,1,6,0,0,0,30,38,0,88,0,0,4,1,10,0,0,1,0,0,0,6,0,0,0,1,1300,0,0,223,724,1,0,0,22,380,37,2,0,98,1,946,0,8,0,0,0,0,1,0,131,0,0,19,684,0,0,0,0,0,0,4330,0,0,0,1,0,0,16,0,0,0,0,0,0,286,414,1,2,328,0,2210,15,0,0,0,0,0,0,0,0,0,0,61,0,0,0,0,0,0,0,0,0,0,0,0,0,0,0,1,1,0,0,0,0,0,0,0,0,0,1,0,0,0,0,0,0,0,0,1,0,0,0,10,5,9,0,0,0,0,0,0,0,0,0,0,0,0,0,0,0,0,0,0,0,0,0,0,0,0,0,0,0,0,0,0,4,0,668,195,0,0,0,0,6,0,137,0,0,0,7,0,0,0,0,0,0,0,0,6,0,0,0,371,0,0,0,0,0,0,35,0,0,0,21,0,0,197,0,0,0,0,0,0,0,0,0,0,0,0,0,0,1,0,0,41,0,0,0,0,0,0,0,1,0,0,0,0,0,0,0,14,0,0,0,0,0,0,0,0,0,0,0,0,0,19,0,0,0,0,0,0,1,0,0,1,0,0,0,0,0,0,4104,0,0,0,0,0,0,0,0,0,25,0,0,0,0,0,0,0,0,0,0,0,0,0,0,0,0,0,0,0,0,0,0,0,0,0,0,0,0,0,0,0,0,0,0,0,0,1853,0,0,0,62,0,0,0,0,0,0,0,12019,0,0,9,21,0,0,0,0,0,0,0,0,0,3,0,0,0,0,0,0,0,0,0,0,0,0,0,0,0,0,0,0,0,0,0,0,0,0,0,0,0,4,0,0,0,0,0,0,0,0,809,0,0,0,0,0,0,0,0,0,0,0,0,0,0,41,0,6,0,0,0,0,0,0,0,0,237,0,0,0,89
"gene_1002",0,0,0,0,0,0,1,0,0,0,0,0,32,0,0,0,0,0,0,0,0,0,0,0,0,11,0,0,0,0,9,0,2,0,2383,0,0,15,0,0,0,0,0,0,6,0,0,0,448,0,0,0,0,0,0,0,0,0,0,0,0,0,0,0,1,86,0,0,0,0,0,0,0,0,0,0,0,0,89,0,8393,6,0,0,0,0,0,0,0,0,0,0,0,0,0,0,0,0,0,0,0,0,0,0,0,0,0,0,0,0,0,0,0,0,0,0,0,0,0,0,0,0,0,0,0,0,0,0,0,0,0,0,0,0,0,0,0,0,0,0,0,0,0,0,0,0,0,0,0,0,0,0,0,0,0,0,0,0,0,0,0,0,0,0,0,0,0,0,0,0,0,0,0,0,0,0,0,0,0,0,0,0,0,0,0,0,0,0,0,0,0,0,0,0,0,0,0,0,0,1,24,0,0,0,0,0,0,0,0,2,1104,0,0,33,0,0,1202,0,0,0,327,21,674,0,0,0,0,0,0,0,0,0,0,68,0,141,0,0,0,0,0,0,0,0,0,0,0,0,0,0,0,0,0,0,0,0,1235,0,0,0,0,0,0,0,0,0,0,0,0,0,0,0,0,0,0,0,0,0,0,0,0,0,0,0,0,0,0,0,0,0,0,0,0,0,0,0,0,0,0,0,0,0,0,0,0,0,0,3,0,0,0,0,0,0,0,0,0,0,0,0,0,0,0,0,0,0,0,0,0,0,0,0,0,0,0,0,0,0,0,0,0,0,0,0,0,0,0,0,0,0,0,0,0,0,0,0,0,0,0,0,8,0,0,0,0,0,1,0,0,0,0,0,115,0,0,20,0,0,0,0,0,0,0,0,0,0,15,0,0,29,0,0,0,0,0,14,0,0,0,2,0,0,0,0,0,0,0,0,0,108,0,0,0,0,0,0,44,0,0,0,0,0,0,0,0,0,0,0,0,0,0,0,2,0,0,0,0,0,0,432,0,0,0,0,0,0,0,0,0,0,0,0,0,0,0,0,0,0,0,0,0,0,0,916,0,0,140,1,0,30,0,0,5,0,6,0,0,0,0,0,0,0,0,0,0,0,0,0,0,0,0,0,0,0,7,0,0,0,16,0,74,0,0,0,0,0,0,0,0,0,0,0,0,0,0,34,0,0,0,0,0,0,0,0,0,0,0,0,0,153,0,0,153,0,0,0,0,0,0,0,0,0,0,189,0,0,0,1,0,0,10,0,0,0,0,0,0,0,0,0,0,0,0,0,0,0,0,0,0,0,0,0,0,0,0,0,0,0,0,0,0,0,0,0,0,0,0,0,0,0,0,0,0,0,0,0,0,0,0,0,0,0,0,0,0,0,0,0,0,0,0,0,0,0,0,0,0,0,0,0,0,0,0,0,0,0,0,0,0,0,0,0,0,0,0,0,0,0,0,0,0,0,0,0,0,0,2,0,0,0,0,0,0,0,0,0,0,0,0,0,21,0,0,0,0,0,0,0,0,792,0,0,0,0,6,0,0,0,0,0,0,0,3,0,0,0,18,0,0,0,0,0,0,0,0,0,0,0,0,0,0,0,0,0,0,0,0,0,0,0,0,0,0,0,0,0,0,0,0,1,0,0,0,0,0,0,0,0,0,0,1710,0,0,0,0,0,0,0,0,0,0,0,0,0,0,0,1,0,0,0,0,0,0,0,0,0,0,0
"gene_1003",0,0,0,17,0,3,0,0,175,0,0,0,259,0,0,484,0,0,1,0,99,3,91,10,0,0,0,290,0,31,0,0,0,0,0,0,0,100,0,0,1,3,11,1,55,0,0,0,0,0,0,70,6,37,154,0,0,438,0,0,0,0,0,0,0,0,0,3,0,4,0,275,0,0,0,3494,0,0,8,0,1,812,0,804,2,8,0,3,0,51,1,103,3607,104,0,0,0,0,0,3,13,0,0,630,0,0,597,2,0,0,105,0,36,848,0,1506,0,0,0,0,1,0,0,0,0,136,214,4022,2,0,63,0,0,0,0,0,0,0,0,0,0,4190,0,5,0,1246,0,0,1201,0,13043,377,0,2609,0,38,0,1,0,0,0,9,0,0,910,0,0,1,0,271,0,2148,0,48,0,0,0,420,0,27,0,0,0,0,44,0,0,0,3235,0,1008,0,0,0,0,0,0,0,0,0,0,0,10,0,0,0,0,0,55,0,83,3006,0,116,0,0,1652,0,0,0,0,0,457,0,0,0,0,0,0,0,0,14,0,0,401,0,18,0,0,0,0,0,40,0,5,0,0,0,0,188,0,0,0,7,49,0,0,0,0,0,36,301,0,23,0,1,202,0,8,59,3,0,5577,0,641,0,0,0,361,0,0,128,556,1532,19,0,75,0,0,179,0,0,104,0,238,17,39,2,0,2,0,778,126,235,25,3,0,6,1,1,0,16,1,0,0,150,2,3,0,15,89,0,70,1,0,151,81,566,0,0,25,0,32,0,114,0,0,0,209,11,7,0,0,0,38,0,211,11,0,0,24,213,81,32,0,83,123,59,4,11,2799,5,1,0,710,1829,25,37,1539,924,302,1095,0,77,1690,18,74,35,0,0,816,1806,0,3,135,1650,0,39,267,271,0,117,0,14,275,92,13,17,0,0,6,79,7,0,0,273,119,0,13,44,242,639,0,25,840,379,0,0,5,405,0,0,122,0,13,14,0,12,3,1208,2,4,1,27,0,0,59,2,0,41,0,743,69,1,70,1505,2,0,0,1479,0,0,0,0,13,0,37,0,7,1298,4,103,162,180,72,1,0,37,65,3,0,55,0,0,29,0,0,0,11,0,573,13,0,0,37,0,9,0,37,2,1,23,161,35,0,131,15,0,0,45,71,0,0,1442,0,27,180,0,0,0,0,0,0,11,0,0,72,193,4,0,0,51,0,0,1,0,37,0,77,5,11,10,0,0,1311,0,349,705,0,0,0,3,0,0,0,0,60,0,87,6,0,12,0,0,2,0,0,0,0,7,0,133,6,0,25,0,0,241,0,424,0,51,0,3,8,14,11,102,116,2440,88,46,0,0,0,10,10,0,1232,0,0,0,0,0,0,17,0,0,2,0,0,0,1,1,0,0,4,0,0,0,0,0,0,0,669,0,1,0,0,0,442,0,10,0,2,0,0,0,20,180,0,2,0,0,0,0,0,51,0,0,0,0,0,6,0,0,535,0,0,0,0,0,0,1,0,0,0,0,0,0,2,0,299,116,0,0,19,0,0,0,0,0,1,0,1,4,33,0,0,691,0,2352,0,0,0,237,0,0,159,36,0,0,0,0,6,168,28,0,1,0,2,121,1,100,0,371,1,0,0,3,67,0,34,8,0,0,8,0,0,0,400,0,0,37,1,4,0,0,19,54,0,0,0,0,21,0,83,0,427,0,2,0,0,0,0,0,269,0,0,326,0,1,0,1,1,6,50,410
"gene_1004",0,0,0,0,10,0,0,0,0,0,0,0,0,0,0,0,1,0,0,0,0,111,0,0,0,0,0,0,0,0,0,0,0,0,0,0,0,0,0,0,0,0,3,0,0,0,0,94,0,0,0,0,0,1065,0,0,0,0,33,0,0,0,0,0,0,0,0,637,0,0,0,0,0,0,0,0,0,0,0,0,0,420,0,1,0,0,0,0,17,0,17,0,0,0,0,0,0,0,0,0,0,0,0,0,0,0,0,0,0,0,0,0,0,0,0,0,0,0,5,0,0,0,0,0,0,0,0,0,0,0,0,0,0,0,0,0,0,0,0,0,0,0,0,0,0,0,0,0,0,0,0,0,0,0,0,0,77,0,0,0,76,0,0,0,0,0,0,0,0,0,0,0,0,0,0,0,0,0,0,0,0,0,0,0,0,0,0,0,0,0,0,0,0,0,0,0,0,0,0,0,0,0,0,0,0,0,0,1,0,0,3893,7,0,0,0,4,0,0,0,0,1,0,0,24,3,0,0,0,0,0,0,0,0,162,0,0,0,0,0,0,0,0,0,0,0,0,0,0,0,0,0,0,0,0,0,0,0,0,1727,0,0,0,0,0,901,0,25,0,0,0,0,0,0,0,0,0,0,0,0,0,0,0,0,0,0,0,0,0,0,0,0,0,0,0,0,0,0,0,0,0,0,0,13,0,0,0,0,0,0,0,0,0,0,0,0,661,0,0,0,0,10,0,0,0,0,0,0,0,0,0,0,0,0,0,0,0,0,0,0,0,0,28,0,0,0,0,0,0,0,0,0,5797,48,0,0,0,0,0,0,0,0,0,0,0,1,0,0,0,0,0,0,0,0,0,0,0,0,0,0,0,0,0,32,0,0,0,0,0,0,0,0,0,419,0,0,0,0,0,0,0,0,0,0,0,0,0,0,0,0,0,0,0,0,0,0,0,0,0,0,0,0,0,0,0,0,0,0,0,0,0,0,0,0,0,0,0,0,0,0,0,0,0,0,0,0,0,0,0,0,0,0,0,0,0,0,0,0,0,0,0,0,0,0,0,0,0,0,0,0,0,0,0,0,0,0,0,0,0,0,0,0,0,0,0,0,0,0,0,0,0,0,0,0,0,1083,0,0,0,0,0,0,0,0,0,0,0,0,0,0,0,0,0,0,0,0,0,0,0,0,0,0,0,0,0,0,0,0,0,0,0,0,0,0,0,0,0,0,1,0,0,0,0,0,0,0,0,0,0,0,0,0,0,0,0,22,0,0,0,0,0,0,0,0,0,0,0,0,0,0,0,0,0,0,0,0,0,0,0,0,0,0,0,0,0,0,0,0,0,0,0,0,0,0,0,0,0,0,0,0,0,0,0,0,0,0,0,0,0,0,0,0,0,0,0,0,0,0,0,0,0,0,0,0,0,0,0,0,0,0,0,0,0,0,0,0,0,0,0,0,0,0,0,0,0,0,0,0,0,0,0,0,0,0,0,0,0,0,0,0,0,0,0,0,0,0,0,0,0,0,0,0,0,0,0,0,0,0,0,0,0,0,0,0,0,0,14,0,0,0,0,0,0,0,0,0,0,0,0,0,0,0,0,0,53,0,0,0,0,0,0,0,0,0,0,0,0,0,19,0,0,0,0,0,0,0,0,0,0,0,0,0,0,0,0,0,0,0,0,0,0,0,0,0,0,0,0,0,0,0,0,0,0,0,0,0,0,0,0
"gene_1005",0,0,0,0,22,0,0,0,0,0,0,1144,0,0,0,0,0,0,0,0,0,0,0,0,0,0,0,0,0,0,3,0,0,0,0,7,0,0,0,0,0,0,0,0,0,325,0,1,0,0,1,0,162,3,0,31,0,0,0,0,645,0,144,0,0,0,22,0,0,0,0,0,0,0,121,0,0,6,0,192,18,82,365,0,0,47,4,4,0,0,0,0,0,0,0,0,0,0,0,0,0,0,0,0,0,0,0,0,7,0,0,0,0,0,0,0,0,0,345,0,4,0,0,0,0,0,0,0,0,0,0,0,0,0,15,0,0,0,284,0,0,0,0,0,0,0,124,0,0,0,0,0,0,0,0,0,0,0,0,0,0,0,0,0,0,0,0,0,0,0,4,0,0,0,0,0,0,0,0,0,0,0,0,0,0,0,113,0,0,0,0,0,0,0,1,0,0,0,0,4,2,0,0,0,0,0,0,0,1,0,0,0,0,0,8,4,0,0,2,0,0,0,1,0,6,0,0,0,0,0,0,0,2,1,0,0,0,0,1,0,0,17,8,0,0,2,1,0,0,0,0,4,0,0,0,0,0,0,3,17,0,0,0,0,0,0,0,0,0,0,0,0,0,0,0,0,0,0,0,0,0,0,0,0,0,0,0,0,0,0,4,0,1,0,0,0,0,0,0,0,0,0,0,0,0,115,0,0,23,0,0,0,0,0,0,0,0,0,0,5,0,0,0,0,0,0,0,0,0,0,0,0,0,0,0,1,0,0,9,0,0,0,0,0,0,0,0,0,0,0,0,0,0,0,0,0,0,0,0,0,0,39,0,0,0,0,1,0,0,0,0,0,0,0,4,0,0,0,0,0,0,3,0,0,0,0,0,0,0,0,0,0,0,0,0,0,0,0,0,0,6,863,6,0,0,0,0,0,0,0,0,0,0,208,0,0,0,0,0,0,48,27,0,0,128,0,0,0,16,0,0,0,0,1,0,1,0,1,0,0,0,0,0,0,0,0,0,0,0,0,0,0,0,0,0,0,0,1,0,0,0,0,0,0,0,0,1,0,0,4,0,8,0,0,0,0,0,0,0,0,12,3,0,0,0,0,0,0,0,0,0,0,3,0,22,1,0,1,0,2,0,0,0,0,0,0,0,3,25,3,0,0,0,0,0,0,3,0,2,0,0,0,0,0,0,0,3,0,0,1,0,42,2,0,0,0,17,0,0,0,2,0,0,0,0,0,0,0,0,0,0,0,0,0,0,0,1,0,0,0,0,0,0,0,0,0,0,0,0,0,17,0,0,0,0,0,0,0,4834,441,4,0,0,0,0,0,0,0,0,0,0,0,0,0,0,0,0,0,0,0,0,0,0,0,0,0,0,0,0,0,0,0,0,0,0,0,0,0,0,0,0,0,0,0,0,0,0,8,0,0,0,0,0,0,100,0,0,0,1247,0,0,0,0,0,0,0,0,0,0,0,0,0,0,0,0,0,0,0,0,0,0,0,0,2,0,0,0,0,0,0,0,0,0,0,0,0,0,0,0,0,0,0,0,0,0,0,1,0,0,63,0,0,0,0,0,0,0,0,0,0,0,0,0,0,0,0,0,0,0,1472,0,0,0,0,0,0,0,0,0,0,0,0,0,0,8,258,0,0,0,0,0,0,0,0,0,0,0,0,0,0,0,0,0,0,0,0,0,0,0,0,0,0,0,0,0,0,0,0
"gene_1006",0,0,0,0,0,0,0,0,0,0,0,0,0,0,0,0,0,0,0,0,0,0,0,0,0,0,0,0,8,0,0,0,0,0,0,0,0,0,0,0,0,0,0,0,0,0,0,0,0,0,0,0,0,0,0,0,0,0,0,0,0,0,0,0,0,0,0,0,0,0,0,0,0,0,0,0,0,0,0,0,0,0,0,0,0,0,0,0,0,0,0,0,0,0,0,0,0,0,0,0,0,0,0,0,0,0,0,0,0,0,0,0,0,0,0,0,0,0,0,0,0,0,0,0,0,0,0,0,0,0,0,0,0,0,0,0,0,0,0,0,0,0,0,0,0,0,0,0,0,0,0,0,0,0,0,0,0,0,0,0,0,0,0,0,0,0,0,0,0,0,0,0,0,0,0,0,0,0,0,0,0,0,0,0,0,0,0,0,0,0,0,0,0,0,0,0,0,0,0,0,0,0,0,0,0,0,0,0,0,0,0,0,0,0,0,0,0,0,0,0,0,0,0,0,0,0,0,0,0,0,0,0,0,0,0,0,0,0,0,0,0,0,0,0,0,0,0,0,0,0,0,0,0,0,0,0,0,0,0,0,0,0,0,0,0,0,0,0,39,526,61,0,0,0,1,0,0,0,0,0,0,0,0,0,0,0,21,2,1,0,0,22,3,0,0,0,0,92,0,0,0,0,0,0,0,0,0,0,4,283,25,0,0,0,0,31,0,0,31,0,0,0,0,158,0,1,0,0,0,0,0,0,0,0,2,0,0,0,1,27,0,0,8,0,0,15,23,0,0,260,244,493,44,0,0,5,0,0,0,0,0,0,0,0,0,12,0,3,0,1302,0,0,0,1,0,0,0,0,0,0,1,0,0,0,0,0,2,0,0,0,43,0,0,0,0,0,0,0,0,0,0,0,0,0,6,0,0,0,0,0,0,12,0,0,0,0,42,0,0,0,0,0,0,81,0,1,0,0,0,0,20,0,0,2955,0,35,0,0,0,224,0,0,0,0,0,5,601,0,0,30,0,0,0,0,0,0,0,0,0,0,0,0,0,0,0,0,0,0,0,6044,24,0,0,1248,99,124,0,0,0,1,0,376,0,27,0,65,179,243,0,1688,0,0,261,0,20,150,0,0,0,0,1,0,0,0,8,32,0,12,0,154,1,0,3992,0,0,0,1,0,0,0,0,0,0,0,0,0,1127,0,0,0,92,0,0,0,0,0,0,0,1121,4,0,13293,0,145,0,0,1,94,0,0,0,3,0,0,0,0,0,1,0,4193,0,0,0,0,484,1,60,0,0,0,0,0,0,0,0,0,0,0,0,0,0,0,0,0,0,0,0,0,0,0,0,0,0,0,0,0,0,0,22,0,0,0,0,0,0,0,0,0,0,0,0,0,0,0,0,0,0,0,0,0,0,0,0,0,0,0,0,0,0,0,0,0,0,0,0,0,0,0,0,0,0,1,0,0,0,0,0,0,0,0,0,0,0,0,0,0,0,0,0,0,0,0,0,18,0,0,0,0,0,0,0,0,0,0,0,0,0,0,0,0,0,0,0,0,0,0,0,0,0,0,0,6,0,0,0,0,0,0,0,10,0,0,0,0,0,0,2,0,0,0,0,17,0,0,0,0,0,0,0,0,0,0,0,0,0,0,1,0,0,0,0,0,0,0,0,0,0,0,22,0,0,0,0,0,0,0,0,0,0,0,0,0,0,830,0,0,1585,0
"gene_1007",0,0,0,0,0,0,0,0,0,0,0,0,0,6,1,384,0,0,0,0,0,15,0,0,0,0,0,4,0,0,0,0,0,65,0,0,0,0,0,0,0,0,0,0,0,0,0,0,0,0,0,0,0,0,0,0,439,996,3,3,0,0,0,0,0,0,18,1,0,0,0,58,16,13,0,0,0,0,0,0,0,0,0,0,0,0,0,0,0,0,0,0,0,0,0,0,0,0,0,3,0,1630,0,0,0,0,0,0,0,0,0,0,0,0,0,0,0,0,0,0,0,5,1,0,0,0,0,0,0,0,0,0,0,0,0,0,72,0,145,7,0,0,0,0,0,0,0,0,0,0,4800,0,0,0,0,2,0,0,0,0,15,0,0,0,0,418,0,0,0,0,0,16,0,0,0,0,0,0,0,0,0,0,1340,0,0,0,1316,0,0,0,0,0,0,0,10,0,0,0,93,0,0,0,0,7,0,0,0,0,0,26,0,0,0,0,44,0,29,0,70,0,399,0,0,0,153,0,0,0,0,0,0,0,0,1,0,0,13,0,0,0,0,0,0,137,2,0,0,0,4,0,0,0,0,0,0,0,0,85,0,0,149,664,25,49,666,0,3,52,15,14,54,692,278,0,2,0,515,487,0,0,39,0,0,0,0,1013,0,1,0,0,0,0,0,2,33,77,0,0,0,0,0,519,0,167,34,858,0,30,77,0,0,50,93,0,0,56,0,0,394,4737,0,1,2134,2492,509,0,1152,0,1628,1,0,0,0,0,448,0,30,0,66,0,106,0,0,0,997,0,0,292,0,23,0,0,1,675,0,0,0,0,0,0,0,0,87,0,0,0,5,11,2033,0,0,4004,1,0,0,0,401,176,0,88,0,1,0,1741,0,0,0,627,0,63,244,192,0,4,243,10,4,0,0,9,0,0,71,3053,2,0,0,0,40,86,0,0,0,0,547,0,30,0,9963,0,0,1159,0,2,0,0,0,4,10,813,0,6212,0,0,0,0,0,0,1316,158,2,0,0,0,0,138,0,0,10,0,0,0,15,0,0,98,2729,3,0,36,288,0,0,355,0,0,0,0,2,0,0,83,1,0,3,2000,0,2527,0,0,0,0,3,0,7,0,0,0,0,0,0,7,0,2331,0,0,0,8,52,90,36,0,0,0,4,0,0,0,6031,0,0,0,54,411,0,0,411,0,0,0,1269,0,0,0,1,0,3458,0,232,0,0,0,0,0,0,0,3,0,371,0,0,359,0,36,1264,0,138,0,0,0,369,326,0,0,0,10,0,0,1,2,0,0,422,0,0,2022,0,1,0,0,0,0,0,0,0,0,0,0,7,3,0,0,0,5,0,0,0,0,0,0,0,0,0,67,2136,947,0,0,0,95,0,0,0,0,0,25,0,0,0,34,0,0,0,0,0,9,0,0,0,926,0,0,27,0,1,0,1,0,0,0,3881,0,2,0,0,0,0,13,22,0,0,2,326,28,0,0,0,0,0,2,0,11,0,0,0,0,0,0,1,0,46,0,0,1,70,0,1,0,190,0,0,7,0,0,0,0,0,0,0,0,0,0,392,0,3,27,0,0,0,0,0,0,0,0,374,0,0,0,0,0,0,0,0,0,0,437,0,0,0,0,0,0,49,0,7,0,0,0,0,0,4,0,0,0,0,0,0,0,0,9,0,0,0,0,0,0,143,0,0,0,0,0,66,2,0,0,0,0,0,0,1,0,2,0,0,3,0,2
"gene_1008",0,0,0,48,0,158,0,0,0,0,0,0,0,0,171,0,0,0,0,0,0,0,0,0,0,0,0,0,0,0,0,0,0,5,0,0,0,0,0,0,0,0,0,0,0,0,0,0,0,0,0,0,0,0,0,0,0,0,150,0,0,0,0,0,0,0,0,0,0,0,570,0,0,0,0,0,0,2,0,0,0,0,0,0,0,0,0,0,0,0,0,0,0,0,0,0,538,0,126,945,57,5129,1,1900,0,953,719,166,530,0,300,479,8,12,670,0,838,690,630,40,32,0,42,25,6578,226,0,67,818,1942,0,2080,2,1,571,0,1983,0,76,647,141,19,29,789,54,5215,9,5,0,1,2656,633,2,1364,225,1,0,0,0,326,0,0,158,0,0,0,429,8,179,0,103,637,0,0,0,59,0,1,1,0,1,0,135,236,8,1257,1041,0,2492,892,0,0,2801,1376,0,0,0,0,0,0,40,0,0,0,0,0,0,0,0,0,0,0,74,0,1252,0,0,0,0,211,0,0,492,0,5291,0,0,0,5605,83,0,176,1,0,0,0,0,0,72,0,0,0,4,0,0,1,0,63,0,0,23963,0,0,201,0,39,0,0,0,0,0,0,0,0,0,0,0,12,50,0,0,0,0,49,0,0,0,0,18,0,350,0,0,0,277,193,130,0,14,995,0,0,0,0,28,0,524,176,0,1,0,0,0,0,0,0,0,0,15,0,97,0,0,0,2,70,0,0,0,18,12,608,0,0,0,0,6,0,0,6,1,0,0,0,8,310,0,0,0,20,0,0,239,85,0,7,0,0,0,0,0,0,90,0,1,122,0,0,0,0,0,0,2,0,0,0,0,42,0,0,48,0,0,0,0,4,0,40,0,0,1228,0,0,0,0,540,0,0,0,3,0,0,15,278,1,0,0,2,2,0,250,0,0,16,0,0,0,0,5,0,8,0,0,0,0,0,0,1,0,0,0,0,0,32,0,1,5,0,0,35,302,0,0,50,0,961,0,364,0,0,0,0,0,0,0,0,0,0,0,107,3,0,0,1,0,0,0,0,0,1,213,0,138,984,0,0,0,0,233,0,0,0,0,0,1,407,0,0,0,116,0,15,0,0,45,19,0,0,0,1476,0,0,0,0,0,0,80,0,0,0,0,0,0,0,0,0,1,62,0,0,0,3,0,0,0,0,0,0,0,0,0,0,0,0,0,0,0,0,0,0,4,2,0,0,0,0,0,0,3,0,733,0,0,0,734,2342,23,0,0,0,1,72,0,0,4,0,0,0,2279,0,0,76,0,0,84,0,1,0,0,44,0,0,0,0,0,0,0,0,0,0,0,0,0,0,0,0,0,0,0,0,0,0,0,0,0,0,0,100,0,0,0,0,0,0,0,0,0,0,0,0,15,1,0,0,0,0,0,0,0,0,0,0,0,0,0,0,0,0,0,0,0,0,0,0,0,0,5,0,0,0,0,0,37,0,0,0,0,0,0,0,177,0,0,0,0,0,0,0,0,0,0,0,0,0,0,0,0,0,0,780,0,18,0,0,0,0,0,0,4,0,0,0,0,0,0,54,0,0,0,0,0,0,0,0,0,0,0,77,0,0,0,0,0,0,0,0,0,0,1,0,0,0,0,0,0,0,0,0,0,0,0,0,0,1,0,0,0,0,0,0,0,0,0,0,0,0,1,0,0,0,0,0,0,0,0,0,0,0,0,0,0,0,217,0,0,0,0,0
"gene_1009",5921,1105,0,0,114,344,1017,16,0,2,74,28,0,0,0,1472,1678,329,0,59,0,0,0,0,0,0,0,29,0,89,837,359,0,0,280,274,1459,27,2,61,0,97,0,0,0,0,1,0,2,61,1049,590,0,12,0,202,0,149,443,0,0,0,230,819,0,0,0,0,0,0,1,1,8,31,0,45,14,0,0,1553,105,5,1092,11,0,85,52,810,0,354,0,22,0,0,0,0,0,0,33,0,0,0,94,0,0,885,0,0,0,3,670,0,6,0,0,219,0,0,0,0,0,0,0,0,11,0,0,1,487,0,0,0,0,0,13,0,0,0,0,0,0,0,494,670,0,0,0,0,0,3203,1,0,0,11,0,0,25,0,0,0,4,0,0,0,0,0,0,0,0,0,0,0,0,0,0,0,1623,0,0,56,0,0,0,0,0,0,0,0,0,144,0,0,0,0,0,0,0,0,0,0,0,0,0,0,0,0,0,0,0,0,8,0,0,0,329,2,0,0,0,0,0,0,0,0,0,0,0,0,0,0,0,0,3331,0,0,0,0,0,0,0,0,0,0,0,0,0,0,0,0,0,0,0,0,0,0,0,0,0,0,5,0,0,0,0,1,0,0,0,0,13,0,0,0,0,0,2,0,0,0,0,0,0,2,290,0,0,0,0,0,0,0,0,0,0,0,0,0,0,45,0,0,0,0,3,0,91,0,0,0,0,0,0,0,0,0,0,0,0,0,1,0,0,0,0,144,0,0,0,0,0,0,0,8,0,0,0,0,0,0,0,0,0,0,1,12,0,0,0,0,0,0,0,0,0,0,0,0,0,0,0,0,0,0,0,0,0,0,0,0,0,1421,0,0,0,0,0,0,0,0,0,0,0,0,0,0,0,364,1519,0,0,0,0,0,0,94,0,0,0,0,0,0,0,0,0,0,441,0,0,0,0,0,0,0,0,0,0,0,0,0,0,0,0,0,0,3,0,0,0,18,13,0,0,0,0,0,0,0,1,1,0,0,0,9,8,44,0,0,0,0,0,0,0,232,0,0,0,0,0,0,1,0,0,0,0,885,0,0,0,0,0,0,0,0,0,0,1097,0,2,0,0,1156,0,0,0,0,0,0,0,0,0,0,0,0,0,0,0,0,0,0,0,0,0,0,0,1,0,0,0,0,789,1071,0,1,0,0,0,0,741,0,0,0,0,0,0,0,30,0,0,0,0,0,0,0,0,0,0,0,0,792,1015,0,0,0,0,0,0,0,0,0,0,77,0,0,6,0,1445,0,0,0,0,0,0,0,0,0,0,29,0,0,0,126,0,0,0,0,0,0,0,0,0,4,0,0,609,0,258,0,0,11,0,495,0,0,0,0,0,0,397,0,0,13,0,0,0,0,0,15,0,0,0,8,0,0,0,712,3367,0,0,0,0,0,1091,0,2168,0,4,0,310,0,223,0,112,0,968,34,0,0,0,0,0,67,0,501,0,572,0,0,1,0,0,0,0,0,0,248,0,0,0,0,0,0,0,2,78,0,186,0,0,0,0,0,0,0,0,5,0,0,0,16,0,483,1,0,0,0,7,0,0,0,0,0,0,0,0,0,273,0,1917,163,0,48,0,0,0,0,0,206,0,0,0,13,24,0,0,32,1,554,0,0,0,0,0,0,87,0,177,73,12,78,0,51,0,0,0,0,1,0,0,0,8,0,0,3,0,0,0,3,0,0,0,4,3,0,143,0,0,0,0
"gene_1010",0,0,0,0,0,0,0,0,0,0,0,0,0,0,0,0,0,0,0,0,0,0,0,0,0,0,0,0,0,0,0,0,0,0,0,0,0,0,0,0,0,0,0,0,0,0,0,0,0,0,0,0,0,0,0,0,0,0,0,0,0,0,0,0,0,0,0,0,0,0,0,0,0,0,0,0,0,0,0,0,0,0,0,0,0,0,0,0,0,0,0,0,0,0,0,0,0,0,0,0,54,6008,0,0,0,0,0,0,0,0,0,4057,0,0,0,0,0,0,0,0,0,0,0,207,0,7,0,0,0,0,0,0,6098,0,0,0,0,0,12912,0,0,0,1,1,5,0,0,0,0,0,0,2,8710,0,1,0,0,0,0,0,0,0,684,0,0,414,0,0,4,0,2,0,0,0,20066,0,0,0,0,0,0,0,0,195,1,0,0,0,0,0,0,0,0,0,2383,1650,0,0,13,0,9,773,26,0,0,486,1332,109,0,0,23,2,110,0,1,103,27,11578,286,0,0,995,0,0,5,0,0,0,8,6931,0,0,191,0,275,603,0,796,0,1,25,0,1735,170,3,1,20,0,3905,1668,11,115,1849,2096,22,0,443,2,0,4,2,0,38,0,0,0,0,0,185,0,0,0,0,0,0,0,0,0,0,0,12,3,0,137,1,0,0,0,0,48,0,0,0,1229,0,1,0,0,0,0,0,0,37,0,0,0,0,0,473,0,0,0,0,0,0,0,0,0,0,0,3,0,0,0,0,0,0,0,945,331,0,0,0,0,0,0,1,0,0,1,34,11,0,0,23,0,0,1,0,114,0,0,66,0,0,0,0,0,0,0,0,0,0,0,68,1,0,0,0,0,0,0,0,0,0,73,0,0,2,20,7,558,0,0,0,9,0,0,0,5,0,0,0,0,0,0,0,0,0,77,0,0,953,0,0,0,0,1,0,0,1464,52,0,0,0,0,0,0,16,0,0,378,1,0,0,0,0,2,0,0,0,14,88,842,0,0,0,238,0,0,0,0,0,0,0,592,0,0,0,7,62,107,0,0,0,0,0,0,7,0,0,23,0,0,1,0,0,0,0,0,0,0,0,0,0,377,0,1238,0,0,0,0,266,0,0,0,0,0,0,0,32,0,0,0,0,0,0,1139,0,0,0,0,0,9,426,527,0,0,0,4,23,0,0,0,0,0,0,2,0,0,5,0,0,0,0,0,699,0,0,0,0,0,0,0,0,0,0,0,0,0,0,0,0,0,1,1,0,0,0,0,0,0,0,0,0,0,0,1,0,0,0,0,0,3,2,0,25,0,0,0,0,0,0,0,0,0,3136,0,0,0,0,0,0,0,0,0,0,0,0,0,0,0,0,0,0,0,0,0,0,0,0,0,0,0,0,0,0,0,0,0,0,0,0,0,59,0,0,0,0,316,0,0,0,0,0,0,0,61,0,0,0,0,0,0,0,0,0,0,0,0,0,0,0,0,0,0,0,0,0,0,0,0,0,0,0,0,0,0,0,0,0,0,0,0,0,0,0,0,0,0,0,0,0,0,0,0,0,0,0,0,0,0,0,0,0,0,0,0,0,0,0,0,0,0,0,0,48,0,0,0,0,0,0,0,0,0,0,0,0,0,8,0,0,0,0,0,0,0,0,0,0,0,0,0,0,0,0,0,0,0,0,0,0,0,0,0,0,0,0,0,0,3,0,0,0,0,0,0,0,0,0,0,0,0,0,0,0,0
"gene_1011",0,0,0,0,0,0,1,0,4,0,135,0,127,0,0,0,0,410,0,83,0,0,0,53,0,0,1344,0,1,0,0,2089,0,62,0,0,381,0,31,0,0,0,5,0,109,0,323,31,0,0,1,0,0,0,0,0,0,0,0,0,0,0,0,470,0,0,0,0,0,13,0,19,0,106,0,0,0,1,0,0,240,0,0,0,0,731,0,0,16,0,0,0,0,0,0,0,0,0,0,0,0,41,0,0,0,0,0,0,0,0,0,0,0,0,0,81,0,0,0,0,0,0,0,0,1456,32,0,0,0,0,0,0,0,0,0,0,0,0,0,0,0,0,0,0,0,262,0,0,0,0,0,0,0,0,897,0,0,3324,0,35,0,0,0,0,0,0,0,0,0,0,0,0,0,0,0,995,0,0,4496,0,0,0,18,0,0,0,0,0,0,0,0,0,0,0,0,0,5520,7,0,0,0,0,0,0,2,0,0,0,0,0,0,0,1,0,0,0,0,0,0,0,0,0,0,0,0,0,0,73,0,1077,3,337,3,0,0,0,0,2851,0,0,0,0,0,0,0,0,0,0,20,0,0,272,0,0,0,3922,0,0,0,0,0,0,2,3,0,0,0,3,5,24,8,0,2,45,11,0,8,0,1,1,0,0,0,6,0,3,0,0,0,103,0,11,0,22,1,5,0,38,4,11,0,0,29,0,14,8,0,0,84,0,3,1,11,0,54,4,0,0,0,0,4,72,0,0,0,2,0,0,207,54,2,0,0,0,193,36,87,0,8,4,4,0,0,0,0,0,0,0,0,37,0,20,33,3,16,0,34,24,20,1,0,235,0,80,1,0,7,0,253,2,0,7,0,0,0,0,128,0,0,0,9,0,50,0,0,0,1,10,3,0,69,0,0,36,0,0,3,4,28,2,0,0,0,0,362,0,0,1,0,199,21,0,0,0,0,80,1,27,4,0,4,0,6,0,0,0,0,2,4,0,0,0,0,0,0,0,28,6,0,0,0,0,0,0,0,0,0,0,168,0,0,0,0,0,0,0,0,0,11,0,182,0,0,0,0,0,0,0,0,0,0,0,0,6,0,0,381,7,0,0,169,0,0,13,0,0,0,1,0,0,1375,6,0,49,646,0,0,0,0,0,0,0,0,262,0,0,22,0,0,0,0,0,0,0,0,0,13,0,0,0,24,0,0,0,0,57,0,0,2,0,0,0,0,117,0,7,0,9,0,0,0,0,0,0,0,3,0,11,0,0,0,0,0,0,0,0,0,0,1,405,0,33,0,0,0,4865,0,0,0,0,0,0,0,0,0,0,0,0,0,0,0,0,0,0,0,0,0,0,0,0,0,0,21,0,0,0,0,0,662,0,0,0,0,13,0,1,0,0,0,0,0,77,0,0,0,17,0,1,0,0,0,0,0,0,0,0,0,0,0,29,0,0,0,0,0,0,3,0,0,0,0,0,0,0,0,0,0,0,1,0,0,0,0,0,0,0,0,0,0,0,0,0,0,0,0,0,0,0,0,0,0,0,0,0,0,0,1018,0,0,135,0,0,11,0,0,0,41,0,0,0,0,0,0,0,1,0,0,0,0,0,0,0,0,0,0,0,0,0,0,108,0,0,63,8,0,0,0,0,0,0,0,37,3,0,0,0,0,0,11,0,0,0,0,0,0,0,0,0,0,0,61,0,0,0,0,0,0,0,0,0,0,1,0,0,1,0,0,0
"gene_1012",0,0,0,0,0,0,0,0,0,0,0,0,0,0,0,0,0,0,0,0,0,0,0,0,0,0,0,0,0,0,0,0,0,0,0,0,0,0,0,0,0,0,0,0,0,0,0,0,0,0,0,0,0,0,0,0,0,0,0,0,0,0,0,0,0,0,0,0,0,0,0,0,0,0,0,0,0,0,0,0,0,0,0,0,0,0,0,0,0,0,0,0,0,0,0,0,0,0,0,0,0,0,0,0,0,0,0,0,0,0,0,0,0,0,0,0,0,0,0,0,0,0,0,0,0,0,0,0,0,0,0,0,0,0,0,0,0,0,0,0,0,0,0,0,0,0,0,0,0,0,0,0,0,0,0,0,0,0,0,0,0,0,0,0,0,0,0,0,0,0,0,0,0,0,0,0,0,0,0,0,0,0,0,0,0,0,0,0,0,0,0,0,0,0,0,0,0,0,0,0,0,0,0,0,0,0,0,0,0,0,0,0,0,0,0,0,0,0,0,0,0,0,0,0,0,0,0,0,0,0,0,0,0,0,0,0,0,0,0,0,0,0,0,0,0,0,0,0,0,0,0,0,0,0,0,0,0,0,0,0,0,0,0,0,0,0,0,0,0,0,0,28,0,0,0,0,0,0,0,0,0,0,0,0,0,0,0,0,0,0,0,0,0,0,0,0,0,0,0,0,0,242,0,0,0,0,0,0,0,0,0,0,0,0,0,0,0,0,0,0,0,0,0,0,0,0,0,0,0,0,0,0,2,0,0,0,0,0,0,0,0,0,0,0,0,0,0,0,0,0,0,0,0,0,0,0,0,0,0,0,0,0,0,0,0,0,0,0,0,0,0,0,2,0,0,0,0,0,0,0,0,0,0,1822,0,0,0,0,0,0,0,0,0,0,0,0,0,0,3,0,0,0,0,0,0,0,0,0,19,0,0,0,0,0,0,0,0,0,1,0,0,0,0,0,0,0,0,0,0,0,0,0,0,0,15,0,0,0,0,0,0,0,0,0,0,0,0,0,0,0,0,0,0,0,0,0,0,0,0,0,0,0,0,0,0,0,0,0,0,0,0,0,0,0,0,0,0,0,0,0,0,0,0,0,0,0,0,0,0,0,0,0,0,0,0,0,0,0,0,0,0,1006,0,0,0,0,0,7,0,0,0,0,0,0,0,0,0,0,0,0,0,0,0,0,0,0,0,0,0,0,51,0,0,0,0,0,0,0,0,0,0,0,0,0,0,0,0,0,0,0,0,0,0,0,0,0,0,0,0,0,0,0,0,0,0,0,0,0,0,3,0,0,0,0,0,0,0,0,0,0,0,0,0,0,0,0,0,0,0,0,0,0,0,0,0,359,0,0,0,0,0,0,0,0,0,0,0,0,0,0,0,0,0,0,0,0,0,0,0,0,0,0,0,0,0,0,0,0,0,0,0,0,0,0,0,0,0,0,0,0,1598,0,0,0,0,0,0,0,0,0,0,0,0,0,0,154,0,0,0,0,0,0,0,0,0,0,0,0,0,0,0,0,0,0,0,0,0,0,0,0,0,0,2026,0,0,0,0,0,0,0,0,0,0,0,0,0,0,0,0,0,0,0,0,0,0,0,0,0,0,0,0,0,0,0,0,0,0,0,0,1211,21,0,0,0,0,101,0,0,0,0,0,0,0,0,0,0,0,0,0,0,0,0,0,0,0,0,0,0,0,0,0,0,0,0,0,0,0,0
"gene_1013",413,456,220,263,1155,22,1071,3562,278,3,409,761,5,787,110,64,67,55,20,132,501,162,3,309,472,2390,14,2,13,66,3,1,81,146,6,2556,830,314,230,126,134,81,297,88,376,26,130,626,301,229,48,20,373,30,408,47,97,107,1433,134,21,375,369,248,325,879,66,1480,166,241,171,600,25,3395,1902,903,52,253,126,3771,1369,644,36,2102,1887,1002,127,25,16,5,1,1323,0,0,2,412,5,24,0,29,8,22,3,9,1130,0,0,0,3411,0,128,14,0,0,58,23481,162,627,72,148,900,260,0,0,5017,1052,0,0,38,0,64,416,85,22,1289,0,0,883,5440,0,0,533,8449,2532,159,6736,319,9218,1,21,1883,18,27,0,218,42,0,3420,665,0,3413,2639,287,4784,5,325,0,21,312,1133,730,0,145,13,32,525,0,5646,3921,7488,531,1133,303,0,1775,3657,561,1336,7651,0,251,0,0,2192,549,377,0,853,11,235,826,233,0,4005,57,3140,30,331,0,2423,1825,5,2,717,2197,0,233,4253,3046,2680,0,304,693,1,10,1,4,137,0,1,105,415,1978,897,1226,712,0,5,396,0,525,1,3809,1174,112,0,0,5900,1387,986,2434,3,11,630,0,0,119,535,0,108,1538,110,59,339,31,1004,624,1640,15,0,909,23,1894,2314,633,226,73,13,353,2102,7,48,3230,420,8,1049,0,8,765,596,351,7,1654,4074,46,67,16,318,566,308,390,4,211,1691,2076,564,13,586,534,919,2960,140,227,11,1331,339,179,8,81,948,0,8,89,284,4623,428,2241,89,546,543,790,3,672,1105,1632,624,0,1114,150,198,31,63,940,909,27,106,312,5,913,28,639,131,44,598,917,13,1197,24,9,66,585,554,339,888,0,527,184,129,104,125,261,0,794,1094,96,34,3066,4235,551,7065,80,67,561,1063,84,2,896,891,104,1820,107,199,1462,37,805,1345,751,54,577,606,42,0,451,416,1388,166,1097,2173,117,244,2088,73,769,2043,157,3542,1392,4,175,1155,14,311,567,1710,240,714,422,273,2290,413,1020,1521,36,67,69,827,483,219,18,246,898,14,2193,283,533,389,41,292,3,76,1,103,1,2,441,53,0,109,77,771,270,1661,21,147,0,327,119,573,300,1253,1067,56,8,50,573,632,678,0,635,0,2085,679,523,125,819,31,1051,0,1325,29,321,18,2584,101,1061,138,53,69,422,868,121,413,8,5,3,197,1,389,1761,18,120,88,187,535,743,1,63,555,674,2,128,477,5468,48,13,1744,2,12,89,1003,96,368,210,6,88,453,4590,258,5241,422,2054,4,15,0,1356,330,558,432,82,61,21,279,12,461,170,89,1224,0,1884,482,2,11,61,2,93,1543,89,473,254,1086,2076,203,70,266,342,72,233,325,89,137,140,9,656,221,2159,0,134,157,2518,26,930,487,66,389,24,7,154,6,1285,24,245,335,14,43,262,20,0,542,27,0,1,11,26,2002,1518,54,0,661,627,0,569,9,2,2,40,1560,1092,2,191,0,109,682,95,737,1,66,0,432,78,0,128,647,2528,13,60,74,4,1033,1212,0,17,0,242,3,136,11,1496,24,10,250,252,281,0,4950,0,11,609,1070,1218,16,2,0,530,0,0,247,32,662,1376,98,3,163,77,271,56,402,2,15,60,7,113,38,1,6,903,209,318,627,1136,3,11041,27,1,128,3254,323,8,4,399,28,984,33,918,736,576,52,285,4,77,38,467,564,11,39,52,1487,651,595,34,97,902,0,352,366,187,0,6822,2044,3,1158,13,155,2052,357,38,536,18,2366,31,85,463,8109,537,42,1483,539,0,7
"gene_1014",0,0,0,0,0,0,0,0,0,11,2196,0,0,0,0,4,0,0,0,0,0,0,0,48,0,572,0,0,191,0,0,0,214,0,0,0,0,335,0,0,0,0,0,690,0,485,0,0,0,0,0,0,0,0,0,0,0,0,0,0,0,0,0,0,0,0,0,0,0,0,1400,0,0,3,0,0,0,0,0,10,0,0,0,0,160,0,186,0,1,0,0,0,0,0,0,0,0,0,0,0,0,0,0,0,0,0,0,0,0,0,0,0,0,0,0,0,0,0,0,0,0,0,0,0,0,0,0,0,0,0,0,0,0,0,0,0,188,0,0,0,0,0,0,0,0,0,0,0,0,0,0,164,0,0,0,0,0,0,0,0,0,0,0,0,0,0,0,0,0,0,2,98,0,0,0,0,0,0,0,0,41,0,0,0,0,0,0,0,0,0,0,0,0,0,2234,0,0,0,0,1,0,0,0,0,0,0,0,0,0,0,16,0,0,0,0,0,0,0,0,0,0,0,0,0,2,0,0,0,0,0,1,0,0,0,0,1,0,4,0,0,9731,0,0,0,0,0,0,0,3199,0,0,0,191,0,0,767,0,0,0,0,3038,0,45,0,0,0,0,0,448,27,5,1194,1,0,424,0,26,0,0,4,1,27,1163,1,138,0,874,0,430,112,628,299,16,1469,0,0,3999,0,157,1,28,179,4525,660,5,2392,36,0,630,1250,2530,175,0,0,112,1,1,1,0,24,310,10,0,0,31,609,3856,856,1,2620,64,20,0,0,0,350,3,0,0,1,28,0,245,0,18,0,1296,49,0,223,0,8,5,11,3,0,2,46,0,1976,80,0,8700,0,0,265,0,0,1,0,30,1,18,177,0,0,3424,1384,0,71,1438,1995,0,165,91,0,1666,0,0,574,591,1744,1034,0,327,153,550,7,1316,5233,0,0,3934,0,1,39,0,3718,0,1,26,0,2,0,334,0,29,13,0,12,14,105,835,0,45,10,645,0,23,1062,1,4163,13,0,80,0,17,392,0,0,5,0,0,0,8,0,454,193,0,1157,56,0,16,0,2,0,0,0,0,0,0,1009,35,0,0,0,0,0,0,15,0,6,128,26,0,139,2,383,0,4,0,0,0,0,9,0,0,0,5,0,0,3374,245,0,1047,12,1,246,3035,0,1,0,0,0,0,0,5,65,0,73,566,2,9,3,68,11,0,1,0,414,0,0,1038,0,97,2,275,0,0,0,980,0,0,1483,341,27,114,0,183,0,1511,0,0,9,0,0,82,0,194,9,173,0,43,1039,0,0,224,0,959,1946,46,0,0,0,70,0,2,0,0,0,485,15,0,15,13,75,3,0,19,0,0,0,5,67,0,149,0,0,2468,194,194,0,0,0,1118,0,21,0,766,248,0,0,487,0,0,5604,1,0,0,0,0,0,3,43,286,0,0,0,869,2,0,0,0,0,37,5,0,0,0,0,20,0,0,0,38,379,3,54,0,2,1,5939,1772,36,63,0,2,0,80,0,0,9,0,6,3624,0,0,0,0,0,13,0,432,0,6,1137,106,0,0,0,52,148,0,93,0,118,50,0,7043,4890,81,0,0,0,183,0,0,2365,1321,0,500,0,3102,0,0,0,0,0,0,44,0,0,30,2921,0,3,0,118,30,1,501,0,3,0,0,0,2,0,0,1494,1,8,0,7,0,0,0,0,12,8,0,0,0,40,0,850,0,1,10,3,9,0,0,94,0,736,0,0,0,0,0,36,0,2,0,2547,0,117
"gene_1015",0,0,0,0,0,20,0,0,0,480,0,65,0,0,11,0,0,0,0,0,0,0,153,0,0,0,0,0,0,0,0,0,0,0,0,0,0,0,0,0,8,0,1,0,0,0,0,0,0,0,0,0,0,0,0,0,0,0,0,0,0,0,0,0,0,0,0,0,42,0,0,0,0,0,0,0,0,0,0,0,0,0,0,0,0,0,0,0,0,0,5,0,0,2,0,0,0,0,0,0,0,0,0,0,0,0,24,0,0,0,0,0,0,45,0,0,0,0,0,0,0,0,0,0,40,0,0,0,0,0,0,0,0,0,0,0,0,0,0,0,0,0,0,0,0,0,0,0,0,0,0,1,0,0,0,0,0,0,0,0,0,3,0,0,0,0,0,0,0,0,0,0,0,0,7648,0,0,0,0,0,0,0,0,12,0,0,0,0,0,0,0,0,0,0,0,0,0,0,0,0,0,4,0,0,5,4,76,0,0,0,0,0,0,0,0,3,0,0,29,0,0,0,154,0,0,3,0,0,0,2,0,0,3738,0,0,0,0,0,0,0,0,0,0,0,11,0,0,0,0,0,140,0,0,0,0,0,0,1,0,0,0,0,7,2,0,0,0,2,0,0,1435,0,0,0,0,7,0,493,0,1,0,0,0,0,0,0,0,0,0,0,944,0,460,0,0,0,0,80,3,0,297,0,0,752,0,0,132,60,2,0,198,46,0,0,34,0,69,0,0,0,0,16,0,0,0,0,0,0,15,32,0,0,0,0,26,946,0,0,0,297,0,0,0,2,0,0,242,5,24,0,0,0,0,0,0,0,3,0,85,44,0,0,0,5,0,0,20,11,0,0,597,118,0,0,0,298,0,0,78,0,10,0,0,0,0,0,1874,0,62,0,5,0,12,5,1,0,2090,0,6115,0,14,503,2,0,0,1,0,2,0,0,0,0,0,3,542,0,2444,0,0,0,0,0,0,0,0,0,15,626,0,0,0,0,5167,70,239,0,0,625,1334,316,2048,0,0,642,229,1715,184,833,15,226,4579,0,0,1,1,0,0,2,126,0,0,111,6,1197,793,12,0,163,81,2,93,352,101,0,5,27,0,7589,3,0,0,0,10,11,0,20,82,43,0,0,6964,2009,0,0,1,185,0,1459,0,1927,199,71,19,129,0,89,1049,17,173,0,0,994,0,74,0,0,444,27,2,760,109,6,0,136,0,0,0,2372,1305,690,367,8,0,116,358,0,117,1675,5063,0,343,0,54,1,0,0,0,0,871,899,0,3609,1592,8339,1073,2,750,0,0,1976,90,24,891,0,1646,18336,0,350,22,0,3052,240,489,1632,8,2581,0,564,0,0,204,86,0,286,72,124,44,12,8375,0,1,20,196,19,0,1,0,21,1407,70,351,0,10,0,0,0,3,27,7283,5,26,25,32,396,72,0,0,45,0,2022,0,7,0,1782,24,4825,0,54,3813,0,5022,2,5988,0,0,0,7,95,1381,0,14217,313,1446,6424,33,11843,3841,1099,137,7,0,12,0,0,242,5000,0,183,33,0,1538,0,0,406,0,184,552,10,3,9,150,0,10539,413,1,0,0,605,12,0,0,0,253,4,356,8,0,2,0,4311,1,7,13,583,17,0,3036,825,25,0,8282,239,0,6,24,4775,1038,21,1265,16,0,0,68,2426,24,8,4,14,3,2,3303,3,0,49,452,15,2286,0,41,5237,0,0,0,1739,30,9320,1,71,4942,4664,221,1,0,0,170,10389,1697,134,0,0,197,37,0,23,3,1621,10,2560
"gene_1016",0,0,0,23,0,31,0,0,38,0,0,0,0,0,0,0,167,0,0,0,0,0,0,0,0,0,0,0,0,28,19,0,0,0,0,0,0,16,1,0,0,0,0,0,495,0,6,0,0,0,0,0,0,0,0,277,0,0,0,0,0,1940,0,0,0,0,0,0,228,0,0,0,0,0,0,0,0,0,69,0,0,0,0,0,3,0,65,34,0,1,0,0,0,0,0,0,0,0,0,0,0,0,0,0,0,0,0,0,0,0,0,0,0,0,0,0,0,0,0,0,0,0,0,0,0,0,0,0,0,0,0,0,0,0,0,0,0,0,0,0,0,0,0,0,0,0,0,0,0,0,0,0,0,0,0,0,0,0,0,0,0,0,0,0,0,0,0,0,0,0,0,0,0,0,0,0,0,0,0,0,0,0,0,0,0,0,0,0,0,0,0,0,0,0,0,0,0,2,0,0,1,0,0,0,0,0,4,0,0,8,0,1,0,0,5,0,3,0,0,1,2,3,0,1,3,3,0,1,6,0,0,0,0,0,1,9,0,3,0,0,0,2,1,0,0,1,24,4,0,0,0,0,0,0,6,0,0,0,0,0,0,0,0,0,9,0,0,0,0,0,0,0,0,0,0,0,0,0,0,0,0,0,0,0,2,6,162,1,0,0,0,0,0,0,22,4,0,0,0,6,437,0,0,0,0,2,0,0,0,0,0,0,0,396,0,274,0,0,0,0,0,0,0,0,0,178,0,31,0,0,0,0,0,69,0,0,0,0,0,0,0,13,0,0,0,0,35,0,0,0,0,1649,0,0,532,0,0,0,7,0,0,0,0,0,6,0,0,31,0,86,0,4,825,0,0,0,0,1,0,0,0,0,0,0,0,0,0,0,496,0,0,0,0,139,0,88,0,0,0,0,0,48,62,0,0,276,0,0,0,7,83,0,0,0,0,0,0,0,0,0,0,1,0,0,0,0,0,0,0,0,0,0,0,0,0,0,1,0,0,0,0,0,0,0,0,0,0,3324,0,0,0,0,0,0,0,0,0,0,0,0,0,0,0,0,0,0,0,0,0,0,0,262,0,0,0,0,0,0,0,0,0,0,0,0,0,0,0,0,8,0,0,0,0,0,0,0,0,0,0,0,0,0,0,0,0,0,0,0,0,0,0,0,0,0,0,0,0,0,17,0,0,0,0,0,0,0,0,0,0,0,0,0,0,0,411,0,0,0,0,0,0,0,0,0,0,0,0,0,0,0,0,0,0,0,12,0,0,0,0,0,0,0,0,0,0,0,0,462,0,0,0,318,0,0,0,0,0,0,0,0,0,0,0,0,2,0,0,0,0,0,0,0,0,0,0,0,0,0,0,0,0,0,0,0,0,0,0,0,0,0,0,0,0,0,0,0,0,0,0,0,0,0,0,0,0,0,0,0,0,0,0,0,0,0,0,0,0,0,0,0,0,0,0,0,0,0,0,0,0,0,0,4,0,0,0,3,0,0,0,0,0,0,0,0,0,0,0,0,0,0,0,2451,0,0,0,0,0,0,0,0,0,0,0,1502,0,0,0,0,4964,0,0,0,0,0,0,0,0,0,0,0,0,0,0,0,0,0,0,0,0,0,0,0,0,0,0,0,0,0,0,0,0,0,0,0,0,0,0,0,0,0,0,0,0,0,0,0,0,0,0,0,0,0,0,0,0,0,0,0,0,0,0,2,0,0,0,0,0,0
"gene_1017",51,790,6,0,1,622,117,0,305,0,265,12,0,535,0,63,425,1,1,0,194,218,230,14,34,0,170,0,0,0,1,0,5,0,0,75,819,1,0,215,1,52,6,111,0,0,0,70,1,1,0,0,174,0,5,88,4,40,0,7,0,14,0,1772,59,0,0,0,56,265,0,0,55,0,92,0,1503,0,500,5279,254,137,0,513,359,116,6,0,513,0,53,0,53,594,37,370,8583,124,23,1,0,2,2,412,1,0,0,90,9729,327,5188,920,406,0,34,2210,29,2034,85,1164,0,0,5,4,132,0,0,0,0,0,2,35,12,24,126,468,52,1683,92,5542,5,0,84,132,2794,634,38,2902,0,37,5,825,1323,1242,353,20,8,2463,7550,0,3086,0,3382,600,0,7043,145,0,144,69,1389,6,1046,19,118,464,3218,0,411,10038,4,0,0,146,0,122,230,85,8,0,36,5022,869,6,0,2,0,43,1367,0,0,6,1856,130,52,780,1,1341,202,0,11,0,0,2,61,0,1,19381,2169,10925,0,1,4427,3042,4858,4,1,0,9780,0,2848,1,391,20,14066,0,975,30566,3176,87,0,9878,0,13,0,0,0,0,3,0,97,0,1,15,2859,2,6610,1343,1205,0,0,70,0,0,5187,0,0,127,0,0,4,12,0,0,0,521,1,0,0,0,0,0,0,7,0,0,3350,4751,91,0,0,65,16,0,0,1,0,0,0,0,1,0,0,4,0,0,0,0,149,0,0,0,0,228,0,0,4266,0,0,5567,0,10,44,1305,0,2,1057,1,0,0,0,0,0,0,3,181,0,0,0,3788,0,2256,0,0,0,0,0,0,0,0,61,1,0,0,0,0,0,997,0,35,0,164,124,0,3570,437,1,82,0,0,60,0,0,0,5,0,0,0,0,0,0,245,0,0,2038,0,3594,6,547,2,0,130,0,0,2898,1,0,0,0,0,32,10757,0,88,0,0,0,0,0,0,254,0,1,0,14356,628,0,0,117,0,2663,0,0,0,260,241,3360,0,0,0,3,3052,2,73,133,4325,44,0,2,0,0,0,216,85,0,105,16510,0,82,503,257,0,161,1137,1398,13,0,0,0,28,0,0,6968,20,0,0,532,8,0,0,1778,345,0,13,294,663,1134,21,2555,1,0,31,1465,0,0,0,8,12,10,0,0,183,0,12,1,0,128,0,221,2,0,0,7,0,2,1038,1,67,0,7,0,6121,111,3,0,0,0,30,0,8,0,1053,0,970,689,0,124,2,942,0,1532,0,16,202,0,8,0,0,53,3,0,0,75,0,9,0,0,1605,9,14,5906,0,0,4,590,1,4,277,0,6275,1,5,2116,0,366,19,0,50,258,0,28,17,14,22,2162,566,251,6205,29,16,1013,1,985,2,256,14,0,460,0,0,148,0,882,266,287,129,2352,6,345,0,4352,0,6,347,6,0,14,4115,2071,297,0,6775,127,5177,1,8,3,42,2905,10373,46,1,0,0,2,3542,0,25,0,1,5721,705,3457,136,11270,14,1,379,0,0,295,0,0,146,2,16,1144,0,2782,1,9,3885,3544,2,2,1138,0,6942,176,0,35,1337,0,1046,1,316,760,120,0,239,2291,0,0,6154,0,0,12,0,251,0,1977,4960,0,0,0,2195,0,0,1,2,391,0,0,29,218,12,0,0,1994,2726,6685,1682,2,8796,0,0,0,0,2874,465,1446,1042,89,8567,4,0,0,1681,355,942,0,634,2,0,2,9335,0,2864,248,0,0,53,22,2,1353,1,5667,275,306,2,8872,17,0,354,1496,0,0,6,793,0,325,1,0,271,0,0,5491,683
"gene_1018",0,0,0,0,0,0,0,0,0,0,0,0,0,0,0,649,0,0,0,0,0,0,0,0,0,0,33,0,0,7,0,0,0,0,0,0,0,0,0,0,2,0,0,0,0,0,0,1,0,0,0,0,0,0,0,0,1,0,12,0,0,0,0,0,0,0,0,0,0,0,0,0,0,0,0,0,0,0,4,0,0,0,0,0,0,0,2,1,0,0,0,7,0,0,18,0,0,0,0,0,14,0,1,0,3604,0,0,0,0,0,0,0,0,0,1,0,64,0,1,0,0,0,14,0,0,0,0,0,0,65,0,0,0,0,1039,283,0,0,0,0,0,2,5,0,0,0,0,0,0,0,0,0,0,126,27,0,0,6,0,0,0,16,0,0,13,1,0,0,0,112,11,317,171,0,0,0,1,0,0,0,0,17,2,1564,1,4,0,0,395,126,0,0,0,418,0,0,0,0,0,0,0,0,0,0,17,14,0,0,0,0,0,0,0,0,0,0,0,22,0,0,0,0,0,0,0,0,0,0,0,0,0,0,0,0,0,0,350,0,0,0,0,0,3,0,0,0,0,0,0,0,0,0,0,0,0,0,0,0,0,0,0,15,0,0,0,0,0,0,0,260,105,0,0,0,0,0,0,83,0,112,0,204,0,1,67,181,108,0,250,0,0,8,0,0,0,0,0,0,0,0,0,0,0,5,0,0,0,0,0,0,7,0,0,5,7,0,6,0,0,0,0,0,0,127,0,0,0,0,1864,0,13,8,175,345,0,0,0,0,0,0,1,0,5,0,0,0,1,0,0,0,2,0,0,60,4,0,0,0,23,0,179,0,0,0,0,0,0,0,225,0,0,2,255,0,910,0,164,22,46,13,654,585,3134,0,98,0,0,0,0,0,0,0,0,0,0,16,0,0,8,0,0,0,1,83,0,0,0,0,0,74,2,48,8,0,14,169,0,0,2,2,423,0,3,0,0,0,0,6,0,82,0,0,1,0,0,0,0,0,0,60,0,0,0,0,0,84,0,3,0,0,1,0,0,0,8,0,534,1551,0,125,0,0,0,0,0,0,0,2,0,0,0,0,0,0,0,0,0,294,128,312,7,0,0,1,0,0,90,13,151,24,0,0,5,0,63,0,0,715,10,5,0,0,0,0,130,0,0,0,0,11,0,0,619,0,0,0,0,84,0,0,0,0,0,0,0,32,0,0,7,0,0,0,0,209,0,0,0,1304,554,7,0,0,0,0,0,0,0,222,23,0,0,0,0,0,0,3,0,97,0,0,14,0,0,1,0,0,41,113,0,0,0,0,0,0,2637,0,280,31,5,0,0,0,0,57,0,7,3,506,870,381,0,0,30,0,1077,0,31,0,0,0,22,0,0,0,1,0,0,36,0,2,4,413,25,142,0,0,1401,0,1,0,0,0,0,0,0,0,146,8,0,0,0,0,0,196,0,17,0,347,1336,0,0,0,0,0,0,0,0,0,47,1673,0,0,0,0,0,0,0,289,0,0,2625,775,80,0,7,0,692,0,0,0,0,9,0,1,0,34,0,0,0,7,0,0,167,0,0,1,0,0,5156,2,0,3,0,0,0,0,0,0,8,2144,0,2,0,0,3,0,0,444,1,0,3,597,3,0,26,0,0,71,60,255,0,0,1017,0,105,0,0,193,0,0,0,15,7,0,0,0,0,0,2,0,0,0,0,0,8,0,0,0,0,0,3,0,1,0,4,0,107,0
"gene_1019",2,1,924,110,108,2,0,0,520,0,0,4418,6,2,0,0,0,82,27,0,0,28,1,0,0,0,0,0,0,61,1,256,22,2,46,148,0,544,85,133,0,356,64,0,0,0,0,145,0,0,12,2,2073,7,0,9,0,1189,0,2901,1,33,45,0,0,0,0,4,55,680,708,1610,0,0,347,0,1,3,10,50,0,2051,0,0,15,0,0,10,1,0,2348,29,0,0,34,0,21,4,416,146,0,20,5664,23,0,0,0,0,41,0,0,0,1,0,7,0,1951,0,0,0,0,0,0,1131,22,4,0,0,0,0,2,4,0,1,3809,0,0,520,0,0,0,0,1,0,733,0,0,89,0,0,23,0,5,48,0,3,0,0,303,0,0,0,0,0,1466,9,0,0,0,0,0,0,383,0,0,0,0,0,0,1294,0,0,0,58,0,295,424,0,687,0,19,2,293,1,0,919,33,0,71,0,0,309,5909,0,0,0,0,88,90,0,392,0,0,40,10,0,0,0,54,0,0,1830,959,0,0,0,0,113,1,0,0,0,0,26,55,0,0,4,14,0,258,0,0,0,1646,0,3,0,5,0,0,45,0,0,0,166,0,389,0,0,31,1638,1804,248,0,0,80,0,9,14,1133,165,1139,0,0,0,0,347,0,7,0,4251,1,0,0,0,2946,0,12,84,12,101,0,0,0,0,28,519,428,0,5,774,0,43,5774,130,321,1938,72,41,211,935,0,26,14,200,5,82,1,0,28,24,0,0,150,0,332,134,0,112,0,132,387,634,704,0,2,0,58,2,0,910,4253,62,0,0,0,33,1,0,411,0,187,0,0,0,0,3262,0,0,206,0,231,2,0,0,66,7,1270,0,1,0,3591,0,79,0,8,139,47,14,0,0,0,0,0,0,0,1931,158,128,0,2181,0,427,1,0,971,7,216,0,0,53,217,3626,13652,0,0,0,0,470,4,1,6,1329,1,4,4080,0,17,2,722,0,8,25,0,9919,36,0,15997,0,0,44,0,0,0,0,8,21,0,0,3,0,0,0,2440,0,35,0,0,0,3153,186,15,0,54,1,1,0,0,494,66,443,0,0,83,16,0,10,0,1,0,0,0,0,0,0,1,68,0,0,0,0,0,0,19,44,12,0,0,283,3,129,287,4,0,0,0,914,0,0,0,87,342,626,12,0,0,7253,7,0,0,0,0,0,0,3,0,5,0,625,0,26,2,0,12,0,0,0,0,4,2,0,641,2117,0,0,0,90,0,29,0,0,157,155,2,573,122,0,5,1,0,0,0,12,1,7,0,38,0,0,9,0,0,0,0,3,329,224,0,0,0,19,0,0,5,0,0,494,284,0,0,0,0,0,709,0,12,0,81,0,39,0,0,547,0,0,0,240,0,28,134,14,0,0,55,0,0,5,13,1221,0,0,0,0,6,0,1297,0,0,251,340,16,7,0,0,474,0,336,0,0,599,130,1205,4,0,0,0,0,0,0,0,0,0,0,0,0,1287,0,0,256,0,4,0,22,9,0,0,0,72,0,0,0,945,2,102,23,22,0,0,1483,0,216,0,4,0,0,0,0,6,0,0,0,3,0,0,0,0,0,0,2,0,8,34,5,0,46,0,0,107,0,4,161,0,610,769,0,0,0,677,0,249,0,0,33,208,0,0,0,0,11,1,0,0,0,0,0,2534,2,0,0,31,0,0,0,1,0,2,16,0,0,8,0,0,0,0,7,0,0,1,0,0,0,23,0,215,94,3955,96
"gene_1020",0,0,0,0,0,0,0,0,0,0,0,0,0,0,0,0,0,0,0,0,0,0,0,0,0,0,0,0,0,0,0,0,0,0,0,0,0,0,0,0,0,0,0,0,0,0,0,0,0,0,0,0,0,0,0,0,0,0,0,0,0,0,0,0,0,0,0,0,0,0,0,0,0,0,0,0,0,0,0,0,0,0,0,0,0,0,0,0,0,0,0,0,0,0,0,0,0,0,0,0,0,0,0,0,0,0,0,0,0,0,0,0,0,0,0,0,0,0,0,0,0,0,0,0,0,0,0,0,0,0,0,0,0,0,0,0,0,0,0,0,0,0,0,0,0,0,0,0,0,0,0,0,0,0,0,0,0,0,0,0,0,0,0,0,0,0,0,0,0,0,0,0,0,0,0,0,0,0,0,0,0,0,0,0,0,0,0,0,0,0,0,0,0,0,0,0,0,0,0,0,0,0,0,0,0,0,0,0,0,0,0,0,0,0,0,0,0,0,0,0,0,0,0,0,0,0,0,0,0,0,0,0,0,0,0,0,0,0,0,0,0,0,0,0,0,0,0,0,0,0,0,0,0,0,0,0,0,0,0,0,0,0,0,0,0,0,0,0,0,0,0,0,0,0,0,0,0,0,0,0,0,0,0,0,0,0,0,0,0,0,0,0,0,0,0,0,0,0,0,0,0,0,0,0,0,0,0,0,0,0,0,0,0,0,0,0,0,0,0,0,0,0,0,0,0,0,0,0,0,0,0,0,0,0,0,0,0,0,0,0,0,0,0,0,0,0,0,0,0,0,0,0,0,0,0,0,0,0,0,0,0,0,0,0,0,0,0,0,0,0,0,0,0,0,0,0,0,0,0,0,0,0,0,0,0,0,0,0,0,0,0,0,0,0,0,0,0,0,0,0,0,0,0,0,0,0,0,0,0,0,0,0,0,0,0,0,0,0,0,0,0,0,0,0,0,0,0,0,0,0,0,0,47,0,0,0,0,2,0,0,0,0,0,0,0,0,0,0,0,0,0,0,0,0,0,0,10,0,0,0,0,0,0,0,0,0,0,0,0,0,0,0,0,5,0,0,0,0,0,0,0,0,0,5,0,0,0,0,0,0,0,45,0,0,0,0,0,0,0,0,0,0,0,0,0,0,0,0,0,81,0,0,0,0,0,0,7,0,0,0,0,0,0,0,0,0,0,0,0,0,0,0,5,120,0,97,0,1,0,125,0,0,0,0,0,9,0,0,37,0,0,19,0,0,0,0,0,67,0,0,0,0,0,0,0,0,0,0,0,0,7,0,0,2,0,0,589,0,178,0,0,20,0,0,0,0,0,0,0,0,0,0,0,0,0,0,19,362,988,0,0,0,0,0,0,0,0,0,0,0,0,0,0,0,0,0,0,0,45,0,0,0,288,0,0,0,0,0,0,0,0,353,0,0,0,15,0,0,0,0,0,0,0,0,0,23,0,557,0,0,0,0,0,0,0,0,0,0,0,0,0,0,518,0,0,0,0,0,0,1201,0,0,0,0,0,32,213,0,13,0,0,0,0,2,0,0,0,7,0,0,0,0,0,0,0,0,0,0,10,0,0,0,0,0,0,0,0,0,13,204,0,0,0,0,0,439,0,19,0,0,0,0,0,370,91,0,0,0,0,3,0,0,0,0,0,12,0,0,0,0,1,0,0,0,0,0,0,594,0,0,0,0,0,19,0,4,0,0
"gene_1021",40,8,195,13,271,387,1,0,26,1270,9,0,11966,3,2796,4786,94,1077,0,218,10,1,861,2264,2,94,1,15,484,56,4,458,0,455,179,143,39,20,509,235,4,0,117,275,18,678,34,1,40,69,4918,1702,126,38,266,30,1624,4,3225,472,871,191,439,39,937,1387,35,8,967,339,1,63,120,1709,46,23,0,420,800,75,99,0,36,19,69,291,0,900,1,3,2,2903,4173,1,1,6,74,582,0,7,653,2,0,0,0,0,4,13287,1522,1679,4,0,0,54,64,5557,459,0,23,112,0,0,0,1853,127,0,2920,10,34,128,0,3286,16,352,1272,283,46,0,3,2573,11,0,0,0,1,0,9018,514,0,0,0,0,0,584,2212,0,1087,8,0,0,0,17,2961,2,0,92,79,114,1,11030,0,1,0,3,1,1,0,1139,1,649,0,54,1340,1135,2301,1093,199,324,7,0,831,439,6035,13083,82,1994,14,10,306,1134,25,92,8272,4033,142,566,0,3515,1,1876,218,1486,5396,420,613,2463,1,1,47,555,0,153,1,1015,538,11712,34,34,82,17,3,59,34,426,152,5003,0,240,22,0,56,301,0,11,514,1724,42,4328,461,3277,717,24,5198,8,5252,467,58,68,498,2019,24,191,1056,77,869,445,0,142,169,1793,0,2355,5832,1,7004,0,3994,520,705,3,751,20,416,231,1480,0,938,1,0,0,565,105,0,2268,1685,0,66,2135,135,138,16,625,0,1965,6502,411,1598,2,100,1,681,335,985,769,2,1192,0,6,412,0,33,22,89,155,0,1527,7,974,470,0,6684,27,1362,2262,436,1007,0,124,0,2418,0,745,7524,0,379,241,308,152,1110,507,1269,216,1804,2529,93,37,0,1728,580,2,202,51,66,1586,53,14,1036,11,644,158,3164,623,672,460,227,4289,3260,30,475,74,472,1355,21,1959,132,472,234,650,0,692,0,15,20,0,0,381,1,604,1086,148,520,2817,6,0,38,4,205,3675,0,19,37,24,78,5,4,294,1224,3,11,129,208,354,27,3065,0,2355,0,180,0,2629,1137,1404,372,0,42,57,118,1,124,79,205,476,87,145,8,1116,0,435,10,6,760,14,784,198,54,56,26,6,713,11,752,256,7,44,133,1,1574,57,1024,95,815,172,1,70,15,172,369,0,933,755,57,68,428,8,98,112,88,284,32,14,3,1652,3179,174,720,43,0,41,213,205,52,112,151,71,0,531,168,47,306,2,304,223,51,127,125,0,1,261,957,89,0,172,35,47,537,0,165,717,4,11,4,112,10,9,142,0,320,560,209,3,0,265,405,343,4,38,23,52,137,46,613,65,197,80,11,222,1,41,4,797,296,72,0,45,516,0,97,6,112,27,0,931,41,77,76,41,1032,26,5,0,18,0,4,44,69,4,0,14,2,1059,13,61,4,7,0,10,708,65,4,0,0,0,19,0,0,283,3,0,44,0,0,110,1111,16,11956,947,863,1,0,325,174,513,0,7150,1416,42,0,87,202,5278,0,0,16,3532,1633,507,0,0,0,0,60,133,17,6222,0,158,0,1072,0,925,1543,1519,626,0,347,83,3639,33,6,786,136,1,474,5,69,2,1138,27,119,14634,6,0,177,303,1,67,14,0,0,1901,2629,0,329,5,10,0,0,0,132,3,11,0,0,310,0,3,8,1934,0,144,0,41,0,1379,203,54,123,44,6,729,430,2,0,0,0,386,635,0,0,3,2,101,1,177,800,5095,1,71,46,0,0,6,0,0,109,3135,0,0,685,0,317,0,100,0,1,190,3731,0,0,0,1847,5038,93,0,0,0,241,331
"gene_1022",0,0,0,0,0,85,0,0,0,12,0,0,0,0,0,0,44,0,0,0,0,0,0,0,0,0,0,0,100,0,0,0,0,256,0,0,0,0,0,0,0,441,0,0,0,0,0,0,0,0,2149,0,0,0,649,12,0,66,0,0,21,0,0,0,0,0,0,0,1,12,0,0,0,0,0,0,82,0,0,0,68,0,3,0,0,0,0,0,0,0,45,0,0,2,0,1,503,0,0,29,6,0,0,0,38,0,0,0,0,24,0,1,0,0,0,18,0,0,0,2587,12,0,444,26,0,8,29,0,12,0,0,0,0,16,0,0,0,0,1,0,14,0,4,0,0,0,0,1,0,0,0,0,928,31,0,0,0,0,493,0,0,0,0,1,0,0,297,0,0,0,0,0,2,2,0,11,0,7,0,0,0,4698,0,0,0,0,0,0,182,0,0,0,2865,0,5,0,8,37,1,0,184,0,0,0,0,0,0,0,0,0,9002,0,136,0,0,129,0,0,0,382,0,0,18,0,0,10,0,0,0,0,1,0,0,1,11,0,0,0,0,0,20,0,0,143,2,1781,0,0,0,1327,0,0,0,421,862,0,0,2388,0,150,35,56,0,0,418,0,258,0,65,0,2,0,6,0,0,1,6,0,18,983,0,1,0,0,9,14,0,1,119,51,0,39,19,19,0,980,0,0,44,1009,0,13,37,212,0,8,0,5,0,0,29,1135,0,0,182,120,3,0,0,0,3,0,2301,0,24,2,3424,656,13,0,0,230,57,0,81,0,2,0,68,2,0,0,1,0,3371,62,2956,0,49,0,1593,1,0,289,0,8,3,0,7,10,1438,516,0,79,0,1,0,4874,3840,0,8,0,0,0,0,45,426,78,128,1,0,0,2,222,1,142,2,3,2385,0,114,2915,318,0,441,81,0,16,0,0,7,270,0,255,40,924,0,0,0,5,0,1302,448,0,0,42,0,1,0,42,0,73,513,1260,200,0,11,30,2396,263,110,0,0,1,0,605,51,139,7,1050,68,12,0,1,4,738,0,0,0,0,19,1,131,43,0,388,4,0,458,365,727,0,44,0,0,5,8,8,22,28,0,153,1,0,79,0,0,650,14,1,0,1282,1092,279,83,0,0,21,556,221,1304,1314,1133,28,0,1554,0,0,2877,0,2,2,9,0,0,3,0,0,1,59,2,0,0,0,17,69,0,9,177,343,46,0,4,18,599,25,38,2,11,2,1844,0,15,0,0,143,0,6,8,0,0,1257,0,19,97,0,17,753,0,1394,1,309,1,5,19,15,0,26,1,0,0,0,1,201,0,179,1,81,31,0,314,0,282,0,0,0,5,140,983,0,2,0,0,41,0,0,14,0,28,0,2,0,4,0,54,0,0,5204,0,2,0,470,7,0,0,1721,14,0,0,0,0,0,631,0,0,53,1,300,687,993,1,128,4660,1,0,0,0,0,0,1,0,0,985,0,141,206,0,0,3236,1001,0,0,0,400,8,0,0,353,0,1,0,482,1,0,0,71,0,0,0,0,0,18,0,0,26,1,0,0,0,0,158,0,3,0,0,22,3,0,0,0,0,0,9480,0,351,0,14,0,45,43,0,0,0,0,0,0,0,0,0,0,2,0,180,1,0,0,4,478,0,0,0,0,0,11,0,0,2,0,0,17,1143,0,0,0,1,0,0,0,0,4,0,0,0,250,38,0,66,69,0,1974,0,0,2139,0,2,849,0,0,3279,12,0,0,0,4256,176,0,0,0
"gene_1023",0,0,0,0,0,0,0,0,0,0,82,21,0,0,0,0,0,28,0,67,0,0,0,2392,5,0,1,0,0,6,0,344,0,10,0,850,1,27,454,13,360,23,0,0,34,0,2,34,0,8,0,871,0,225,110,0,2,48,74,0,6,45,18,0,668,0,39,0,13,114,0,460,1,138,0,38,235,0,0,0,3,1,1,11,178,6,0,72,0,0,98,0,2651,5,19,681,5624,448,15028,2164,0,34,3666,1593,77,1,9770,1443,356,3876,65,4,14,1982,308,3932,146,173,13,43,46,381,283,303,2,14,8,941,47,201,26,2510,70,0,2052,1,2519,1769,20,157,290,181,2892,12,20,2044,2017,1382,1695,11,5515,771,0,4,0,299,221,463,6,25,7,1593,578,765,213,3,165,128,115,1256,0,2151,0,23,1307,110,1751,19,60,268,13523,2,774,294,13772,0,7054,160,430,245,769,7078,17702,3314,0,75,251,564,2733,1,6767,643,2,1267,316,0,276,1217,34,448,11925,0,186,19,70,0,15390,3753,2506,0,742,714,693,1277,6655,459,3237,26,13,11,134,0,42,0,6,51,28735,3518,30,262,3475,1540,3135,8,486,0,44,3006,425,190,2459,4926,964,4,551,125,50,265,2,6,522,57,0,1,1382,46,80,0,189,11,2,0,30,350,638,30,24,698,83,26,259,0,8,0,588,55,337,2137,291,2176,28,1,137,0,4208,1061,1314,3737,49,1247,822,0,0,1,428,244,59,0,22,296,92,4418,433,39,107,75,1369,697,1993,15,456,93,5745,3683,185,1,278,102,445,11,0,95,973,2312,1232,131,11,230,0,752,0,1331,0,1271,61,25,4,1149,34,12,816,0,987,251,12,221,0,41,0,0,1654,2083,1,83,22,137,3051,24,71,43,108,3,478,297,155,6244,206,29,17,0,75,1566,493,4699,162,1,0,28,2165,1342,7,213,206,0,759,1158,1817,844,6,5169,639,0,116,2265,7,257,139,0,796,15,0,0,2,101,21,40,3063,0,1,1,456,112,92,3122,31,1476,3054,0,152,13,70,5936,808,0,0,0,0,0,338,0,0,73,0,0,0,0,46,0,0,611,0,42,6,92,46,0,0,1,315,80,0,671,0,2,2,0,0,0,553,27,0,0,0,0,0,0,1268,0,0,17,0,0,4,0,0,0,0,0,9,0,1939,0,0,143,1,0,14,5,229,0,9,5,1,6,1826,24,3,348,1392,0,0,328,0,2567,0,0,0,0,0,1,0,2,0,0,0,388,0,1979,139,0,36,0,16,0,1291,278,1,0,0,1,0,148,0,0,15,0,0,7,0,0,0,26,0,0,2758,0,85,23,25,1613,6,0,0,0,94,0,0,0,0,0,0,66,523,0,0,0,0,0,0,0,0,0,5,0,2796,0,2478,72,2,0,5,0,0,0,0,0,0,1280,505,1045,0,0,305,0,0,17,194,259,2089,3,20,415,10,2,411,0,0,0,2780,377,0,0,0,9,655,0,26,0,13,0,20,1009,611,235,0,0,1498,2119,352,0,0,90,202,26,0,0,1350,195,0,0,0,0,1359,92,1,0,0,4815,0,70,0,10058,0,6,8,0,0,0,0,30,0,911,0,0,0,0,33,0,35,0,128,2,400,0,0,0,0,3,5044,0,7,13,0,3404,6,2,1072,234,0,0,556,3,90,0,869,0,3,7986,0,11,479,0,0,12,0,43,94,94,0,459,30,202,0,0,0,0,0,0,9,0,6548,51,0,5206,0,0,0,0,5434,574,831,2,396,0,0,2,7,0,70,2424,52,1,10,121,262,0,12,1938
"gene_1024",0,0,120,2,0,2,0,33,0,0,0,1095,440,0,0,0,0,27,0,6,0,0,0,4899,94,0,0,295,0,0,0,481,258,134,180,2344,106,0,0,0,0,689,40,65,0,0,0,4,10,0,0,24,0,184,0,22,52,404,0,1,101,604,0,0,0,0,35,0,0,5,0,0,184,0,1,0,0,0,35,0,20,0,0,74,1,0,34,0,0,0,211,0,0,0,1,0,0,0,15,0,1419,0,0,0,0,0,0,0,207,0,0,0,0,15,0,0,0,0,0,0,0,0,0,0,619,0,0,0,0,0,0,0,0,0,41,0,0,0,0,0,0,0,0,889,0,8703,0,8264,0,0,0,0,0,0,0,0,0,0,0,8,0,358,0,0,0,0,0,296,0,0,0,0,0,0,0,5741,0,0,0,1,0,43,3719,4258,0,0,0,4922,0,4981,0,0,0,0,0,2414,1312,0,0,0,1,942,0,0,154,0,45,0,3341,4581,48,2,0,16,6864,0,0,5,62,0,107,0,5,0,8,0,3,3,0,0,0,1,0,0,14,0,0,31,439,5,541,0,15,0,1,42,0,41,0,0,0,0,5001,0,3,230,1,126,0,0,9,235,0,116,0,0,15,0,9,10,0,0,1851,0,0,0,0,0,0,2,1,0,0,16,685,0,0,1968,0,0,2,0,829,17,0,0,115,1102,17,18,519,15,327,110,66,315,1,75,66,6,0,0,1,508,0,267,788,0,0,0,1,0,0,0,0,0,0,0,0,254,0,49,9,3,0,369,0,0,1,0,66,2,1,887,590,0,0,27,1,0,4,0,0,25,32,48,3,210,0,0,432,10,0,64,26,62,0,0,8,0,3,35,0,6,0,0,2,10,0,3,364,191,3,0,9,0,0,0,1,0,5497,0,0,137,0,849,0,360,0,5,0,0,0,2,0,27,0,0,77,84,13,0,5,107,0,0,0,0,0,0,27,0,152,3,21,0,17,0,15,0,12,0,0,0,0,0,0,0,0,0,0,0,0,0,0,0,0,1,0,0,5,0,0,0,0,0,0,0,0,0,0,0,0,2,0,8,0,0,0,0,0,0,35,0,0,0,0,0,0,0,0,0,0,0,0,0,0,0,0,0,0,0,0,0,0,2145,0,0,0,72,0,1,0,35,543,0,1,0,0,0,0,108,0,0,0,0,0,2,0,0,0,267,0,23,0,0,0,0,0,0,0,143,0,0,0,0,0,0,0,0,0,0,157,0,2,0,0,2,0,0,0,0,0,0,0,0,43,0,0,8,0,0,0,40,0,1,0,0,0,2,0,0,188,0,0,0,0,0,0,0,40,0,0,0,0,0,124,213,6,0,0,0,0,19,0,55,0,0,0,2313,0,220,0,0,0,0,0,4,0,0,0,0,0,5,20,0,0,1,0,0,0,0,0,0,0,7,0,0,0,0,0,34,0,66,6,2435,0,0,6,0,0,1184,0,0,5860,0,0,0,0,0,0,2,3602,0,0,0,1,105,0,0,0,0,0,0,1,0,29,0,1,0,297,0,0,0,0,0,8,0,0,0,0,0,3160,31,0,0,0,0,0,0,0,0,7,0,0,1298,85,0,0,0,0,0,1,0,0,0,0,0,0,0,170,0,0,0,0,0,0,914,0,0,0,4,0,0,0,0,879,0,0,0,0,0,0,0,0,0,0,0,0,0,0,0,0,3126,0,0,0,0,0,0,0,0,0,0,4,0,8,1
"gene_1025",2038,201,128,3573,4,1940,4366,823,2237,4058,9642,1234,857,1482,1178,760,983,88,11,897,0,1130,231,971,84,266,611,264,3819,10918,11,34,0,256,6982,13429,2310,2110,762,876,28,31,5013,961,1,116,563,2314,1574,65,281,874,295,269,5342,3048,14,1804,7080,1,893,0,107,6872,20,3134,213,6182,2713,2118,23,3131,0,5426,310,827,1408,531,170,6072,7069,269,82,2545,0,4655,463,740,2095,32,725,1074,60,2049,18389,1038,1,532,977,723,526,72,297,5716,2733,1748,723,9991,93,934,3581,1098,54,902,941,2827,1006,190,11900,332,1489,2280,0,182,9550,3618,137,9,2581,1264,311,888,1,281,5028,327,12065,1970,1040,2181,4251,3577,35053,8438,72,5346,5252,907,9846,90,822,2,530,94,73,5042,51,325,1129,1148,13440,65,4637,6032,2627,184,10508,645,98,289,30716,21605,283,2190,0,5289,4165,235,11047,748,2004,20754,14495,1821,892,18,112,9328,1345,9,215,868,20506,87,0,1568,0,39,8207,1892,3981,518,522,949,5792,471,4289,1477,32,445,13583,110,6,13615,15,391,1,527,1,317,151,6,2,38,13,4638,56,37459,0,6,1,127,153,486,915,6006,580,105,50,7496,20,10930,105,0,3154,1339,160,0,2,154,11494,16,2915,77,134,234,17,1006,18,59,127,258,3048,81,220,875,411,106,156,99,1827,60,2357,62,152,105,1142,0,203,4,4,43,1177,2945,28,1779,4027,4,2022,102,0,101,72,4364,217,202,3007,2,851,30,397,23,2131,2547,3541,1138,28,332,1054,1219,3754,173,7,0,515,1025,209,1147,4818,1217,90,3967,322,44,1967,2504,1071,884,2384,1038,607,426,4095,61,58,10,1307,4816,708,2013,8,63,1833,458,3037,726,559,2357,282,241,9959,1780,2,113,466,1144,9,207,176,21,542,11,3952,10980,0,58,1003,22,103,539,0,37,64,204,5251,22,962,2441,29,220,4763,593,317,34,3898,1165,113,270,267,1942,803,5838,1001,241,804,556,2034,1670,633,3659,202,38,3026,26,504,3038,2389,3115,628,5,687,336,3,273,549,2223,5544,310,0,149,2244,1692,368,109,245,2223,26,559,847,427,545,2806,218,50,619,27,108,701,1109,0,1768,197,158,102,4728,255,317,5,27,27,4528,2,0,33,0,0,0,2976,5661,11,84,10,1491,72,2,2737,157,4,12,0,1,4533,163,516,2207,61,0,387,95,0,1109,78,32,0,350,0,54,0,0,10,73,9,43,2521,528,0,411,1,2,2048,255,146,1184,113,207,336,209,0,0,4,136,19,508,252,65,371,747,9,1586,13,0,5,604,3865,184,0,64,0,1064,0,2898,2173,132,7,658,0,0,67,0,133,0,205,2,0,5,0,346,66,0,0,95,14,1755,475,0,77,327,15,18,162,0,0,852,0,89,3595,43,107,28,2,484,0,744,6,0,0,4,2,0,0,97,27,945,24,0,0,1079,4483,412,4,47,0,4,0,0,0,500,149,7197,1894,1,0,0,578,0,0,3,19,0,914,11,0,1,2,8851,0,9312,585,128,29,150,2170,0,501,11222,853,0,0,0,4,1151,2012,0,0,178,0,582,0,732,43,2001,2,1009,72,797,1,582,213,10,0,0,0,0,660,0,8,272,0,0,183,0,3993,41,27,2294,236,25,241,1320,0,7,0,589,29,0,13,0,0,4,1,0,0,3901,1,205,5611,0,187,1156,1616,21,4,0,3,1,47,14,429,1025,0,2086,867,0,918,13,27,2097,0,1,1,3,862,0,0,80,2506,1,1,0,219,1,0,613,0,0,142,0,992,1130,0,44,5079,0,1,34,334,0,16707,0,0,42,18,0,0,41,103,0,999,0,0,0,15,3,55,3273,98,0,12
"gene_1026",0,0,0,0,0,0,0,0,0,0,0,0,0,0,0,0,0,0,0,0,0,0,0,0,0,0,0,0,0,0,0,0,0,0,0,0,0,0,0,0,0,0,0,0,0,0,0,0,0,0,0,0,0,0,0,0,0,0,0,0,0,0,0,0,0,0,0,0,0,0,0,0,0,0,0,0,0,0,0,0,0,0,0,0,0,0,0,0,0,0,0,0,0,0,0,0,0,0,0,0,0,0,0,0,0,0,0,0,0,0,0,0,0,0,0,0,0,0,0,0,0,0,0,0,0,0,0,0,0,0,0,0,0,0,0,0,0,0,0,0,0,0,0,0,0,0,0,0,0,0,0,0,0,0,0,0,0,0,0,0,0,0,0,0,0,0,0,0,0,0,0,0,0,0,0,0,0,0,0,0,0,0,0,0,0,0,0,0,0,0,0,0,0,0,0,0,1,0,0,0,0,0,0,0,1,0,0,0,0,0,0,0,0,0,0,0,0,0,0,2,4,0,1,0,0,0,0,0,0,0,0,0,0,0,0,0,0,2,8,0,0,0,0,0,0,0,0,0,0,0,0,0,0,0,0,5,0,1,0,0,0,0,0,0,0,2,0,0,0,0,0,1,0,0,0,0,0,0,0,0,0,0,0,0,0,0,0,0,0,0,0,0,0,0,0,0,0,0,1,0,2,0,0,2,0,0,0,0,0,0,0,0,0,2,0,0,0,0,0,0,0,0,0,0,0,0,1,0,0,0,0,0,0,0,1,0,1,0,0,0,0,0,0,0,0,0,0,1,0,0,0,0,0,0,1,1,0,2,0,2,0,0,0,0,0,0,0,0,0,1,0,0,0,0,0,0,0,0,4,0,0,0,0,0,1,0,0,1,0,0,0,0,0,0,0,0,0,0,0,0,0,0,0,0,0,0,0,0,0,0,0,0,0,1,0,0,1,0,1,0,0,0,0,0,0,0,0,0,0,0,0,0,0,0,0,0,675,0,0,325,0,0,0,0,0,0,0,0,0,53,0,128,0,168,5,17,0,0,0,0,0,0,0,0,0,0,0,0,0,0,0,0,0,0,0,0,0,0,2,0,0,0,0,0,0,0,0,0,0,0,0,0,12,0,1007,76,0,0,0,198,0,0,0,0,0,0,0,0,0,0,0,0,0,0,0,0,0,0,0,0,0,3,10,0,0,0,167,1,0,0,0,47,0,0,0,0,1,0,0,0,0,0,0,0,0,0,12,0,837,0,0,0,0,0,0,0,0,0,0,1,0,0,6,17,0,0,223,0,0,0,0,0,0,97,0,0,0,0,46,0,0,0,0,30,1,0,0,0,0,0,581,0,0,0,0,0,12,0,0,0,0,0,445,0,0,0,273,0,0,0,0,3,2,0,0,0,0,0,0,0,0,0,0,0,0,0,0,0,0,0,0,0,0,0,11,0,2,0,137,24,0,0,0,0,0,47,5,0,0,332,3,0,0,2,8,0,0,0,0,253,129,0,0,0,0,0,0,0,0,0,0,0,0,0,0,0,0,0,0,1,304,2,0,0,0,10,0,0,0,51,0,0,0,0,0,0,0,0,554,0,413,0,0,0,0,0,988,0,0,1,0,0,0,0,0,510,0,0,0,0,0,0,0,0,0,0,0,0,672,0,0,0,4,0,0,0,2,2,0,0,2,2127,0,220,0,0,0,32,0,0,0,0,0,970,0,0,123,0
"gene_1027",111,12,5286,2348,318,2270,877,2069,0,3354,7760,8,3048,842,191,314,70,17,3219,5680,2,11296,8514,5534,4,927,7817,492,1123,1832,738,2403,2310,684,38,7080,1760,5387,17870,775,312,0,21133,36,235,31,21,8975,591,3700,629,3438,912,751,511,6,9021,215,603,7607,65,1446,341,2258,1502,152,1112,0,9978,1016,7,2141,52,678,7,1049,1205,103,1,5644,2339,6637,1569,2223,19903,17,55,10646,24,89,183,5484,1268,399,52333,2079,1887,1470,1324,6667,0,60564,202,195,21,45741,7252,2202,9161,6953,37599,715,0,27375,195,0,415,7,19811,640,175,1646,2680,5,51155,7514,0,415,863,0,11331,397,31873,3061,0,10969,11946,779,2179,12038,17057,7,165130,646,140921,1,44,20,736,2212,13,2071,0,6536,91,305,98,0,4,5342,2,105,113,11644,33571,343,15550,302,8882,455,0,6099,1,574,15278,8852,2,66,658,3648,9,1,0,4101,340,451,5273,0,1882,148,297,841,4724,2940,0,759,73,809,110,0,10,827,626,0,0,12510,5547,3,5308,0,0,3,32338,0,212,927,4,4306,2442,10,22,1,393,49,47,0,8462,963,23,840,0,4,231,15,78,1708,315,0,1094,4,0,1363,0,11122,42,455,12165,42,0,2,159,350,3927,0,0,0,2,1,1378,5824,371,144,2990,474,708,612,1124,916,944,373,6024,798,92,3,540,238,471,15,815,0,27,2653,2,5592,13,683,2992,446,9955,33,3562,60,0,1079,1633,1034,1462,36,13176,87,84,778,30,5526,4360,14,2591,5742,197,12,2,1618,73,0,6557,3283,13807,556,15543,20,73,1111,637,82,1048,708,3313,1,199,3146,118,437,18,3335,3090,25,20,1161,2,683,445,2005,1286,192,2663,11,50,5604,969,2145,945,7479,172,1567,40,12,10,11944,7175,2,4068,1275,1661,6834,1136,319,0,1753,3140,168,1774,2692,0,3357,169,202,4096,565,22,25250,8,951,250,41,1206,63,5,5083,2589,2812,20,1621,25,919,0,763,1148,2915,4530,6570,0,1839,340,405,1133,9882,2230,1463,443,195,855,1675,3096,1146,1,5230,191,192,571,3,2910,53,13135,114,149,1758,3511,2,5008,3477,10819,6222,1171,0,5,186,211,0,686,0,1264,3061,2,0,0,0,683,4,58,0,108,38,41,0,8693,0,0,105,0,0,42,0,152,1,12,0,0,3687,789,201,3648,5,38,0,10,2464,0,0,738,49,0,31,3,16,2246,0,0,15,3,0,0,278,0,0,0,1,2,55,3,2189,0,0,342,58,27037,1764,28,2321,0,0,1104,1690,0,217,0,0,138,493,1452,4,2,0,11578,0,850,0,15,835,1,0,11,0,0,45,0,121,3,0,0,1369,0,52,0,0,8100,131,8978,2,0,79,1846,0,100,233,0,1941,9,408,9,9,236,144,2,527,241,0,90,0,2,0,3396,5,0,0,4,0,0,59,0,0,0,14,46,11,0,0,0,0,1,0,0,3,0,0,6,671,1607,2,28,2,0,0,3465,0,1219,77,0,2279,0,0,1412,113,0,0,0,1,0,777,0,0,0,2,0,0,0,0,11,0,0,0,156,94,0,0,0,4,728,9,1,14,0,1218,0,55,889,0,4,187,108,143,0,1,98,1,1150,0,661,1507,591,0,0,0,55,0,0,0,0,2,110,0,0,0,24,7,895,9,0,0,27,0,36,265,1,0,0,0,0,24,283,126,1909,0,320,241,2407,0,2,0,7,0,153,0,0,0,5,0,0,147,0,0,0,0,5,517,0,0,0,67,104,0,0,10,0,0,8,0,1,0,0,41,0,23,1355,1066,0,10,0,0,95,25,0,0,0,12,0,0,0,0,0,0,94,0,1039,0,0,176,90,0
"gene_1028",0,0,1,0,0,7,1,0,0,0,0,9,0,0,12,9,1,5,0,0,0,2,0,4,0,0,0,0,1,0,0,0,0,0,0,0,0,0,0,0,0,2,0,0,0,0,0,1,0,0,0,0,3,0,1,0,0,6,0,3,0,1,2,2,2,0,2,0,3,1,1,9,0,0,0,0,0,0,1,14,3,0,0,2,1,3,0,2,0,0,0,0,0,208,658,430,0,0,0,0,0,6,0,0,0,0,0,0,0,0,0,0,0,49,0,0,1,0,0,0,0,0,33,0,3,0,0,0,0,0,0,173,0,0,0,0,0,0,0,0,8,0,0,0,0,0,0,0,0,0,6931,0,0,0,0,8,0,0,0,4,0,1447,1530,0,0,731,9,175,0,0,0,0,0,0,0,247,665,7,4169,20,0,0,1,105,0,0,0,0,0,0,0,0,0,0,0,0,0,0,0,0,0,0,0,0,0,0,0,0,0,0,0,0,0,0,0,0,0,0,0,0,0,0,0,6637,0,3,0,50,0,0,0,202,0,0,0,0,0,0,0,0,0,0,0,0,0,269,0,0,0,0,0,0,0,0,0,0,948,0,0,0,0,0,0,0,0,0,0,0,0,0,0,0,0,0,0,0,0,0,0,0,0,0,0,0,0,0,0,0,0,0,0,0,0,0,0,0,0,0,0,0,0,0,0,0,0,0,0,0,0,0,0,0,0,0,0,0,0,0,0,0,0,0,0,0,0,0,0,0,0,0,0,0,0,0,0,0,0,0,0,0,0,0,0,0,0,0,0,0,0,0,0,0,0,0,0,0,0,0,0,0,0,0,0,0,0,0,0,0,0,0,0,0,0,0,0,0,0,0,0,0,0,0,0,0,0,0,0,0,0,0,0,0,0,0,0,0,0,0,0,0,0,0,0,0,0,0,0,0,0,0,0,0,0,0,0,0,0,0,0,0,0,0,0,0,0,0,0,0,0,0,0,0,0,0,0,0,0,0,0,0,0,0,0,0,0,0,0,0,0,0,0,0,0,0,0,0,0,0,0,0,0,0,0,0,0,0,0,0,0,0,0,0,0,0,0,0,0,0,0,0,0,0,0,0,0,0,0,0,0,0,0,0,0,0,0,0,0,0,0,0,0,0,0,0,0,0,0,0,0,0,0,0,0,0,0,0,0,0,0,0,0,0,0,0,0,0,0,0,0,0,0,0,0,0,0,0,0,0,0,0,0,0,0,0,0,0,0,0,0,0,0,0,0,0,0,0,0,0,0,0,0,0,0,0,0,0,0,0,0,0,0,0,0,0,0,0,0,0,0,0,0,0,0,0,0,0,0,0,0,0,0,0,0,0,0,0,0,0,0,0,0,0,0,0,0,0,0,0,0,0,0,0,0,0,0,0,0,0,0,0,0,0,0,0,0,0,0,0,0,0,0,0,0,0,0,0,0,0,0,0,0,0,0,0,0,0,0,0,0,0,0,0,0,0,0,0,0,0,0,0,0,0,0,0,0,0,0,0,0,0,0,0,0,0,0,0,0,0,0,0,0,0,0,0,0,0,0,0,0,0,0,0,0,0,0,0,0,0,0,0,0,0,0,0,0,0,0,0,0,0,0,0,0,0,0,0,0,0,0,0,0,0,0,0,0,0,0,0,0,0,0,0,0,0,0,0,0,0,0,0,0,0,0,0,0,0,0,0,0,0,0,0,0,0,0,0,0,0
"gene_1029",0,0,4,148,2,0,0,0,645,462,0,0,0,2172,133,0,554,0,0,0,0,0,1245,0,0,578,235,364,888,0,0,521,0,0,10,0,56,0,497,1,0,122,1958,148,0,4388,49,0,0,0,511,0,0,0,393,0,1003,0,0,254,0,0,0,0,0,11,5,0,5,1183,1,13064,0,0,0,2280,503,0,0,0,0,0,0,16,0,1,95,2,0,0,0,4,0,0,0,0,0,0,0,0,0,0,0,0,0,0,0,0,0,0,0,0,0,535,0,0,0,0,35,0,0,0,0,0,0,0,0,0,0,0,0,0,0,0,0,0,0,78,0,0,0,0,0,0,0,0,0,0,0,0,0,0,523,1,0,0,0,0,0,0,0,0,0,1,0,724,0,0,0,1,0,442,0,0,0,0,0,0,0,0,0,107,370,0,0,0,0,0,0,0,0,0,0,0,0,0,0,0,0,0,0,48,0,0,22602,0,0,0,0,1,0,0,0,0,0,0,0,0,0,0,0,0,0,0,0,0,0,0,0,0,0,0,0,15,0,0,0,0,0,0,0,0,0,0,0,0,0,0,0,0,0,0,0,0,0,0,0,0,0,0,9,0,2,18,0,1032,107,0,0,0,2,0,0,0,9,5,0,3278,0,0,0,15,197,0,1709,1,0,4,0,4,5,0,2,0,0,4,0,431,3,422,0,0,2,7,0,0,0,0,0,0,1,3,1,0,0,109,0,106,0,1417,331,16,24,1,494,0,0,0,85,13,0,0,37,76,8,0,388,0,9,0,192,4,2,3,4,1,4,0,162,94,281,30,0,47,0,0,1,131,0,0,642,59,0,0,225,0,0,1,1503,9,0,30,21,0,134,153,0,0,11,121,0,0,47,0,100,0,0,496,198,0,0,2786,8395,8,0,0,0,0,1,45,1,0,0,14,120,0,187,0,2,197,0,0,0,186,1296,0,0,6833,0,0,0,0,0,329,1,317,2,0,2431,2,2,5115,3,0,954,0,42,0,0,0,5,0,0,0,0,0,0,0,83,2,3,0,2,74,0,7,1,0,459,67,0,0,0,0,0,335,0,4,1,0,0,7,0,0,3,15,3,0,518,30,2,1,484,0,0,0,0,272,0,0,1441,0,0,6,14,1,1,1,113,0,0,7,11,51,0,1,0,5,415,180,0,42,0,0,20,30,0,0,181,0,50,0,0,0,611,0,0,23,775,0,0,0,102,39,176,0,0,0,1722,0,0,0,0,0,0,2256,81,0,6,123,226,0,0,149,34,633,0,1447,0,0,26,0,11,4,204,0,0,1851,156,0,32,0,0,0,7,0,0,132,0,0,0,0,0,0,0,0,0,0,0,0,0,0,0,0,0,0,0,0,0,0,0,0,0,21,4774,1948,0,0,0,698,10,0,0,0,0,0,0,2578,0,2,0,0,0,0,0,0,24,0,0,0,0,0,0,0,458,0,0,0,0,0,0,0,0,0,0,13,0,0,0,0,0,0,0,0,0,0,0,0,0,0,0,18,0,1,219,232,0,0,0,0,853,0,0,0,0,8,0,0,0,0,0,0,0,2,0,0,0,0,0,0,0,0,0,0,0,0,0,0,0,0,0,0,0,0,0,0,0,16,0,0,0,0,0,58,3,893,0,0,0,0,0,0,0,0,0,0,0,0,0,0,0,0,0,0,0,0,0,0,0,0,0,0,0,0,0,0,0,3,0,0,0,0,0,0,0,0,0,0
"gene_1030",52,19,120,62,12,11,87,9,47,59,95,2,178,50,114,32,31,58,33,0,12,58,27,14,52,132,556,136,4,11,53,46,27,1,97,36,83,0,24,8,100,16,0,42,27,75,15,21,3,4,88,137,52,137,0,160,68,111,97,357,38,4,491,56,4,20,12,4,62,134,10,134,5,55,121,203,13,53,113,20,213,49,89,4,39,83,2,69,16,32,75,55,0,0,87,185,0,0,1,85,3,4,0,3,0,614,0,0,0,3,0,0,1,0,471,5,0,0,0,325,4,0,0,0,83,647,0,32,5,0,0,0,370,0,0,20,592,1975,144,3,2,0,9,0,0,0,81,163,0,0,2,0,242,81,2243,0,3,509,0,0,0,0,0,1147,1119,0,139,0,0,0,0,629,0,0,16,0,1,133,20,222,189,16,0,1,179,117,1,0,2,74,2248,0,40,0,342,167,7,69,745,161,2303,4,3,13,296,1412,0,63,356,511,910,3,159,33,539,274,4923,141,227,101,207,3359,320,286,102,172,365,79,4,1131,120,232,114,15,81,322,942,190,3,1,1378,42,172,327,3,1072,113,13,1,111,268,2055,12,0,0,147,57,298,35,252,727,3955,4567,3143,2125,136,213,7,250,289,201,597,2885,3203,1658,828,143,442,1326,95,429,9,2392,5906,247,3943,8956,368,1096,3034,422,1330,2192,1723,937,825,664,1404,4627,506,334,1475,297,390,824,3134,431,546,24,261,604,52,59,190,842,666,1170,12271,4,1446,1983,1194,1176,16631,1059,4727,2703,36,5124,2863,48,21,693,6741,28,145,747,3189,1852,5711,3,1746,1556,379,1645,84,1149,192,606,137,651,3649,78,3420,1212,1862,154,927,4854,324,1549,862,6160,386,193,2061,76,3310,6453,554,295,1650,390,1370,515,7422,3270,5437,245,3898,3559,329,366,901,2473,4089,1703,436,9278,362,5951,6702,1044,6971,5083,1078,1164,2690,1119,392,280,926,263,471,1677,4217,2940,139,3810,89,5191,1845,7680,4562,772,630,395,4420,648,4233,1614,2848,604,303,242,3089,1440,45,3271,3223,2987,511,3497,2001,720,3560,9691,501,1272,449,10872,1971,3854,7394,1351,1919,952,1042,3471,7782,2886,2766,436,1006,1084,564,2823,1386,2768,1880,874,4129,2699,3911,3295,2021,5639,275,1036,710,198,2626,647,1034,852,49,677,1476,1288,4887,1520,4062,2373,4118,4029,1061,917,427,522,49,1081,1256,7090,982,6690,3674,2773,4575,930,55,2396,829,3884,2369,738,2452,2373,7557,2188,9444,2644,9102,25745,23,430,568,6413,841,6362,1340,583,1947,3659,272,2682,7363,18975,1845,295,1872,3150,1771,6107,7935,429,5788,236,554,391,2989,9402,530,760,6366,2683,905,108,5131,2811,1732,1106,1165,275,2967,120,1659,1193,1465,894,8222,446,4152,471,3633,23,16147,1323,8229,382,383,1735,9008,114,16070,765,198,191,317,1691,2556,421,265,397,26,339,246,3224,3398,3446,2628,767,130,23,260,2735,823,10573,2663,275,4220,135,352,4052,4167,13507,4003,691,3619,328,753,432,211,3105,123,228,0,12,109,3489,4983,372,2435,1716,123,2338,1098,3740,5389,1937,5711,15880,2,960,3567,126,135,10669,4903,35,1398,3400,2057,903,868,7634,8928,3,1517,540,834,6240,3767,1092,1370,15,259,8294,634,1,106,37,45,206,45,1239,4337,7596,2096,478,197,1351,5329,2333,4228,2344,3903,4558,354,5635,240,9928,1,2595,22,70,969,2155,93,7295,1465,71,1806,900,10816,2864,5841,3393,7374,256,720,13534,28244,4457,3610,14,400,60,0,1677,1927,424,1976,503,6568,1,1960,3430,101,6331,230,906,407,623,6769,3013,19284,83,0,299,272,3630,19,437,19,456,1143,177,1056,127,83,1390,191,23,14603,2023,224,2566,759,729,67,2617,20,1317,3543,181,59,1161,647
"gene_1031",0,1,2,0,545,41,6,0,0,0,16,44,0,0,0,66,0,0,1628,0,190,0,0,0,0,0,1,0,0,0,4,0,0,0,401,0,0,3,0,0,0,20,1,413,210,0,0,82,0,15,0,0,0,0,26,0,0,1,18,0,0,0,1,163,0,0,0,1342,0,529,6,4133,0,0,3965,27,2,0,74,1,0,0,0,0,245,0,0,0,0,54,1467,43,0,0,0,0,0,0,0,0,0,0,0,0,0,0,0,120,0,0,0,0,0,0,0,0,0,0,0,0,0,14,0,0,0,5,0,0,0,0,0,0,0,0,0,0,0,0,0,0,0,0,0,0,0,0,0,0,0,0,0,0,179,0,0,0,0,828,0,0,0,1,250,0,0,0,144,0,0,20569,0,0,0,0,0,0,0,0,0,0,0,0,0,0,2,105,0,0,0,0,0,0,0,0,0,0,0,0,0,0,0,31,7,0,18,0,3,0,0,0,0,0,0,0,1721,0,0,229,339,0,0,83,0,12,0,0,0,399,0,0,0,0,0,0,0,0,0,0,0,0,0,0,0,0,0,0,0,16,0,0,0,0,0,0,0,0,0,0,0,0,0,7,102,1,821,7,0,0,0,0,311,0,2,0,0,193,0,66,1,0,21,0,0,0,0,30,14,1,0,0,22,85,0,0,0,0,0,0,0,0,0,0,0,2,4,0,0,0,0,0,0,0,0,15,0,0,0,0,0,0,0,0,8,771,0,0,0,0,2,0,0,0,261,0,0,0,0,5,0,1,0,16,0,0,0,0,117,18,0,0,6,0,1,0,1073,0,0,0,0,0,0,117,0,0,0,0,0,4,0,2,405,0,0,0,0,0,3,1,0,0,0,0,0,0,0,0,7,8,18,0,0,0,14,471,0,907,0,1103,0,0,1,2,2,246,15,0,0,130,0,17,1,2,0,0,0,0,0,0,0,0,1,0,0,0,0,0,0,0,0,0,0,0,0,0,6,0,0,0,17,13,0,0,0,0,0,0,0,0,6,10,24,0,0,0,0,0,0,0,0,0,1,0,0,0,30,0,412,0,0,1,0,0,0,0,1567,0,0,0,0,0,63,25,0,0,0,0,784,0,0,0,0,24,9,0,0,0,4,0,43,1,1,0,0,0,0,0,0,12,1,0,0,0,0,0,0,3,0,0,0,179,0,168,13,4,0,0,1,0,1,0,0,0,0,10,3,0,0,3,11,8,0,199,0,32,0,91,0,0,154,1,0,0,0,434,0,0,0,0,0,9,2,0,0,4,0,1,0,33,0,7,0,0,0,0,0,18,1,107,0,0,0,0,0,0,0,0,0,0,88,0,0,0,0,0,0,0,0,2,0,0,0,0,0,0,0,0,0,0,0,0,0,0,0,0,2,0,0,0,0,0,0,0,0,0,0,0,0,0,0,0,0,0,0,23,0,0,0,0,0,0,1,0,4,0,0,0,0,0,0,0,0,0,0,0,0,0,0,0,4,0,0,0,0,1283,0,3,2,0,0,0,0,0,0,0,101,0,0,0,0,0,0,0,0,0,0,0,0,0,111,0,0,14,0,0,0,0,0,0,0,0,0,1,0,0,57,0,0,0,0,0,0,0,0,0,0,0,0,0,0,0,0,0,0,0,0,0,0,0,4,15,0,0,0,0,0,0,0,0,0,0,0,12,0,864,0,0,0,0,0,0,0,0,0,0,0,0,0,0
"gene_1032",242,259,399,82,198,370,299,386,668,202,191,126,45,471,92,69,269,138,5,48,51,34,276,119,187,73,318,62,88,736,251,28,6,473,831,333,1097,333,67,612,12,186,20,41,97,678,20,215,177,31,969,34,21,370,130,61,213,390,774,21,40,254,654,686,2,73,4,1,354,638,148,16,11,525,20,342,10,536,21,729,155,71,100,92,93,208,12,344,219,152,90,428,2132,690,1075,502,4,388,6749,2,8109,1,31,8159,287,0,7204,0,2170,2255,1213,1653,2870,0,8733,17,797,0,917,0,0,7060,0,4161,22554,1,4,4,866,4,10,3757,4,12,0,0,3,6,12172,15,160,0,0,2806,0,35,1024,3207,17142,0,3533,3,0,0,5,419,2,445,2388,851,18344,0,5728,118,66,519,454,1,0,54,3796,845,2749,229,10106,0,12,16705,12848,816,7445,22,9809,5991,19,2772,3260,568,263,81,0,64536,856,103,22,0,33,0,2,1402,1184,938,1238,406,27,46,0,1287,482,539,20,2597,64,2342,82,566,786,70,286,1052,565,177,2344,79,3165,510,1462,3872,5,384,252,13,509,377,7,3,17,80,6,44,571,1,139,44,629,1294,744,360,211,265,936,1,808,117,1183,3275,482,1522,359,1407,1501,527,8,7,32,8,97,2,51,54,8,1021,5129,313,1941,319,164,172,5,356,168,807,1152,301,840,127,323,945,203,1321,1093,105,647,1586,94,544,384,338,1,56,422,544,1049,389,6,2749,880,1193,1006,123,66,94,543,1465,699,1172,309,623,34,24,397,277,406,4733,3,255,121,1228,197,77,2809,2,2572,1,8,111,99,627,3066,485,8,64,664,354,43,4,2581,1609,863,749,1805,202,321,1,34,75,1252,534,7,1055,388,476,2107,0,48,873,151,1215,12,423,106,2839,2289,613,197,5,109,621,40,2434,697,2802,8438,51,11,0,1,241,956,276,2580,79,555,38,5215,719,1854,635,3797,171,615,702,109,177,174,265,996,513,301,143,302,944,2404,1905,1743,36,19,1437,1506,1700,1385,1393,15,96,289,1376,930,0,5035,1215,15,384,754,638,703,1145,133,1141,15,531,1281,313,257,782,266,656,21,16,191,5003,328,4,52,13,1009,40,146,2650,2116,2469,493,531,109,94,577,1526,337,638,645,439,2082,982,1627,72,1146,827,4,296,1816,233,186,2202,1004,425,16,1625,528,1,59,267,1271,28,85,84,10,411,1408,9,2033,75,3,627,2269,3215,949,211,15,4044,79,772,606,1300,312,2820,378,632,54,645,44,1594,176,214,4092,880,1019,2,984,68,1335,668,879,1756,180,1473,2749,2807,2187,350,2346,334,1645,371,37,53,1995,1042,1779,292,312,1841,86,56,294,786,1284,245,332,537,1884,464,967,434,126,320,272,7,2528,60,688,1985,53,81,45,235,3549,29,512,854,15,8914,4,163,0,1272,0,1,230,637,165,15,2,411,3863,2469,565,3566,965,87,5350,3,395,4,565,357,88,93,6979,1322,104,2491,217,224,0,15,831,664,2339,177,535,3,1833,2600,42,2037,1487,2626,231,1299,37,3,1419,1704,2603,3495,15380,4,247,250,8,1865,61,7,140,585,175,496,4498,1826,83,516,46,942,174,90,271,539,972,23,35,541,157,976,625,948,65,137,127,127,0,128,2369,5,437,512,1140,284,809,316,1350,0,858,8,725,170,15,1307,54,1642,11027,2315,113,1778,0,4,28,75,234,1150,1,69,24,1,31,370,0,880,32,11674,1800,89,115,2199,250,767,256,30,257,1473,30,6,1438,1284,45,1087,3507,262,4385,1371,9,713,11,516,322,36,5993,342,184,10,8220,279,49,29,310,25,1075,27,172,203,35,3,417,500,292,385,205,805,2286,5372
"gene_1033",0,0,0,0,0,0,0,0,0,0,0,0,0,0,688,0,2,0,0,0,0,0,0,0,515,0,0,0,0,0,247,0,0,0,0,26,0,0,0,0,0,2,0,0,0,0,0,2,0,0,75,0,0,507,0,0,0,0,0,0,180,0,0,0,0,0,0,0,0,0,0,1780,0,0,0,0,0,0,0,725,336,0,17,0,0,0,0,0,0,0,0,0,0,0,0,0,0,0,0,0,0,0,0,1,0,0,0,0,594,0,0,0,0,0,0,0,0,0,0,0,0,0,0,0,0,0,3,0,0,0,0,0,0,0,0,0,0,0,0,0,0,0,0,0,0,0,0,0,0,0,0,0,0,0,0,0,0,0,0,0,0,0,0,0,0,0,0,0,0,0,0,0,0,0,0,0,0,0,0,0,0,0,4,595,0,0,0,0,0,0,0,0,0,0,0,0,0,0,0,0,0,0,0,456,0,447,0,0,7,1,0,0,0,82,0,0,0,0,0,0,0,0,80,55,0,0,0,0,0,0,0,0,0,0,11,0,0,180,0,0,0,0,0,0,0,0,0,0,0,0,1101,4,0,0,0,0,0,0,0,4,0,0,0,0,0,0,0,0,0,0,737,0,0,0,0,0,0,0,0,0,0,0,0,0,0,0,0,0,0,320,0,0,0,0,0,68,0,0,0,0,0,0,0,0,0,0,0,0,58,0,233,0,0,0,0,0,0,0,0,0,0,0,0,0,0,0,0,0,0,0,0,0,0,0,0,0,0,0,0,0,0,0,6,2,32,0,0,0,0,0,2,73,0,0,0,0,0,19,0,0,1736,0,0,3,0,0,0,2856,0,0,0,0,0,1,0,0,0,0,0,0,0,0,0,0,0,1,0,5,21,0,0,0,0,3122,0,1,0,0,0,0,0,0,748,330,0,0,0,0,0,0,0,0,0,0,0,0,0,13,0,0,62,0,0,0,0,0,0,0,0,0,0,6,0,0,0,0,0,0,666,0,0,0,0,0,0,0,0,0,0,0,0,0,0,0,0,27,0,38,0,0,0,0,0,36,6,0,0,0,4,0,0,0,0,0,45,0,0,0,0,3,0,0,0,0,131,0,0,108,8,0,23,24,0,0,0,0,2,0,0,0,0,0,1440,0,0,0,204,2775,0,1,0,0,0,115,0,0,0,0,0,0,9,1572,0,0,0,0,0,0,0,0,0,0,0,0,0,192,0,125,0,0,0,0,0,274,0,0,0,0,0,0,0,0,0,0,0,0,375,0,0,0,0,0,0,0,2398,0,0,0,0,0,0,0,0,0,0,0,0,0,0,0,0,0,0,0,0,0,0,0,0,0,0,0,0,0,0,0,0,0,0,0,0,0,0,0,0,0,0,0,0,0,0,0,1,0,0,0,0,0,0,0,0,0,0,0,0,0,0,0,5,0,0,0,0,0,0,0,0,0,0,0,0,0,0,0,0,0,0,0,0,0,0,0,0,0,0,0,0,0,0,0,0,0,0,0,0,0,0,0,0,0,0,0,0,0,0,0,0,0,0,0,0,0,104,0,0,0,0,0,0,0,0,0,0,0,0,0,0,0,0,0,0,2,0,0,0,0,0,0,0,0,0,2814,0,0,0,0,0,0,0,0,148,0,0,0,0,0,0,0,0,0,0,0,0,0,0,0,0,0,3,0,0,0,159,0,0,0,0,0,0,0,0,0,0,0,0,127,0,0
"gene_1034",45,142,7,61,2762,22,271,0,0,6,10066,22,1923,1157,182,258,1379,614,2480,4,2,234,196,0,15,0,2314,7,56,1721,641,0,0,145,1501,111,769,1296,416,47,125,1115,404,47,12,108,1,6,0,2874,2,1843,0,0,396,233,44,164,193,1,0,2,2684,79,525,0,0,1943,1,0,1,0,0,67,0,202,0,333,0,3,4860,0,1129,136,2817,94,5,488,0,74,3,456,69,4,24011,1,1241,0,10,10,0,0,1970,2536,447,0,29484,0,2594,47,0,9,0,0,0,0,0,324,1870,14,98,0,0,3,0,6117,710,715,34,210,212,55,0,3617,0,124,6,243,1,0,1000,56,4415,26,132,0,4944,0,38864,1,0,0,1021,389,33,25470,2,0,3384,19,6774,21,0,0,0,0,23,0,0,1898,0,4109,1320,0,0,0,9,15589,4,1324,0,10485,0,167,205,0,5,135,0,272,0,80,0,0,166,81,133,16713,228,7,0,0,11,91,0,2,162,1273,43,925,3,2,11,72,44,500,442,9,0,0,31,2244,12,1337,0,4587,0,0,166,775,0,593,1850,653,0,918,3,13662,0,43,0,0,0,0,2228,30,868,0,701,0,258,0,1100,2301,203,202,18406,283,242,0,2605,957,1815,25,2489,26,829,84,251,7603,5574,2852,115,1,4171,1230,6,27,72,1453,16,27,11,4,588,5257,1141,43,2494,88,77,219,286,12952,0,236,223,1427,1496,4761,268,2510,0,52,69,170,57,41,419,0,1031,458,848,264,18,164,384,4401,70,290,0,243,110,571,426,160,1133,53,30363,581,124,5,1135,10,2335,33,20,0,3361,4152,7,334,339,5358,2480,10,1291,1654,0,1343,306,2296,10,28,13,2430,81,228,689,431,4358,16,164,343,39,4133,49,231,784,48,5799,7,0,1508,341,7,436,108,1308,45,4210,7222,2,94,551,17,0,1,405,857,109,67,89,1371,380,121,26,9,298,121,2420,1427,31,1087,4432,110,11,1281,177,4311,308,3,181,1323,265,483,21,2265,2254,6,2069,6130,916,0,0,104,361,528,75,380,2,7383,138,43,1954,585,20,255,145,0,29,2087,1703,275,1,7750,554,984,34,29,502,147,985,11,30,252,1,2705,263,6387,7262,286,164,660,14,345,5,616,25,0,752,164,41,208,2,455,2,134,52,33,69,273,3672,43,153,101,3,70,534,15,479,7,8299,878,248,120,598,892,498,501,2563,0,0,140,718,199,42,62,36,220,202,22,7,509,2,282,0,6,8,852,16,256,25,463,644,39,37,6925,1,6057,13,6426,1539,194,2181,646,78,629,540,1946,1558,793,15,3,2332,129,43,166,2,1338,126,307,397,800,5,3509,1016,2713,921,0,354,0,0,3187,542,0,2062,209,267,23,5,34,14,27,4118,1,3286,743,0,0,0,1293,410,168,0,0,0,2658,0,60,4441,0,1239,956,265,0,0,742,1679,61,8,3242,38,2417,37,992,6174,3190,4408,4,272,0,61,1,2277,0,3113,292,884,16,0,14523,1311,96,6,5,1,594,347,88,80,10,1,876,1580,515,462,4,0,4137,405,11,1,18,15022,5321,168,12800,162,166,138,4244,2296,291,0,186,5660,348,0,12570,3,5990,11,1128,0,493,3155,1460,92,21676,0,0,866,554,67,751,523,9831,3827,0,30,0,13,69,62,598,3,0,346,4440,9,10,2214,258,980,136,322,1606,4570,29,201,738,0,0,38,149,0,128,6010,12,0,852,0,3099,0,336,1244,73,4586,4,0,1251,7,1,0,9163,88,13,871,117,39,53,908,1167,101,0,677,187,9113,4064,3,0,0,4,1,95,80,837,9,1558,1429,621,737,1,773,0,0,2148
"gene_1035",106,1488,304,23,1267,6,33,1072,390,1387,187,13907,6624,0,0,107,228,77,187,386,109,128,1551,385,191,263,705,1748,190,13,25,1211,333,198,3709,795,737,164,1089,2203,1557,55,398,0,7134,5902,779,5934,577,3,418,3132,801,364,117,20,1862,527,3582,276,1255,9,61,88,3,275,0,8,879,328,1317,2326,73,1969,42,826,287,56,1291,2898,1169,927,360,387,14699,3537,404,0,1318,652,1528,821,1312,1617,17,2024,5180,175,13769,1192,1090,630,4318,33064,38183,26,522,27143,5689,2320,5520,1,123,5296,13835,19474,3159,860,92,860,838,0,47,228,929,1680,27,322,4637,7,432,1376,1948,4300,3,2,1617,1,149,5278,64,8225,655,566,1,82,118,964,1955,622,619,14008,7083,6555,1593,135,4331,61,12496,234,412,2158,3396,199,3,612,266,2732,524,11550,12499,716,235,239,1047,1272,638,28933,1769,1991,966,8247,474,441,11633,12681,15749,10311,528,37,10526,4477,2952,6526,77,9,6498,1021,1882,352,81,962,6,71,17786,23123,70,188,57,5509,98,0,1566,123,6480,5,4851,1641,8317,0,1458,9,931,286,24,4240,46,3764,387,105,689,3041,3,8239,11258,13581,9500,3425,2390,37,0,20199,717,770,0,837,1,0,4898,2942,4316,75,758,1777,1,227,304,1443,10,115,4406,502,33,447,19,1870,50,91,69,2314,466,2132,917,6217,1686,496,76,1941,83,116,190,3224,707,544,2408,673,658,60,305,75,3230,4016,130,612,49,4949,198,559,144,1828,6271,24,365,1280,798,2374,7,69,3,15,171,350,3,1,2202,790,202,202,2667,235,1280,1179,13,10225,118,542,1,2,1173,17,87,24,615,189,2028,2221,83,164,3816,0,134,1301,410,395,2481,2583,624,1219,38,532,1269,1130,353,3501,380,1499,412,1635,834,50,2147,3547,593,11,690,1230,1361,116,582,8722,135,1818,2061,1347,1444,0,346,186,9606,2242,9185,508,104,4878,310,1,2236,457,124,13,3440,29,7777,496,1062,183,1376,80,2044,800,2938,542,10416,3,1748,1230,6266,124,2952,94,6040,198,1335,1749,1,3,3491,3220,580,344,59,533,253,388,499,2808,1461,9,1210,5,27,72,1305,119,367,0,2434,236,1091,0,32,3,0,17,5168,235,135,3152,1212,432,42,685,4375,122,19,0,497,99,54,874,2180,161,2349,2,2,45,37,19,593,24,2532,50,160,428,140,0,26,2570,1732,1,3629,3832,2,1884,478,42,0,18,158,2322,400,37,327,771,288,577,740,155,367,58,1,95,4,25,5145,3,93,123,174,418,2,123,2772,37,4,879,125,13,2577,10215,0,888,1149,485,184,772,2351,678,1033,0,1666,1097,4,1774,9017,2385,2,1,87,87,6,90,1349,1,2386,3872,3,2,5,1,120,66,272,328,0,2489,118,76,29,5926,0,4316,920,233,956,4483,0,5,1448,696,3517,1526,63,2,0,44,2595,4166,2912,5,1098,265,89,0,1290,39,3896,6586,3240,958,1550,460,0,9497,9,15245,18,9225,33,2737,11,2938,20,3,196,0,1522,434,17724,0,9757,1,341,56,0,67,1120,0,16452,17852,1928,474,38625,15,16,115,1542,1332,3134,25,0,391,0,4123,1362,18,660,107,171,0,382,54,21,19,9872,0,293,1200,619,4,14,275,76,366,48,0,13992,2676,0,3217,0,3,77,0,0,5642,7933,131,131,3574,672,0,8017,3124,0,0,1364,0,217,0,0,0,52,20,0,2,24,36,2064,15861,0,2,5496,2135,76,26663,47,371,0,1,182,1238,166,82,17,84,43,0,3766,0,948,59,0,3796,783,0,4243,0,7,0,804,930,189,2,0,3907,1063,0,198,1392,790,6,6,10,26,298,1077,3,142,200,0,17,46,26,1525,48,638,3850,1736,1,88,22,51,0,127,199,1136,0
"gene_1036",43,599,0,20,0,0,651,0,7,0,78,1375,54,87,1,64,17,292,0,520,537,0,1372,411,113,1521,0,0,3,2799,6361,0,3227,6,1045,39,727,146,154,0,194,0,0,661,6,353,441,36,159,10,4395,1,215,0,168,4621,0,574,1380,0,0,142,3,2,247,82,5234,16,406,16,1662,19,0,14,47,577,116,106,1780,1,12,19,146,0,3,560,1,11,12,20,16,311,157,7,14352,133,8,21,810,6706,0,0,627,1442,19,0,12036,0,0,1,0,114,1124,325,7396,0,8,166,804,2359,0,0,0,0,170,12838,0,129,0,1,0,0,1693,32,0,22,12,1,12319,766,0,43,0,9611,47849,0,26,513,70,0,0,25,0,2566,29657,0,19,556,0,126,660,5,0,22,1304,0,276,18817,0,0,2710,4,8,2396,1,0,1497,0,1759,186,0,1336,0,0,0,764,26,0,7,197,0,944,0,0,0,0,0,0,88,760,3688,1,39,0,3,0,0,20935,0,0,298,0,0,2106,0,977,0,3062,0,851,1,1336,0,0,0,0,705,0,1440,39,0,0,0,0,24,0,0,0,0,3,0,18,0,0,0,2763,0,0,0,0,124,0,0,0,650,102,0,920,0,0,113,0,42,0,0,0,4,1393,3,196,0,3781,4750,0,0,856,0,110,1615,371,16,2,447,642,11,0,2486,33,0,104,2413,405,1988,282,277,581,0,0,99,160,21,3787,411,35,261,0,0,19,209,2290,0,451,221,76,1,15,180,0,209,1,0,1003,0,0,25,0,3,2914,4,0,190,1,1,5129,4,0,64,71,0,0,8,5553,0,0,14,20,0,853,0,42,1,146,1,0,6,0,0,123,4,7,1694,410,0,0,24,1,7,2,0,0,6,14,0,0,1,0,2,0,239,24,90,87,1302,0,152,0,0,8,123,1935,6860,266,104,4,4,164,102,0,0,4,11,288,2596,0,0,3772,1851,0,641,24,652,20,80,4,0,11,176,148,1,136,0,919,0,490,0,2517,0,1,2902,0,2668,1,1,0,0,0,51,3,0,600,0,194,39,0,0,0,2,0,0,527,2,67,1,100,23,0,5,486,72,0,0,0,735,0,935,7,0,473,18,993,12,7,0,0,28,0,0,0,2,0,8,54,0,0,4,55,0,8,0,90,68,1,7310,1,9,25,608,61,27,14,0,4,29,368,1,1,1,399,1770,0,1832,2421,0,32,2,124,92,779,11,2749,51,0,22,1,0,1,5,2752,0,0,13,82,9,1322,114,438,0,2088,312,1,1,484,1,0,11,245,1658,18,0,0,0,0,0,858,0,678,4,4,211,0,53,0,556,0,1,3,1398,1,115,51,0,0,0,0,0,387,0,0,0,0,11,0,36,1892,0,0,0,3,0,134,161,5,1376,29,0,128,1262,586,0,1,1,341,0,10,2652,1,0,0,0,0,0,0,0,0,73,23,0,4063,0,1,0,0,554,225,943,0,6,0,0,0,5,0,0,614,3,0,28,10,3,0,3274,0,0,0,0,0,0,0,0,15,0,0,1220,0,0,0,0,2,0,7,108,201,0,0,0,0,24,0,0,2,169,0,0,1,0,110,0,0,7,0,0,0,0,0,0,0,1,73,0,0,0,0,0,30,21,13,0,0,0,0,0,0,7,1,0,0,0,0,24,2004,1,0,2,0,0,0,3,0,49,2,0,0,0,0,0,3,0,0,0,0,42,1,2366,380,0,0,67,0,0,0,0,0,0,0,0,0,0,157,0,0,0,215,4,0,5,0,22,0
"gene_1037",0,0,250,0,0,0,0,0,0,0,0,0,0,305,0,0,0,2463,0,0,0,0,0,0,514,0,0,0,0,1337,0,0,2133,0,5,607,16,0,1,0,0,0,0,77,0,0,7,0,0,12,0,0,0,0,0,0,0,0,0,41,0,0,0,33,0,0,0,63,0,0,0,0,7,1,0,0,0,0,0,0,0,0,0,0,0,0,0,2017,0,0,0,0,0,0,0,0,0,1196,95,0,0,0,729,0,0,0,0,0,0,0,0,0,0,0,0,0,0,0,0,0,0,0,0,0,8,0,0,0,0,0,0,0,0,7,119,0,0,0,0,0,0,0,0,0,0,0,0,0,0,0,0,0,0,0,0,1,0,0,0,0,0,0,0,0,0,0,0,1,0,0,0,348,0,174,3907,0,0,0,0,0,0,1,0,0,0,0,0,0,45,0,0,0,0,0,0,0,1699,0,0,0,0,0,0,0,0,0,0,30,0,0,0,0,0,0,0,0,0,434,0,0,0,0,0,0,2,0,0,0,0,0,0,0,728,0,0,0,0,0,0,0,0,0,0,5,0,0,0,0,2,0,4228,0,0,0,0,0,0,6,0,0,0,0,0,782,0,0,31,0,0,0,0,0,0,0,45,1678,0,0,0,0,0,0,0,0,0,0,0,0,0,4,0,0,0,0,0,0,0,0,0,0,0,0,0,0,0,0,0,0,919,0,0,0,0,3429,0,0,0,0,0,0,0,0,99,0,0,0,0,0,0,0,0,0,0,0,0,0,0,0,0,0,0,0,0,0,634,3,0,0,0,0,0,0,0,0,0,0,0,0,0,0,0,0,0,0,0,0,0,119,0,258,0,0,0,0,814,1,0,0,0,0,0,0,0,0,0,0,0,0,0,0,0,0,0,72,7,0,0,133,0,0,0,0,0,0,0,0,0,0,0,4,0,0,0,0,0,0,0,0,1,0,0,0,780,0,0,0,0,0,0,0,0,0,0,0,0,0,0,0,39,0,3,0,0,0,0,0,0,0,0,0,0,0,0,0,0,0,0,0,137,0,0,0,0,0,0,594,0,0,3,0,0,0,0,0,0,0,0,387,0,0,0,0,0,0,0,0,0,0,0,0,0,0,0,0,0,0,0,0,0,0,0,0,0,0,0,0,0,0,0,0,0,0,109,0,0,0,0,13,0,0,0,0,0,0,0,1,0,0,0,0,0,0,0,0,0,0,0,0,0,0,0,0,0,65,0,0,0,0,0,0,0,0,0,0,0,0,0,0,25,0,0,0,0,0,0,0,4,13,14,0,0,0,0,0,0,0,0,1,0,0,0,0,0,0,0,0,0,0,17,0,0,0,0,9,0,0,0,0,0,0,0,0,0,0,0,0,0,2,0,0,0,0,123,161,0,0,0,0,0,0,0,0,0,78,0,0,0,411,0,0,53,0,0,0,0,0,0,0,0,50,0,59,0,0,0,0,0,0,0,0,0,0,0,0,0,0,0,0,0,0,0,0,0,0,0,0,0,145,0,0,1,0,0,0,0,0,0,0,0,0,0,0,0,102,0,0,0,0,29,35,188,0,0,0,0,0,0,0,0,0,0,0,0,0,0,0,0,0,0,0,0,0,0,1,0,0,1,0,0,0,0,0,0,0,0,0,0,0,0,0,0,0,0,0,7,0,0,11,0,0,0,0,0,0,0,0,0,0,0,0,0,0,0,0,0,0,0,0
"gene_1038",2573,31,2826,0,70,250,17,98,202,1443,78,49,6301,783,24,1742,145,1166,4,24,37,69,990,1171,65,133,2,518,511,278,16,174,714,2,1647,1210,1,62,623,449,1617,31,344,186,88,82,152,158,42,3,125,110,3,13,41,124,2,2237,1087,542,205,70,3938,105,723,0,823,565,6,27,99,344,10,1578,0,1605,102,3,1166,1479,1,65,292,21,27,6,66,72,465,26,72,882,368,0,79,58,154,0,0,140,2,176,5,0,0,57,0,6667,175,7,6,0,0,1,446,0,0,0,109,3,0,706,52,0,2409,12,0,87,0,472,14,0,0,0,0,0,2708,15,1022,678,0,170,0,3,343,0,53,3,231,424,0,100,58,53,0,0,708,266,0,1127,966,1048,0,151,329,0,58,1,0,2871,4139,40,15248,21,2688,28,0,0,21,167,2,2516,8,0,66,8,0,58,0,104,612,0,232,783,2039,0,290,0,0,3,688,12,8,933,1,645,140,273,153,50,196,206,126,0,587,700,2,1,201,57,0,4,17,61,2002,676,1,53,209,27,0,11,0,0,174,2694,264,3506,28,25,291,927,864,240,4,956,93,19,6,423,165,0,1347,0,2,34,23,712,0,0,106,20,55,65,189,87,289,94,51,38,98,168,50,127,207,57,172,52,103,24,36,134,265,184,31,377,243,122,7,48,197,159,175,120,109,32,44,89,115,40,62,28,15,26,45,64,110,92,12,109,147,77,20,70,248,24,128,143,154,12,6,135,64,87,126,77,72,39,45,59,41,0,150,93,45,31,38,222,310,97,13,98,222,107,92,16,113,29,76,64,31,154,17,116,202,21,15,47,22,73,31,26,14,2,162,147,82,11,33,370,125,90,27,70,40,281,106,24,14,371,109,392,387,208,53,5,86,268,71,19,203,49,118,370,245,48,37,167,70,10,73,136,200,208,10,15,101,85,139,33,78,3,52,211,215,53,207,116,34,46,58,55,10,171,36,596,59,0,45,14,197,86,1,79,3,31,161,159,12,56,26,322,19,33,228,0,10,12,106,9,81,3,131,36,183,190,94,28,54,65,79,3,62,3,0,218,119,11,65,91,125,43,7,92,143,52,2,58,10,0,14,14,65,0,32,16,17,46,48,12,85,96,0,11,25,1,220,27,19,10,15,1,2,86,263,93,16,238,43,61,13,18,5,4,2,85,5,32,211,110,62,74,48,95,21,15,32,318,57,0,386,44,155,222,56,104,4,27,109,123,7,52,151,164,0,17,23,14,37,183,1,23,91,23,0,17,24,281,18,89,229,2,29,6,161,107,52,46,8,59,0,7,58,51,51,1,112,1,13,2,0,71,10,52,56,294,43,524,188,163,42,2,24,401,126,109,0,9,3,2,17,139,21,95,51,406,154,17,20,0,50,12,1,29,0,11,26,187,4,4,14,14,2,436,0,14,56,41,29,10,5,13,14,63,0,3,61,68,113,0,176,266,66,83,69,33,5,24,230,25,37,25,0,2,11,0,17,7,1,6,53,0,53,129,0,287,0,0,31,30,0,46,52,10,33,138,15,5,165,101,0,4,6,0,11,4,12,145,508,0,13,15,70,0,67,0,28,14,0,2,14,17,0,173,92,108,0,0,4,200,20,25,160,6,25,28,39,129,158,7,641,8,0,0,1,32,58,4,0,22,7,0,1,0,4,295,356,0,86,65,0,17,12,96,39,1,2,18,20,14,0,4,0,76,35,5,99,0
"gene_1039",404,2329,2393,1210,7619,851,21,27,453,2776,3232,8020,1278,57,286,1579,303,190,2505,1452,917,98,2298,1683,2361,709,168,858,2204,1063,414,3599,565,5416,5618,487,3929,3552,407,20,51,351,3063,6,156,5477,187,131,6,46,846,221,970,52,3302,515,96,1773,199,329,1049,16,397,162,603,118,1856,3938,6499,1359,3795,1594,17,725,323,67,251,2067,1829,9875,9635,136,230,128,910,93,2077,711,1006,484,861,1540,45,1,1318,460,101,0,5704,31,174,755,1877,4,182,5754,317,845,7475,255,2,751,83,1150,3230,130,67,3,1421,106,66,130,6,1,254,138,0,1195,247,393,1,219,388,435,4,397,15455,0,493,1,5432,4020,0,0,4905,467,8,18018,575,0,4,0,1571,2057,426,0,4172,8166,64,22,144,1085,2864,1,980,2410,3748,66,469,42,64,1047,2531,404,8660,16,5,120,1,1960,2,1,32,15837,127,545,639,5332,1408,24,241,1466,12351,562,786,0,22,1137,124,0,0,86,7336,10,6860,13188,2091,446,23,285,2620,4712,500,46,525,31,5549,5329,194,3,2991,2,0,1,25,3214,11,3618,113,4109,729,515,30,9675,8019,6517,28393,664,510,96,936,265,4859,44,2778,7183,684,32,388,7141,7178,5910,0,827,39,941,5514,0,4640,1268,2576,733,992,765,144,898,1241,51,98,1001,547,8313,593,5,442,426,18,486,2293,14,254,1029,3037,1953,614,4475,23,1490,258,6669,989,1211,626,4074,130,107,508,1219,27,4775,897,1,128,1622,195,616,1488,2953,1230,171,14,832,24,964,85,1219,1,14842,8318,624,1759,3588,739,826,526,195,165,68,4957,594,4751,37,687,2636,2160,292,2580,370,1196,199,40,454,3595,4954,1083,55,39,4556,8,35,560,847,3138,1113,23,2660,1032,493,2411,7,5548,186,16224,156,3866,744,2069,4080,528,2187,571,312,14,42,43,42,2563,34,823,1467,757,21,18403,4299,5708,72,124,123,433,944,464,2523,9,205,146,1348,876,1176,114,2384,6444,80,2382,893,691,1074,785,116,977,7287,2548,1056,10156,3047,336,1210,1214,1490,16,708,1335,3517,1202,40,0,3905,11519,839,10499,582,241,49,1217,10216,6398,3185,6137,220,2593,4406,25,7551,1582,19866,13842,17385,122,10915,6799,1659,1598,2602,4062,86,17881,1857,8665,4449,12452,1005,2990,12505,24342,3320,4367,348,3919,4383,3266,9733,14013,5,6628,1394,3273,2278,1901,1660,8687,1135,15082,13023,12705,8149,13895,901,6399,1760,54,384,879,22714,4384,803,10813,12358,16691,1948,5802,8898,1494,165,2533,12025,1054,10284,5,12066,8764,5210,17365,2138,1932,16323,1191,7624,4049,1186,3940,41290,133,480,12410,809,3534,7656,2017,2015,3498,1486,1025,6691,517,1250,14714,10149,21341,18939,14222,2051,7301,1236,7772,6374,6227,11512,1184,7294,738,4277,1670,1691,1264,2982,1783,16378,215,2040,8236,6804,0,15916,36,5202,15088,2871,1856,2589,4802,3774,11362,3003,2730,5,359,21,2475,2325,172,27,19102,93,2107,14075,104,642,2784,23258,1312,471,2066,847,23096,7044,14674,2348,6602,7070,27709,3228,20879,7,2846,26020,1064,9435,3913,24101,1408,3812,40,13466,1799,435,8350,532,6353,4979,33466,2671,507,2621,4992,22973,10491,5792,675,3883,4708,22,612,17743,6698,5838,20229,187,14913,2775,258,10068,13154,11741,116,9669,6152,161,12182,165,5727,1,3357,1676,1045,1401,1881,54,93,13849,786,1318,13395,9850,2725,5659,3,19888,3763,13264,2808,5496,2833,4390,737,20678,41,965,9081,266,4384,802,2183,6213,6,13185,2604,989,705,16,2969,572,17,8230,3936,4358,777,41232,1586,210,14268,53630,33051,27920,1216,176,497,12907,32160,1346,10,31997,10,10717,20,0,1,2367,1659,1040,17358,666,1341,325,774,9348,13968,11530,610,8473,13126,4686,740,56,6490,3613,3220,6136,11183,9375,1898,15216,288,13723,590,33495,154,880,2,2748,52866,49747,4369,936,0,428,560,26070,274,4119
"gene_1040",435,0,4,65,0,0,350,4356,130,34,5418,33,189,18,5,0,52,460,1,0,0,0,2104,0,0,8,0,410,0,14,0,153,187,0,4,1,0,0,1628,2,251,0,169,0,426,10,2,8,614,4,386,1,12,121,61,2789,0,9,318,8,173,45,0,313,1424,0,738,59,7,63,864,51,0,254,2065,0,30,0,182,338,6,12,1,22,150,2335,0,0,74,1,0,3803,10,0,0,0,23,94,0,0,0,621,47,3,446,0,4339,0,351,601,295,1058,3,0,2,10,0,0,2360,346,0,19,0,0,3,571,0,0,0,0,263,0,1717,0,0,5,0,305,0,1,4,0,0,2,0,193,181,0,0,3484,7062,6,0,0,197,0,0,0,2145,0,0,0,0,0,0,276,4,0,0,15,839,0,3,1213,2,1202,0,2413,12374,0,1705,578,0,622,0,2064,0,0,0,3,36788,0,0,0,2911,824,0,33,1390,4,51,985,24,28,150,0,86,201,2,85,0,2842,148,188,194,4,45,4,0,2,76,1044,352,1,0,117,640,0,2,1393,171,256,9,0,4,786,1,120,1,2,1635,0,128,573,5,575,0,148,234,304,86,0,0,9,328,20,0,0,0,766,4,202,41,98,13,0,1342,898,24,2,128,3444,430,233,1490,518,72,1066,0,9,63,259,6,43,63,292,13,3,0,7,36,1875,1355,0,160,2,903,510,54,3070,0,0,467,2223,1162,7,5,323,32,36,318,2,6500,3,376,1,705,1677,16,1172,85,253,1,3553,665,1107,0,10,2085,69,1513,44,121,74,559,0,78,38,453,3237,40,253,127,2817,379,144,55,1555,83,1143,198,0,4,396,75,1603,7,2139,0,4,0,39,135,2,12,912,0,122,736,233,0,0,0,564,229,2896,247,128,0,288,104,237,2514,0,12,85,129,456,0,526,10,0,3690,3,533,4,596,1610,0,299,14,3288,738,151,17,1505,793,904,7,603,0,891,0,188,105,823,307,6215,2334,6,1753,5065,3514,223,183,0,269,527,2820,5,51,3,0,12,0,0,2,285,3549,961,226,206,30,952,94,101,58,75,1342,72,110,0,105,0,2,240,3,3,199,1056,290,367,14,9,13,1147,0,13,20,55,0,186,14,0,3,24,3,1,90,120,3833,0,0,8,132,101,118,2,355,0,186,68,0,27,0,0,519,363,1834,3,611,1,0,7,7,295,0,0,385,28,80,0,0,261,173,189,3405,314,415,21,0,28,437,99,1498,0,0,0,635,0,10,1,134,15,0,129,1751,12,48,1265,347,65,389,112,0,271,39,0,44,2,279,7,0,7,5,235,814,473,6,167,45,0,0,0,48,373,319,299,3,281,8,1257,11,71,34,3,360,0,66,1343,0,7,34,37,0,1,0,7620,927,0,14,24,0,232,2869,1,1461,7,31,255,101,0,1685,244,0,0,0,2,3867,0,2,0,0,0,0,10,403,0,0,105,271,1157,4,0,4,81,0,0,573,1,149,70,7,0,0,302,0,0,7,2,0,0,21,9,0,878,0,1195,11,37,574,152,2,0,0,424,0,0,0,59,144,0,794,0,0,13,44,11,0,284,109,0,2,1267,0,927,27,3169,0,0,0,38,726,6,2,1582,88,0,1,1706,0,0,1548,1,27,10649,2015,8121,7,6121,2178,539,1058,93,0,1,3444,1,182,81,0,0,0,584,0,709,0,320,1,4,0,0,0,3766,0,145,326,43,2,1285,0,599,223,2,0,0,3457,0,16,1,901,0,0,0,798,1464,2,0,0,0,218,0,3,0,41,2072,1,0
"gene_1041",486,3990,6484,768,9970,1658,28,40,81,1976,5783,8925,121,3,265,313,785,3223,2904,365,0,129,3575,121,797,28,1008,1760,9851,11576,1479,7419,372,10751,1189,0,50,6179,2786,1977,2228,3707,365,7817,127,3159,10264,177,1270,267,260,899,179,3252,43,385,1473,5206,7076,1244,11019,9,7386,689,3959,3125,329,2303,7248,15262,3918,344,7,6581,17011,701,1,41,5805,336,4941,682,5612,3242,684,7124,4177,2870,1108,4004,572,15987,4909,1089,2130,0,6161,218,21434,5825,11000,4241,14,1598,6326,1718,235,14574,1024,792,1921,2773,1193,0,15049,250,1618,6,4330,253,476,3728,1549,1629,11037,1954,757,253,8,1585,4,369,4149,10,3781,283,9542,8688,31,1556,1,686,4713,19065,37,28802,5215,21207,10,7750,4291,960,33,674,362,2396,34867,424,8523,495,31,2976,62353,204,53,6857,117,268,417,4053,22346,1361,33,16629,0,2298,12315,51085,627,2995,7073,5181,15105,5211,2877,5,9050,3178,2729,1656,11238,113,2671,938,10080,2779,7,1712,570,19151,2915,97,331,1536,524,12115,167,656,4184,155,4775,1031,198,2473,574,451,12940,425,7614,5601,1247,11882,59,5051,602,26,64,1435,262,4306,44,30,7062,15101,7,16321,415,4257,13,255,25693,118,4191,0,983,0,524,216,351,3182,1051,619,5186,190,10489,4978,7892,2461,358,25678,24,2820,1717,1,1120,765,1095,1426,1525,4320,1149,2124,17761,3135,1434,987,81,10517,6963,961,2,4978,5685,27,1026,3739,346,161,19,803,9408,1049,3230,1575,2205,976,4858,1406,5705,2737,574,297,1246,5043,61,148,2323,2,1483,18,850,7900,6058,2024,496,6431,9511,7681,231,5034,3409,390,811,12289,2588,3184,1230,596,5181,104,2729,63,164,863,222,232,2058,153,1175,4751,275,11653,394,1185,150,635,4812,2415,707,3914,7862,2146,2316,276,105,546,54,1153,1618,4998,1258,15,1115,7036,12482,4023,1988,54,14688,40,265,520,11176,380,3753,11349,11,3950,216,1148,4,311,5230,962,2217,2040,779,30,25798,4,1729,5422,235,8789,3138,2951,2520,4620,6208,23250,8,749,217,23,8832,16,232,177,14623,469,9633,3306,817,781,15,3065,11412,21,562,2830,1607,1349,719,1930,129,2044,22682,242,8411,39,9734,3156,5180,12148,1835,848,4580,1585,981,2858,872,3136,308,10232,6,503,162,3724,147,33,16428,21,57,162,63,107,3581,984,304,623,1997,595,8890,527,4235,398,94,1044,12805,1889,3906,132,5076,594,450,2504,568,309,0,2591,3236,80,17,84,218,277,1816,0,2146,7545,9112,575,9691,9449,565,1712,4872,1544,1976,515,196,15,102,996,1239,836,978,2,3894,1,6338,8,1381,3335,493,199,1336,5396,13492,1628,14,1156,4920,5080,1060,4269,1134,36,864,96,104,1646,2640,61,2048,2182,508,739,1446,8279,2778,1343,5922,6400,286,0,0,2338,602,2,329,92,1234,2513,1899,1809,6209,473,250,174,89,641,2053,2032,5819,5635,198,2279,1466,98,637,11639,1188,14041,72,1581,0,10192,263,8,1335,141,3042,21,3093,9518,15286,0,694,393,49,52,3,1766,96,6,3443,2504,2536,2424,1781,4190,0,1830,283,4535,0,6413,26,495,1554,900,41,17,324,7,141,257,32,783,5,1,1660,664,3,418,3312,1624,2341,568,291,217,217,56,9625,253,325,436,30,0,109,1123,594,2600,31691,1125,1780,0,5,1,18,183,13985,1,0,35,449,1,68,5482,374,190,20,40,18045,9468,1086,4529,11328,0,1236,7387,9229,1905,73,64,13421,0,37,9474,14242,12,11,588,13,4718,782,40,627,8367,720,2580,179,3757,1239,89,2583,13478,2426,188,948,16,4,1805,1452,877,4218,5171,2,2976,19,3798,1679,3322,3,45,13,33,6,136,1826,6551,250,153,4431,8,26705,1305,619,11,153,2202,1523,345,1255,8163,11436,1739,285,144,16,333,0,2560,12,462,0,0,0,4807,104,360,6,810,50,563,568,294
"gene_1042",665,74,0,39,0,4,13,5,0,44,88,9399,38,2,6,1057,79,1199,0,514,5,0,2234,9,23,0,2306,243,58,1,1,161,116,19,8558,0,75,0,0,4054,4,0,985,2,528,43,1115,1,0,75,136,76,893,24,301,0,220,473,0,49,27,1,25,2734,2098,507,5,364,0,2509,2282,489,0,326,0,0,0,1791,0,1,0,7,102,1382,5,8,7,752,24,70,0,100,90,12,19,0,0,0,235,2,0,0,0,1,27,9,7,4082,3234,1,0,0,1,161,175,14,9,161,27,131,16,830,83,11,1292,7,24,1260,10,16,5,34,0,69,4,0,21,1841,42,0,632,0,0,2573,7,2339,3246,0,72,147,621,5,2997,0,3,34,3,2,2118,0,119,570,0,5376,27,0,2411,171,3,0,80,0,10,3422,1,0,88,44,41,111,423,3,0,0,0,0,4078,9398,1838,0,116,5441,384,239,0,990,273,57,0,0,18135,1105,8085,0,281,0,159,933,45,0,0,2,2755,0,0,0,0,0,4,65,0,0,32,224,3,80,2,118,4,0,0,17398,1,0,22,0,0,2,0,0,0,29,0,0,0,1722,176,3,3,0,3,156,213,0,48,5,2,104,2,42,0,230,0,0,117,0,135,2186,0,757,16,803,60,0,2560,135,0,129,0,0,0,0,0,6,41,0,0,4,9,0,0,0,11,9,140,0,77,720,0,657,41,0,416,0,553,0,135,75,1,0,0,0,1206,0,17,108,0,0,0,520,0,0,2,0,0,0,1946,851,0,8,0,33,1,43,0,243,143,157,624,0,0,7680,0,101,133,0,4,0,96,0,1241,0,1,136,0,0,134,0,0,0,423,71,451,2677,77,5,408,0,50,0,0,0,0,1558,0,1443,322,2,0,53,131,678,11,0,0,35,0,0,1694,0,0,0,0,1076,1497,0,0,85,4,0,640,0,0,0,0,0,119,1,0,0,74,48,124,98,10,0,3,2,90,0,202,4,5,0,11,2403,0,7,9,2523,41,3,2,31,0,0,13,2181,1,2751,183,0,0,196,5893,527,0,0,41,233,77,0,2,0,0,192,131,3069,0,0,0,7,0,0,0,0,0,30,1,78,0,0,0,0,15,30,0,0,3,0,71,0,0,0,0,282,0,1,0,0,316,3,123,0,24,0,33,0,0,0,446,109,0,0,0,248,2,0,2190,0,781,0,0,95,0,436,2,2348,3428,0,0,0,14,0,0,4165,0,0,1,158,0,0,0,6,7,1,0,0,0,0,12,0,1844,0,861,3,0,0,0,0,2,0,446,1,0,0,0,0,0,0,0,0,0,0,0,0,0,482,431,0,0,9,0,0,0,0,0,3,0,0,121,0,16,3,0,56,0,0,0,0,71,0,5,0,88,2,0,0,0,33,30,0,31,45,0,1,0,0,0,0,162,6,6,0,0,0,10,0,0,0,38,31,0,0,0,0,0,521,53,0,41,0,0,3,16,16,0,2,0,0,0,76,50,0,0,0,0,0,0,0,81,0,3,0,0,14,0,0,12,0,33,0,0,0,36,0,0,0,0,0,0,413,8,0,0,301,92,1,0,0,143,0,0,20,76,0,0,0,0,55,4,12,0,0,0,15,0,0,0,187,921,0,0,0,0,0,0,0,452,0,0,0,2,38,0,1,8,0,12,3,8,0,1,935,0,0,0,0,17,0,0,50,0,2,7,0,0,677,0,151,0,699,0,0,0,1,144,25,0,8,0,1,17,0,0,0,35,0
"gene_1043",0,32,151,4,2,4,4,1,0,19,0,0,6,0,55,514,0,0,4,307,0,0,45,0,0,0,1,5,8,16,0,0,0,0,0,24,643,0,31,0,4,0,0,88,0,149,234,0,27,1,32,0,5,14,0,252,0,0,0,0,0,0,0,0,18,1,1,0,0,0,0,2152,0,0,0,1944,0,0,0,0,0,67,0,18,0,4,0,0,0,0,0,0,836,0,212,0,23,0,0,0,2,0,0,18,0,0,0,1,12135,0,0,0,0,0,0,0,0,0,0,0,0,17,0,0,0,0,0,0,5,61,0,0,2,0,0,0,0,1,0,0,0,0,0,0,92,0,0,11,0,0,0,0,3277,1,0,0,11,0,0,0,1,0,1352,0,0,0,0,0,0,258,0,0,0,0,0,0,161,0,0,787,0,0,4,831,0,0,0,0,0,0,0,0,224,0,404,0,0,0,0,1172,3,0,0,157,0,201,0,0,0,16,143,0,31,0,67,116,335,0,6,0,18,59,0,0,219,53,94,0,0,0,0,0,5,0,1,0,9,0,0,0,0,0,35,0,0,0,1,0,12,1,0,1,0,39,7,0,142,41,0,299,0,0,0,891,0,0,0,0,0,11,0,0,10,0,4,262,39,0,0,0,0,0,0,0,0,0,0,28,7,0,171,4,29,0,0,3,0,0,0,0,2,0,0,0,214,1,0,0,95,6,8,0,0,0,0,0,0,0,0,5,0,0,0,0,0,0,57,41,0,136,88,0,0,0,13,677,0,0,0,0,0,0,84,0,6,0,0,3,0,5,148,0,17,0,19,16,0,0,0,20,345,0,43,575,1129,0,658,0,0,39,0,1,46,172,0,0,93,0,932,0,0,0,0,633,5,0,76,0,0,0,33,23,245,0,4,0,0,0,0,0,18,0,2,0,2,1,434,0,0,0,0,108,1604,0,7,46,0,848,0,0,0,0,27,2,15,12,14,0,0,0,0,0,126,45,6,1,0,136,56,79,247,34,65,70,165,31,0,1,0,8,0,0,5,697,11,1131,411,89,0,203,1,4,0,53,0,12,16,0,186,974,484,0,2,0,0,0,0,84,44,0,0,260,239,195,0,0,0,0,146,0,0,618,0,64,263,361,18,0,21,113,1,193,0,804,3103,3,0,79,2,417,0,118,0,95,32,10,12,0,1,1087,157,1549,1543,17,0,0,15,252,0,826,2,1354,53,3533,14,168,253,345,231,31,64,0,22,1331,842,0,6,408,2,548,267,0,46,53,0,14,0,0,7,19,531,90,1,0,313,206,0,4125,0,7,0,3538,12184,0,0,61,0,15,0,0,26,0,225,16,0,156,0,3,0,0,416,0,0,773,13,0,0,0,160,0,0,0,101,4,0,46,0,118,712,0,0,0,15,0,32,0,0,9,37,5,0,0,0,0,0,0,24,2,0,0,0,0,0,0,0,0,0,322,0,0,0,681,309,0,0,0,0,6338,49,737,0,131,28,11,0,922,0,0,120,0,0,0,0,8,86,1649,0,1463,57,0,0,0,0,0,0,457,0,0,0,11,23,0,573,0,0,0,0,0,0,0,0,0,0,4,0,0,0,0,0,8,0,374,875,0,0,0,0,0,0,0,0,0,1,24,106,0,0,0,0,0,0,33,0,0,0,0,0,1846,0,0,0,0,0,140,27,1,0,0,172,0,4,4,1,1,0,32,0,11,0,0,66,0,0,0,0,0,0,0
"gene_1044",0,1072,3311,0,0,759,0,0,1,77,0,0,0,0,0,1166,0,0,0,0,0,2,22,0,20,7847,0,850,0,0,16,0,224,9,0,0,264,0,1139,0,0,0,0,0,55,0,1259,828,0,2549,0,50,0,0,1574,0,0,395,1202,13,0,160,67,76,0,31,0,0,7,2390,0,417,0,0,1,0,63,715,134,2121,36,0,3072,72,460,0,0,4,0,130,0,0,0,12,0,222,0,2,0,3594,0,0,0,0,1068,0,1,0,0,5,2,0,0,0,0,0,0,0,0,0,0,0,0,0,0,0,0,0,0,0,0,0,0,12,0,0,0,0,2,0,0,0,579,1,9,0,0,0,0,0,0,0,5701,452,0,0,0,0,0,0,0,1,0,1,1,0,0,8,0,0,0,244,0,0,0,7,0,0,0,0,1812,0,0,0,0,270,0,10,0,0,0,0,4017,3,0,2,0,0,4,9,0,0,3,0,0,7,0,0,0,7,31,0,8,0,0,0,0,0,0,0,17,3,5,0,0,0,0,0,2,0,0,0,0,4,0,0,19,24,0,0,1,6,4,0,0,0,4,0,1,7,0,0,5,0,2,0,7,0,12,6,618,931,0,0,19,542,0,0,0,2191,39,0,0,0,0,102,4,230,0,0,9,0,21,17,121,0,2,7,17,0,1186,32,6,11,4,0,0,841,375,86,9,342,128,21,0,0,0,6,0,0,30,1,0,0,2139,0,2311,0,165,0,0,481,18,0,0,17,5,134,46,492,1,0,0,32,152,0,30,349,13,0,962,187,1,0,1,18,6180,45,55,0,0,0,0,79,0,63,0,0,1,0,0,460,629,79,48,0,0,0,54,0,269,521,12,0,5,0,0,0,0,1,2,0,0,3,0,0,0,631,136,8,1,3,904,0,102,0,40,114,0,231,3,5,377,1,205,0,268,2,3520,1507,5,17,1032,270,3951,0,1791,0,308,0,0,281,438,72,0,1,0,0,3234,1,0,596,36,0,0,21,0,0,44,2433,0,0,39,1357,0,225,1524,0,5,0,0,0,0,0,0,33,0,0,0,0,0,179,8,172,3070,0,0,0,319,0,401,62,0,4,330,1,0,177,0,0,22,807,0,0,0,0,0,2,0,0,0,79,48,1020,0,0,0,0,1,0,1,0,0,119,2001,3214,0,0,0,0,5,311,10,46,965,3,5,0,0,1936,0,0,1,189,22,2561,0,169,0,100,1,0,0,20,0,0,0,67,344,17,0,501,0,0,0,946,0,271,151,228,0,0,0,238,941,0,79,0,0,14,0,2181,1,334,0,4,0,0,17,76,18,77,0,0,0,0,0,539,0,0,0,722,0,138,2934,1,0,0,0,385,1,0,0,0,642,0,60,0,0,0,1,0,285,0,57,0,35,0,0,0,0,0,0,0,0,6,0,0,1,94,1,0,9,423,1,0,0,7,0,31,0,15,62,60,9,613,0,436,0,0,0,0,0,0,0,20,0,33,7,2,78,0,1,30,0,880,0,0,0,456,1,0,0,49,184,0,0,0,0,0,42,8,1387,0,0,977,0,798,85,0,1722,49,0,0,0,0,451,0,0,0,0,0,0,0,0,0,0,9,0,0,0,0,0,283,0,0,117,0,216,1,0,0,0,0,0,0,1,11,0,71,1,0,0,36,0,0,0,0,134,235,2,8,0,1,57,432,246,3274,124,252,7,6,0,0,0,0,0,7,330,0,0,0,9,3,0,0,0,31
"gene_1045",540,183,341,28,1,1015,0,3,0,475,0,1,67,197,0,163,0,0,0,0,3,66,248,500,2,0,87,155,0,467,2,0,0,0,74,0,0,3,0,327,0,0,50,0,1162,263,0,0,92,0,396,0,609,4,1314,0,18,1367,22,0,0,10,571,0,199,22,14,54,21,0,0,0,0,390,1272,6,5,767,436,55,80,399,3,0,3,77,0,119,100,0,0,0,0,96,134,8,4332,0,219,920,0,157,0,0,49,20,52,2129,2,0,4,0,292,0,4,3300,3685,0,9,0,667,0,541,362,30,0,2,0,0,1,1177,0,27,0,0,0,5,6407,0,3976,0,17774,770,5049,7638,4393,0,5699,1,0,597,6414,83,18,1,0,72,0,0,0,10,3,0,0,1,8738,5,6559,0,0,0,16040,7924,8,100,0,0,238,610,0,0,0,7,1118,1,1168,0,1,0,0,66,82,0,554,6683,0,478,0,1559,0,0,657,27,0,0,5,0,2,0,7946,966,0,6,0,1841,954,0,6,1113,11896,0,0,2162,0,0,0,808,0,39,4,0,0,0,0,86,1,0,1,4197,0,0,126,0,1863,0,260,0,6,1970,0,0,8,563,0,0,2194,0,15,0,0,0,27,42,20,0,0,0,0,0,0,0,531,0,0,0,0,0,297,0,0,76,181,0,14,6,207,0,0,1,1486,42,0,4,0,20,11,5,2,0,0,0,1,0,250,0,39,23,4,0,0,128,77,0,8,120,9,0,0,0,102,0,0,552,54,4,0,0,0,4353,0,3,0,0,0,92,0,125,115,0,0,205,1,103,274,0,0,10,13,0,0,0,2,0,396,14,0,0,97,208,2,0,0,32,0,0,0,1,5,0,0,0,0,3,0,0,0,0,69,0,145,1,0,0,19,0,6,0,0,87,683,161,0,7,33,5,0,1961,166,0,0,5,318,6,10,420,0,0,73,2,0,593,725,0,0,33,0,0,9,965,22,0,0,8,110,0,1,0,0,6679,0,11,0,0,0,0,0,12,3,0,0,20,1,62,21,302,2031,223,1164,1635,0,0,146,22,0,0,1,0,5,0,0,50,0,80,0,0,919,3,0,37,0,3,1,0,715,101,1,0,866,0,4,2704,8,0,0,0,20,140,1,6,25,699,1897,0,1,2,0,0,7,0,0,1,191,281,12,1,0,97,10,1,11,21,0,0,3,2,0,0,16,0,216,108,0,25,0,0,0,873,858,0,9,0,376,22,0,0,0,0,21,858,0,0,0,34,8,0,6,204,0,0,0,21,1,10,0,0,18,32,2396,0,0,125,0,0,3,3181,0,0,2,2,0,0,5,0,0,0,1434,0,0,780,0,270,0,147,14,1,0,12,0,0,42,69,0,0,0,0,0,0,0,0,0,0,1673,37,0,14,6019,0,320,0,0,0,0,0,0,4,0,67,1049,0,0,0,0,203,2314,0,0,0,0,0,2,622,0,0,0,0,11,0,0,0,1,0,40,0,4346,0,0,0,0,7,10,0,15,0,0,3,13,0,0,0,2050,2,35,1056,52,3003,0,0,0,0,0,2,0,0,21,1694,0,0,237,5,0,6,4,0,0,0,13,0,0,0,0,24,11,10,0,0,369,0,0,0,0,0,17,0,0,10,46,0,0,0,0,0,1,0,13,43,868,0,0,2,0,7,47,264,0,1548,0,0,589,0,277,0,14,0,0,1,0,0,0,0,0,0,599,0,2781,0,0,1786,0,0,1820,0,0,0,0,0,0,24,0
"gene_1046",0,66,1101,8,0,3,0,0,2680,0,2812,0,0,0,0,634,0,0,0,1,0,0,0,0,0,1,0,0,0,0,0,0,260,0,0,29,0,0,318,0,0,37,0,0,86,0,0,0,0,0,2,0,0,3380,0,0,0,0,95,0,0,0,0,0,0,111,0,0,0,56,72,0,0,0,0,0,1,0,0,0,2,9,14,0,0,263,0,0,0,0,0,0,0,0,0,0,0,0,0,0,0,0,0,0,48,0,0,0,0,0,0,0,0,0,0,0,0,0,0,0,38,0,0,0,0,0,0,0,2,0,0,0,0,0,0,0,1,2,0,0,0,0,0,0,0,0,0,0,0,0,0,0,11,0,0,0,0,0,0,0,0,0,0,0,0,0,0,0,0,0,0,0,0,0,0,0,0,0,0,0,0,0,0,0,0,147,0,0,0,0,0,0,0,0,0,0,0,0,0,0,0,0,0,0,0,0,0,0,57,0,0,27,0,300,0,0,0,0,0,0,0,0,0,0,0,0,0,0,0,1434,0,0,0,0,0,2,0,0,0,0,0,0,0,0,164,0,0,0,0,0,0,0,0,0,0,100,0,0,0,0,0,37,5,53,143,2,0,0,0,0,0,0,2,4,2,14,0,0,8,12,3,0,0,0,0,182,41,0,0,0,0,0,0,0,23,0,1,0,992,0,35,0,10,874,0,2,0,0,0,308,0,883,0,0,0,0,1,0,0,0,25,0,0,33,14,0,0,0,0,0,70,0,0,0,0,0,11,0,5,169,3,107,1,0,0,0,0,0,0,0,0,0,471,3,0,0,756,357,0,0,25,48,0,0,41,0,0,0,0,3,11,0,8,0,0,0,31,0,46,0,1,0,47,10,28,0,44,0,0,0,60,0,6,0,0,0,0,0,0,2,1,0,0,239,66,3,0,0,0,167,0,1,1,0,0,3,0,0,0,59,0,402,0,0,0,0,53,37,0,1,2,18,0,0,110,0,0,0,0,0,14,3,0,7,0,0,3,142,0,424,0,0,3,1,0,273,0,0,0,0,61,0,1178,32,0,2,555,0,0,0,136,2,0,0,0,47,1,2,0,16,4,0,30,0,0,0,0,4,1,0,1,0,0,0,0,3,0,0,0,0,0,0,4,0,0,0,0,1846,0,0,0,414,0,0,44,3,0,1276,1,478,0,9,0,6,12,4,8,0,1,0,2416,0,0,0,0,0,0,36,206,0,0,0,0,0,1,0,0,0,0,0,0,0,1,0,0,0,178,0,0,36,0,0,0,0,0,0,0,0,391,0,0,0,0,113,0,0,0,2,0,0,0,0,0,0,0,0,0,0,2062,0,719,0,0,0,0,289,0,0,0,0,0,0,18,0,0,0,0,0,0,0,0,0,0,0,0,0,0,0,0,2094,0,16,0,0,0,0,0,1,0,0,0,17,0,0,0,38,0,0,0,61,0,0,0,0,0,47,1956,0,0,0,0,0,0,0,114,0,0,113,0,0,0,0,2,328,0,0,0,0,1,1064,0,0,0,0,0,0,0,575,0,0,0,1417,0,0,0,0,0,0,0,0,0,0,7,0,0,0,29,0,0,0,0,0,0,0,0,0,0,0,0,0,0,0,0,0,0,0,0,0,0,0,243,0,0,0,0,16,0,0,0,0,0,0,0,130,0,0,0,795,0,7299,0,0,0,0,0,0,0,11,0,0,0,0,0,0,0,0,0,0
"gene_1047",0,0,0,0,0,0,0,0,0,0,0,0,0,0,0,0,0,0,0,0,0,0,0,0,0,0,0,0,0,0,0,0,0,0,0,0,0,0,0,0,0,0,0,0,0,0,0,0,0,0,0,0,0,0,0,0,0,0,0,0,0,0,0,0,0,0,0,0,0,0,0,0,0,0,0,0,0,0,0,0,0,0,0,0,0,0,0,0,0,0,0,0,1249,0,0,1,0,0,55,102,1,1352,0,0,2276,4,241,41,0,0,283,664,27,19,40,50,29,1,33,106,6,0,84,8,2,0,0,1,212,77,0,0,76,131,59,7,473,0,0,467,0,4,0,0,151,0,37,1090,12,689,3111,7,0,223,0,0,253,3,0,0,432,0,301,0,0,1,0,2,0,0,0,269,0,0,0,0,1,3,2,0,1689,0,0,19,13,0,22,1,109,33,0,157,20,244,0,0,0,0,0,292,8,0,0,0,0,0,0,0,0,1,0,0,0,3,0,0,0,0,3878,27,0,0,567,0,0,0,0,0,497,0,7,0,0,0,0,5,0,6,0,17,5635,0,0,223,0,1665,0,0,0,1612,0,0,0,0,1,64,0,0,0,1315,0,0,0,0,0,0,0,0,0,0,0,0,0,0,0,0,0,0,0,0,0,0,0,0,0,0,0,0,0,0,0,0,0,0,0,0,0,0,17,0,0,0,54,0,0,0,0,0,0,0,0,0,0,0,0,0,0,0,0,0,0,0,0,0,0,0,0,0,0,0,0,0,0,0,0,0,0,0,0,0,0,0,0,0,0,0,0,0,0,0,0,0,0,0,0,0,0,0,0,0,0,0,0,0,0,0,0,0,0,0,0,0,0,0,0,0,0,0,0,218,0,0,0,0,0,0,0,0,0,0,0,0,0,0,0,0,0,0,0,0,0,0,0,0,0,0,0,0,0,0,0,0,0,0,0,0,0,0,0,0,0,13,0,0,0,0,0,0,0,0,0,15721,0,0,0,0,0,0,0,0,0,0,0,0,0,0,0,0,0,0,0,0,0,0,0,0,0,0,0,0,0,0,0,0,0,0,0,0,0,0,0,0,0,0,0,0,0,0,0,0,0,0,0,0,0,0,0,0,0,0,0,0,0,0,0,0,0,0,0,0,0,0,0,0,0,0,0,0,0,0,0,0,0,0,0,0,0,0,0,0,0,0,0,0,0,0,0,0,0,0,0,0,0,0,0,0,0,0,0,0,0,0,0,0,0,0,0,0,0,0,0,0,0,0,0,0,0,0,0,0,0,0,0,0,0,0,0,0,0,0,0,0,0,0,0,0,0,0,0,0,0,0,0,0,0,0,0,0,0,0,0,0,0,0,0,0,0,0,0,0,0,0,0,0,0,0,0,0,0,0,0,0,0,0,0,0,0,0,0,0,0,0,0,0,0,0,0,0,0,0,0,0,0,0,0,0,0,0,0,0,0,0,0,0,0,0,0,0,0,0,0,0,0,0,0,0,0,0,0,0,0,0,0,0,0,0,0,0,0,0,39,0,0,0,0,0,0,0,0,0,0,0,0,0,0,0,0,0,0,0,0,0,0,0,0,0,0,0,0,0,0,0,0,0,0,0,0,0,0,0,0,7,0,0,0,0,0,0,0,0,0,0,0,0,0,0,0,0,0,0,0,0,0,0,0,0,0,0,274,0,0,0,0,0,0,0,0,0,0,0,0,0,0,0,0,0,0,0
"gene_1048",132,37,0,660,701,400,267,0,17,1,0,2,1531,9,0,1,0,510,26,0,0,903,1,1877,389,63,0,0,5,5,0,1,0,67,22,0,98,10,0,9,25,8,497,4,64,1955,2,340,0,137,0,4,299,1,0,0,0,60,0,1,0,13,0,195,69,823,367,9,251,95,0,0,95,0,569,245,610,0,1,1,122,0,1551,0,39,25,3,169,0,0,3157,2229,0,0,0,0,6673,179,0,0,0,0,0,2201,0,15,0,1878,13,0,0,0,9,0,0,0,0,0,0,33,0,1,0,0,0,0,0,0,31,0,0,0,0,0,0,0,0,0,0,0,0,0,0,0,0,0,0,0,4893,0,0,0,0,0,601,102,0,24,0,210,0,0,0,18,0,0,0,0,0,0,0,0,1,0,0,0,0,353,0,0,13,0,0,0,3,23,0,0,0,0,0,0,0,0,0,0,0,0,0,2,2,0,1,1,0,0,0,2,0,0,0,0,0,0,0,0,0,0,0,0,0,0,0,0,1,0,0,3,0,0,0,0,0,0,0,0,0,2,0,0,3,0,0,0,1,1,1,0,2,1,0,0,1,0,1,1,0,0,0,0,0,8,3,96,0,3,0,0,0,20,1,0,380,21,0,0,0,4,0,0,0,0,0,0,0,11,183,14,0,0,620,0,0,0,0,5,8,0,0,55,0,3,0,0,41,0,0,114,0,1,2,1,0,31,60,0,0,9,0,0,73,0,0,26,43,1,0,0,119,0,0,0,0,47,0,39,1,0,0,0,1,4,1,0,2,0,135,73,15,0,16,6,8,59,1,0,0,4,78,52,1,3,7,0,16,0,18,1,24,1,0,8,3,1,1,0,0,3,30,0,9,0,1021,0,0,18,0,0,21,31,0,11,5,0,0,0,67,2,0,82,0,67,0,69,1,0,226,40,3,19,0,0,0,2,88,0,0,0,0,0,0,2,0,135,0,40,0,2,0,0,24,132,639,0,0,0,0,0,0,4,4,0,0,24,0,0,55,131,0,426,0,123,0,0,0,0,817,0,0,3,57,0,1,0,0,0,11,0,0,0,1999,0,0,494,0,1,0,18,28,4,0,0,0,1,0,0,0,3,0,0,0,0,33,32,0,0,0,295,0,0,0,0,0,0,0,0,88,0,96,0,10,0,0,14,0,0,0,3,0,6,0,0,0,0,0,32,11,0,0,0,0,0,0,12,8,0,0,0,0,4,0,20,0,0,0,0,4,111,0,0,0,0,0,2,1,0,0,0,0,5,0,0,16,0,52,0,0,0,0,0,0,0,0,2,0,0,0,0,0,0,0,1,0,0,0,325,0,799,0,0,0,0,0,0,0,0,0,0,0,0,63,0,0,0,2453,0,0,0,0,0,0,0,0,0,0,0,0,0,0,0,0,0,0,0,0,0,0,0,0,0,0,0,0,0,5,0,0,0,0,0,0,0,0,0,0,0,0,0,5,0,0,0,172,0,0,0,0,0,0,0,0,0,0,0,0,0,0,0,0,0,0,0,0,0,0,0,51,0,82,0,0,0,2,0,0,0,0,0,0,0,0,0,0,1196,0,0,6,0,0,0,0,0,0,0,22,252,0,0,0,0,0,0,0,0,0,0,0,0,0,3,0,0,0,0,0,0,0,0,0,0,0,0,0,0,0,0,625,0,0,0,0,0,0,0,0,0,0,0,27,0,0,0,0,0,0,0,0,0
"gene_1049",389,2044,1685,1652,1228,280,1188,3301,5617,558,2667,1698,935,1857,58,2911,1130,5944,1852,32,985,3185,1818,3929,1305,1002,1614,1,33,2296,266,447,11,0,2080,1794,358,459,1334,65,2,1075,5625,1424,418,5510,0,42,421,1094,41,2479,13191,1984,4477,4050,597,455,153,1696,13017,11620,200,439,71,6,334,1699,1083,5947,4883,504,165,1730,104,4640,1805,1666,4681,9120,10863,2785,242,9217,3082,4842,4,243,973,38,3320,4719,65,254,62,1320,943,61,17,136,37,1803,0,75,30877,39,2239,0,59,1,0,0,81,141,1173,3062,0,2888,0,1270,1,0,8,6,61,10852,0,490,34,0,11,578,2047,1095,9387,9469,17,898,1321,0,2410,2500,2,0,1692,0,1,0,21819,70,136,7953,66,1028,4760,321,7496,2961,1033,703,9851,9179,633,43,0,2618,592,1,959,13965,8,4,1002,52,15951,4726,16509,229,28847,0,813,2992,24,16,0,0,4,3,171,83,8330,22,45,1114,10,628,202,246,2,48,2075,164,8,0,114,5201,1242,989,0,147,80,1,3,24,2,1454,16,148,4730,251,103,2509,5264,8,660,5,455,4181,1173,57,0,1025,1076,124,2331,590,68,27,4193,3,0,0,0,271,31,446,2989,2727,0,2184,166,859,5320,23,874,109,2054,0,9709,1773,13,27,4224,517,1700,288,3646,1203,737,882,432,122,8392,1452,2527,88,688,1491,0,1791,883,540,46,3,152,10972,88,184,4595,87,3232,3943,737,5,4359,4095,1233,3940,2316,258,18307,750,766,26949,1783,60,515,6515,1463,647,272,13167,420,2831,1740,663,118,9217,5439,4415,2043,3932,2994,4464,754,4745,982,6857,3,2533,7089,41,8919,8721,11,54,1486,78,1001,2402,384,1574,148,2,1034,82,10776,3086,236,71,2803,10,1233,636,4180,8179,437,1389,5016,194,3699,114,3823,24,4298,87,12804,10633,13529,3396,1859,6314,1177,552,84,674,5131,6052,265,3072,265,14495,6359,7698,1463,116,1376,785,337,1633,249,133,448,413,5038,1101,3163,8956,1785,351,3002,15,2155,1588,91,8324,500,174,909,2786,248,1222,979,59,1344,1197,8061,3588,72,3286,378,825,1786,4197,197,9819,5388,918,1445,430,3879,610,2150,1054,284,136,775,1,289,1388,5087,1367,2302,245,69,682,133,549,748,0,205,104,297,123,177,1754,0,257,3129,450,5075,161,4889,1637,552,2519,11812,611,2327,174,565,2980,135,3438,0,131,1577,269,4024,666,3540,752,2359,15,321,4120,305,252,595,1445,78,1322,10725,1574,24,10,375,8,1823,442,432,532,0,149,1738,47,387,119,2192,561,3,4,7506,658,2977,2,4,1631,2933,71,289,413,114,398,7,48,83,5,0,2226,80,159,5693,1426,112,11,2210,0,197,0,2345,17,39,52,1356,4889,1879,4,71,23,72,509,0,14,21,13,25,578,997,45,2590,128,162,607,56,0,2123,22,449,1510,15750,0,13,2682,0,3778,77,1911,441,3629,6,455,0,8680,84,306,213,62,1283,55,8976,107,0,4272,443,0,13,0,0,0,68,463,1085,929,0,2101,513,234,12513,205,2252,4,0,707,0,5945,440,1,6187,0,642,13,465,1756,10,1755,770,102,1960,4641,27,5781,45,989,299,285,3680,1,20,214,739,4,1470,0,348,204,4586,140,229,102,3014,47,14889,19,0,10,17027,232,59,648,266,0,3,1729,4,2918,12,7622,0,75,0,4481,4356,1086,0,4,946,0,1,1,4,0,14803,4,269,1478,763,3114,185,0,250,514,4439,1503,3328,6115,1770,60,2133,162,0,3781,4,75,5,4,23,1271,0,13,5,9,5021,7,330,133,0,0,581,1116,307,0,24482,67,7161,0,276,5372,5,2020,450,173,5607,3095,1,10070,8358,136,1682,3626,228,644,4,317,102,0,606,10256,1108,0,16,6410,69,0,967,4369,529,1225
"gene_1050",240,89,15,38,37,5,166,188,12,131,253,55,19,28,3,182,49,35,12,4,26,165,55,16,11,31,8,58,93,49,28,17,38,52,38,1,0,227,112,53,16,124,2,22,27,13,13,10,24,122,28,57,20,20,1,57,50,44,84,66,46,53,48,16,45,13,43,73,92,33,40,110,6,21,3,16,37,0,1,97,103,2,46,100,201,119,22,26,119,13,34,18,0,0,19,0,0,19,2,1,0,0,0,0,12,0,46,0,94,0,0,0,0,0,10,71,23,1,90,21,28,0,0,0,0,39,0,0,0,0,0,0,0,0,35,1,0,7,1,0,0,752,0,0,0,0,0,823,0,0,0,0,0,0,35,7,0,0,19,0,59,420,40,68,401,0,592,5,0,0,85,23,21,2,263,0,0,0,0,0,71,1134,0,0,0,3,1247,161,0,0,3,0,0,2481,0,1218,1413,2,622,0,259,0,23,0,1,515,0,2,5,52,0,277,0,0,144,58,131,170,417,2,392,0,0,42,2,13,1,0,182,10,74,122,1,148,7,0,0,17,13,0,0,24,63,0,0,0,202,31,0,22,61,0,18,1,18,4,0,0,779,32,121,9,36,17,136,224,0,0,22,53,3,889,2,66,19,11,29,64,8,79,21,67,9,281,2,13,168,0,3,93,61,2,4,48,266,0,29,79,424,60,135,12,54,63,439,222,103,0,61,0,111,62,0,13,1,51,112,149,4,51,27,140,63,82,13,23,2,179,912,188,383,17,213,55,80,338,5,109,32,73,0,16,461,9,206,0,395,81,18,26,28,6,15,75,11,21,43,39,79,7,142,13,38,214,22,12,41,66,1,107,2,96,147,38,23,326,319,8,144,689,1,4,15,1,45,59,103,1,0,31,106,1,1,142,104,225,153,0,22,841,88,38,0,58,5,332,1,117,397,6,15,175,106,1371,609,60,213,309,6,120,13,3,0,0,6,1,407,7,0,58,1,913,74,780,0,44,812,16,0,1099,445,0,10,145,0,13,70,150,416,64,20,0,24,14,67,58,24,464,821,76,9,478,1160,10,23,427,46,487,3,5,216,67,10,0,0,43,0,21,695,1,2528,91,0,99,113,98,10,6,46,0,189,0,1,343,279,290,0,342,144,117,0,555,9,926,730,802,172,207,146,146,3,16,108,35,0,19,538,254,0,16,7,177,464,45,127,432,3,81,42,0,291,7,2,19,73,0,165,202,4,330,3,0,0,0,6,55,9,1,9,0,3,806,33,54,0,1212,0,0,18,0,14,124,7,99,7,995,4,0,58,849,409,0,0,0,0,679,2,1590,1448,0,5,2,0,7,0,96,9,380,0,211,91,0,54,0,201,1491,1155,129,1,0,2,185,0,230,1,25,4,2713,114,11,16,300,0,1445,0,1,290,276,10,0,3,2,29,242,1095,1175,202,0,0,231,2,3,6,7,11,1,22,0,78,6,4,532,0,61,227,4,39,0,285,0,274,0,0,7,0,1,7,0,12,6,17,20,11,460,0,1,2045,390,6,102,0,0,28,44,8,215,2,314,379,0,0,193,14,55,17,0,0,0,0,0,0,12,2,0,5,177,0,232,0,81,1356,0,24,0,834,4,8,397,339,8,288,32,123,1,0,0,30,13,498,7,2,324,486,224,17,483,470,10,9,16,0,272,590,0,0,0,509,32,18,0,1,2297,230,1,387,1186,692,0,119,159,25,0,274,617,26,222,0,3150
"gene_1051",13761,10180,3188,3438,6416,4516,20503,8124,7094,2250,12632,16250,23828,5172,5289,11610,2658,10336,3303,4918,1548,8777,9781,20273,1552,3158,8856,5616,4778,4220,3088,5407,4007,9450,7724,4548,2893,2120,3703,2281,13511,3827,6999,5040,2481,5252,1915,10051,6047,2264,5526,14807,1868,6959,1606,3079,7973,39239,5038,2414,4135,5034,10948,6261,7743,6982,2688,1133,3969,23241,9467,5211,475,10539,11517,4842,5074,2358,5599,4681,9908,4670,3131,7345,9615,17729,522,16387,2758,1794,10898,3323,34241,32612,72131,8166,34147,9927,87147,49770,73886,26809,70221,111096,97753,27522,35089,46802,42419,11767,122963,11597,9671,21791,45206,52879,8914,21729,21225,25769,11204,22654,9554,6938,51930,41618,5517,13627,55084,22721,9499,15230,32762,45538,66699,29859,52648,50938,116097,118042,68095,43228,7001,42063,46403,86089,44525,58198,55049,59459,68062,67420,58779,48586,48185,47728,32994,35567,31152,5597,76898,50913,77258,14399,66409,37769,50694,61711,14739,49895,60383,36442,162467,5639,57372,84471,95255,41657,106262,71164,85898,68866,99574,31947,71022,20093,19556,74573,30243,50699,97900,80741,113614,41528,91409,82659,92915,82105,96372,148776,298483,42914,122334,57768,81287,126666,60788,116307,76735,15596,83294,74210,39497,67246,26979,50767,17177,77205,47200,65344,61254,29433,92632,8480,254873,47909,159181,71775,83602,149662,8051,19466,34755,74479,59983,97958,69621,164901,15502,8488,111293,270855,110133,50927,111653,75867,47290,159262,46088,26247,69521,82840,163383,19803,73167,45054,66569,40325,102700,39881,27648,68148,71612,20600,38579,74711,39104,62596,49911,31804,133475,74746,169362,45893,31660,102719,54243,71816,44074,18975,34681,112173,114228,46686,35397,91906,135979,32649,84123,54984,36549,29440,11825,112210,112539,49191,56528,63121,116036,81212,40805,30902,35687,141948,43904,29551,62811,20922,24945,30030,84526,79463,40719,52595,50087,44532,134845,71140,42142,63537,42211,82066,130962,111634,50588,66041,19987,130948,112264,47960,126102,5421,138823,21188,152515,41987,34625,72177,95111,59434,23422,68918,50971,81376,64885,18545,68101,59124,76613,71238,97554,136982,44572,46672,45522,43502,72783,86588,60422,82986,168085,36141,46316,51187,109822,53792,28669,77904,51697,143838,25451,133839,190396,33367,51209,191127,231393,41409,123541,135136,212082,225673,50089,34874,22067,80434,45087,70038,104817,107435,118909,22536,153253,90748,79019,69915,86950,33342,36432,27299,114416,96939,123123,12831,120756,53072,47133,75822,66492,113402,68242,61946,45463,136111,131924,120048,107474,86966,106935,52394,36896,62062,98588,114620,8845,86980,195455,28708,138719,107873,76489,227118,3383,1502,14025,15780,4614,2033,11851,2225,15412,1728,2895,17848,7439,28967,9619,5925,4745,11269,5019,1278,1054,1635,2131,53299,26005,15426,21542,22640,4823,510,6443,3696,1369,5240,8180,6289,11810,1072,4999,13830,8974,1942,28140,18597,3949,4022,33490,7763,19601,2717,11849,4120,6929,4921,7840,11164,1909,15585,5760,1627,21212,5689,1427,1250,6563,11625,10314,26352,451,4139,8190,4554,56105,12969,1943,15225,13548,2668,29915,3215,16972,3060,3616,4303,3898,16862,17878,16321,2856,9265,9632,4026,6553,3732,6965,19644,5202,2409,14502,6776,329,947,13331,12269,23966,3292,7843,16335,10888,1137,9842,11581,13847,7039,8701,1546,1926,2854,6476,3562,10117,20318,13770,37854,9010,1217,7109,7188,12838,11960,4531,8196,6130,9346,9898,7424,13425,3132,2617,3124,3504,1271,3691,3512,11147,1,1441,7379,641,10118,6810,2508,2573,2207,8062,2623,236,15372,283,50,1267,7332,1123,3800,4193,2953,5608,1357,0,1983,14,3655,1463,5992,2802,6162,4933,7027,568,12805,189,598,1462,2692,22245,15451,2,106,4784,5808,1435,5467,3851,3976,5708,3061,484,329,231,840,1391,219,566,4179,13612,4111,3309,1702,2139,4425,4703,758,86,351,47,11988,4986,4895,6064,11071,3422,36,1534,2023,8392,370,1946,6,136,431,10339,363,726,76,1164,3788,3250,340,1093,13140,3449,2578,1921,6197,629,5298,2845,732,10431,4683,2945,1981,1698,4646,2232,776,131,111,8548,81,915,18950,373,3657,65,22,507,1387,4908,3850,35944,0,624,2153,2673,17,691,632,932,4292,889,8934,805,750,317,6162,626,3339,567,2023,6885,1549,6415,18491,6,608,1517,6550,1246,11142,85,6613,3272,3658,535,22019,2930,16687,17070,8887,10,2422,2855,13082,3740,673,5352,196,2603,6329,33,3219,1105,589,505,3204
"gene_1052",1,0,1,0,0,0,0,1,0,0,0,6,0,0,0,0,0,6,0,0,0,0,0,0,0,0,2,0,0,1,0,1,0,0,1,0,0,0,20,1,0,0,0,0,0,0,0,0,2,0,1,0,7,2,4,0,2,0,0,0,0,0,0,9,0,10,0,0,0,0,0,0,0,1,2,1,3,1,0,0,8,0,0,8,0,0,0,0,0,0,0,1,0,0,0,0,0,0,14,2,0,3,3,0,2,1,0,2,1,0,0,0,0,0,0,0,0,2,0,0,0,0,0,0,1,0,0,0,4,0,0,0,2,1,0,0,0,0,0,0,0,8,0,0,0,0,0,0,6,0,0,0,1,0,0,2,0,0,20,0,2,0,1,1,6,0,0,0,0,0,0,0,0,5,0,1,0,2,1,0,2,0,9,1,13,1,0,1,2,0,0,0,2,0,0,0,40,1,1,1,66,4,1,0,4,2,0,0,0,5,0,0,1,0,57,16,1,41,0,4,0,0,2,11,23,2,1,6,12,9,13,1,2,20,0,14,5,6,2,0,0,0,5,0,1,0,0,13,0,0,0,4,0,2,88,0,0,3,6,20,0,1,4,4,13,45,7,1,6,42,11,16,3,21,1,6,0,27,18,17,6,22,7,40,0,16,15,2,5,0,5,0,3,19,49,0,13,7,2,16,3,9,0,0,2,4,0,7,0,0,1,2,1,0,0,7,0,0,69,1,4,34,8,0,0,0,3,21,1,4,2,1,0,0,1,3,1,19,0,0,1,0,2,0,16,0,0,1,6,0,0,10,0,9,4,2,11,1,4,6,1,11,1,8,10,0,22,0,0,49,0,3,5,0,6,0,3,19,1,5,8,1,5,8,25,5,2,20,0,2,6,8,0,39,53,0,0,2,1,57,0,4,10,12,16,7,0,32,1,3,35,0,0,9,4,19,5,5,15,7,4,3,2,0,0,32,14,0,31,0,14,31,0,0,1,6,0,2,19,7,1,8,0,0,8,15,1,6,4,8,10,16,0,0,0,3,0,1,15,5,0,0,1,0,0,0,1,13,0,5,0,0,1,2,5,27,2,1,4,0,5,1,0,0,4,4,1,0,1,21,1,0,12,7,1,0,0,0,8,1,1,0,5,7,35,6,0,22,1,7,9,17,2,0,0,0,10,2,0,24,0,0,4,3,6,10,0,1,6,14,5,8,12,2,0,10,10,25,1,2,3,0,2,0,2,7,1,0,9,2,0,0,0,0,3,3,0,0,2,0,0,1,0,0,9,0,0,0,8,2,0,0,0,0,0,0,0,0,39,0,735,0,0,0,0,0,262,0,0,0,0,0,0,2,0,0,0,0,12,0,868,0,16,0,2,0,0,0,784,0,6,0,13,0,116,0,3,0,0,0,40,0,31,0,0,0,53,0,0,0,0,0,359,0,0,0,27,0,0,0,0,0,0,0,0,0,0,0,0,0,116,10,0,0,0,0,0,0,0,0,283,7,0,11,0,0,57,2,0,0,1,0,0,0,0,0,0,0,0,0,0,4,0,0,0,0,5,0,129,0,0,0,0,0,5,0,0,0,791,4,0,0,0,0,0,0,0,0,0,0,126,0,0,0,0,0,0,205,0,0,0,0,0,0,0,0,3,0,0,0,0,0,0,0,0,44,59,2,0,0,0,12,0,0,7,0,0,3,0,0,0,0,0,0,0,1028,22,2
"gene_1053",0,0,0,0,0,0,0,0,4,0,3,0,0,0,0,0,0,0,0,573,0,0,1142,0,12,0,0,0,0,0,0,0,0,0,0,0,1,0,0,0,0,0,0,1,0,0,0,0,0,0,0,0,0,0,0,1131,0,0,0,0,0,0,0,0,0,0,0,0,0,0,0,0,0,0,0,0,0,0,0,0,0,0,0,0,0,0,0,0,0,0,0,5179,0,0,4497,0,57,0,0,217,0,136,0,0,0,0,0,0,0,1,0,0,0,9,38,0,29,0,0,0,893,10,0,6,0,0,43,0,0,0,0,0,0,0,67,22,0,0,0,0,7156,0,6,0,0,0,0,0,0,0,0,0,0,0,361,844,172,0,1,0,0,0,1,0,0,0,1335,0,0,0,470,40,0,0,0,1797,35,0,0,0,78,0,665,9982,0,0,0,0,1671,0,0,3,0,0,0,0,0,0,0,0,0,0,0,0,0,0,0,0,0,0,0,0,0,2,0,0,0,0,14,0,0,0,0,0,0,0,0,0,0,0,0,0,0,0,0,0,0,24,0,0,23,10,0,0,0,1,0,0,0,0,0,0,0,0,0,0,4,0,0,0,0,0,0,0,0,0,0,0,0,0,0,0,0,0,0,278,0,0,0,0,0,0,0,0,0,0,0,0,0,0,0,0,0,0,0,0,0,0,0,0,0,0,0,0,0,0,0,0,0,0,0,0,0,0,0,0,0,0,0,0,3,0,0,0,0,0,0,0,0,0,0,0,0,0,0,0,0,0,0,0,0,0,0,0,0,0,0,0,0,0,0,0,0,0,0,0,0,0,0,0,0,0,0,0,0,0,0,0,0,0,0,0,0,0,0,0,0,0,0,0,0,0,0,0,0,0,0,0,0,0,0,0,0,0,0,0,0,640,0,0,0,0,0,0,0,0,0,0,0,0,3,0,0,0,0,0,0,0,0,0,0,0,0,23,0,0,0,0,0,0,0,0,0,0,0,0,0,0,0,0,0,0,0,0,0,0,0,0,0,0,0,12,0,0,0,0,0,0,0,0,0,86,0,0,0,0,0,0,0,0,0,0,1,0,0,1,0,0,0,0,0,0,0,0,0,0,0,0,0,0,0,0,1,0,0,0,0,0,0,0,0,0,0,0,0,0,0,2,0,0,0,0,0,298,0,0,0,0,0,0,0,0,0,0,0,0,0,0,0,0,0,0,0,0,0,0,0,0,0,0,0,0,0,0,0,0,0,0,0,0,0,0,0,0,0,0,0,0,0,0,0,0,0,0,0,0,0,0,0,0,0,0,0,0,0,0,0,0,0,0,0,0,0,0,0,0,0,0,0,0,0,0,0,0,0,0,0,0,0,0,0,0,0,0,0,0,0,0,1074,0,0,0,0,0,0,0,0,28,0,0,0,1454,0,0,0,0,0,0,0,0,0,0,0,0,0,0,0,0,0,0,0,0,0,0,0,0,0,0,0,0,0,0,0,0,0,0,0,0,0,0,0,0,0,0,0,0,0,0,0,0,0,0,0,0,0,0,0,0,0,0,0,0,0,0,0,0,0,0,0,0,0,0,0,0,0,0,0,0,0,0,0,0,0,0,0,0,0,0,0,0,0,0,0,0,0,0,0,0,0,0,0,0,0,0,0,0,0,0,0,0,0,0,0,0,0,0,0,0,0,0,0,0,0,0,0,0,0,0,0,0,0,0,0,0,0,0,0,0
"gene_1054",3033,3043,855,195,7492,10,336,7563,13422,4189,489,2454,4869,2400,240,8500,553,412,25,6941,1984,797,97,667,1650,2117,2148,7751,550,2165,3535,18,131,12578,455,21415,10321,10160,375,542,525,678,4407,40,1104,6340,6260,1567,2115,1512,756,3058,13,95,1877,1284,6853,10915,1271,1024,1847,81,8151,10240,160,5058,136,216,2994,386,1873,5147,476,3447,959,2030,8012,5392,1142,28126,5177,361,2067,857,8011,6476,51,1296,166,894,30029,36,2782,1519,3,470,0,0,10,73,604,20088,0,1,1681,210,283,0,0,0,0,0,263,1069,159,180,54,7,0,20,1,127,228,0,0,5,0,0,0,11,11,0,0,3795,1,0,0,4,10440,10241,5115,13,15961,7612,142,9530,0,2,4,5348,0,870,30587,82,369,0,8,2,920,2715,0,9118,2383,602,49,5,0,0,1,10,3359,1455,3402,1582,14486,1745,548,12,0,11,0,2,1,49832,1,90,5020,84,0,9394,3179,7,0,0,687,618,7512,109,267,124,22,1124,4,140,0,51,11,1726,1,79,149,122,0,8,1458,493,1,536,6706,144,8,7,211,12398,179,120,0,65,51,2848,798,19,849,4,1,1077,21,7,0,542,7387,255,10317,0,3763,2398,4802,0,1,0,195,2876,967,99,13447,121,914,115,10456,448,3,4972,107,1118,0,1989,1256,4,21,3967,1038,27,0,589,2078,76,102,429,1857,2294,0,1,3524,235,50,84,36,4770,434,0,430,2130,1148,7619,341,0,770,0,5477,1303,8,1584,4,716,6,353,248,930,437,1,23,327,12,82,2053,28,304,97,1332,2801,2871,39,56,2063,8,1240,114,1612,1318,3466,1605,199,8945,95,1107,16,6,9,1136,477,125,1177,70,11,342,96,1259,2550,54,0,758,3901,269,30,447,206,27,1605,485,494,4656,19,1,71,103,168,157,3424,32,407,625,1723,1527,140,1031,4362,67,629,119,272,53,1349,1700,15,148,3,363,120,519,966,2395,851,411,38,806,9864,0,2132,67,654,220,385,458,417,0,656,1495,1,185,2883,1295,2649,2130,1041,895,14,3358,1982,0,178,126,1558,272,440,59,4811,145,13,170,0,2,157,693,24,1310,1599,2118,32,3764,161,212,421,3513,119,2,1096,566,110,500,361,701,7,3,10,0,10,6,978,57,2194,980,4715,975,42,474,5438,3373,204,8,876,4390,46,552,1104,6,670,0,1,835,10,0,1158,9,9,409,948,840,3825,77,206,2,3993,246,2,387,54,2046,35,0,2,471,906,518,2157,294,1913,1220,160,2518,1,1075,3499,122,433,1068,1286,400,385,1761,2346,22,2015,148,3850,25,104,7457,57,0,318,6750,13,0,1199,34,20,1,465,897,137,115,1387,21,598,4,9080,0,694,34,3213,884,292,19,0,18,39,959,128,27,393,0,394,52,84,3240,778,85,9,50,26,0,4,0,23,305,62,0,28,630,0,1465,3,0,1606,2,3,34,1,0,498,131,10,39,361,2940,4,3649,63,0,8553,372,0,2005,111,466,0,4052,41,193,59,2443,0,215,10,1319,6,1422,9,1911,0,0,0,13,2217,232,3,116,33,16,244,31,7362,662,737,510,3,64,190,0,23,150,80,1,172,118,0,406,321,2162,3,1,0,98,88,87,765,6,512,194,0,268,435,1,1910,0,0,0,7,1101,104,351,0,1,0,3053,296,63,3269,3,0,0,0,0,128,2,0,642,270,9943,73,0,0,54,30,18,36,644,1,0,0,14,57,2,13,187,95,14,24,11,5,49,0,104,0,52,6,10,46,248,10,1675,1,0,3,3165,415,0,41,0,5,0,10,46,0,420,599,2,0,2,38,60,837,128,0,335,3,0,21,0,1,298,2,0,8036,628,0,452,352
"gene_1055",0,0,0,3,0,0,0,0,0,0,0,0,0,0,0,0,0,0,0,74,0,0,0,0,0,114,8,0,0,30,0,0,0,0,7,0,0,0,0,11,0,0,0,0,0,0,0,0,0,0,0,0,0,0,0,0,0,189,200,0,91,0,1532,1,132,2,0,0,0,1,0,0,0,0,0,0,0,0,0,0,0,0,0,0,0,0,0,0,0,1,0,0,0,0,0,0,0,0,0,0,0,0,0,0,0,0,0,0,0,0,0,0,0,0,10635,0,0,0,0,0,8,0,1,0,0,0,0,0,0,0,0,0,0,0,0,0,0,0,0,0,0,115,0,0,0,0,0,0,0,0,146,0,0,0,0,0,0,0,0,0,0,637,1,0,0,2,13,2,0,0,0,0,0,0,0,0,0,19,0,0,0,3,6271,0,0,0,0,0,0,9,0,0,0,1,0,0,0,0,0,0,0,0,0,0,0,0,0,0,0,0,0,131,0,0,0,0,0,0,0,0,0,0,0,0,0,0,0,0,0,17,68,0,0,0,0,0,0,0,0,0,0,0,0,0,0,0,0,0,0,1,0,0,0,0,0,0,0,0,194,0,0,6,2,0,0,0,0,0,236,0,0,220,0,0,0,0,568,0,17,0,0,0,48,0,0,0,142,0,0,9,0,0,0,0,0,0,0,0,8,0,0,0,0,0,0,0,0,7,0,9,0,0,17,0,41,0,0,1,0,167,0,0,0,1,0,0,0,1,0,0,0,0,0,0,0,0,0,0,115,0,0,0,0,0,2,0,0,0,15,0,0,0,0,0,0,0,0,0,0,0,0,6,0,3,0,0,0,0,0,0,0,0,0,0,14,0,0,0,0,0,58,0,161,168,0,0,0,0,0,0,0,0,0,0,0,0,0,0,0,0,0,0,0,0,0,0,0,0,0,0,0,0,0,0,0,0,0,0,0,0,0,0,0,0,3,0,0,0,0,0,0,0,21,0,0,0,0,0,0,0,0,0,3,0,0,126,0,0,0,0,58,0,0,0,0,0,0,0,0,0,0,77,0,0,4,0,0,0,0,0,0,0,0,0,0,0,0,0,0,0,0,0,0,0,0,0,0,0,0,0,0,0,1,0,0,0,0,0,0,0,3,0,0,0,5,0,0,1,18,0,0,0,0,0,0,0,0,0,66,0,0,10,0,0,0,1,0,160,0,0,0,0,91,0,0,18,0,0,0,0,0,0,0,0,99,0,0,0,0,0,0,0,0,0,0,0,0,0,0,0,44,0,0,0,0,40,1,0,0,0,0,0,0,0,0,0,0,0,0,0,0,0,0,0,0,0,10,0,0,0,0,0,0,3,0,0,2,0,7,0,0,0,0,0,0,0,0,0,0,0,0,0,0,0,0,122,0,0,0,0,0,0,0,0,0,0,0,0,0,0,0,0,0,0,0,0,0,92,0,0,0,0,0,322,0,0,564,0,0,0,0,0,0,0,0,0,0,0,0,0,0,0,3,0,4342,0,0,0,0,0,0,0,0,30,0,0,0,0,857,0,0,0,0,11,302,0,0,0,0,47,11,0,0,23,0,0,94,0,0,0,1,0,0,0,0,0,0,0,0,0,0,43,0,0,0,0,0,244,0,0,0,0,0,0,0,1,0,0,27,0,0,0,0,0,0,0,0,0,25,0,0,0,0,0,0,0,0,0,0,0,0,0,0,0,0,0,0,0
"gene_1056",0,0,0,0,0,0,110,0,2,164,0,0,0,0,0,0,0,0,0,0,0,0,0,0,0,0,0,0,0,0,0,0,0,0,27,0,0,0,0,0,0,0,0,0,0,0,0,5,0,0,482,0,0,0,0,0,0,0,0,0,0,0,0,0,0,0,0,0,0,0,0,0,0,0,0,0,0,0,0,0,0,0,0,0,0,0,0,0,0,0,0,0,0,0,0,0,0,0,0,0,0,0,0,0,0,0,0,0,0,435,0,0,0,0,0,0,0,0,0,720,0,0,0,0,0,0,0,0,0,0,0,0,0,0,0,0,0,0,0,22,0,0,0,0,1,2,0,0,0,0,0,0,0,0,0,0,0,0,0,0,0,0,0,0,0,0,0,0,0,0,0,0,0,0,0,0,0,0,0,0,0,0,0,0,0,0,0,0,0,0,0,7681,0,0,0,0,0,0,0,0,0,0,0,0,0,0,0,0,0,0,0,0,0,0,0,0,0,0,0,0,0,0,0,0,0,0,0,0,0,0,0,0,0,0,0,0,0,0,0,0,0,0,0,0,0,0,0,0,0,0,0,0,0,0,0,0,0,0,0,0,0,0,0,0,0,0,6,0,1,0,0,0,0,0,0,0,0,1,0,0,0,0,0,0,0,0,0,0,0,0,184,0,0,0,0,0,0,0,0,0,0,0,0,0,0,0,0,0,0,0,0,0,0,0,0,0,0,0,0,0,0,0,0,0,0,0,0,0,0,0,0,0,0,0,0,0,0,3951,0,404,0,0,0,0,0,0,0,0,0,0,0,0,0,0,0,0,0,0,0,0,0,0,0,0,0,0,0,0,0,0,0,0,0,0,0,0,0,0,0,0,0,4646,0,0,0,0,0,0,0,0,0,0,0,0,0,0,0,0,0,0,0,0,0,0,0,0,0,0,0,0,0,0,0,0,0,0,0,0,0,0,0,0,0,0,0,0,0,0,0,0,0,0,0,0,0,0,0,0,0,0,0,0,0,0,0,0,0,0,0,0,0,0,0,0,0,0,0,0,0,0,0,0,0,0,0,0,0,0,0,0,0,0,0,0,0,0,0,0,0,0,0,0,0,0,0,0,0,0,0,0,0,0,0,0,0,0,0,0,0,0,0,0,0,0,0,0,0,0,0,0,0,0,0,0,0,0,0,0,0,0,0,0,0,0,0,0,0,0,0,0,0,0,0,0,0,0,0,0,0,0,0,0,0,0,0,0,0,0,0,0,0,0,0,0,0,0,0,0,0,0,0,0,0,0,0,0,0,0,0,0,57,0,2,0,0,0,0,0,0,0,0,0,0,0,0,0,0,0,0,0,0,0,0,0,0,0,0,0,0,0,0,0,0,0,0,0,0,0,0,9,0,0,0,0,0,0,0,0,0,0,0,0,0,0,0,0,0,1,0,0,0,0,0,0,0,0,0,0,0,0,0,0,0,0,0,0,0,0,0,0,0,0,0,0,0,0,0,0,0,0,0,0,0,0,0,0,0,0,0,89,0,0,0,0,0,0,0,0,0,0,0,0,0,0,0,0,0,0,0,0,0,0,0,0,0,0,0,0,0,0,0,0,0,0,0,0,0,0,0,0,0,0,0,0,0,0,0,0,0,0,0,0,0,0,0,0,0,0,0,0,0,0,0,0,0,0,0,0,0,0,0,0,0,0,0,0,0,0,0,0,0,0,0,0,0,0,0,0
"gene_1057",3343,25,3,1,15,3,0,71,0,1,0,1088,555,2193,0,137,66,57,12,49,0,0,13,1,589,51,0,113,33,135,2,302,10,0,910,0,0,28,464,154,161,59,595,9,34,1,201,0,0,10,897,886,1,21,0,1459,25,165,243,6,1566,29,124,0,1,1,61,2,2,931,10,26,2,286,1715,6,0,0,266,1096,2,141,21,230,63,517,5,7,618,555,97,31,0,0,236,0,0,0,0,83,131,7,0,0,0,1,0,74,0,2,0,16,0,0,0,2,0,0,0,0,0,0,0,0,0,0,0,0,1,4,10,0,0,0,0,0,0,0,2,1,0,0,112,5,0,0,0,25,0,0,0,2,513,5,1,21,0,0,31,0,55,14,0,30,0,432,0,26,123,0,0,0,0,0,0,40,0,0,0,229,0,0,0,0,0,44,380,0,0,4,163,32,0,19,22,8,2,17,8,0,28,23,18,1,48,5,23,9,40,27,11,2,21,27,1,2,20,11,55,23,12,25,58,9,55,51,5,39,54,74,8,7,22,73,33,36,14,3,65,6,13,6,59,21,41,141,18,67,30,28,19,69,127,4,34,76,24,11,2,23,45,24,50,69,128,82,766,15,5,305,0,40,140,62,20,14,4,95,91,39,29,739,19,9,14,231,83,30,82,188,13,175,20,183,27,1,438,170,49,25,45,4,58,55,0,44,231,132,58,45,35,36,0,3,4,43,5,19,76,18,0,1,18,329,1,1,12,40,401,16,5,17,89,219,214,80,23,22,86,97,1,85,4,176,3,22,399,2,163,120,75,87,33,46,122,0,125,5,372,135,54,274,27,25,164,46,211,84,156,18,139,2,97,12,147,3,233,239,95,90,279,291,10,33,22,52,112,18,27,69,7,12,212,66,17,45,8,12,0,50,144,2,116,4,114,11,5,22,85,2,6,146,118,36,32,190,16,347,7,33,131,39,84,2109,14,55,584,9,68,208,32,109,0,0,7,24,212,80,0,106,0,264,0,3,1140,804,9,35,63,0,599,0,4,134,109,6,315,64,0,101,0,1,551,6,106,0,0,33,319,2,0,193,2,0,1514,20,22,2,334,216,19,0,357,0,0,405,0,195,1,420,173,11,41,0,1,1139,21,48,359,631,0,272,861,15,1,15,1129,1629,124,1231,0,3,58,609,0,8,0,375,16,8,1,76,1680,269,254,191,0,1,667,2,11,285,28,0,0,27,156,526,0,40,300,27,4,5,413,0,420,789,18,23,340,3,10,96,2,602,2340,99,98,2,17,67,0,13,1,696,18,254,0,0,0,1,1,0,1025,38,0,55,0,58,1,205,0,25,0,0,0,15,14,34,0,4,103,190,0,324,0,30,39,391,0,5,4,40,227,233,0,2,99,53,377,1,13,185,1,36,17,6,4,591,576,636,320,12,2,0,0,0,1,883,333,6,373,41,40,28,3,9,3,5,470,8,0,1,11,89,175,0,138,449,157,1383,524,198,32,85,0,63,52,0,16,962,327,0,0,130,0,260,0,37,0,65,3,73,0,209,5,0,25,293,72,9,43,38,29,1,0,1,54,1,59,28,0,135,49,584,37,0,154,5,37,14,35,0,0,0,0,129,2,3,2,115,61,0,160,50,6,56,0,24,275,33,0,1,3,7,59,2,68,0,32,522,1,28,15,149,834,0,1,0,55,11,418,63,0,2,39,0,0,360,4,303,1,18,0,1883,14,0
"gene_1058",0,8,0,0,0,0,0,0,0,0,0,0,0,0,0,0,0,0,0,0,0,1200,0,0,0,0,0,0,0,0,0,0,364,0,56,0,0,0,10861,0,0,131,0,0,0,0,10,0,0,12,0,0,0,0,0,0,1419,0,0,0,0,0,178,0,0,0,0,0,0,0,15,0,0,0,0,0,0,0,0,1,0,1611,0,0,0,0,0,0,0,0,0,0,0,0,0,0,0,0,0,0,0,0,0,0,0,0,0,0,0,2,0,0,0,0,0,0,39,0,0,0,0,0,0,0,0,0,0,0,0,103,0,0,0,0,0,0,0,0,0,0,3,0,0,0,0,1387,0,0,0,0,0,0,0,0,0,0,0,0,0,0,0,0,0,0,1,0,0,0,0,0,0,0,0,0,0,0,0,238,0,0,0,0,0,0,51,0,0,0,68,0,0,20,0,3,0,0,0,0,0,0,0,0,0,0,0,0,0,0,0,0,0,0,0,0,0,0,0,0,0,0,0,0,0,0,0,0,0,0,0,0,0,0,0,0,0,0,0,0,0,0,0,0,0,0,0,0,0,0,0,0,0,0,0,0,0,0,0,0,0,0,0,0,0,0,1,0,0,0,0,0,0,0,0,0,0,0,0,0,0,0,0,0,0,0,0,0,0,0,0,0,0,2,0,0,0,0,0,0,0,0,0,0,0,0,0,0,0,0,0,0,0,0,0,0,0,0,0,0,0,0,0,0,0,0,0,0,0,0,0,0,0,0,0,0,0,0,0,0,0,0,0,0,0,0,0,0,0,0,0,0,0,0,0,0,0,0,0,0,0,0,0,0,0,0,0,0,0,0,0,0,0,0,0,0,0,206,0,0,0,0,0,0,0,0,0,0,0,0,0,0,0,0,0,0,0,0,0,0,0,0,0,0,0,0,0,0,0,0,0,0,0,0,0,0,0,0,0,6,0,0,0,0,0,0,0,0,0,0,0,0,0,0,0,0,0,0,0,0,0,0,0,0,0,0,0,0,0,7,0,0,2,0,0,0,0,0,325,0,0,0,22,0,0,0,0,0,0,0,0,0,0,0,37,0,0,0,0,0,0,0,0,0,0,0,0,0,0,0,0,0,0,0,678,0,0,0,0,0,9,0,10,0,0,0,0,0,0,0,0,0,0,106,0,0,0,0,0,0,0,0,0,100,0,0,0,21,0,0,0,0,2,0,0,0,0,0,0,757,0,0,0,0,0,0,0,0,0,0,0,0,0,0,0,0,0,0,0,0,0,0,0,0,1,0,0,0,1,0,0,0,0,0,0,0,0,0,0,0,0,0,0,0,0,0,0,1,0,0,148,0,0,0,0,0,0,0,0,0,0,0,0,0,0,0,0,206,0,10,0,0,0,0,0,0,0,0,0,0,0,0,0,0,0,0,0,0,0,0,0,0,0,0,0,0,0,0,0,0,0,0,0,0,0,0,0,45,0,0,0,0,0,0,0,0,0,0,0,0,0,0,0,0,0,0,0,0,0,0,0,0,0,0,0,0,0,0,0,0,0,0,0,0,0,0,58,0,0,0,0,277,0,0,0,0,0,3,0,0,0,3,0,0,0,0,0,0,0,0,0,0,0,0,0,0,0,0,0,0,0,0,217,5,0,0,0,305,0,0,0,0,0,0,0,0,0,83,0,0,0,0,0,0,0,0,0,0,0,0,0,0,0,0,0,0,0,0,0,0
"gene_1059",10727,1969,5457,756,8771,1297,13557,1003,762,316,6204,8256,4320,2443,4686,797,45618,4373,4361,942,772,5584,33916,7481,4934,237,23,6391,5332,20398,9076,10420,2749,1049,2184,11199,2254,5202,52,2412,8320,1833,737,2095,15373,1066,4521,1270,610,2250,3446,436,36,1374,1602,1320,2356,3251,28979,5096,1432,401,11318,31004,7,3630,13867,10345,6384,9,325,2049,203,1920,36,8,415,283,6568,3203,6470,122,790,28799,13721,537,145,1167,2542,868,396,628,0,6,0,0,0,6,0,0,0,0,0,0,0,2,0,0,120,385,42576,1302,1,0,0,0,0,399,0,0,50,0,0,0,0,17443,588,0,0,0,0,0,0,0,8673,16210,1,47,4837,0,0,0,0,0,0,0,15,0,0,0,0,5,4,0,0,3392,0,4,675,18,2,0,40,4841,0,0,0,0,0,3163,14883,27,0,3408,0,4460,0,0,180608,0,13,4,5804,0,457,15761,0,0,0,9520,0,0,1,1,364,633,0,0,0,0,0,2296,51,66,0,0,0,0,0,0,0,1118,0,52,7,1198,1424,0,0,1,0,6,0,0,33,153,1,0,124,200,4,0,0,0,6,0,23,0,0,0,19,81,0,4,0,0,119,0,0,0,3029,141,0,2,2,0,0,1,0,0,20,0,323,8,85,11092,2030,7,0,2,293,289,504,0,1,0,4,0,0,207,131,0,1,7,435,119,5582,0,0,2626,0,2,0,0,115,1467,0,1,420,31,95,11,15,2,0,1,0,0,25,0,0,194,1738,0,2066,4,4,0,3,2,67,221,0,1289,0,26,0,4,0,2,0,169,5,13,2,0,0,4,184,4,0,11916,0,8,1,337,984,485,1668,15,0,0,136,5,797,0,0,8,0,1,3,7,0,0,4843,8100,0,0,0,35,2754,139,0,66,1334,0,1,0,261,0,0,0,509,1,1459,8,0,165,0,0,17,1690,0,2,0,151,62,459,0,10,0,6,0,5359,1334,1060,899,2870,55,0,313,44,0,0,0,626,64,1255,0,0,825,482,0,0,225,0,0,0,18,0,94,0,31,16341,0,8849,781,116,0,1,5618,46,0,58,0,0,0,2187,0,757,3725,2326,59,62,0,5148,0,878,0,4073,20,0,0,3382,0,1480,29,1,0,233,0,755,677,0,1,4,427,2365,0,0,0,872,0,0,4,58,0,19,15,0,45,10678,0,2923,0,0,1,0,0,0,718,0,1,3,0,0,0,184,758,60,4,3,860,12035,139,74,0,23,527,889,0,2,0,0,0,0,0,0,7730,0,48,0,0,95,0,0,1611,5416,6302,5,8940,0,18,228,0,126,1540,0,6,286,0,0,615,0,0,61,848,0,0,0,13,0,0,0,386,153,2034,2141,1096,29,3,0,0,0,0,0,0,0,0,7,115,0,0,0,0,0,1,0,0,0,2649,2373,0,0,0,0,3085,0,435,0,0,0,0,0,0,0,0,625,2,11520,0,3003,0,0,0,13,1271,0,0,0,20,0,59,0,0,0,0,0,0,3,16,0,182,0,0,2789,0,0,0,463,5,0,0,0,58,0,0,0,0,173,0,8307,1,2,0,47,0,0,394,86,0,3,0,188,0,1,0,0,0,200,0,0,129,34,0,0,953,1,5,96,106,2695,0,0,92,0,0,0,0,0,0,38,87,0,0,0,3232,0,0,45,0,4,0,0,0,5086,0,423,0,0,0,16,0,0,0,605,0,4,0,0,958,2,0,7,0,0,0,0,0,1,0,2110,0,1158,0,1,0,0,178,1421,0,16,0,2,1,0,550,0,0,0,556,0,48,2135,0,0,0,33
"gene_1060",0,0,0,0,0,0,0,0,0,0,0,0,0,0,0,0,0,0,0,0,12,0,56,0,0,0,0,0,0,0,0,56,0,0,0,0,0,0,0,0,0,4,0,0,0,440,0,0,0,0,0,0,0,0,0,0,0,0,0,0,2,0,0,0,0,0,0,0,0,0,0,0,0,0,0,0,0,0,367,0,0,0,0,0,0,0,0,0,0,0,0,0,0,0,0,0,0,0,0,0,0,0,0,0,0,0,0,0,0,0,0,0,0,46,0,0,0,0,0,0,0,3097,0,3,0,0,0,0,0,0,0,0,0,12143,0,0,0,0,0,0,0,0,0,0,0,0,0,0,0,0,0,0,0,30,0,1,0,38413,15206,1,0,0,0,0,0,0,0,0,0,0,1,0,0,0,0,0,0,0,0,0,0,0,0,0,0,0,0,0,0,0,0,0,0,0,0,0,0,0,0,0,0,0,0,0,0,0,0,0,0,0,0,1,2,0,0,0,0,0,2,0,0,0,0,56,0,0,70,0,361,0,0,0,0,0,0,0,0,0,0,0,0,0,0,0,0,0,2700,0,0,0,0,0,0,0,0,0,0,0,0,0,0,1477,154,73,1,0,380,65,0,27,0,37,0,0,1207,13,0,212,16,84,111,841,2,0,95,0,0,0,0,0,0,0,320,15,3,0,48,0,0,7,35,0,0,0,0,4687,0,1,0,0,0,1,262,13,1,0,55,0,0,58,64,6,0,231,0,1,96,21,0,627,3164,33,3,115,432,0,4,0,1140,388,0,39,128,53,0,22,0,13,0,254,30,0,61,9,9,309,265,646,0,273,0,1128,0,0,0,5,6,17,295,38,0,201,35,1,0,7,378,10,0,96,68,0,50,2032,201,19,7,178,0,0,934,0,26,2,640,0,0,0,2,6,6,5,0,12,0,934,219,0,237,0,12,21,255,3,0,6,3,869,0,20,38,0,0,0,10,0,0,17,188,0,5,66,805,784,8,0,90,0,289,0,2,161,33,747,511,17,796,70,261,708,0,16,0,2,48,452,1565,446,445,3227,2077,8,0,4,45,115,29,0,0,110,0,24,573,0,91,186,1,1348,0,226,1518,226,210,3,10,912,4,3,624,1066,182,1429,19,209,100,168,82,1124,0,175,9,0,0,0,265,0,0,3,2482,344,8,1,0,3,757,382,2,914,0,10,367,113,1,234,0,39,1466,478,0,2,0,5474,0,201,1,25,0,470,0,293,114,473,502,0,2835,2,41,0,1010,8,225,191,1546,444,76,0,317,87,16,0,2,0,112,33,0,983,1784,2,8,86,3,0,1399,0,17,2133,2320,0,1,0,172,301,117,7,862,445,815,1827,218,0,169,172,153,1211,154,11,0,70,4627,0,5,5058,0,0,733,6732,14,1,426,355,666,1051,797,0,0,714,333,2855,181,0,0,246,1793,3389,7,10774,18231,2,2069,3,69,255,0,17,761,18378,3952,14,0,384,499,1844,430,616,97,22,24,0,0,308,561,941,1,19,0,335,310,3606,0,4,153,18,967,465,5667,14,1560,530,770,0,35,1003,1299,0,1320,2147,5746,0,0,2,86,5,243,65,1047,126,429,1,28,1,229,0,1063,6805,75,0,255,3,4656,0,15311,67,8,616,116,7168,1,5,3,48,319,3029,0,9,75,2286,0,48,5575,65,6548,3442,9229,23,530,5115,0,1072,163,7,665,3,62,123,128,0,0,4,67,0,676,1,630,41,311,1,20,0,0,213,2568,16,76,0,0,0,2028,34
"gene_1061",17102,2525,2703,1621,1594,6649,3464,5239,1247,5310,9168,2623,2122,7575,8111,83,2889,14603,4853,3182,138,2527,1093,2657,857,1748,1492,1875,12428,6099,2948,1332,1942,734,1687,1684,5232,1556,4410,99,3734,1046,1405,4087,2611,5605,2536,3566,1809,8752,3934,1061,1410,2386,5467,5180,8555,3905,5225,7887,5783,2543,7731,4529,3984,3241,5438,21569,13028,7401,4715,2757,358,1853,3530,6414,6117,1819,3357,15050,25253,1639,842,6088,7005,8555,1052,4923,6083,4377,7487,4588,7476,42984,100047,1161,4470,1373,18871,20234,31661,13797,721,54666,11086,5018,14215,5367,31347,5598,28599,2775,1145,910,40556,33162,5447,660,10586,2308,26729,34020,2375,2477,2533,12232,1264,3684,48646,398,2414,496,1691,11214,17594,18570,84075,11029,12105,28381,46977,45369,24314,21458,56748,5481,22794,17080,29313,8418,5823,17023,5906,2230,64016,507,840,53447,1489,735,53293,23481,10712,5557,7332,44943,56175,8203,11290,18213,5741,22369,1326,1950,34810,25268,28537,39928,23496,16509,25399,5137,10923,8301,9288,5423,10878,36601,41222,8586,1535,17783,28941,39464,12956,10278,11262,4144,11467,21245,9859,12985,26921,6515,17210,23960,12315,24694,6253,21308,32846,10206,18461,5779,70320,3263,25949,17646,25553,501,1395,23861,18263,9545,11507,24074,2145,26717,44294,19225,1319,16579,12101,9184,37513,18061,38387,36186,22216,3230,28914,29857,14888,10461,7173,6157,19397,12431,18227,48015,66381,1177,41227,3208,48760,10995,23285,4374,18390,15969,13506,406,1242,1391,7868,2570,3819,156,1584,8380,11104,6463,2027,10501,1705,2368,2288,982,911,10604,3540,6476,10600,15466,186,12370,12700,3486,672,5077,6721,9028,4351,8187,2638,3697,2359,1101,17230,944,4673,1603,5473,3469,19512,13200,720,12,1883,3952,6174,374,291,610,72,10505,9430,2383,1446,8742,453,394,4711,4560,953,3177,4493,1072,6223,3816,3571,181,4095,11261,2393,3072,9218,1985,3452,15790,490,325,2440,4285,8424,1461,13952,13650,11610,1929,19136,6535,4102,4561,5081,3443,892,7042,3609,18703,2447,4798,9327,2193,819,2501,807,19520,11107,938,890,1688,5608,8236,4305,8382,3547,9665,1393,16296,6975,3906,11459,11807,10444,5909,2403,743,4526,3400,12230,16012,3598,4808,8430,8347,6647,6069,1051,4633,876,1129,3181,8124,5499,8905,10252,17910,7825,3743,5052,2080,2639,849,6926,3166,2813,2364,4860,13577,1979,9126,13186,12858,922,14297,38252,2349,11540,3548,11832,1939,1710,5858,65,2179,11441,14,2956,7283,3544,2563,1624,379,8200,6257,1228,1830,1756,2879,2941,1436,9244,327,1292,6095,2791,996,11869,7909,2495,1623,1935,1015,1271,4002,1060,16403,1993,2964,6093,2311,1191,1363,1450,281,8258,6752,2113,4606,922,6778,2548,290,20599,1861,1794,1328,2221,2431,2917,20015,1663,3953,1404,1732,2261,1378,610,246,1527,7610,7048,12202,1014,10137,1304,3433,3120,8856,3134,258,2959,3411,7448,351,2228,1533,7323,2303,802,770,10434,3663,839,11031,3111,3311,1541,7845,10285,1085,2585,2992,6712,612,8622,6698,6343,3573,3602,10173,1466,300,4505,8063,11881,2511,3342,10882,3986,3251,1596,4215,1628,1253,3251,6592,1250,1107,8384,5875,9408,1774,114,1108,4591,14651,4822,133,18844,6971,6824,4739,986,6242,7583,8500,1379,1130,8962,16239,19437,33136,2880,25624,3354,19001,23505,11519,2800,48,2776,8380,4464,1471,19690,489,387,3314,13514,348,4452,8552,3359,4445,20057,1340,12159,894,20902,613,876,4032,25545,1498,1509,4920,3866,30953,2231,724,31,2307,14127,5661,3112,1404,2979,22891,627,663,1562,8203,6676,7045,36359,376,12095,21138,1792,5133,2275,1496,12594,6096,350,75,910,2165,573,10165,13526,3511,5068,9250,1456,6793,721,26483,806,4121,881,418,54184,2172,24746,28500,30691,830,9,13033,8459,7844,10044,5703,5112,12827,40897,3548,8369,1368,7848,943,893,16627,7136,10665,7287,5071,33398,2720,12765,21703,1008,18134,10821,2939,95,21248,8658,184,5888,2621,11755,3092,7452,55015,5608,378,9766,3353,1596,25342,926,762,4612,312,2956,5465,8077,1681,3179,2343,7023,12848,10694,16858,6872,1408,2174,23328,15215,732,22194,3836,226,1657,813,5103,6293,9417,14124,8732,780,95149,3845,928,862,16668,2660,806,121,13637,32733,32647,836,4239
"gene_1062",0,0,0,0,0,0,0,0,0,0,0,0,0,0,0,0,0,0,0,0,0,0,0,7,0,0,0,0,0,0,0,0,0,136,0,0,0,0,0,0,0,0,0,0,0,0,0,0,0,0,0,0,0,0,0,0,0,0,0,0,0,0,76,0,0,0,0,0,0,0,0,0,0,0,0,0,0,0,0,0,0,0,0,0,0,0,0,0,0,0,0,0,0,0,0,0,0,0,0,0,0,0,0,0,0,133,0,0,0,0,0,0,0,0,0,0,0,0,0,0,0,0,0,0,0,0,0,0,0,0,0,0,0,0,0,0,0,0,45,0,0,0,0,0,0,0,0,0,0,0,0,0,0,0,0,0,0,0,0,0,0,0,0,0,0,0,0,0,0,0,0,0,0,0,0,0,0,0,0,0,0,0,0,0,0,0,0,0,0,0,0,0,0,0,0,0,0,0,0,0,0,0,0,0,0,0,0,0,0,1,0,1,85,0,0,0,0,0,0,0,0,0,0,6,0,0,9,0,0,51,0,0,0,0,0,0,150,0,0,0,0,0,0,0,0,0,0,0,0,0,3,0,21,0,0,0,0,0,0,0,0,2,0,0,0,0,0,0,0,0,0,0,0,0,0,0,0,0,0,0,0,0,0,0,0,0,0,0,0,0,0,0,0,0,0,0,3,0,0,0,0,0,0,0,40,1,0,0,67,0,0,0,0,0,0,0,0,0,0,0,0,0,0,0,0,0,1,0,0,0,0,0,0,0,0,0,4,0,0,0,0,0,0,0,0,3,0,0,0,0,0,0,0,0,0,0,3,1,0,0,0,0,0,0,0,0,0,0,0,0,0,0,0,0,0,0,0,0,0,0,0,0,0,0,0,0,0,21,0,0,0,84,3,0,0,0,0,0,0,0,278,0,0,0,0,0,0,0,0,0,0,0,0,0,0,0,0,0,0,0,0,0,0,0,1,0,0,0,0,0,0,0,0,0,0,0,1,0,2,0,0,0,0,0,0,1,6,0,0,3,1,1,0,0,0,3,0,1,0,0,0,0,0,0,1,0,0,0,0,0,0,2,0,0,0,0,1,0,0,1,0,3,0,0,1,1,1,0,0,0,0,0,0,0,0,0,0,0,1,0,0,0,0,0,0,3,0,0,0,0,0,0,0,0,0,0,0,1,0,2,0,0,0,1,0,0,2,0,0,0,1,0,0,0,0,0,1,0,0,0,0,3,0,0,1,0,0,0,0,0,0,4,0,0,1,0,0,0,0,0,0,0,0,0,0,0,0,1,0,0,0,0,0,0,0,0,0,0,0,0,0,0,0,0,0,0,0,0,0,0,0,13,0,0,0,0,0,0,0,0,0,0,0,0,0,0,0,0,0,0,0,0,0,0,0,0,0,0,0,0,0,0,0,0,0,0,0,0,0,0,0,0,0,0,0,0,0,0,0,0,0,0,0,0,0,0,0,0,0,0,0,0,0,0,0,0,0,0,0,0,0,0,0,0,45,0,0,0,0,0,0,0,0,0,0,0,0,0,0,0,0,0,84,0,0,0,0,0,0,0,0,0,0,0,0,0,0,0,0,0,0,0,0,0,0,0,0,0,0,0,0,0,0,0,0,0,0,0,0,0,0,0,0,0,0,0,0,0,0,0,697,0,4935,0,929,0,0,0,0,0,0,5249,0,0,0,9,0,0,0,0,0,0,0,0,0,0,0,0
"gene_1063",2259,169,11,2382,4,3135,912,76,0,0,2,0,868,16,5972,4,228,0,984,0,1,453,2,14968,108,702,100,128,0,4,1,0,0,293,626,0,6,0,0,7554,1095,637,17,0,2,3,0,2,19,2,249,422,1092,0,0,0,126,0,0,1479,1342,0,4,0,0,1,0,10,0,0,0,0,31,1180,316,1023,27,11,0,2194,1,2213,216,264,0,0,0,59,88,0,0,0,1766,0,0,890,49,55,33,0,0,5408,6330,0,0,495,0,0,33194,697,43,0,0,9,5,1804,0,0,870,0,3,119,313,1279,0,245,0,3,4563,119,707,2407,0,0,0,0,0,107,0,0,102,4377,645,0,2896,16,1458,1,7,7,12,0,1,4,158,1757,13322,0,2,0,82,0,0,0,1,9442,1,5,0,0,0,4,2289,44,5,0,0,0,1158,3,13812,0,1185,8,3021,18,0,26126,0,2,0,1268,430,0,75,0,0,0,0,43,2214,0,669,19,0,3,46,0,0,0,0,8,0,0,0,0,0,10,0,0,165,0,24,0,2,1627,412,0,171,0,0,0,150,0,761,0,0,0,0,0,0,0,3,2,0,0,8,1820,4,0,0,0,3,0,38,2,13,0,14,0,0,1,34,112,6053,8810,30,5,37,0,0,1749,80,44,0,0,1,103,0,133,64,1083,131,166,42,0,652,222,1553,894,1400,1,681,868,1206,0,321,0,0,1746,22,1,4,44,325,0,51,36,412,728,591,2860,0,0,3,309,0,42,223,0,961,377,0,281,0,325,2,0,0,946,8,0,0,162,33,0,3161,421,37,0,0,392,11123,1,168,0,853,14,12,1,12,232,1891,589,121,427,1098,345,33,1970,2210,0,54,1,2970,47,24,39,0,0,648,5918,0,2,74,79,28,65,8486,0,476,127,0,7061,0,0,1540,1,1,21,17,4,0,93,6,2600,1149,758,44,69,215,3631,15,33,118,407,12,308,98,53,21,0,450,226,393,10,52,1225,60,8,159,19,237,139,10,0,2128,10,370,360,0,2649,80,31,2,166,0,1,9913,0,18,438,116,1,112,4,0,43,0,1,1,0,8,33,2626,17,2401,42,12,0,0,90,636,0,696,4,1955,1,0,0,898,601,0,1765,0,0,1,1,0,0,986,12,2,3881,1,0,990,630,0,3,1,1765,0,59,3,309,69,0,1,0,1,0,2353,6045,0,37,167,0,0,0,0,34,1,5659,16,0,11,421,4,0,0,854,26,307,46,138,0,0,25,1030,0,49,266,1720,345,0,9256,0,0,66,102,7,17,228,1679,0,3,1,2,178,0,141,348,97,460,1019,8,314,609,4,2539,420,579,2,361,1,347,0,0,147,0,0,929,25,0,7,0,0,2,1,0,587,0,17,0,0,0,0,0,4,23,0,0,1233,261,0,0,68,150,897,1,0,0,25,0,1208,0,1306,3,13,59,3417,0,4962,10,9,14,0,630,24,0,0,6,1340,1,313,0,0,653,0,0,0,182,0,10192,112,3,1,0,3987,7,1,0,737,0,245,0,0,0,15,4,18,0,5,0,0,0,0,445,475,2,1,2669,213,0,0,2,402,0,220,673,450,1046,2490,0,12,0,0,0,0,1,524,0,0,0,0,0,0,0,0,0,0,48,27,30,88,0,0,1,0,0,0,8,0,1,92,0,7,218,26,4,0,0,0,0,158,0,0,0,0,0,9,0,1,0,0,1302,1137,3,0,105,0,0,119,14,0,27,263,0,0,0,55,3,21,8655,37,16,0,0,0,0,61,0,25,0,0,25,39
"gene_1064",0,0,0,0,359,0,0,0,0,0,0,0,0,0,0,0,0,0,0,0,0,0,6,6,0,0,0,0,0,0,0,0,0,0,0,0,0,0,0,0,0,0,0,0,0,0,0,0,0,0,0,0,0,0,0,0,0,0,729,0,2,0,0,0,0,0,0,0,0,0,0,0,0,0,0,0,0,0,0,0,0,0,0,3,0,0,0,0,0,0,5,0,0,0,0,0,0,0,0,0,0,0,0,0,0,0,0,0,0,0,0,0,0,0,0,0,0,0,0,0,0,0,0,0,0,0,0,0,0,0,0,0,0,0,0,0,0,0,0,0,0,0,0,0,0,0,0,0,0,0,0,0,0,0,0,0,0,0,0,0,0,0,0,0,0,0,0,0,0,0,0,0,0,0,0,0,0,0,0,0,0,0,0,0,0,0,0,0,0,0,0,0,0,0,0,0,0,0,0,0,0,0,0,0,0,0,0,0,0,0,0,0,0,0,0,0,0,0,0,0,0,0,0,0,0,0,0,0,0,0,0,0,0,0,0,0,0,0,0,0,0,0,0,0,0,0,0,0,0,0,0,0,0,0,0,0,0,0,0,0,0,0,0,0,1,0,0,0,0,0,0,0,1,0,0,0,0,0,0,0,0,0,0,0,0,0,0,0,0,78,0,0,0,0,0,0,0,0,0,0,0,0,0,0,0,0,0,0,0,0,0,0,0,0,0,0,0,0,0,0,0,0,0,0,0,0,0,0,0,0,0,0,0,0,0,0,0,0,0,0,0,0,0,0,0,0,0,0,0,0,0,0,0,0,0,0,0,0,0,0,150,0,0,0,0,0,0,0,0,0,0,0,0,0,0,0,0,0,0,0,0,0,0,0,0,0,0,0,0,0,0,0,0,0,0,0,0,0,0,0,0,0,0,0,0,0,0,0,0,239,0,0,0,0,0,0,0,0,0,0,0,0,0,0,0,0,0,0,0,0,0,0,0,0,0,0,0,0,0,0,0,0,0,0,0,0,0,0,0,0,0,0,0,0,0,0,0,0,0,0,0,0,0,0,0,0,0,0,0,0,0,0,0,0,0,0,0,0,0,0,0,0,0,0,0,0,0,0,0,0,0,0,0,0,0,0,0,0,0,0,0,0,0,0,0,0,0,0,0,0,0,0,0,0,0,0,0,0,0,0,0,0,0,0,0,0,0,0,0,0,0,0,0,0,0,0,0,0,0,0,0,0,0,0,0,0,0,0,0,0,0,0,0,0,0,0,0,0,0,0,0,0,0,0,0,0,0,0,0,0,0,0,0,0,0,0,0,0,0,0,0,0,0,0,0,0,0,0,0,0,0,0,0,0,0,0,0,0,0,0,0,0,0,0,2,0,0,0,0,0,0,0,0,0,0,0,0,38,0,0,0,0,0,0,0,0,0,0,0,0,0,0,0,0,0,0,0,0,0,0,0,0,0,0,0,0,0,0,0,0,0,0,0,0,0,0,0,0,0,0,0,0,0,0,0,0,0,0,0,0,0,0,0,0,0,0,0,0,0,0,0,0,0,0,0,0,0,0,0,0,0,0,0,0,0,0,0,0,0,0,0,0,0,0,0,0,0,0,0,0,0,0,0,0,5,0,0,0,0,0,0,0,0,0,0,0,5,4,0,0,0,0,0,0,0,0,0,0,0,0,0,0,347,0,0,0,0,0,0,0,0,0,0,0,0,0,0,0
"gene_1065",2,0,0,9479,0,0,8,113,22,0,0,0,82,158,0,0,0,0,0,0,0,0,0,0,0,0,13,0,0,3,0,0,0,0,0,0,0,6,0,0,0,3,0,0,0,0,5,0,7,0,0,0,0,0,0,0,0,0,0,0,0,21,0,0,0,0,0,0,27,0,0,0,0,0,0,0,0,0,0,0,0,0,0,0,0,0,0,8,0,0,2254,78,0,0,6,0,231,0,0,0,0,67,0,0,0,1,0,0,0,0,0,0,0,0,0,0,0,0,0,0,0,1,0,0,0,3741,0,0,0,0,0,0,0,0,0,0,8575,0,0,0,0,0,0,2512,0,0,0,39,40,8758,0,0,326,6,10474,0,468,0,0,1392,0,0,0,0,0,0,0,0,2,3,0,176,0,1,0,0,0,0,0,111,0,0,0,0,12297,0,0,0,0,0,0,0,126,0,30,318,13,40,0,7,5856,0,1,0,116,0,0,0,0,118,412,266,1,0,255,0,0,0,0,0,0,0,142,22,0,0,0,4071,0,311,209,7,15,1067,6,2,0,0,506,0,0,9,0,1,0,179,0,0,0,17,0,0,1,0,18,0,33,659,15,29,8,503,1173,0,752,65,57,0,8,2,569,788,6,1156,1,402,1,186,9,21,3,1099,6,96,10,1206,0,463,2464,14,33,33,16,8,0,11,123,766,88,8,789,167,60,206,225,315,0,0,57,6,0,482,0,1408,1,5,171,10,223,385,33,12,158,263,0,1,183,427,522,13,738,131,3,728,2634,29,0,47,13,0,0,20,0,54,70,29,1827,0,815,0,1,125,0,114,1,0,0,0,213,0,164,180,0,95,3,27,278,2,178,16,5,54,0,3,1064,49,159,0,466,8,257,215,834,256,11,66,227,91,0,126,1,7,0,901,7,116,0,3,0,0,5051,210,1075,0,0,0,227,172,2,0,2003,18,0,82,54,557,77,621,7,0,238,10,194,3127,364,308,543,0,0,14,135,202,0,1757,0,378,0,180,145,25,2,1052,0,2529,391,4,1405,20,174,17,35,970,27,363,5,49,486,0,2110,1191,1743,0,363,64,73,1378,14,38,550,30,218,0,19,0,1,82,22,32,853,487,59,1,320,15,0,0,959,12,0,292,111,801,235,92,1779,6,246,1160,558,428,3,75,16,1857,252,59,3,51,379,0,416,155,1,0,566,19,440,1789,304,1522,9,12,0,0,232,0,602,382,79,42,1146,1,7,8,52,124,16,4715,124,0,2,0,117,106,938,20,0,237,337,199,808,252,5,26,76,6,1,741,470,171,0,502,83,7,1,3,22,296,0,360,21,126,73,695,0,56,209,714,0,2397,393,0,19,14,56,33,41,2607,0,1,158,24,0,0,58,22,0,0,182,0,27,240,1496,2713,2424,6,28,0,5,16,4,37,640,28,92,2,3806,0,0,0,2,1,0,12,0,22,5256,643,6,0,0,90,143,1670,0,723,48,157,242,503,300,255,146,31,586,84,43,621,296,2139,56,35,39,11,3924,136,1,142,142,0,1953,2,0,64,7,4756,154,38,13,2606,0,1290,653,46,19,6,0,92,76,0,0,20,4,736,62,0,1,0,62,578,1077,0,11,78,0,112,20,1,4,19,3,412,0,1777,0,1,13,2719,0,1,38,0,544,7,1944,0,409,62,0,47,224,0,0,2618,0,18,287,0,21,0,8,1658,73,0,0,0,18,516,37,1,0,189,0,43,0,1182,185,4225,1400,13,36,150,98,51,18,0,39,284
"gene_1066",0,0,0,0,0,0,0,0,0,0,0,0,0,0,0,0,0,0,25,0,0,0,0,0,0,0,0,0,0,0,0,0,0,0,0,0,0,0,0,0,0,0,0,0,0,0,0,0,0,0,0,0,0,0,0,0,0,0,0,0,0,0,0,0,0,0,63,0,0,0,0,0,0,0,0,0,169,0,0,0,0,0,0,0,0,0,0,0,0,0,0,1,0,0,0,0,0,0,0,0,0,0,0,0,0,0,0,0,0,0,0,0,0,0,0,0,0,0,0,0,0,0,0,0,0,0,2,0,0,0,0,0,0,0,0,0,0,0,0,0,1,0,0,0,0,0,0,0,0,0,0,0,0,0,0,0,523,0,0,0,0,0,0,0,0,0,0,0,0,0,0,0,0,1,0,0,0,0,0,0,0,0,0,0,0,0,0,0,0,0,0,0,0,0,0,0,0,2,0,0,113,6004,0,19131,0,0,0,0,0,0,0,0,0,0,0,0,0,0,0,0,0,0,0,437,0,0,0,0,0,1227,0,0,0,0,0,0,496,0,77,0,0,0,0,0,0,0,0,0,0,0,0,0,0,0,0,4510,0,0,0,0,0,0,0,0,0,0,0,0,0,0,0,0,4466,0,0,0,0,0,0,0,0,0,0,1,0,0,0,0,0,4,0,0,0,0,0,0,0,0,0,0,24,0,0,0,0,0,0,1480,0,0,73,0,132,0,0,0,0,0,0,0,0,0,0,0,0,0,0,0,0,0,0,0,0,167,0,0,0,0,0,0,7,0,0,0,0,0,0,0,0,0,0,0,0,0,0,3,0,0,0,0,0,0,7,0,0,0,0,0,0,0,0,0,0,0,0,0,0,118,0,0,13452,43,0,0,0,0,0,0,0,0,0,0,0,0,1088,0,663,0,0,0,0,0,0,0,0,0,0,0,0,0,0,0,0,0,0,0,0,0,0,0,0,0,0,0,0,0,0,0,0,0,0,258,0,0,0,0,0,0,0,0,0,0,0,0,0,0,0,0,0,0,0,0,0,0,0,0,0,0,0,0,0,0,0,0,0,0,0,0,0,0,0,0,0,0,0,0,0,0,0,0,0,0,0,0,0,0,0,0,0,0,0,0,0,0,0,0,0,0,0,0,0,0,0,0,0,0,0,0,0,0,0,0,0,0,0,0,0,0,0,0,0,0,0,0,0,0,0,0,0,0,0,0,0,0,0,0,0,0,0,0,0,0,0,0,0,0,0,0,0,0,0,0,0,0,0,0,0,0,0,0,0,0,0,0,0,0,0,0,0,0,0,0,0,0,0,0,0,0,0,0,0,0,0,0,0,0,0,0,0,0,0,0,0,0,0,0,0,0,0,0,0,0,0,0,0,0,0,0,0,0,0,0,0,0,0,0,0,0,0,0,0,0,0,0,0,0,0,0,0,0,0,0,0,0,0,0,0,0,0,0,0,0,0,0,0,0,0,0,0,0,0,0,0,0,0,0,0,0,0,0,0,0,0,0,0,0,0,0,0,0,0,0,0,0,0,0,0,0,0,0,0,0,0,0,0,0,0,0,0,0,0,0,0,0,0,0,0,0,0,0,0,0,0,0,0,0,0,0,0,0,0,0,0,0,0,0,0,0,0,0,0,0,0,0,0,0,0,0,0,0,0,0,0,0,0,0,0,0,0,0,0,0,0,0,0,0,0,0,0,0,0,0,0,0,0,0,0,0
"gene_1067",0,0,0,249,0,0,0,0,0,0,0,0,0,0,0,0,1,0,0,0,2,0,0,172,0,0,0,0,0,0,1247,7,0,0,0,14,0,0,0,0,0,49,0,0,0,0,0,0,0,0,0,0,0,0,4,0,1894,411,0,7,0,1,0,22,0,0,1,0,0,0,6880,0,1,20,0,0,0,3,0,0,0,0,0,17,0,0,0,0,0,0,0,0,3,0,0,2,0,36,0,0,0,0,0,105,0,0,0,0,0,0,23,32,4,0,38,0,0,0,0,0,0,0,0,0,0,0,184,68,0,27,0,0,0,0,5107,0,0,260,0,10,0,0,1,0,9,0,15,412,0,1,2350,30,11,0,0,0,0,0,0,0,0,0,0,0,12,493,0,2,0,177,215,0,0,353,2,0,0,486,55,0,0,0,0,200,0,0,0,351,0,0,0,1,0,0,0,0,0,456,0,0,0,0,0,0,1,0,0,386,8,0,0,404,4,71,0,0,5,10,16,0,0,0,86,0,0,0,0,336,0,0,0,0,124,0,0,2043,0,0,0,0,0,0,0,0,8,464,0,5807,0,0,2,0,0,0,10,0,0,0,9852,0,2,0,0,196,1,17,0,0,38,0,45,3,11719,0,0,0,0,0,0,0,0,98,32,14,0,0,1399,161,0,0,3,0,174,0,0,28,0,0,0,0,0,918,0,25,0,102,4,0,5,337,1,0,0,2,0,37,326,0,0,0,0,0,3,0,0,15,0,5,5,2,0,0,263,0,0,0,0,18,3,0,2,0,357,0,3,0,0,0,0,71,0,0,133,2145,17,0,1,0,0,5,0,3,0,0,349,0,0,0,66,1413,10,294,0,1,0,520,0,0,0,4393,13999,0,4806,0,0,97,21,177,27,0,58,95,0,0,54,0,2207,0,0,6,397,40,0,0,198,170,0,85,234,0,56,33,0,95,0,0,548,69,1,16,1331,69,85,0,0,0,3287,48,3303,0,387,4,4165,0,49,0,4,0,0,54,29,47,15,0,0,0,592,0,0,80,472,0,0,1,372,0,1577,3,640,4211,22,61,67,1397,299,0,7,0,0,20,45,50,0,94,0,0,524,0,780,0,0,17,0,0,45,13,33,0,141,0,149,0,12,0,4,1525,0,4,11,2722,13,0,3,0,0,117,26,124,724,0,0,0,0,440,43,0,0,85,2983,0,0,0,1,12,1,2190,116,0,87,3297,3370,689,0,406,0,6,694,0,0,167,0,590,0,15,0,0,24,706,0,174,75,0,0,0,4638,0,0,37,570,0,789,0,1,6,202,0,89,0,12,126,0,0,33,1,216,10,0,0,0,0,0,181,2434,0,0,0,3,0,9,147,0,0,7200,0,0,0,0,0,0,0,0,322,23,607,81,0,0,49,0,0,0,0,1,0,0,0,0,1145,0,4,4529,0,245,0,0,0,0,12,4,1839,372,0,0,0,0,8,0,2989,0,4,312,1,0,3,0,30,0,37,0,0,230,10690,0,7,164,7873,12482,0,0,0,0,0,0,0,673,0,0,216,0,0,0,15,0,0,0,36,0,0,0,0,0,0,0,0,0,0,6,0,0,12,1,3,0,7687,0,0,3664,139,0,0,0,0,3,0,0,0,211,0,0,0,0,0,972,3871,0,0,0,0,3255,0,0,76,0,0,0,0,0,1,0,0,1,1770,0,2,69,0,0,582,0,0,0,3898,0,0,0,0,1958,0,0,30,0,0,0,3639,0,0,104,85
"gene_1068",36,12,57,282,20,262,1,0,1047,1144,359,61,59,0,261,617,0,4,722,9,167,863,303,247,313,338,267,679,212,6,204,192,71,79,18,0,2,0,0,213,344,0,2,0,523,3232,288,11,0,374,1155,201,38,55,53,418,9,725,878,83,678,202,773,5,245,9,58,9,2037,0,93,26,12,1790,264,2922,0,92,3,294,1518,147,343,282,2619,33,10,120,330,1,94,5,0,0,0,0,0,0,2214,0,17,0,1662,0,13700,3083,11,323,0,0,0,17,0,1,4,422,26,8,2,0,0,0,0,1989,394,81,1,861,0,4446,373,0,7,1,0,3408,149,3,41,1,5174,0,67,13126,0,3406,0,77,46,0,0,0,755,159,90,0,214,0,404,65,2,3,13217,0,91,0,1960,1897,6337,48,3239,740,0,181,0,0,0,35,165,1,0,5847,0,0,1,7385,66,2178,670,1489,0,0,3,0,0,1525,904,203,0,319,731,15,0,2,0,0,0,0,44,242,22,236,26,0,0,0,18,75,592,36,2883,2,990,1013,8,157,0,15,28,9799,36,0,391,228,11,1,2558,459,0,0,1998,201,2,0,3,167,130,256,2,448,0,0,0,122,67,316,25,396,1,17,165,99,73,13,18,30,7,7,29,91,382,610,11,330,262,87,291,135,11,251,14,222,251,31,23,663,8,155,120,25,193,226,192,0,23,69,5,30,662,118,21,0,345,5,1064,60,16,0,14,83,352,37,38,42,8,130,243,15,256,132,50,28,11,364,58,53,137,1048,7,212,432,23,8,191,4,1,7,37,5,254,1,4,157,1247,229,18,82,32,183,525,258,188,24,422,278,128,554,158,267,7,398,35,4,0,69,261,163,3,153,245,435,103,116,32,11,1811,350,55,135,188,327,74,1,446,39,44,90,9,292,416,117,415,4,167,1179,270,22,0,42,7,443,65,34,43,353,489,199,7,596,50,66,77,7,321,24,43,231,77,215,29,43,17,75,152,101,197,909,125,3,35,3,420,6,0,42,90,122,3,24,312,44,4,297,33,131,15,110,1,5,121,0,187,932,53,11,1059,256,0,165,20,0,130,93,5,67,196,2527,10,2,2,146,597,8,117,225,326,16,1,814,1,936,147,197,93,0,1,17,35,48,144,154,125,1093,192,12,115,66,32,0,237,7,49,284,12,686,148,840,2,364,2,249,52,362,541,0,488,1,12,798,62,0,296,1,13,22,0,0,36,6,7,971,422,459,147,164,629,46,8,774,10,1720,874,10,0,0,493,153,3,4,264,275,457,1454,33,744,186,1,3,154,38,3109,16,309,53,65,319,9,453,28,3,1,102,277,251,0,164,86,156,1,0,1278,17,0,1657,61,2818,19,1546,12,14,2,102,9,0,2,771,2,1117,29,26,41,120,0,13,14,151,763,33,3432,6,121,256,597,1128,153,8,0,1,0,0,169,25,447,73,6913,6,103,942,8,1,3302,119,58,0,13,15,1239,0,2,28,527,0,26,0,43,1,25,1611,14,221,0,12,50,2,0,241,52,1005,299,3002,7,1386,75,1,0,1559,485,1562,6519,7,63,74,966,637,90,1,616,0,10,45,1211,47,0,289,1,0,0,31,0,8,1895,296,0,2208,14,0,1562,52,215,390,381,18,0,511,54,1,946,0,17,4,399,830,1089,0,0,15,89,80,56,362,0,134,67,807,0,421,2,35,15,2,10,1,15,0,1,3,0,28,331,797,12,41,392,156,3163,1867,5307,1422,37,139,0,944,0,229,1442,178,65,1029
"gene_1069",124,611,367,116,20,294,7,1,58,57,231,0,0,17,284,460,0,1457,22,50,0,0,378,453,479,5,11,0,1365,0,2,6,0,397,175,123,614,3,56,101,23,219,66,0,0,43,1,94,44,40,657,0,70,209,2,90,0,19,2,633,589,275,801,608,197,85,149,567,1,54,203,120,73,0,108,81,645,287,716,23,913,3,253,102,195,6,3,52,76,3,0,701,0,221,0,156,0,8,1050,0,0,669,141,0,11,0,1006,0,2,0,0,406,7,10,2,900,0,312,0,0,0,20,4,0,2212,0,27,0,985,0,0,29,3,89,1,84,22,4,0,135,2097,23,34,1,228,3,0,1310,1,751,3143,0,0,1,34,126,0,70,16,7,184,6,0,50,883,1,0,11,413,0,2875,273,334,0,29,0,0,0,1081,468,77,0,7588,0,0,0,725,0,116,0,0,15885,1,0,971,154,91,1,39,724,325,13,1,1257,6,2,655,0,16,341,79,194,1,503,2,908,10,548,39,0,67,5,11,391,8,0,2,89,187,5,38,124,3,0,118,1,137,196,169,0,442,104,18,2,110,1,1841,20,33,1,1540,0,232,184,1,113,26,0,3,4,320,24,480,439,233,58,140,43,52,358,224,46,353,187,89,104,375,437,68,10,75,1995,812,1426,90,77,193,178,16,52,30,85,480,7,8,84,93,539,848,74,172,244,300,44,867,289,64,140,22,46,139,60,381,14,300,1672,77,355,56,99,39,1216,1402,97,251,0,370,166,460,121,1527,0,2424,13,13,338,539,59,196,1368,4,154,1671,210,310,1,1360,0,30,5,62,1618,38,175,547,132,24,644,397,16,158,114,7,9,46,492,197,1005,1,185,279,864,761,13,17,0,1463,1954,1586,347,191,1010,1151,338,2863,314,219,16,2,56,51,55,394,715,259,451,468,1033,0,599,74,176,695,197,530,118,5,4,22,528,110,850,68,139,788,130,80,54,320,524,6,2341,42,1890,52,1691,17,24,84,12,459,641,45,145,527,2,265,12,63,516,68,57,64,214,412,31,2,17,0,5,0,222,3,318,123,41,0,34,599,190,401,184,74,7,17,255,3,59,148,75,107,1062,453,21,225,8,133,2,77,0,8,91,0,29,70,0,20,277,49,12,16,99,102,95,210,96,14,334,0,248,3,388,130,152,20,333,5,39,1,0,17,64,2,66,150,92,10,0,214,23,9,176,0,163,42,38,8,13,265,12,334,85,75,189,1437,20,50,0,3,60,116,107,272,13,210,811,1,244,114,177,183,77,133,56,378,92,67,7,98,259,154,0,400,10,42,352,2,60,14,5,484,167,0,43,9,0,1269,21,21,336,1090,1299,9,9,116,19,0,10,0,1077,126,352,0,0,64,383,397,90,139,1,44,0,23,158,111,501,553,2,1,81,125,20,486,0,309,204,6,21,408,0,57,0,32,0,184,4,154,21,88,59,1,442,0,115,0,20,459,20,0,32,213,185,330,842,2255,244,0,41,0,10,28,1,176,151,0,154,57,0,0,785,16,689,0,48,0,56,10,0,266,390,1052,391,815,253,5,112,899,8,0,94,0,284,982,41,39,3047,0,0,0,20,0,0,1,401,294,1377,0,649,7,0,4,28,0,216,0,0,74,8,7,16,21,0,0,45,35,0,202,107,0,38,258,0,0,24,1428,60,681,224,1304,0,1579,0,22,0,9,6,280,311,28,1,190,76,35,612,0,983,277,4,23,1306,181,2961,91,3,11,0,6,51
"gene_1070",0,0,0,0,0,0,0,0,0,0,0,0,0,0,0,0,0,0,0,0,0,0,0,0,0,0,0,0,0,0,0,0,0,0,0,0,0,0,0,0,0,0,0,0,0,0,0,0,0,0,0,0,0,0,0,0,0,0,0,0,0,0,0,0,0,0,0,0,0,0,0,0,0,0,0,0,0,0,0,0,0,0,0,0,0,0,0,0,0,0,0,0,0,0,0,0,3,0,0,0,0,0,0,0,0,0,1,0,0,0,0,0,0,0,0,0,0,1,0,0,0,0,0,0,1,0,0,0,0,0,0,0,0,0,1,0,0,0,0,0,0,1,0,0,0,0,0,0,0,0,0,0,0,0,0,0,0,0,0,0,1,0,0,0,0,0,0,1,0,0,0,0,0,0,0,0,1,0,1,0,3,0,0,0,0,6,0,0,0,0,1,0,3,0,0,0,0,0,0,0,0,0,0,0,0,0,0,0,0,0,0,0,0,0,0,0,0,0,0,0,0,0,0,0,0,0,0,0,0,0,0,0,0,0,0,0,0,0,0,0,0,0,0,0,0,0,0,0,0,0,0,0,0,0,0,0,0,0,0,0,0,0,0,0,0,0,0,0,0,0,0,0,0,0,0,0,0,0,0,0,0,0,0,0,0,0,0,1304,0,0,0,0,0,0,0,0,0,0,0,0,0,0,0,0,0,0,0,0,0,0,0,0,0,0,0,0,0,9,0,0,0,0,0,0,0,0,0,0,0,0,0,0,0,0,0,0,0,0,0,0,0,0,0,0,0,0,0,0,0,0,0,0,0,0,0,0,0,0,0,0,0,0,0,0,0,0,0,0,0,0,0,0,0,0,0,0,468,0,0,0,0,0,0,0,0,0,46,0,0,0,0,0,0,0,0,0,0,0,0,0,0,0,0,0,0,0,0,0,0,0,0,0,0,0,0,0,0,0,0,0,0,0,0,0,0,0,0,0,0,0,0,0,0,57,368,0,0,0,0,0,0,0,44,0,0,0,0,0,0,0,0,0,0,0,241,0,0,0,0,14,0,0,0,0,10,0,0,0,0,565,0,9,0,0,0,0,0,0,0,0,0,0,0,0,0,0,0,3646,0,0,0,0,0,0,0,0,0,0,0,0,22,0,0,0,0,0,0,0,0,0,0,7,0,0,0,0,0,0,0,0,0,0,0,0,0,0,0,0,0,0,0,0,0,0,0,0,1,92,0,0,0,0,0,0,0,0,0,0,1,0,0,0,0,0,0,0,0,0,0,0,0,139,0,0,0,0,0,0,0,0,0,0,0,0,0,0,0,0,0,0,0,0,0,0,0,0,0,0,0,0,0,2,0,0,0,0,0,0,0,0,0,0,0,0,0,0,0,0,0,0,0,211,0,0,0,0,0,0,0,0,0,0,0,0,0,0,0,0,0,0,0,0,0,0,0,0,0,0,0,0,0,0,0,0,0,0,0,0,0,0,0,0,0,0,0,1,0,0,0,0,0,0,243,873,0,0,0,0,0,0,212,0,0,0,0,0,0,0,0,0,0,0,0,0,0,0,0,0,0,0,0,0,0,0,0,0,0,0,0,0,0,0,0,0,0,0,0,0,0,0,0,0,0,0,0,0,0,0,0,0,0,0,0,0,0,0,0,0,0,0,0,0,0,0,0,0,0,0,0,0,0,0,0,0,0,0,0,0,0,0,0,0,0,0,152,0,0,0
"gene_1071",8,12,189,0,0,0,0,4126,36,160,214,0,2,0,0,82,20,0,0,10,416,64,0,4,1081,1,34,124,0,55,1,7,71,1,47,0,0,0,228,19,0,2,22,39,0,5,51,40,69,140,180,972,11,69,0,640,0,1147,4557,0,166,231,0,7,27,0,1,137,0,1542,0,11,0,2053,1750,60,718,234,0,13356,523,555,0,1080,0,0,0,0,4,13,2956,91,0,6927,950,249,0,981,0,0,7312,0,40,28311,191,0,2697,9,26,79,2159,0,24,7,2047,899,0,19,1864,45,0,1,4,0,0,0,42,19,3,0,230,30,0,1425,2892,0,973,0,4454,0,256,3559,6848,1,2037,1028,222,15,0,36,20122,459,14374,2548,0,0,435,110,0,25,0,2698,0,0,27,1,69,5,22,1309,3,323,123,6,0,235,1850,0,3346,0,0,0,0,0,3142,106,109,0,0,0,20,995,4314,119,0,5,0,10,17,0,0,0,248,0,192,0,7,34,0,0,0,896,0,1548,0,4,209,6,0,0,0,0,0,0,6,3,0,0,5696,0,0,17,0,40,0,4489,0,0,0,0,0,1377,1,0,453,0,0,0,0,0,62,0,1,328,35,6,1,0,10,0,42,1085,3122,69,5,0,5913,215,1346,277,0,2,10,4,53,3367,1280,95,29,2,0,0,56,848,3,93,3381,846,1534,33,1790,1,0,0,4,233,538,345,84,1841,9,11,0,1834,0,193,2,381,201,36,509,13135,211,1772,2248,228,1461,747,1357,5,363,2,161,0,0,728,4,9,10640,0,44,3,476,326,83,3904,1,267,506,127,0,1,2997,557,9,115,9536,6472,102,53,0,0,5,274,3813,1,2,9676,857,1893,966,87,0,318,0,250,4761,1530,3733,0,409,698,757,325,31,187,2061,8203,57,1618,380,0,12,1129,81,288,276,167,6519,0,83,1877,548,101,18,597,13,6075,1839,252,324,501,265,103,147,676,2346,4589,2007,2666,514,758,1092,459,958,202,1047,4240,0,8,485,42,682,0,3,7799,18,641,0,1050,11,273,92,27,0,0,0,654,0,3741,2475,30,102,36,3716,433,417,0,4,2,302,1,661,0,0,3306,0,0,34,1,1,33,0,92,8,2,0,1597,329,1258,9,433,1345,7,0,14,111,0,54,2,3906,1816,0,105,12,6,0,4,11,2,340,0,0,0,877,158,27,0,2,0,71,0,38,25,0,0,0,1,9,0,4163,214,0,98,574,816,142,755,0,2202,1,0,1,13,91,1249,524,0,0,5906,0,0,128,230,180,26,1063,100,127,0,132,495,20,6411,2,1302,101,2566,5,151,0,54,79,362,0,3518,11,5,16,6358,0,287,1935,2980,0,1576,629,0,9,24,1534,0,289,277,0,12,565,7,0,0,671,6,0,76,1935,4639,189,0,0,72,0,0,0,5,1,1,34,7523,21,329,0,6536,0,551,1513,31,1783,45,0,52,108,183,18,43,2100,4,90,104,4,0,374,22,0,211,0,2245,0,1,0,346,778,0,0,0,1377,3,70,0,5845,0,174,122,11,282,3,0,0,0,0,3830,291,88,0,0,16,0,3728,1474,0,24,0,6,62,212,559,138,2414,248,621,7,18,1,0,1,1057,1,4168,26,0,2,4,1319,29,0,3,315,0,27,96,2,48,0,12230,505,0,342,0,641,4485,313,8,149,0,9,3393,4712,8,533,1,55,2,243,0,1094,0,0,0,971,4,0,119,10,0,146,4966,2011,1,3,4,1003,0,0,0,57,2,2101,9,0,1023,0,215,0,0,690,0,0,3029,0,516,134,353,178,442,16,0,249,0,5
"gene_1072",0,0,0,0,0,0,0,4,0,0,0,0,0,0,0,0,0,0,0,0,0,0,0,0,0,0,0,0,0,0,0,0,0,0,0,0,0,0,0,144,0,0,0,0,0,0,0,0,0,0,0,0,110,0,0,0,0,0,0,0,0,0,0,0,0,0,0,0,0,0,0,0,0,0,0,0,0,0,0,0,0,0,0,0,0,0,0,0,0,0,0,0,0,0,0,0,0,0,0,0,0,0,0,0,0,0,0,0,0,0,0,0,0,0,0,0,0,0,0,149,0,0,0,0,0,0,0,0,0,0,0,0,0,0,0,0,0,0,0,0,0,0,0,0,374,0,0,0,0,0,0,0,357,0,0,0,0,0,1290,0,0,0,0,0,25,0,0,0,0,0,0,0,0,0,0,0,0,0,0,0,0,0,0,0,0,1,0,0,0,0,0,0,0,0,0,0,0,0,16,0,4744,2,0,0,0,160,0,0,0,0,0,0,0,1,0,0,0,0,0,0,0,0,59,0,0,0,0,0,0,0,0,0,0,0,0,0,0,5671,0,0,0,0,0,0,0,0,0,0,0,0,67,0,0,0,0,0,610,0,0,0,0,0,0,20,0,0,0,0,0,3,0,0,0,0,0,0,0,0,0,0,0,0,0,0,0,0,15,0,0,2,0,0,0,0,0,408,0,0,0,194,0,0,0,0,15,0,0,0,0,0,0,36,0,0,0,0,0,25,0,239,0,0,0,0,0,0,0,0,0,0,1,0,0,0,0,0,0,0,0,0,0,0,0,0,0,0,0,0,0,0,0,0,0,0,0,0,0,0,0,0,0,0,0,0,0,0,0,4,0,0,0,0,0,0,0,0,0,0,0,0,0,0,0,0,0,0,0,156,0,0,0,0,0,0,0,0,0,0,0,0,0,0,363,0,0,0,0,0,0,0,0,0,0,0,0,0,0,0,0,0,0,0,0,0,0,0,0,0,0,0,35,0,0,0,0,1,0,0,1,0,0,1,1,0,11,0,0,0,0,0,2,0,0,0,0,0,2,1,0,0,1,1,1,0,0,1,6,0,1,0,0,0,0,0,0,0,0,0,0,0,0,0,0,0,0,0,1,0,0,0,0,9,1,0,0,2,0,0,0,0,0,2,0,0,0,0,1,2,0,1,1,0,0,0,2,0,0,0,0,0,0,0,0,2,1,0,4,0,0,1,4,0,0,0,0,0,3,0,0,0,0,0,0,0,6,0,0,0,0,0,4,5,0,0,0,0,1,0,0,0,2,1,0,0,0,0,0,0,0,0,0,0,0,0,0,0,0,0,0,0,0,0,0,0,0,0,0,0,0,0,0,0,0,0,0,0,0,0,0,0,0,0,1,0,0,0,0,0,0,0,0,0,0,0,0,0,0,0,0,0,0,0,3,0,0,0,0,0,0,0,0,0,0,0,0,0,0,0,0,0,0,2,0,0,0,0,0,0,0,0,0,0,0,41,0,0,0,0,0,0,0,0,0,43,0,0,0,0,0,0,0,0,0,0,0,0,0,0,0,0,0,0,0,0,0,0,0,0,0,0,0,0,0,0,2,0,0,0,0,451,0,0,0,0,0,0,0,0,0,5,0,0,0,0,0,0,0,0,525,0,0,0,0,0,0,0,0,0,0,0,0,0,0,0,1,0,0,0,0,0,0,0,0,0,0,0,0,0,0,0,0,0,0,0,0,0,0,0
"gene_1073",0,0,0,0,0,0,0,0,128,6,0,61,0,0,21,0,0,0,0,0,0,0,0,0,0,0,0,0,0,1475,0,0,1,25,0,1,0,0,0,0,8,82,23,0,0,0,0,0,0,0,4,0,321,0,0,0,0,9,0,72,0,0,0,551,0,0,0,0,0,0,0,2,0,0,0,0,0,0,3,0,0,0,7,0,0,0,0,0,0,0,0,0,0,0,0,0,0,0,0,0,0,0,0,0,0,0,0,0,0,0,0,0,0,0,0,0,0,16,0,35,0,0,0,0,0,0,0,2,0,0,0,4,0,0,0,0,0,0,0,0,304,0,0,0,0,0,0,0,0,0,0,0,0,0,0,0,10,0,0,0,0,0,0,0,0,0,0,0,0,0,0,0,5,0,0,543,0,0,0,0,16,0,0,0,0,0,0,328,0,0,0,0,0,0,0,63,10,0,0,0,0,0,0,144,0,0,0,0,0,10,0,142,0,0,0,0,0,0,0,0,0,0,3,0,7057,0,0,1512,0,0,0,0,0,0,1386,0,0,0,0,0,0,0,0,0,0,27,0,0,0,0,15,1,0,0,0,0,32,0,0,0,16,7,208,0,0,0,8,0,0,3,0,30,0,194,0,65,214,0,0,0,305,0,0,3,0,0,0,0,62,0,7,0,12,0,0,0,0,0,0,0,0,0,0,0,0,0,0,0,0,0,498,0,0,23,0,0,0,0,100,22,0,9,0,0,0,0,211,0,0,11,2,0,0,0,0,0,28,8,0,0,114,0,0,0,0,0,0,0,5,1,90,37,1,0,8,0,211,0,0,12,0,0,0,0,0,180,0,0,0,0,0,294,0,0,134,0,0,0,163,0,0,0,0,0,0,0,0,1,196,0,313,0,1,0,0,0,0,0,0,0,0,0,0,0,0,0,0,0,10,0,0,82,0,0,0,3,16,72,5,0,0,1,0,1,0,2429,0,0,0,0,127,0,0,0,0,0,0,0,0,0,8,0,0,0,0,0,0,0,0,0,0,0,0,0,0,0,0,0,0,0,0,0,0,0,0,0,0,0,0,662,0,0,0,0,0,33,0,0,0,206,0,0,0,0,0,0,0,0,0,51,0,0,0,0,0,0,0,0,0,0,0,0,0,0,0,0,0,0,0,0,0,0,0,0,1,0,0,0,0,0,0,0,0,143,0,0,261,0,0,0,28,0,0,0,2067,0,0,0,0,0,0,0,0,0,32,0,93,0,0,0,0,0,9,0,0,0,0,0,0,0,0,0,0,0,0,3,0,0,0,0,0,0,0,0,0,0,0,0,0,0,0,0,0,20,0,987,0,0,0,0,0,0,0,0,0,0,0,0,0,0,4583,0,1647,0,0,0,0,0,0,0,0,0,0,0,0,1,0,0,0,0,0,0,0,0,0,0,0,0,0,0,0,0,0,0,0,0,0,0,0,0,0,0,0,0,0,0,0,0,0,0,5,0,0,0,0,0,0,0,0,0,0,0,0,0,0,0,1,0,176,0,0,0,0,0,0,0,0,0,0,0,528,0,0,0,0,0,0,1,0,2600,0,0,0,0,0,0,0,0,0,0,0,0,0,0,0,333,0,0,0,0,0,0,0,0,0,26,0,0,7,0,0,1,1,0,64,0,0,0,0,0,24,0,0,0,0,0,0,0,0,0,0,0,0,0,0,0,0,0,0,0,0,0,0,0,0,0,0,0
"gene_1074",302,369,23,40,43,139,650,5521,410,1352,116,7286,226,237,515,1329,987,1713,1865,1,107,179,108,1907,282,10,2318,4058,4,882,111,657,347,120,501,99,6535,3816,1315,6869,2037,16,162,765,6,16,665,460,2961,856,268,0,48,0,1117,990,7,5959,206,194,2,1491,251,525,78,1724,1224,96,122,875,352,480,5,492,20,926,186,863,357,56,562,177,0,1084,113,4265,623,526,419,651,2,3835,11288,1,3981,0,1637,238,455,1,0,0,371,221,0,0,147,0,594,5216,0,58,458,0,1943,0,403,39,6678,331,13,391,1,0,2,3,81,2777,51,9,8892,2811,3072,0,372,0,6326,1031,5,718,358,0,16,5,528,5228,1121,0,6,4012,190,48,11,16,317,2132,21524,20,259,0,553,3849,0,5,0,59836,3016,2695,808,2,318,6,698,2318,0,120,14066,1207,9,15,24,83,62364,6533,0,1,0,8089,151,54,80,728,1,0,3052,37,107,1,2913,64,15729,0,75,4003,2754,376,384,13333,3184,1466,2809,4033,4857,0,93,3680,22226,315,3,87,1510,8209,870,2040,217,1239,1244,3095,0,2255,2500,6,506,42,0,87,7034,230,3434,58,250,398,165,35,1350,1602,10147,2761,42,3,3748,4572,1613,83,20,50,6,170,61,4,3293,48,4185,632,2003,4044,27,194,2,1026,20,4147,112,155,0,614,0,846,30,7,117,1825,6845,5541,147,7,614,0,819,3318,0,548,2,545,348,6261,4,2432,1065,33,54,979,0,4077,616,102,2252,53,957,8,69,73,138,889,1,224,6630,536,3594,8090,1467,370,256,5171,1428,480,93,141,1102,88,5638,99,1970,3918,2857,139,3564,2498,159,975,145,127,1,86,4119,218,1142,434,11246,91,81,640,4754,77,157,639,6876,3168,667,198,340,1257,8899,679,7398,4577,3832,1289,21,3766,2344,14,2457,0,2310,151,15787,324,2450,613,4976,8536,446,16282,1890,0,1358,1068,4754,3504,18,4661,1320,738,3320,4712,4063,20,18,300,6,21635,2648,16,40,5988,170,785,777,7,574,47,4104,6916,1797,2979,5125,4236,1794,70,528,128,1366,1973,721,2298,2389,53,143,12306,913,203,846,3,298,893,69,3275,3,78,2,1448,24,264,1,1330,1031,21,675,1,986,96,5,11,18,36,1902,0,846,10,0,371,5424,1818,74,257,0,1757,2106,181,1873,32,7,1290,7,124,65,0,5,110,1009,238,70,6,9,220,48,74,7,0,0,1098,6574,0,24,397,207,340,4762,0,292,20,0,0,961,58,179,0,0,0,5,2,940,1,160,322,150,436,381,86,19,208,0,1325,78,152,2,625,3,2,14,61,800,0,0,0,1313,3,21,52,634,1157,0,1169,0,3,9,18,89,406,0,1177,3361,18,14,538,9,391,24,1062,0,0,1,460,514,91,0,993,31,1,109,209,0,1,244,416,0,0,18,0,4789,277,87,2086,223,53,2869,54,5998,30,4,0,6,0,17240,1626,0,534,0,0,1856,736,507,1621,39,15,0,0,0,0,0,0,3,69,4049,1093,1,0,4091,117,27,761,1036,92,20,4,842,0,0,3453,278,0,0,113,3675,2449,0,359,6039,0,0,0,557,0,30,32476,0,135,1,1057,5,0,0,1,368,1226,27,223,0,3,1601,279,1,9611,162,265,0,0,150,13,6337,73,39,68,83,0,4,482,2,0,833,340,388,17,191,4084,326,745,1078,1075,458,8780,47,12030,2922,1,3,0,2,679,24,5935,1688,0,0,0,0,21,10,17,2930,533,13,1,484,4955,3113,0,1072,33,0,0,27,133,1,0,0,435,0,447,0,34,29,370,1602,509,994,467,227,347,52,1132,2387,1,0,1,2787,40,0,817,0,20,1,1084,63,6163,0,172
"gene_1075",15567,1895,381,1101,2452,1559,3601,13308,5928,8853,1541,12354,2543,1157,1218,1315,345,21874,2564,1188,214,1815,12347,808,118,114,1145,2831,6799,201,3745,4896,1027,542,8528,4614,8928,1763,864,9778,5764,2941,81,563,1192,9179,2234,80,483,15268,222,13186,192,121,3566,6116,2812,2891,2934,6158,6680,7154,7554,5671,943,4042,358,992,2768,336,1254,6677,2878,634,5240,1203,156,295,1096,1720,167,1687,861,14762,2045,4510,1023,1185,38217,578,930,16276,1703,780,255,725,1770,194,11654,15695,10789,7750,5831,15821,7436,22011,5242,9530,1918,5180,19552,3395,1175,1311,132,111896,24,884,1028,3626,4,42573,546,487,1768,42123,83,2389,9330,5093,2756,1048,46,6242,40792,347,28,46,2636,12590,3485,989,36409,356,17,7500,61,723,16313,778,3942,7421,3559,14034,2485,18729,26199,1042,308,422,72752,9,31458,2640,11104,1533,2800,60654,0,16994,15748,12,38373,5135,2470,22391,26933,2422,24742,1561,14249,24048,1585,17280,9307,2057,86156,53228,8526,2106,14826,3065,9,8842,12013,111,464,24480,10760,10956,31631,7614,118,7183,2113,1748,203,11848,207,4385,4296,71792,3,32316,1945,11104,37,3,41669,233,24464,7141,33,27635,1167,6600,7319,21769,270,717,1643,5558,3203,142,13,1021,50871,5244,2537,104,22193,9254,12291,7861,1794,60,2164,2380,117,474,4123,638,70448,562,1536,22796,5248,14241,2750,995,5987,948,980,21,1815,1578,201,0,16,3072,552,28652,828,1959,5448,64,1419,8063,4681,358,465,2,6325,1932,0,5441,10,14284,13041,5235,3222,113,26,193,1138,272,9654,3224,2792,962,1122,1145,788,6,791,570,724,1580,3434,452,166,1046,1951,1762,5206,273,206,3008,2005,6622,4690,210,825,8256,714,3886,1617,469,2722,1929,1233,831,640,1993,1027,845,2188,925,512,4510,545,5625,2523,13119,1126,401,479,3671,6814,305,2882,937,46,2736,973,4,734,19383,6419,8044,3,1851,2353,964,5970,1125,1267,27,1147,789,7221,472,4152,11861,916,10895,28788,1013,6159,6752,29,4340,1339,951,386,74,1025,792,8175,797,1101,5869,10794,2784,1343,161,9766,1348,4561,250,3087,281,194,81,7681,536,1733,265,4,209,4024,11367,4676,242,588,1045,5382,1421,1043,156,4524,547,1187,11839,110,5270,3003,79,3885,473,261,1727,1413,3,1265,38,206,358,161,2710,2608,39,282,664,245,1272,2,2734,1662,836,1023,289,827,282,691,806,65,814,349,36,101,355,1799,1912,2,1046,483,789,100,686,172,124,547,2232,621,111,1202,301,7,132,8,16,262,3,0,1750,4,1269,5,1356,539,519,6903,665,134,867,6,1237,2808,577,820,98,29,983,4473,993,630,3197,2118,543,2266,480,196,212,2,2342,792,5327,1289,3978,2,1339,1671,373,877,2493,1336,235,1565,253,4808,4,687,2521,1118,87,956,455,79,4293,200,497,1417,660,2350,282,48,25,53,387,2352,42,3078,281,6186,1333,311,30,1123,1444,478,4753,546,32,1403,1890,680,53,1998,509,277,31,4,3230,2132,3586,2770,126,2053,1931,242,6967,34,25,0,50,855,2000,6,2462,279,5,0,526,2890,81,37,165,12217,1274,285,236,2,47,0,3388,32,2,206,0,2,4,680,117,32,8820,0,10,393,1487,187,124,0,338,0,760,176,117,2251,325,2512,3,621,68,5128,933,1541,54,0,2,204,4120,1200,219,0,868,0,1938,2916,0,0,1356,2691,0,1318,187,50215,370,0,343,52,12,10,0,2,3759,29,208,447,1833,48,318,0,2286,10,38,4,6535,4874,0,1,199,4,8560,16,11040,58,3,0,323,2200,1046,358,2,1881,258,420,214,6,6584,3,104,7245,1556,0,280,25,0,3403,1239,10,28,3727,3812,1120,652,1724,35,6,48,1947,2,12335,2,7731,21429,210,8,415,2,980,8,3284,0,6426,3165,510,0,0,0,5764,1723,129,15083,1018,262,1926,0,858,9,0,31068,0,112,0,44,4338,72
"gene_1076",191,299,46,46,73,23,108,11,258,1432,111,34,253,55,438,702,408,27,11,0,44,473,622,600,160,146,1565,11,171,2656,18,156,131,1026,733,741,250,23,836,264,35,0,198,90,2197,366,93,550,44,4,250,284,106,198,239,520,584,0,17,654,744,497,960,37,226,291,35,2918,380,31,406,139,111,36,833,1586,151,293,436,353,1626,1,473,1812,314,583,224,707,620,185,2711,1793,277,0,913,4,398,177,23,5,471,1623,5,2,4,100,2,8,3965,6,9,267,1,92,0,0,70,319,1811,128,2,1,0,4,343,447,372,29,367,686,235,714,2752,0,422,390,35,14,174,97,1280,101,83,1153,16444,359,951,238,5572,38,238,1,553,1104,432,0,7501,981,4492,26,7642,0,9,0,0,981,1,2574,332,17,264,0,3422,0,4873,11578,41,0,1011,4744,370,773,1263,131,435,586,740,103,4528,5983,2,1169,0,907,2875,5,25,465,40,1,47,70,1504,941,0,677,310,32,1395,51,91,60,37,10,359,666,0,220,170,8,271,2,30,1526,0,797,128,944,5264,97,0,5,517,75,4927,124,49,3122,1306,45,823,83,187,370,70,707,7,354,0,378,1720,50,91,184,16,1,1590,264,54,619,255,1219,180,6,57,338,55,1412,218,1934,2900,2405,90,94,34,1784,162,2795,96,526,170,62,539,181,169,2,976,4,426,927,807,648,31,0,874,30,390,195,255,465,1092,313,20,154,114,166,2,609,10,643,3044,40,13,80,92,9,76,1347,18,1459,218,17,24,934,169,10,65,24,2662,26,650,183,38,778,656,317,205,733,101,2241,87,324,18,1646,365,75,48,201,24,0,584,376,130,20,291,646,17,24,43,632,350,763,101,1680,341,953,74,175,55,296,1121,177,936,91,981,1278,34,49,54,442,615,306,845,1397,425,148,435,162,69,55,602,117,12,76,379,1,59,68,74,749,1120,30,379,41,2,4,98,299,1428,111,2741,804,287,1353,2928,4,596,34,2766,1,1214,958,84,3615,0,497,4,87,481,34,116,57,9,260,0,760,55,21,270,288,85,22,95,66,1569,4,24,17,257,721,56,0,26,285,171,398,0,4,167,7,97,49,524,92,43,125,122,3,7,86,831,86,242,185,539,9,60,442,1134,0,1336,18,192,23,2,251,67,63,229,108,306,10,2276,587,440,172,4,13,101,255,263,76,169,40,83,229,467,7,42,1083,9,18,10,404,483,62,5,172,83,413,1,97,1625,44,60,242,362,22,20,78,70,80,8,159,487,438,22,93,459,303,21,142,197,5,68,19,9,19,103,197,11,57,60,234,2,218,9,964,145,145,148,53,417,4,52,22,479,16,25,32,55,1,53,5,1581,895,2119,28,760,832,33,247,1738,12,36,2,0,480,183,451,4,1043,9,6153,225,613,4,3413,0,357,774,1,279,64,2181,235,0,62,40,545,1401,404,24,29,0,40,129,256,10,279,55,824,0,28,13,0,583,40,52,45,0,28,0,502,1352,0,176,1400,425,62,32,3687,343,521,277,0,734,24,3,18,1088,195,265,155,117,324,362,0,12,560,146,2,0,22,82,376,44,1,8,1579,0,39,4,123,336,0,3318,291,11,118,9,231,0,876,52,560,713,11,1,2330,1,11,68,245,126,785,63,0,33,19,33,1137,1257,656,9,316,1,530,486,0,0,2,658,38,86,0,80,567,5,30,0,324,1,15,4192,1747,858,376,0,40,0,866,2,11,1132,693,4198,644,0,552,0,420,6,4,14,4,220,2,101,1294,0,362,2,1,1,2,0,211
"gene_1077",1891,3350,1932,640,366,9,237,923,157,1462,1976,7503,2093,523,231,129,39,417,1001,1338,3,3051,2378,2609,226,1948,238,457,431,9522,0,1309,76,672,1237,259,6492,2636,572,1739,3384,9,294,1488,5975,177,1505,9126,677,316,64,4714,3976,145,2821,13598,287,16291,533,4088,256,2343,18653,646,3082,0,2731,907,1558,2535,293,978,0,5,916,946,8077,2087,5645,5739,14526,6930,20,1679,636,933,55,8128,0,233,82,2799,4349,23185,11,0,0,2928,626,4537,3164,1582,26,5388,20291,2843,3029,1724,116,509,801,6107,0,4164,9145,7,227,1081,27,10314,70,4699,52,404,1531,137,488,193,645,3205,2,2846,8930,216,1701,0,1965,24779,19009,2184,8373,1356,3205,3925,16,426,629,72,118,4409,284,2354,617,298,2986,1,7294,87,106,83,368,4,365,561,1446,23719,435,457,2,4262,14304,688,3874,2094,8772,35,3,1607,22864,98,7570,1483,7062,198,23467,5819,7820,8,4470,4778,640,22,11252,1144,5324,1570,4295,0,561,4236,171,443,3235,139,14222,17,66,7027,2025,206,23070,2500,4873,103,828,2586,4691,212,222,1225,569,2254,307,1484,10159,26466,46948,96,3542,235,21,5393,1736,2001,18114,1676,3102,436,16488,56,1655,10518,858,6469,21503,3783,13533,4028,1436,1263,1321,7921,115,0,192,1318,4697,468,1320,51377,5340,7613,111,88,3639,1233,1911,666,2432,7965,6330,719,7370,427,9092,146,2406,151,3096,796,480,440,5995,1023,2286,367,5080,33,114,1630,18971,3950,10614,768,4679,1219,2854,1207,1760,1467,588,2086,29,2460,4270,4122,3889,3054,9,83,11076,1933,76,2017,83,934,16,3711,206,1530,212,1136,2888,30,1464,3635,2811,1007,22502,1585,2057,561,2201,182,439,609,851,1510,2219,15002,41,65,241,33,20921,173,1859,714,767,21,5,7254,442,91,1180,3163,638,1714,586,483,3112,2263,7596,1124,442,1728,981,3980,408,1242,1236,37,373,11558,2565,738,8615,318,68,471,464,3616,112,3071,2069,42,350,149,1268,302,2852,1425,62,316,503,2262,1344,3327,654,30,861,396,3466,11283,425,2089,11,1028,3013,3287,2223,132,3186,221,8935,851,3065,28,9743,123,317,528,71,1456,31,10586,301,346,421,1395,3088,3408,2752,3068,53,1444,2217,64,3803,14,1560,277,1769,147,1369,0,34,1910,254,507,630,8,427,7,79,872,0,578,2672,5103,165,0,490,1384,252,2085,84,761,388,13,93,3371,32,448,10,369,849,205,31,139,277,0,251,49,39,13,1463,10,828,561,323,263,8424,2206,59,439,1195,2675,5441,157,154,1369,7943,54,10677,2343,228,803,88,253,1489,19,278,1060,984,823,94,127,226,231,431,25,15,4,22,211,133,261,3442,348,2217,35,4876,678,50,250,164,1575,737,2521,27,174,911,4,1217,3395,110,5,2,532,29,4,1562,3373,825,18,106,13,81,4252,2774,3266,7980,1723,41,2915,2907,39,2,154,2,2046,371,1167,293,1499,286,541,1356,3,351,7177,168,4166,1,2289,2011,1173,1261,446,747,0,748,9817,6,0,1,6338,1680,3107,186,0,412,834,7,20855,1048,1814,1330,0,24,515,83,0,3321,869,3039,1766,557,533,13,0,559,167,194,1686,3118,520,3,363,22,1668,173,2611,20979,1920,5413,3349,1267,3384,16,3,24,0,396,4758,17055,9,1,2923,8311,848,1376,77,0,1231,12191,2135,52,285,1702,2693,0,288,16,151,169,229,429,4,14,53,1814,18,3348,3,573,235,1175,27,157,17,242,207,3288,4846,4,230,1637,1,4203,1477,347,16146,58,3521,8970,887,1170,9852,41,17,3347,1,4257,694,0,3563,331,1633,14,264,1434,2505,1794,93,1235,30,813,2434,83,132,661,2013,0,221,305,869,1526,139,1698,1598,781,96,2235,15096,1107,9003,364,3116,285,2,1818,0,9066,603,1317,126,224,5849,5400,2059,2,6640,1079,4627,862,3
"gene_1078",604,1529,288,271,7587,16,1051,4,307,2503,77,471,417,1111,2223,0,106,287,1466,3737,167,4719,3107,539,12,785,640,4556,592,2184,4277,103,488,5804,20,3176,1264,0,1787,486,0,3248,100,573,125,20,0,1926,1433,33,6,89,12,187,3146,7486,1256,12951,1633,1011,5233,10104,8920,1751,2113,107,0,2348,1140,869,165,75,1,1,1885,54,134,4325,514,3166,23726,1297,1222,7383,1124,612,284,21,2942,4,1,1,1871,0,1533,616,3,26,0,4,1229,0,332,3103,425,0,981,474,1,5,1166,0,0,0,33,20,0,748,0,2814,473,443,1,43,0,122,7,0,0,2,68,677,22,10750,8511,351,1813,2292,2211,242,26,591,0,13,2303,4,4106,1333,0,1,2,3,125,0,3025,11427,36,191,23,726,1442,2194,53,5524,0,0,41,4,119,417,126,7,1,160,5,10519,12029,3935,112,28,3603,1,0,510,0,36,9,72,5591,104,1,2068,0,8517,14446,0,0,4,0,0,0,0,60,0,0,18,0,0,9,1119,4324,84,1,0,0,0,2,1,4947,46,5583,99,0,0,1140,0,566,2,5406,0,6,0,0,5907,0,474,0,9,5256,192,0,0,0,520,1274,122,3,0,965,1660,0,1,105,687,9294,0,0,0,3801,124,265,1003,186,0,0,362,4669,5788,74,2233,3,6,0,2,1190,4270,3,371,2786,338,336,0,20,1228,21,835,22,6054,0,621,0,1072,21,664,880,2,1547,74,4166,526,2,0,196,1,0,0,752,0,1240,282,1363,11,904,718,0,2061,80,1496,858,215,482,1186,270,4320,516,6,39,37,812,1,48,63,505,6959,0,39,61,0,6207,1489,35,7337,56,0,0,0,148,370,199,43,170,1800,35,10,404,83,507,0,5679,565,211,600,446,1384,0,12,5103,557,4315,304,443,1,0,0,11,22419,0,986,1,68,620,217,845,10217,159,2,584,8,7,499,2703,1086,4889,869,363,83,210,1,2162,4661,5641,2,1918,1277,323,1954,1010,3,17,0,4656,5317,1875,3525,2304,0,442,0,139,510,1935,3516,640,257,205,7118,260,6,640,194,47,150,1914,57,741,6,72,22,210,156,0,5,15,141,0,39,0,2,54,163,0,268,1,21,595,2,298,0,18,0,3029,290,155,84,21,36,8,101,1240,291,266,374,96,1,175,509,101,1110,0,24,0,0,2509,1866,1112,3265,0,0,1816,41,17,254,1716,18,20,194,0,222,1271,0,13,2913,1765,802,1971,1,625,0,1997,10,319,1126,0,0,0,3,687,1220,551,9,11,0,212,50,196,216,184,2909,89,467,428,3,40,27,84,3,0,39,79,1,1063,7,2550,0,30,3712,17,2,0,2,1491,0,1058,1,1568,7,2,2535,44,0,2495,1086,5248,212,117,57,0,1330,68,567,9858,10,16,260,395,271,2,0,2,0,40,28343,6713,10984,202,5875,3246,3,5,0,1705,9,3200,3760,0,887,961,1991,0,14,56,8238,1022,196,32,0,2492,19,11,2,1492,0,1126,607,71,0,5,558,0,8,2582,495,2264,4929,143,277,39,2970,47,0,1,12195,0,0,114,12,54,476,2,0,1,1470,0,13,6155,66,0,8456,1160,23,28,1,0,1133,6,2072,8390,62,0,0,3086,9,3,12534,28260,27,409,41,802,380,0,0,25049,1783,5,96,139,0,122,2844,42,144,29600,193,8611,1130,2,1,16640,0,1,3920,191,8,9246,134,0,544,1776,5,147,0,3,506,0,255,2569,0,582,965,0,2,2371,0,0,0,0,0,104,942,17,2,0,130,15,2045,2036,1578,1,0,7,1865,11,393,1103,6155,0,0,9993,377,1,2,1466,42,772,6602,141,5038,0,1964,0,588,181,5187,903,1834,4,3
"gene_1079",25,0,19,0,0,0,0,102,0,0,0,6,0,0,37,11,7,49,0,26,0,0,17,4,3,0,8,0,0,4,0,1726,21,16,447,36,27,0,1039,0,1357,5,550,0,0,12,24,29,32,3,0,185,10,112,19,240,8,15,177,61,79,0,0,0,60,0,11,981,0,467,0,427,1,0,1,4,0,30,0,387,166,53,117,0,539,0,75,0,0,0,0,149,0,224,0,1,0,0,0,53,0,0,0,0,0,135,0,0,0,1019,3291,1,0,388,6,236,0,366,0,279,10,0,584,0,46,47,70,0,0,0,44,177,0,686,0,1696,715,1690,0,0,3,0,163,0,0,0,2127,3017,9,2139,39,0,599,0,2338,0,3,2351,7,0,498,0,1004,0,0,2096,0,0,0,0,1880,0,365,0,14,212,410,1202,0,0,73,0,0,0,2,0,3,6,263,0,27,0,0,0,0,0,286,0,0,0,277,0,106,39,0,4419,0,94,0,0,0,2,0,56,0,0,38,0,0,2,0,6,254,1,0,0,376,18,0,2429,0,0,3,1059,0,0,0,0,0,0,0,136,0,0,0,0,0,0,1,0,40,11,0,41,7,873,0,0,0,0,0,0,0,698,323,22,159,4,90,0,4,1,4,2,0,221,0,60,0,8,0,0,0,0,374,0,0,10,0,3,0,0,0,1,0,0,68,0,0,0,24,0,7,1,173,2,1,429,0,4,0,700,0,0,0,4,0,0,30,0,57,0,722,0,0,23,0,0,0,0,21,0,0,0,1,873,0,24,0,0,0,4,535,0,0,2,44,0,0,8,327,10,0,0,0,2,6,35,0,122,0,935,0,89,256,0,6,117,3,169,470,194,0,0,6,45,337,0,0,82,5,100,56,0,0,14,0,47,0,153,14,0,0,0,0,0,0,0,0,0,0,2209,0,4,1,0,0,0,0,0,986,0,784,41,0,10,0,0,19,0,265,0,0,0,2,551,0,0,2,0,87,0,3,44,0,0,0,0,0,7,0,0,5,147,0,0,85,0,0,0,11,0,28,13,0,0,1,0,33,0,0,0,0,145,0,0,87,0,28,0,0,0,70,1,12,0,0,1,2,0,0,1,0,0,0,0,80,0,0,0,0,0,59,0,0,0,0,1,28,0,0,0,0,4,1,0,15,4,26,0,0,0,0,0,0,0,1,40,3,302,0,0,0,0,0,77,113,0,18,107,0,0,0,0,2,5,0,0,0,17,58,117,1,103,0,0,10,0,0,6,129,35,188,279,0,51,0,0,44,1,0,0,2,0,160,1,1,0,12,0,0,0,0,0,46,14,0,1,57,126,0,61,0,0,0,0,0,0,0,0,0,0,433,0,1,0,1,0,0,0,9,0,38,0,0,0,0,0,9,0,0,0,0,0,0,0,0,0,0,0,0,0,0,0,0,156,41,0,1,0,0,192,0,232,0,0,0,0,0,0,0,115,17,0,0,0,0,0,0,0,39,0,0,0,0,0,0,0,0,0,0,0,0,0,0,0,0,0,0,0,351,0,0,0,0,0,1,4,0,0,0,112,0,0,0,44,0,66,0,0,8,0,10,327,0,0,39,0,0,0,1,0,0,0,0,0,0,0,36,0,28,0,0,0,1,0,0,0,0,0,0,0,180,0,0,0,0,2,0,0,0,15,0,0,0,0,0,0,0,0,0,0,225,0,1,0,0,0,0,0,0,57,0,420,0,1,0,253
"gene_1080",0,0,0,0,0,11,0,0,0,0,0,0,0,0,0,0,0,17,0,2,0,0,0,0,0,2,0,1,0,0,0,0,0,0,0,392,0,0,0,0,59,0,0,0,0,0,0,0,0,0,0,0,0,0,0,0,0,0,0,0,1,0,0,0,0,3,1,0,0,491,0,0,0,0,0,0,0,0,2,0,0,110,0,1017,1,116,0,111,0,0,0,87,0,0,0,0,0,0,0,0,0,0,0,0,0,0,0,0,76,0,0,0,0,0,0,0,0,0,0,0,0,0,0,0,0,0,0,0,0,0,0,0,0,0,0,0,0,50,0,0,0,0,0,0,0,0,0,0,0,0,0,0,0,0,0,0,0,0,0,0,0,0,0,0,0,0,0,0,0,0,0,0,0,0,0,0,56,0,0,0,0,0,0,0,0,0,0,0,0,0,0,0,0,0,0,0,0,0,0,0,0,0,0,0,0,0,0,0,0,0,0,0,0,0,0,0,0,0,0,0,0,0,0,0,0,0,0,0,0,0,0,0,0,0,0,0,0,0,0,0,0,0,0,0,0,0,0,0,0,0,0,0,0,0,0,0,0,0,0,0,0,0,0,0,1,0,0,0,0,0,18,0,0,0,0,0,0,0,0,1,0,0,0,0,0,0,0,0,0,0,0,0,0,0,0,0,0,0,0,0,0,5,0,0,0,0,0,57,0,0,0,0,0,0,0,0,0,0,1,0,0,0,0,2,0,0,0,0,0,0,0,0,0,0,0,0,0,0,0,0,0,0,0,8,0,4,0,0,0,0,0,0,0,0,0,0,0,0,0,0,0,0,0,0,0,0,105,0,0,0,0,0,0,0,0,0,0,0,0,0,0,0,0,0,0,1,0,0,0,0,0,0,0,0,0,0,0,0,0,0,0,0,0,0,0,2,0,0,0,0,0,0,0,0,0,0,0,1,0,0,0,0,0,0,0,0,0,0,0,0,0,0,0,0,0,7,0,0,0,0,0,0,1048,84,0,0,0,0,12,0,0,0,0,0,0,0,0,0,0,0,206,0,0,3,4,507,0,0,0,0,0,0,0,0,0,0,0,0,0,0,1980,0,0,0,0,0,0,0,0,0,0,0,0,0,0,1,0,0,0,0,0,0,0,1657,0,0,0,0,0,0,0,0,0,4,0,0,0,692,0,10,0,0,9,1,0,0,0,906,116,0,0,211,405,0,0,0,0,0,0,0,0,1,280,0,0,0,0,485,0,0,0,0,0,0,0,0,0,25,0,0,11,0,0,0,0,55,0,31,0,245,0,0,0,0,0,74,0,0,29,0,11,0,0,0,1692,323,0,0,241,39,0,0,0,0,0,0,0,0,0,0,0,74,0,0,0,437,0,0,95,0,238,0,80,0,2438,0,3,0,0,0,0,0,0,0,1,10,0,0,0,0,0,0,101,71,0,1,5218,0,0,0,0,0,1,34,0,0,0,0,0,0,0,0,0,0,0,0,0,1767,0,50,0,0,452,0,998,0,0,0,35,0,0,0,356,0,5,0,75,0,0,0,0,0,0,81,0,0,0,0,0,0,0,0,593,0,0,0,0,0,0,0,0,0,0,1,0,0,0,0,0,104,6,0,3,142,0,0,0,0,0,160,0,0,0,29,0,232,7,0,0,210,154,51,0,0,0,0,0,0,0,0,0,0,298,0,1,0,0,0,0,0,0,2,0,157,569,261,0,0
"gene_1081",255,126,192,69,518,332,38,212,53,78,23,167,4,187,287,144,328,51,150,17,42,35,7,139,48,277,34,50,31,218,7,30,14,58,334,3,9,227,35,351,50,113,370,845,16,517,93,52,329,760,45,2,186,49,3,215,231,202,10,55,96,247,133,322,105,275,274,368,22,3296,346,144,60,9,135,81,344,2,180,127,483,27,149,47,141,64,24,313,267,185,511,2,35,310,1681,15,337,17,0,794,552,25,1816,4,1,0,619,0,3892,59,2,7,3,453,0,2,197,0,0,0,11,35,84,388,8,567,0,0,18,4,0,1693,6,457,0,0,86,0,877,0,0,2,5,0,0,16,3,297,0,1,0,1299,216,0,0,161,0,2905,1167,3,377,6,1733,521,250,22,100,0,1,222,0,229,8,0,0,425,11,78,0,94,0,1019,0,268,0,0,0,0,0,2,6,0,0,0,669,4,82,7,0,2,11,57,0,197,4,7,8,17,14,105,8,138,298,73,9,0,159,0,60,2,186,207,21,185,548,93,7,471,4,182,61,71,8,24,7,518,6,2,191,0,44,290,61,1,4,20,254,3,132,37,164,1,20,34,345,21,16,0,0,23,173,115,159,89,91,362,81,83,20,58,254,439,125,95,19,41,47,69,229,119,13,197,15,158,172,98,274,437,98,639,129,105,44,41,138,249,51,125,161,480,59,112,184,284,106,46,5,132,22,36,164,37,68,148,373,177,241,424,252,296,128,121,298,83,107,246,55,194,627,328,72,25,240,147,238,8,41,115,104,58,7,193,165,44,217,41,165,290,40,22,106,333,12,73,92,32,78,70,204,158,109,292,621,108,330,72,211,103,183,164,198,237,762,48,140,1203,994,91,211,471,245,1136,794,45,82,142,60,110,124,339,40,261,49,28,239,128,70,317,89,65,188,183,422,12,320,202,260,79,56,164,274,161,105,201,289,218,98,244,232,9,32,344,68,365,17,226,84,51,300,160,98,285,152,22,97,31,125,22,847,105,19,66,285,111,270,49,60,226,95,9,132,8,46,21,10,13,178,4,403,50,18,133,411,2,51,44,34,57,99,20,0,65,199,1,48,240,79,314,616,111,337,180,28,163,23,72,10,209,31,124,3,92,198,294,396,6,110,3,68,1,63,153,27,439,138,31,1,17,35,6,103,67,5,153,44,5,48,53,13,546,0,22,151,133,4,95,635,5,70,283,122,151,228,240,668,35,202,165,464,138,65,2,4,671,286,241,66,55,129,5,68,68,27,175,319,39,11,143,186,11,107,124,18,55,11,29,64,240,5,161,499,8,17,0,0,75,107,32,0,267,9,613,283,285,64,990,237,9,3399,131,1,19,700,79,0,1190,56,253,530,6,1112,0,27,2,30,279,427,0,3,500,208,92,404,103,159,349,60,1,70,1,10,9,87,214,0,0,1,321,454,924,1793,36,760,508,374,206,252,335,9,76,0,0,1769,111,72,1,71,320,1555,3,371,17,1,7,8,5,23,2,1,49,25,0,233,1,811,212,0,8,37,795,0,14,260,289,1,24,8,113,11,1,52,40,85,157,267,99,1,0,873,23,0,304,5,2,0,28,3,101,0,213,171,84,21,1300,227,196,30,28,29,9,177,5,30,21,129,0,2,0,19,6,18,28,3,1,12,58,0,179,13,0,1,17,0,99,298,607,558,47,62,249,4,135,2,0,43,372,0,17,564,1214,386,867,125,37,758,9,31,227
"gene_1082",1,0,1650,0,64,2,335,149,6892,0,208,0,1,0,6,0,3,0,0,3,0,0,0,4,0,10,0,0,0,7,0,82,0,356,1,4516,0,52,348,0,0,0,12,3,82,0,1,0,0,118,1673,0,0,0,1,0,0,7,0,0,269,0,0,0,0,0,58,10907,0,173,0,0,25,0,0,0,3907,602,0,0,0,438,0,3,0,450,0,256,1204,1,0,82,1990,0,0,2,1889,248,4921,0,472,0,115,9433,5,3,7206,938,19,12,0,263,197,0,1329,4,21,0,131,62,150,1091,0,0,430,80,0,79,1038,552,12,1648,0,7,0,878,3,88,3432,1,37,6492,987,0,11,4346,809,1645,0,15766,2382,7515,4,8,0,1205,402,783,0,22,20,282,1,3,806,48,917,1,661,0,57,485,3493,3,28,21704,403,3991,512,18782,289,20303,10356,15,0,63,0,4063,252,1245,6,1751,130,1591,17,33,24,0,63,0,20,44,231,0,1,52,572,2,1104,0,2321,0,4676,433,7682,140,34223,402,26000,3,9,3115,8,0,0,6485,6231,357,10,0,728,8,712,0,5346,133,131,257,0,4,168,229,403,6561,0,2962,8941,4,0,6,1,1699,0,447,12,7582,19,2261,52,3354,184,1782,90,101,38,737,0,0,5,0,0,11924,0,2,393,67,103,540,2937,396,238,38,0,375,430,0,415,0,87,0,2,10,14,0,0,354,21,0,0,0,2176,847,0,0,405,9,74,5,588,0,664,197,291,19,1637,2,2284,3,1,0,788,38,0,0,671,264,353,6,0,223,57,121,0,285,3329,0,0,20,1341,0,1133,2,42,264,973,386,0,1,0,0,0,1092,153,6,0,4,45,843,3,10524,14,0,0,4,91,0,23,0,0,4668,2441,15,0,57,952,3234,125,8074,0,156,2,884,596,16,0,1202,6,58,117,2962,0,295,2,2249,0,15,2,254,226,0,343,2,6,1378,0,63,319,1,0,84,4585,1,195,1,0,1657,1,1,14,23,19203,8,0,0,1,0,0,373,102,0,0,4680,26,0,156,50,311,639,224,1309,0,25,401,161,206,4156,0,40,91,2981,511,10,5362,0,109,0,26,0,7,573,69,94,0,0,0,0,862,0,501,0,279,161,26,5632,270,0,11,1,18,719,0,983,400,12,0,0,3196,629,438,0,2294,1611,0,49,195,209,1,2,1379,0,2,14,373,4436,13517,38,351,3,447,1293,19,0,20,5079,0,27,1133,949,5870,2,0,4861,920,6,1653,342,32,1039,835,4575,7,2,0,1317,837,0,0,2,3556,0,6,1492,1091,385,777,14,38,12,0,276,219,62,237,1,0,9293,746,192,1436,906,530,232,0,3666,9,69,0,174,767,0,95,73,0,0,591,4717,0,0,0,1,0,0,0,0,0,0,0,82,0,0,149,0,3281,0,108,0,1517,0,339,31,365,0,8,0,1,1049,1,0,5333,995,0,0,0,0,0,0,0,0,0,0,0,0,330,0,0,87,187,1917,2206,0,2691,0,0,0,0,0,39,1982,3151,0,0,39,0,1,56,0,0,4,0,13,0,107,0,1,12710,0,0,0,0,0,0,143,0,11562,201,14,0,3785,1266,1,2,364,0,1,0,4551,22519,0,0,0,0,93,0,4738,4,164,0,29,0,0,150,455,35,284,2630,0,0,681,68,0,0,131,6,0,0,3,0,1,0,1,0,66,86,2,10,2080,0,0,1,0,380,0,0,0,0,2,33,0,0,9,204,4309,2,0,0,0,6809,0,14,8496,0,522,0,241,0,0,34,0,0,139,0,0,2016,0,0,0,56,0
"gene_1083",0,249,0,0,0,0,0,81,0,0,283,0,29,0,0,0,0,0,0,0,0,499,0,0,0,0,0,1,0,6,152,0,0,0,0,0,0,0,7,0,0,55,0,0,0,0,0,0,402,1,11,0,0,0,0,0,0,4,0,0,1,0,0,0,0,0,14,0,0,0,0,0,0,3,0,0,0,0,4999,0,0,0,0,0,0,0,0,0,0,0,576,4,0,0,0,0,0,0,0,0,0,0,0,0,0,0,0,0,0,0,0,0,0,0,0,0,0,0,0,6,0,0,0,0,0,0,0,0,0,0,0,0,0,317,0,0,0,0,0,0,0,0,0,0,0,0,0,0,0,0,0,0,0,0,0,0,0,0,0,0,0,0,1189,0,0,4957,0,0,0,0,0,0,0,9,0,0,0,0,0,0,0,0,0,0,0,0,0,0,0,0,0,0,0,0,0,0,0,0,0,0,0,0,0,0,0,0,0,0,0,0,0,0,0,0,0,0,0,0,0,0,0,0,0,0,0,0,0,0,0,0,0,0,0,0,0,0,0,0,0,0,0,1310,0,0,0,0,0,0,0,0,0,0,0,0,0,0,0,0,0,0,0,0,0,0,0,0,0,0,7,0,0,0,0,0,0,0,0,0,0,0,0,0,0,0,0,0,0,0,0,0,0,0,0,0,0,0,0,0,0,30,0,0,0,22,0,7,0,0,0,0,0,6,0,0,0,0,0,0,0,0,0,0,0,0,0,0,0,0,0,3,0,0,0,0,0,0,0,84,0,0,0,0,0,0,0,0,0,0,0,0,0,0,0,0,0,0,0,0,0,0,0,0,0,0,0,0,0,0,0,0,0,0,0,0,0,0,0,0,0,0,0,1,0,0,0,0,264,287,0,0,0,0,0,0,0,0,0,0,0,0,0,0,0,168,0,0,0,0,110,0,0,0,0,0,0,28,0,0,0,0,0,0,0,0,0,1,0,0,0,0,0,0,695,0,0,0,0,0,0,522,0,0,0,0,0,0,948,241,0,0,0,0,0,0,0,0,0,0,10,0,0,0,2548,0,0,580,0,0,0,0,0,0,0,0,0,0,0,0,271,0,65,13,0,603,426,0,0,0,0,75,0,0,150,0,0,0,0,0,14,918,0,0,0,95,452,0,0,0,0,0,0,0,0,0,0,0,0,0,0,0,0,43,0,0,0,0,0,24,0,0,0,0,0,0,0,0,0,0,0,0,0,0,0,242,0,17,0,0,0,0,0,47,0,709,0,0,330,0,0,0,185,0,0,0,158,2,0,0,35,3,0,0,0,0,0,0,0,0,0,0,0,0,0,40,0,0,2,44,0,0,0,0,0,0,0,0,0,0,0,0,0,4,0,0,0,0,0,0,0,0,0,0,25,0,0,0,0,0,160,0,1,1999,0,0,0,0,13,0,7,0,0,0,0,65,0,0,521,0,0,0,0,0,0,0,0,75,0,0,99,0,0,0,0,2,0,0,8,0,0,0,0,0,0,0,0,0,0,0,0,0,0,0,0,0,0,0,0,0,0,0,0,12,0,0,0,0,20,0,0,0,0,0,0,0,0,0,0,0,0,0,0,0,0,0,0,0,0,0,0,0,0,0,0,0,0,0,0,0,0,0,0,0,0,0,0,0,0,0,0,0,0,0,0,0,0,0,0,0,0,0,16,0,0,0,1,0,0,0,0,0,0,0,0,1082,0,0,0,1927
"gene_1084",4,0,122,0,0,1,0,3,0,0,0,0,0,1,0,0,0,3,3,0,0,3,0,0,0,0,1519,0,0,0,0,173,0,356,0,23,50,15,348,0,0,0,1,0,202,0,0,1,0,7,413,0,0,23,0,0,0,0,150,1,0,0,0,0,0,161,3,11,1,0,0,0,0,7,35,41,1,21,0,0,0,0,0,17,0,0,0,0,0,129,0,2,4,0,0,0,5794,5,3163,0,0,0,9152,0,0,1,0,0,0,0,0,86,0,0,0,0,17,0,0,0,576,273,6,0,0,0,0,0,0,0,0,0,0,4,0,0,0,0,0,0,0,0,0,0,4806,0,3,950,0,0,0,32,0,0,0,0,0,15,1770,66,0,0,1213,0,0,0,0,0,13,15,0,0,38,0,1,0,56,0,0,3796,0,5,0,0,10,0,3104,11,0,0,0,0,0,0,15855,7,0,0,0,0,0,264,5521,0,0,0,2,0,0,0,0,58,0,5755,1709,213,0,9,0,0,0,382,0,153,0,1272,3,0,0,1,0,21,361,0,0,1,3,0,136,0,4,2276,0,0,16,5459,0,0,294,0,30,0,0,10,0,0,0,0,5967,14,1532,0,0,0,3208,88,37,0,11,6,1961,15,766,75,0,0,0,90,140,6,10,181,313,0,283,457,1420,905,0,18,95,448,0,21,82,143,0,21,0,778,13,4045,1731,43,3787,1370,717,34,62,211,0,0,4140,2,0,11,0,2184,1,64,64,78,725,19,391,292,0,603,0,4409,1386,0,113,61,8,0,535,1,588,1065,0,46,0,32,3,59,1849,1165,31,154,1,1080,1,234,265,996,40,63,6150,147,8,8086,14,0,546,62,21,3554,281,1570,0,122,0,14,107,2510,1,179,46,1286,0,16,644,341,1376,19,958,142,4,4,5,5,0,7,55,40,13,5,0,698,5549,0,0,1,145,1,10,190,2146,67,5316,9,316,10,22,3265,135,0,1391,124,387,2,0,109,4,319,1486,1,819,612,3499,2414,116,39,14,2214,1398,221,4302,171,17,6,5,2012,224,5089,1,1130,1347,5,2047,0,1520,229,1567,313,37,138,2441,25,210,810,4,701,216,116,1081,514,109,2762,324,1695,568,518,0,444,3010,24,385,5,433,182,9,181,4001,18,467,3667,192,15,471,3039,1141,31,405,155,0,907,536,182,489,61,3,117,231,19,52,1405,2,0,956,10605,0,1008,775,459,73,131,314,0,167,11,10429,396,3000,1201,5,30,28,513,1,1251,1589,1548,11,5,42,666,1214,1146,53,33,1358,1284,613,568,68,234,55,0,213,26,26,1554,1736,17,25,4,756,61,9,794,231,1004,386,435,411,1570,0,2240,4,37,0,0,0,3,68,8080,0,688,13,0,274,35,0,0,2071,12,6,151,0,409,990,0,98,307,18,725,7,1,8,0,32,204,45,1255,3370,0,0,1490,345,12,4053,1167,0,1,949,739,1169,456,3,2006,1640,142,7103,0,58,1242,0,38,0,88,136,1,40,397,1,0,0,7116,1265,647,222,0,0,0,18,3,0,1,0,6404,1494,240,326,129,1173,130,0,310,0,51,144,0,55,0,0,0,14963,0,226,726,0,4720,269,0,931,2,0,171,2,24,1,9715,0,598,39,0,245,4997,0,65,0,0,26,29,484,0,3,0,261,15875,344,0,1342,1038,2,0,1335,73,0,0,440,2,0,2,520,0,199,3679,0,1347,245,618,97,702,0,7,270,4628,9412,3,0,28,1584,1,0,50,2968,2461,7602,990,639,0,174,0,0,126,0,151,3179,4904,110,2283,4907,3237,67,0
"gene_1085",1116,248,24,39,6411,3,19,0,4,0,0,1078,0,0,0,3,0,531,707,59,2,1,1356,974,16,1381,6,4,2729,726,1489,239,20,6661,96,438,1473,59,0,1155,14,31,8,770,356,0,315,1,2524,83,6,13,750,1152,0,11,145,0,97,1,18,81,152,1232,1382,0,51,64,28,2652,22,261,25,1,116,1208,41,41,469,2633,495,3,1373,2165,2,1149,1,765,266,2,24,289,35,0,0,0,2,0,0,8,0,12,955,0,0,0,0,0,0,0,0,0,0,0,0,474,0,3,0,1,0,0,0,0,63,0,0,0,0,0,1,0,0,0,0,0,147,0,1,2995,577,0,0,0,0,27,2570,1158,409,2,0,630,1,0,6,0,0,237,0,1,0,0,0,102,0,0,0,1,0,47,174,269,0,219,753,0,0,43,0,5387,0,0,0,908,66,0,17,7,2018,206,0,2,0,35,99,0,6,52,11,8,0,71,1,51,1649,7,16,14,203,124,0,510,9,205,0,364,98,902,50,89,8,12,91,0,1,0,318,397,249,0,568,405,146,10,4,21,22,98,125,14,13,2,91,19,0,0,0,471,49,35,0,93,267,0,14,0,118,0,158,52,3,1565,92,266,734,429,718,321,0,523,46,154,769,66,271,97,0,193,240,135,527,2326,711,754,983,88,161,175,33,6,19,0,216,1035,0,0,218,15,213,2028,0,63,0,420,4126,3498,52,1,618,12,123,402,8,0,24,306,177,4328,34,2,0,171,11,255,15,4,0,1295,1086,16,525,18,5,76,682,2138,22,3,21,128,73,36,47,309,171,544,1,943,3647,61,39,83,13,21,84,17,127,30,134,0,1515,28,0,1970,77,1562,197,2,490,660,25,8,1224,4466,75,101,1419,613,2285,3050,1368,8,48,4040,492,166,2,5,527,286,14,7274,1075,460,85,0,176,32,280,191,3383,123,48,591,1587,762,9,263,86,0,2,25,1590,2476,877,22,0,47,269,6,79,348,223,2,2,4473,21,3,368,145,0,101,4,62,8,1675,8,86,73,660,20,10,39,2276,174,1326,515,0,318,266,260,463,281,67,0,3,2572,13,10,2,37,190,10547,4,407,0,857,66,3498,13,9,501,10,3,502,162,1151,2,9,11,69,96,127,2,497,4,1386,57,0,259,241,39,7456,18,34,124,0,539,12,354,401,45,3,66,0,1198,20,35,132,1,374,0,0,0,39,921,24,5322,0,2898,0,0,4,8,606,19,31,161,10,223,49,0,371,655,3,8,172,440,19,14896,5,35,205,415,1300,79,0,152,143,0,0,80,0,532,74,7,243,804,3,0,95,22,1469,1652,141,293,23,2,9,1,299,5,34,184,4678,506,2,53,638,52,13,18,4319,6173,0,87,0,1810,453,73,49,46,22,19,367,0,0,99,82,49,121,0,107,2,0,1000,4270,275,32,72,3895,236,0,0,175,777,3618,2804,338,109,8,0,0,2152,101,22,2229,1,75,135,375,291,6,5067,59,7,38,0,2,2542,363,1015,39,38,1676,23,2144,19,4,0,0,5241,644,0,501,3,0,0,1187,1,1,994,2,16,10,0,302,11,176,25,29,0,253,733,51,1224,9,0,0,23,596,11,237,10862,0,1,0,957,2129,2,84,21,55,3011,91,4789,0,0,0,10,1399,17,0,7,18,776,1244,2632,362,25,75,17,350,2,1157,253,2945,0,0,1368,9,869,1,474,719,1,16,406,131,1,268,9,18,1236,408,737,0,6,3299,2816,0,8417,71,1,92,748,1505,1,3,861,46,19,22,1,152,15,1,113
"gene_1086",4856,1429,436,845,1620,2898,3235,2957,1991,807,901,2453,4246,778,2228,1829,1309,2689,646,527,515,1395,1629,4614,1896,3785,958,442,481,966,1190,601,116,1622,1895,511,920,83,2731,2186,190,720,943,1494,896,3199,441,609,169,234,736,1587,389,442,229,3393,330,9981,1558,1366,561,315,2484,1893,772,2199,1827,2143,407,2074,508,592,60,850,578,1141,488,880,420,3272,8883,452,739,2249,1798,3528,153,3312,961,362,2381,64,65,3159,15464,43,2611,1,0,7830,374,28,115,4050,1900,1641,1015,522,1055,62,81,377,0,161,2408,10872,244,1615,67,0,63,17,441,438,13,781,196,0,3619,1375,6,94,23,106,6982,951,902,3250,22,1,9565,5384,11,356,14451,3618,0,40,779,188,6789,3782,12,1119,49,3288,4943,2532,29,17,107,7,138,3214,911,5021,170,1158,2395,1330,3420,28482,844,48,51,0,516,1070,8490,0,5881,6,6226,201,721,6,529,9244,64,915,886,2999,1026,141,351,4,0,3,10,1,0,8,0,0,0,0,1,29,0,0,1,0,1,9,0,0,0,630,1557,0,1,0,0,0,657,1909,35,4932,0,335,2,1,0,6366,591,32,0,2,0,0,1432,224,0,2177,62,0,0,0,419,0,967,1,4,5,617,61,31,8,2,56,0,0,0,134,0,0,0,0,0,0,0,0,65,313,0,0,124,0,0,0,12,0,0,0,0,0,7,0,0,4,0,0,0,0,5,0,0,8,2,0,0,0,0,0,0,0,24,0,0,7,0,0,0,0,1,0,0,0,0,0,0,72,0,0,0,0,73,0,0,0,0,0,0,9,0,0,0,304,1,0,0,0,0,0,0,0,0,0,0,0,7,0,0,0,0,0,0,0,0,76,0,0,0,0,0,0,0,0,0,0,0,0,0,0,0,0,0,0,0,0,0,0,13,0,0,0,0,1,0,0,713,0,0,0,43,4,0,31,0,356,0,0,1,3,0,0,0,51,0,1,0,140,3,0,4,0,0,0,0,38,0,0,0,0,0,0,0,35,0,39,0,0,0,0,0,0,0,0,0,0,0,0,0,0,0,0,0,0,0,0,0,0,0,0,0,0,0,0,0,0,0,0,0,0,0,0,0,0,0,0,0,0,2,0,0,0,0,0,0,0,0,0,0,0,0,0,0,0,0,0,0,0,0,0,0,0,1,0,0,0,0,0,1,0,0,0,0,1,0,0,2,0,0,0,0,0,0,1,1,0,0,0,0,0,0,2,0,0,0,0,0,0,0,1,1,2,0,0,0,0,1,0,0,0,0,0,0,0,1,0,0,0,0,0,2,0,0,0,0,0,0,0,0,0,0,0,0,0,0,0,0,0,0,1,0,0,0,0,0,0,0,0,0,0,0,0,0,0,0,0,0,0,0,0,1,0,0,0,0,0,0,0,0,1,0,1,0,0,0,1,0,0,0,0,0,0,0,0,0,0,0,1,0,0,0,0,0,0,0,0,0,0,1,0,0,0,0,0,0,0,0,0,0,0,0,0,0,0,0,0,0,0,0,0,0,0,0,0,0,0,0,1,0,0,1,0,0,0,0,0,2,0,0,0,0,0,0,0,0,0,0,0,0,0,0,0,0,0,0,0,0,0,0,0,0,0,0,0,0,0,0,0,0,0,0,0,0,0,1,0,0,0,0,0,0,0,0,0,0,0,0,0,0,0,0,0,0,0,0,0,0,0,0,0,0,0,0,0,0,0,0,0,0,0,0,1,0,0,0,0,0,0,0,0,0,0,0,0
"gene_1087",7640,4577,5,15,34,10,368,9,0,2620,835,833,1651,0,10154,255,7,1502,5,0,16,2,61,608,0,0,985,13,0,0,4,4,1,0,0,0,0,0,58,1,0,2,0,391,63,1090,1453,0,305,106,0,1124,4091,1723,4,0,44,3053,0,281,0,0,11,73,14,4,347,1,0,13781,20,2,11,3,0,1171,0,17,1,0,2484,2,5,34,2726,0,0,39,12,1981,816,12,26,0,0,528,624,3,34,143,0,545,2,0,138,0,1747,0,1711,3275,0,0,10,0,0,11687,3865,486,7886,0,0,0,0,377,357,21158,0,0,0,169,12,0,880,1,0,317,15,5,0,1058,0,2,64,9175,0,0,0,11,1105,0,0,76,2588,848,0,196,0,25,0,0,12,0,0,83,0,100,1884,54,0,0,347,84,0,66,570,0,54646,41,0,67,5,0,0,38,2211,0,0,152,2,0,0,773,195,264,0,0,0,0,0,0,65,0,0,0,191,0,0,0,3,0,0,0,1,0,4,0,0,0,0,0,17,569,0,17,0,377,7,1449,0,0,0,0,184,0,0,223,0,9,0,2,0,87,0,0,0,1149,0,6858,0,0,194,27,0,0,0,3,0,0,0,3778,0,0,0,0,2,0,0,0,0,0,1179,0,0,0,199,0,0,0,54,0,0,0,0,0,0,147,3,0,0,0,0,0,0,0,0,0,5,155,79,0,205,0,0,0,0,0,0,0,0,0,0,0,344,922,0,0,0,0,0,0,42,0,0,0,0,1469,0,0,1,0,0,22,0,0,1,0,0,1,0,0,0,0,0,0,3,289,0,6,0,0,0,2,0,0,0,0,0,0,0,0,33,0,0,9,0,0,0,0,21,0,0,297,0,0,60,0,439,0,0,0,0,126,0,0,0,111,0,0,0,5,0,0,0,0,0,317,0,0,0,0,0,0,0,0,0,4,0,0,0,0,87,0,0,0,0,0,1,0,0,0,1108,0,0,0,0,0,0,397,0,0,16,0,416,2,9,0,0,0,0,1336,0,0,0,0,0,0,0,1,15,1,0,0,0,0,19,0,0,0,20,0,0,10,0,0,0,0,15,0,0,0,1338,0,0,758,0,0,0,0,0,0,0,0,0,0,0,0,0,0,0,0,0,0,0,0,0,0,0,0,0,0,1767,0,0,0,1,0,0,0,0,0,0,14,8,5,5,0,0,0,0,0,0,0,0,0,0,0,42,1423,0,0,0,46,0,0,53,0,0,0,0,0,0,0,5,0,0,0,2,2,0,0,0,78,0,230,0,0,0,0,0,0,2,0,149,0,0,0,6,0,0,1,0,0,0,1,0,0,0,0,0,45,0,0,0,0,0,0,0,0,0,0,0,0,0,0,0,0,0,0,0,0,0,0,0,0,0,0,0,0,0,0,0,40,0,0,0,0,0,0,0,0,0,0,0,0,0,0,0,0,0,0,0,1006,0,0,0,0,0,0,0,0,2,0,0,0,0,0,0,0,0,850,0,0,0,0,0,0,0,0,5,0,0,0,0,0,0,0,0,0,0,0,0,0,0,0,0,0,0,0,0,0,0,0,0,0,2162,0,9,0,0,0,0,0,0,0,3942,0,0,0,0,0,0,0,0,0,417,0,0,0,8,0,0,0,0,0,0,0,0,0,0,0,0,719,230,0,0,0,0,0,1,0,1,0,0,0,0,0,0,313,0,0,0,0,15,0,1805,0,0,0,0,0,0,0,0,0,0,0,0,0
"gene_1088",0,0,0,2,1597,9,0,4,471,15,166,413,4,3,59,101,0,679,3,66,0,11,1,44,0,0,0,240,83,0,829,251,30,474,1582,14,1,27,3,827,0,1257,1,24,0,2,0,213,1626,0,22,0,0,779,0,157,0,722,1716,78,0,0,74,0,0,6,24,0,0,1095,662,2911,2,0,50,16,4,2211,0,11,3708,0,0,0,0,0,1152,20,82,0,12,46,0,0,0,74,280,1945,165,10818,0,0,4495,0,0,3,0,0,1,294,0,0,0,0,0,7,118,0,0,0,82,3,0,0,0,4,0,0,2,0,0,0,0,8977,0,0,10807,365,23,0,0,0,0,0,45,0,0,0,50,0,0,0,0,0,0,0,117,0,0,0,1569,0,92,0,0,0,0,0,0,0,998,0,0,1,1617,9086,0,0,0,0,0,0,0,12,0,0,0,28,0,0,0,26,0,0,0,0,0,239,0,0,0,8,0,0,13,16,0,0,0,0,0,0,7,3,0,9,0,0,293,2,0,302,0,33,0,0,0,2147,0,6142,15,0,0,0,0,0,0,1090,0,124,0,0,0,0,0,0,15,1589,0,12,0,0,0,185,0,0,0,0,0,0,0,0,0,3,438,0,0,293,0,0,0,25,0,0,0,0,0,0,0,0,0,1,26,0,21,0,0,0,0,0,16,0,0,2,2918,6,26,0,0,0,0,0,0,0,0,1175,0,0,0,0,0,0,0,2,3,0,0,266,0,0,0,0,0,0,0,2,0,0,0,0,0,0,2,0,0,0,0,754,68,0,0,0,0,0,12,0,0,0,0,0,138,1,17,0,6,2,322,0,11,0,151,0,0,667,0,115,0,14,0,0,6,23,0,0,0,0,0,0,195,0,0,0,0,0,0,100,0,0,4,1,0,18,0,0,0,105,1,0,21,0,0,0,0,2,0,0,0,34,5,1,0,167,1,0,565,8,310,0,0,158,0,0,0,0,27,1087,203,0,0,0,13,0,12,1065,147,0,1,2,0,100,0,0,1474,0,0,0,0,0,0,299,270,0,0,0,0,0,1,201,1234,1262,0,0,6,0,16,0,0,69,0,0,0,0,0,0,0,25,0,0,0,303,472,0,0,51,0,0,280,0,0,0,0,0,6,0,0,0,107,65,95,0,0,0,0,81,0,1160,0,2133,0,0,2174,0,55,0,0,25,0,0,5,2,0,0,0,0,2,0,0,2,0,0,0,0,44,462,2,5167,18,0,0,0,1,1,2258,0,0,0,76,0,0,5,0,544,30,0,90,0,0,14,1145,0,397,0,0,39,0,0,37,0,0,0,0,0,0,0,2371,1,451,0,0,707,0,0,0,0,0,2058,0,0,292,0,0,6,1,0,0,0,0,0,0,0,0,0,3,0,3817,0,0,0,0,0,0,206,0,45,106,0,1,12,0,0,0,0,0,0,0,3,0,1,0,0,0,0,0,11,0,96,1,411,0,0,0,0,37,0,0,0,0,9,0,42,0,0,0,119,0,0,2437,0,0,196,0,0,0,0,2,0,0,0,0,0,0,57,0,387,0,0,0,0,0,0,0,5,0,0,8,629,0,1,4,0,0,0,7,0,0,0,0,0,0,0,0,0,0,33,0,0,0,0,0,0,0,0,388,0,0,2,0,1,0,0,28,0,0,518,66,15,596,0,0,227,0,0,365,0,0,0,0,0,15,0,128,3604,0,0,0,0,0,0,1,0,0,0,0,0,0,475,14,0
"gene_1089",0,0,602,0,0,0,0,0,0,0,0,0,2,0,0,0,0,0,0,0,0,0,0,4,57,0,0,0,0,0,848,0,0,0,0,752,0,0,0,0,0,0,0,0,0,0,0,0,0,0,0,0,0,0,0,0,0,0,0,0,0,0,0,0,0,0,0,0,0,0,0,0,0,0,0,0,0,0,0,0,0,0,0,0,0,0,0,0,0,0,0,0,0,0,0,0,0,56,0,0,0,0,0,0,0,0,0,0,0,0,0,0,0,0,0,0,0,0,0,0,0,0,0,0,0,0,0,0,0,0,0,826,0,0,0,0,0,0,0,0,963,0,0,0,48,0,0,0,0,0,0,0,0,0,0,0,0,0,0,0,0,0,0,0,0,1,0,0,0,0,0,7,0,0,0,0,0,111,0,4,0,0,0,0,0,0,0,0,0,0,0,62,0,0,0,0,0,0,0,0,0,0,0,0,0,0,0,0,0,0,0,0,0,0,0,0,0,0,0,0,0,0,0,0,0,0,0,0,0,0,0,0,0,0,0,0,0,0,0,0,0,0,0,0,0,0,0,0,0,0,0,0,0,0,0,0,0,0,0,0,0,0,0,0,0,217,0,0,0,0,0,0,0,0,0,0,0,0,0,0,0,0,0,0,0,1,0,246,0,0,0,259,0,0,0,0,0,67,0,0,0,0,0,0,0,0,0,0,0,0,0,0,6,0,0,0,0,0,0,0,2,0,0,0,0,0,0,0,0,0,0,0,0,0,0,0,4,0,0,0,0,0,0,2,0,0,0,0,0,0,0,0,0,0,513,0,42,180,0,0,0,0,0,73,461,0,0,0,0,0,0,4,0,0,0,0,0,5,0,10,0,290,0,0,0,0,0,0,0,0,0,15,0,0,0,0,0,2,0,0,0,0,0,0,0,0,0,0,0,0,411,0,0,0,0,0,0,1305,0,0,0,1,0,0,48,0,0,0,0,0,22,0,0,0,0,0,0,0,0,0,0,0,0,0,0,0,0,0,0,0,0,0,0,0,0,0,0,0,0,0,0,0,0,0,0,0,0,0,0,0,0,0,0,0,0,0,0,0,0,0,0,0,0,0,0,0,0,0,0,0,0,0,0,0,0,0,0,0,0,0,0,0,0,0,0,0,0,0,0,0,0,0,0,0,0,0,0,0,0,0,0,0,0,0,0,0,0,0,0,0,0,0,0,0,0,0,0,0,0,0,0,0,0,0,0,0,0,0,0,0,0,0,0,0,0,0,0,0,0,0,0,0,0,0,0,0,0,0,0,0,0,0,0,0,0,0,0,0,0,0,0,0,0,0,0,0,0,0,0,0,0,0,0,0,0,0,0,0,0,0,0,0,0,0,0,0,0,0,0,0,0,0,0,0,0,0,0,0,0,0,0,0,0,0,0,0,0,0,0,0,0,0,0,0,0,0,0,0,0,0,0,0,0,0,0,0,0,0,0,0,0,0,0,0,0,0,0,0,0,0,0,0,0,0,0,0,0,0,0,0,0,0,0,0,0,0,0,0,0,0,0,0,0,0,0,0,0,0,0,0,0,0,0,0,0,0,0,0,0,0,0,0,0,0,0,0,0,0,0,0,0,0,0,0,0,0,0,0,0,0,0,0,0,0,0,0,0,0,0,0,0,0,0,0,0,0,0,0,0,0,0,0,0,0,0,0,0,0,0,0,0,0,0,0,0,0,0,0
"gene_1090",54,422,0,0,0,0,0,3,0,798,7,0,13,0,0,0,0,0,0,0,0,3,0,3,0,0,37,64,0,0,0,13,0,0,821,1,0,85,94,0,0,0,0,0,0,0,1,1,0,1,0,0,0,0,0,0,0,0,0,0,352,0,908,0,0,0,0,0,0,80,0,5,38,0,584,0,0,0,19,6,131,0,0,0,0,202,0,25,0,0,0,107,3,7,0,0,0,0,0,0,0,0,0,0,0,3872,0,0,0,3330,173,0,0,0,0,0,0,64,0,0,0,1,6,0,0,0,71,0,0,0,0,32,0,0,0,2,0,0,0,0,0,0,0,60,0,0,24,0,3686,0,0,0,0,0,0,15,0,0,61,3,1,0,0,0,0,0,0,0,0,0,0,0,0,0,0,1,0,0,0,0,0,208,344,0,0,0,0,328,1,0,0,0,0,0,0,0,0,0,0,0,2496,0,0,0,0,0,0,0,0,0,0,0,0,0,0,0,0,0,0,0,0,0,0,0,0,0,0,0,0,2,0,0,0,0,0,0,0,0,0,0,0,0,0,0,0,0,0,0,0,0,0,0,1108,0,0,0,0,0,0,2043,1284,0,0,5,0,0,0,0,0,0,0,51,0,0,0,0,0,1,0,0,0,0,0,0,0,0,0,0,0,85,0,0,0,0,0,0,689,0,0,0,0,0,0,0,0,17,0,0,0,0,0,0,0,0,0,0,0,0,0,0,0,0,0,968,3,0,0,0,0,179,0,0,0,0,0,303,0,0,0,0,0,0,0,0,0,0,0,0,0,2,0,0,0,0,0,0,0,0,0,0,0,0,0,0,51,0,0,0,0,0,0,0,234,0,0,0,0,0,0,0,0,0,0,0,0,0,0,0,0,0,0,0,0,0,0,0,0,0,0,0,0,0,0,0,0,0,0,0,0,0,0,0,0,0,0,6221,0,0,0,0,0,0,0,0,0,0,0,0,0,0,0,0,0,0,0,0,0,0,0,0,0,0,0,0,0,0,103,0,0,42,0,0,23,21,0,0,0,0,0,1644,0,0,0,0,0,0,109,1116,1,0,757,18,0,0,0,0,2,0,82,0,0,3,1,0,0,20,13,0,0,40,0,0,20,1,0,212,0,0,55,1429,1,0,11,0,0,183,0,0,0,152,0,0,0,0,0,0,0,0,170,0,0,31,0,213,0,83,0,0,0,127,0,0,0,6,0,271,0,0,0,389,0,0,0,10,0,49,1,0,0,0,0,0,0,189,0,178,0,1,1,0,0,0,0,0,0,0,0,32,0,0,0,0,0,0,0,0,0,0,0,0,0,0,0,3,0,0,0,0,0,746,0,0,0,0,0,0,0,0,0,0,0,0,0,0,0,0,0,1,0,0,0,0,0,0,1,0,0,0,0,0,0,427,24,4,9,0,0,0,0,0,2,0,2,0,1008,0,0,0,0,0,0,0,0,0,2,2,0,0,0,0,0,0,830,0,0,0,0,0,0,0,0,0,0,0,0,0,2,0,0,0,0,0,0,0,0,0,0,0,0,0,0,0,0,0,0,0,0,0,0,0,0,0,0,0,162,0,0,0,0,3689,0,0,0,0,0,0,0,0,0,0,0,0,0,0,0,6,0,0,0,0,0,0,1390,0,0,0,0,164,0,0,0,3,0,0,0,6,0,0,0,0,0,0,212,0,0,0,5,0,0,0,0,0,0,0,0,7,0,0
"gene_1091",0,0,2,8,0,0,679,1,6,0,0,4949,113,2554,0,273,0,0,724,2,0,313,176,80,1213,147,0,211,0,0,16,8,1741,617,5208,3,3,0,12,8,0,1,0,0,2,11753,1206,1,6,1493,49,601,1649,3342,0,8540,0,854,10,5384,3,412,2288,7,465,0,0,357,0,16,12,133,0,0,4,30,26,4256,400,0,11,0,0,294,1,55,0,78,75,15,1,0,0,4860,3,0,1,0,5779,0,0,0,10,8,0,0,1,0,0,0,0,0,40,0,1,28529,0,0,0,0,11013,0,1246,11,0,0,0,0,0,0,0,0,0,0,2356,144,0,0,0,0,9,0,34143,0,0,1,0,87,0,14725,56,0,306,0,675,0,0,29,3,0,0,0,17177,0,2134,0,0,0,0,0,0,0,0,0,0,0,0,0,0,4,0,0,0,0,0,0,0,71,14,173,0,201,0,28762,0,6,0,0,20,0,0,0,0,0,33,9785,0,6,0,0,3,0,0,0,13,0,0,0,2,0,0,0,0,0,0,0,2808,520,0,0,0,0,0,0,0,0,4,1,0,0,0,0,759,0,0,92,0,0,1,0,0,0,30,0,5061,0,2,0,0,0,3,1490,0,1,0,1302,1,42,29,0,73,3497,314,5,0,31,1,0,22,1262,10,55,0,0,2519,3,9126,12,563,1929,7,1558,124,1045,0,13,298,116,3230,0,350,0,46,449,14,265,0,293,2,149,4201,2,0,1,0,405,1720,72,1243,5,2,1051,680,106,0,42,3,808,625,30,3900,2,525,3050,0,0,599,2768,27,0,0,0,6,4,27,298,6096,0,0,8,1,0,165,1026,14,374,9,1123,13,7,6036,1287,1539,0,78,152,294,14,0,0,85,0,192,1159,3062,39,327,1092,2,1820,1443,83,2,1909,779,154,421,2451,889,0,164,32,0,3928,8,6,5,7,0,15,0,14,41,328,132,5,552,12,549,222,1697,0,170,54,0,0,2,20,5,44,4264,1,282,9,0,18,3,3,0,0,1,586,1889,12510,43,222,21,1106,1657,0,59,0,9,13,0,0,607,18,1462,1342,0,332,0,0,51,0,7,510,0,1377,14,1507,1945,142,21,0,150,0,1408,1,10,131,21,1,0,17,5,174,2324,0,1675,5,37,826,0,26,0,1826,0,0,0,1450,683,23,1599,6260,17,47,16705,8,1,2,432,33,962,210,7,1,0,227,0,0,5919,414,563,0,127,0,0,166,242,33,0,4,0,73,3,0,129,126,182,2387,565,181,35,297,15,0,150,496,0,601,52,462,251,0,2932,26,0,5,97,7,0,14,14,1331,9,1014,33,0,68,130,14469,3087,2466,820,808,210,0,124,0,1,0,0,353,0,637,0,0,0,0,8,56,156,0,0,0,0,13,0,0,877,119,1,31,254,256,0,0,0,0,55,55,65,146,0,17,0,7,1009,0,0,0,229,465,355,0,0,0,0,1,1,0,628,0,2,0,2153,4915,94,0,0,0,0,12,0,55,501,0,4,0,360,2,0,30,4,81,5592,0,115,1242,0,0,0,0,388,110,2382,0,1296,540,466,0,0,0,15322,0,0,0,5500,0,23,0,0,136,470,14,23,1,0,74,2,209,0,503,0,1195,0,924,198,92,15,3,0,3662,0,0,0,0,734,0,0,1,103,90,0,0,11,601,5,2,501,0,448,239,0,0,2999,3083,5,0,1,0,72,4,1194,0,1,4466,17,138,0,1106,0,203,0,0,3562,0,0,0,0,1277,272,0,164,0,251,4,0,0,114,16,1,484,11645,6,0
"gene_1092",8147,2878,191,838,1553,3567,2096,317,717,2590,13179,5667,11967,6140,3964,415,5415,1943,2355,2063,1824,2752,6151,3196,5843,9478,1352,441,861,7352,897,6624,1241,11,273,8563,3574,2289,6527,444,1042,871,593,2079,4061,8635,357,3037,1630,2644,4085,1246,967,2802,1569,6458,753,2558,3769,7295,7468,5772,85,6061,657,5286,881,701,8779,6044,8283,2773,249,1860,21205,355,908,73,1463,6614,1314,2491,11238,1369,1312,338,200,1641,1542,4576,7318,3343,20,177,35,70,40,362,28,815,60,29,0,3866,0,1076,122,0,1934,0,807,20,0,881,10,1968,190,0,83,0,24,62,0,0,1289,284,0,8,364,168,0,30,6,1807,20,1186,1,0,0,3,778,1225,694,1855,2813,139,2053,2,1,137,272,2631,122,0,1252,1,13460,1482,3428,104,0,4129,0,108,1951,0,44,11,267,500,160,24,1010,10,51,0,58,111,180,477,85,828,129,73,9523,1711,5308,1065,0,6769,5691,354,1820,0,33,56,779,157,10,974,1034,50,289,59,4,203,60,323,3,1869,1670,1140,225,1374,3539,5,427,86,95,172,491,42,1727,22,42,91,5017,236,77,3,927,19,159,5,4430,31,1205,570,643,2,180,448,428,1534,602,27,609,325,608,33,1665,636,866,44,329,188,3421,115,1969,1543,4214,5286,10622,1853,7656,4579,2569,4505,953,5692,17621,35124,2503,4715,71,630,2268,2561,8381,5392,510,7195,13599,1085,11648,2986,4936,2094,1396,2061,1422,864,3601,18808,8461,1235,7707,2960,3561,1441,2149,2841,10624,857,15829,10834,5143,3709,534,777,4021,9188,2794,1037,2460,8357,1053,2940,4343,1884,3439,2799,7084,4314,8277,2956,11090,8603,32994,1204,1001,3345,2158,19389,1371,3044,2513,759,1826,9070,1690,45,1670,6783,39567,102,11859,1395,13090,1359,5387,9642,4317,4610,9024,6761,5973,10844,2365,4390,1721,24208,2546,5730,3689,4950,4347,3826,4407,1887,2629,1367,9989,3571,3376,6729,11262,13075,10285,1747,15531,18554,16871,10707,14177,2592,10121,7900,1068,3594,14896,4418,19761,1797,26934,12380,2374,9688,11068,1552,11388,5621,3369,12730,1585,6544,12001,2355,4723,2198,31127,34060,3938,4510,9397,9047,31015,11566,2165,4909,2745,16264,3954,27634,1296,20629,21890,861,6267,2372,16623,37144,16,7049,1302,263,2572,6860,881,11654,128,1516,313,1082,11165,535,6820,9284,5278,3152,3950,4700,2687,2331,1012,4419,4433,1587,1768,22173,7192,7880,25837,10344,3752,4395,4139,6520,504,2722,6264,1826,9676,199,963,62,984,7606,635,638,2919,2413,2967,1625,5560,2844,16106,195,633,4092,6226,9433,4257,472,1723,109,2918,1416,973,16312,932,6759,665,23165,1082,12443,4818,15691,3521,405,8216,547,7751,3685,7049,2036,916,7233,3440,28806,1200,4777,1953,1419,5248,1567,4239,208,52,2866,2288,59,1103,17035,4176,5183,291,2026,3257,8502,2392,69,14524,239,7261,6739,2942,25943,10518,963,17334,335,459,1796,870,839,3939,3070,1799,665,155,3979,2189,1939,7854,4857,88,1070,2068,5859,16432,33970,6107,42713,32,1023,56,38,35512,609,1395,24412,1866,770,69,10505,10045,13293,161,135,3959,14532,2014,25754,972,791,572,27041,11166,21268,15036,1905,52,1176,4123,8281,453,29,1116,2274,11536,7592,9,591,3584,30616,940,661,1569,1000,658,5872,2466,10814,1580,1854,29,5847,47002,17328,802,24738,269,2121,1229,3121,11138,21,953,135,2486,13468,7832,7120,8,739,3362,52889,13640,29,1268,8338,8750,0,4684,12212,5370,770,287,5143,1401,2279,0,14225,2068,92,5808,470,556,5180,1543,1220,6678,7,12,1646,4852,4175,3980,160,553,4775,1012,63,3713,29,600,1317,35,1630,62,647,14923,6720,16156,1822,9711,112,304,1731,22491,747,928,1515,1046,1444,8879,685,2454,2691,22,6485,29043,2026,9303,2358,3137,11969,31,5405,1046,2177,2565,36,24713,4501,6938,15786,18479,39664,1206,494,72,3862,2828,29728,10,400,9120,4625,14644,235,15147,12,2976,16093,7687,14158,5448,10437,22561,3686,41,4773,4925,9843,1039,2518
"gene_1093",1214,413,369,60,58,4699,681,1312,6136,9,79,5,5350,482,2649,0,229,70,329,609,329,387,1270,261,462,3571,2301,1820,139,212,1524,11,295,2389,35,3435,59,453,4204,13,7,1743,1009,657,51,47,22,4,1102,2691,417,140,2,372,409,3339,1623,196,321,71,0,0,2,143,331,44,207,30,2444,484,136,2235,12,3060,3007,3,22,10,683,242,163,0,39,2852,15,6,67,100,822,1420,182,233,4249,2009,63,6,1,0,97,0,0,7,127,730,0,306,0,3,1317,164,0,40,58,110,2,6805,3351,123,14,0,8,0,53,99,803,0,80,0,981,0,94,0,5,0,161,0,231,0,0,91,36,2616,7,6467,0,1,0,35,0,2,17483,0,0,5567,242,0,1269,1809,80,1,0,1143,0,1670,23,3928,0,182,2,7865,28204,3,497,0,0,1032,649,10646,530,236,23,694,16203,270,3859,1742,6,3566,3844,778,60,652,8,1,9,0,0,225,20,4131,0,1147,1,10,1925,2,56,0,0,171,0,1479,151,1698,228,1403,2639,968,1346,303,133,782,3,7,3367,112,0,447,0,0,63,0,164,269,364,16,0,0,2230,952,9409,18,119,439,0,3763,47,3220,153,0,1096,6962,7,9,445,5040,19,91,419,239,3465,1840,800,28,71,3387,990,85,16,70,79,1639,3,120,206,1214,120,393,1054,42,211,2874,414,423,28,92,25,256,192,2119,1555,509,505,263,12,253,1026,6,90,498,34,3360,1095,990,27,2,345,316,45,52,5571,234,111,720,12,212,491,0,38,1010,945,1,812,856,4,0,1,285,1070,153,38,1,2642,5,5,662,1328,8,1,2984,190,61,28,477,603,271,106,2,18,1603,594,574,0,141,1035,0,2809,256,1330,753,299,376,469,138,32,617,23,751,518,269,24,621,0,421,1390,747,1478,643,1582,1658,13,148,3,16,5,949,112,499,0,1554,484,12,1,39,27,500,215,138,337,37,3312,1550,2897,772,418,781,1986,468,244,1046,1014,130,2862,94,635,6810,29,4,65,84,0,35,385,4,64,194,634,0,388,2900,617,1339,86,144,726,23,0,58,58,6336,39,1,6,93,616,331,23,14,524,1,5,1618,0,1,159,3,182,658,542,54,925,14,1003,69,5,458,442,169,7,0,13,132,2,1654,156,0,2,28,615,375,80,311,128,126,924,103,1165,565,3,615,532,622,446,3255,174,7,118,1241,104,81,409,19,133,199,346,0,1173,10,1515,1434,70,1109,1,1,1,0,1575,811,21,534,35,57,68,448,1193,180,7,0,133,1,27,1644,3647,10,0,10,987,1128,6,19,131,56,1579,26,195,3420,568,512,0,591,1190,483,701,429,434,189,1052,92,818,499,340,43,316,60,5,389,5,4,24,311,1,2,1104,381,2,51,1314,350,75,246,19,293,1267,169,1,15,1691,1550,31,0,47,82,5,91,6,72,0,7,2,0,1,84,0,0,136,1,963,22,215,110,0,19,271,222,295,0,0,11,23,9,60,0,752,540,14,375,0,0,125,142,402,0,600,2,131,2942,49,0,0,32,9,8,4,1,129,280,0,46,8,0,110,73,468,7,183,1142,0,192,10,0,1,245,0,2,3172,0,435,1056,1,201,0,0,266,8,80,52,6,676,0,2,265,130,13,0,0,4,46,221,2,148,4,0,61,24,8,505,13,11,0,6,4,111,51,1,102,0,45,0,722,6,0,0,0,1,0,38,242,119,42,9,0,0,42,3308,0,1582,1189,0,553,9,0,32,172,0,200,9,0,2278,0,431,0,21,2297,1,369,0,14,320,1852,28,0,0,10,679,3,532,52,27
"gene_1094",236,3555,416,62,48,216,3936,470,3685,4232,18887,3932,11447,0,1881,16369,1,1674,147,1527,232,217,12280,330,483,743,2357,6499,3924,0,1217,6934,2291,7559,3577,6467,3729,21,19026,1847,658,20,1584,105,8,15684,3,5846,4263,0,781,1992,6,188,47,914,7046,5854,7,1405,33,14548,32,5,779,2860,1788,16971,2247,1325,22307,1896,181,66,6471,3554,3718,2518,68,686,0,1869,2735,131,164,85,3082,44,9,342,446,1235,388,0,19989,216,0,0,0,0,79,0,5608,0,0,11492,1,602,0,0,0,7802,0,316,3501,2887,0,2918,0,35,477,0,50,0,741,20,318,86,0,0,0,7329,0,0,1,0,2770,0,0,85,5852,0,85,2778,0,13065,6856,457,73,0,42,10,1251,0,2,0,15,0,0,0,0,0,1,0,12,3562,3186,0,2,1,0,8114,0,0,1359,0,51,5,894,56,1193,1996,475,0,4,16,0,3,0,0,812,12322,7388,0,4,0,5,0,0,3,6,1323,282,1,322,0,191,1,0,1,1041,0,0,0,7,0,56,8,4146,188,0,0,18,10,0,2,0,8948,0,21,0,18730,0,14,0,0,101,3,131,0,9258,9,241,7,177,38,0,0,62,0,201,3360,0,0,20,2,0,0,49,491,0,0,58,0,85,827,4,1,0,1276,0,3510,0,25,22,5,0,1,0,0,169,260,14749,0,63,1888,0,34,742,4782,52,25,8,7791,1350,0,0,0,1764,0,0,301,0,7962,0,340,28,818,0,0,182,72,313,0,0,26,1,4909,0,1076,0,53,0,3170,1013,1,42,5537,1265,4550,4920,0,0,55,59,252,1692,6,0,1944,708,61,19,0,0,0,0,17,1239,221,0,2031,0,0,201,0,0,0,0,7480,0,16989,0,313,2666,434,3747,2859,117,367,1,0,20010,261,0,6503,1,574,266,365,217,635,7,871,1827,13,51,23,1,2605,0,297,61,1724,87,0,823,47,1804,0,0,0,2440,0,1445,1689,0,86,0,26,1474,32,0,109,0,6143,2900,16577,16,0,34,1833,1031,44,2,7381,0,23,0,796,1192,80,14016,11734,0,0,384,413,0,1114,1095,4304,105,0,882,283,0,195,1,19,159,51,20,325,2733,984,204,8,3101,1768,238,197,3258,2,0,3045,23710,431,1091,8,0,131,346,95,520,56,823,807,72,979,50,4,23,1020,1558,0,128,6925,4940,349,26,19,6785,6,11,0,306,9,24,0,5352,31,131,847,131,23,12,1153,11665,5810,0,3994,14,4,81,9,443,551,1870,8079,0,5,468,38,221,78330,14,4,11,741,0,193,6,1,428,198,2831,0,530,0,24,45,0,0,39,1359,0,8,0,1103,122,13,0,241,74,114,6985,7,387,14,321,2264,2011,16,41,1058,18,47,302,4094,0,50,0,2652,19,1,0,5059,0,0,30,0,5509,0,9,716,4,455,0,0,0,1943,3,2351,793,0,5072,0,0,0,0,837,5,0,12665,0,110,570,0,121,1127,0,1,0,27,0,0,0,2,0,11,54,0,810,3,0,0,50,2,77,0,0,0,356,0,39977,5080,33,0,45130,5,10309,4305,933,0,0,0,0,16,0,2419,0,9,81,279,378,26,0,39,127,0,269,1681,10175,0,7225,1,2,2411,0,6588,6,0,0,9481,0,0,2,1,519,0,562,1,32,1056,236,2,7417,0,0,0,0,4,191,0,6,0,0,0,35,44,64,36,0,0,71,0,0,3,0,4805,977,405,2823,0,7823,0,0,116,102,137,761,591,9,0,151,0,23,0,8,3168,0,1857,0,72,12095,0,2,0,637,0,2195,1556,125,0,1444,979,2859,64,50343,0,1446,1835,4048,0,224,161,277
"gene_1095",3348,44,352,38,0,1,0,5,578,3,4534,3239,32,26,40,2,56,75,0,4,1000,1,0,0,15,707,590,0,58,1952,0,0,3527,12,2151,74,0,0,9,63,0,2753,710,70,6714,277,894,957,116,17,242,438,426,0,0,900,21,3471,0,2,169,189,455,671,0,0,0,0,66,6,0,2,207,1668,245,3,0,0,10,17,33,80,7,8,0,1,1,208,35,873,8400,451,3807,12663,0,428,1268,5425,0,5739,11,57,0,0,3,79,1,0,5415,26,0,0,0,338,2903,6948,137,0,937,42,0,307,265,9,189,9349,4,176,45,64,103,220,0,7801,179,844,1010,1,18583,26699,32,672,2071,0,3939,1411,1288,42,659,336,1235,688,3775,904,26,10,28,0,1,1,1,0,30828,11,2023,183,199,101,5704,1,0,228,0,16,0,2644,1660,0,12527,103,3418,0,5322,331,5,40,20,1799,50099,432,143,121,0,328,1547,467,206,31,1641,151,11,188,271,112,1273,0,515,0,4,6,1648,0,34,285,9,1829,2340,0,0,0,0,7,13,6050,24,0,8575,0,4017,16,0,375,0,0,0,809,0,0,0,3,0,5383,1112,31,582,0,29,99,0,13,11,2906,5,18,0,1092,1107,0,0,0,1736,230,0,1,128,619,42,15,382,839,2428,1705,5141,348,52,962,390,0,107,64,422,600,1171,483,9,0,245,0,0,6,0,592,95,1,1203,304,13,1,40,4443,0,240,0,13,0,489,2,31,0,1,107,167,220,404,422,3,1394,3067,0,251,1419,57,0,146,264,0,77,0,47,0,8,0,2877,1202,1758,0,52,0,13,622,124,812,2,0,1,109,0,63,0,0,41,0,384,1064,4,15,111,4,92,2172,955,4647,0,0,468,33,137,0,2127,150,417,1555,451,254,4,31,886,353,113,15,30,245,62,630,372,0,8,472,0,0,76,0,0,92,0,457,25,327,452,137,0,1702,0,470,2035,4269,854,0,1,887,0,1,0,515,80,407,406,1351,43,4025,2,1,11,0,61,138,44,122,3408,2,89,2094,0,0,0,0,0,1688,0,6,1364,543,2,1493,188,2,74,1,1605,4,256,2682,7,0,97,491,6,79,572,0,0,214,0,0,0,1645,981,0,2,0,49,96,1,358,417,0,274,876,0,17,0,1359,99,829,34,0,0,89,0,70,8,0,0,10,0,4,813,492,0,21,0,0,8,32,133,1,0,7181,27,59,0,206,63,0,0,478,1331,1047,0,0,0,24,14,221,3,3984,0,2,0,0,1,1801,488,0,566,1,743,2745,1653,705,1744,157,40,129,0,6,6,0,0,7,3,320,229,53,0,152,0,134,0,1378,47,41,145,12,18,13,12,12,0,18,0,11,2,5786,0,0,0,0,5,0,0,1,0,11,0,25,112,0,0,0,0,0,0,140,29,0,5,8,0,0,75,0,0,0,1077,9,1,56,0,226,0,2,1,92,3087,2423,0,3,24,0,2,0,11,0,0,2,42,0,2,105,35,300,0,31,2251,0,0,479,3,0,0,88,1,0,16,216,0,3,0,0,0,41,5258,0,1037,26,0,0,0,0,51,246,0,0,19,24,8,577,0,0,13,1337,0,1,2,1,37,404,101,1953,6499,0,344,1,0,35,35,665,19,1,0,0,0,0,580,0,85,1266,3,0,0,1,0,3930,0,51,3328,700,0,2399,0,0,0,61,0,3,0,62,0,0,0,0,0,0,0,0,0,4,25,142,182,1,150,0,0,0,11,7,3532,1,0,8,0,0,0,0,1313,0,0,0,41,4,11,10,327,0,7,0
"gene_1096",0,45,3570,756,0,216,0,0,0,7,0,0,13,154,0,0,0,0,7,1364,648,0,63,1013,0,2420,0,8,0,0,850,0,0,2482,0,496,673,38,0,0,0,0,0,0,4223,1884,0,0,21,0,0,0,2,1,1959,0,308,6,0,0,0,0,1,0,4,0,0,176,35,16,59,1,2,0,2,7,0,0,12,8,0,0,0,0,0,0,27,3,0,500,0,4688,0,4744,0,0,324,0,2292,2,0,0,65,0,0,0,0,0,7,3,0,0,105,6,0,0,725,26,0,0,0,127,0,0,0,292,0,0,0,0,0,0,0,0,2017,0,34,0,3,3,0,27,0,0,0,945,0,41,259,5,58,0,0,0,100,0,0,0,0,0,0,990,0,4,0,0,0,8461,0,56,0,7250,0,0,1,8,27,226,0,0,44,0,952,0,0,0,0,1491,0,25340,187,1426,0,0,0,186,0,0,6,160,0,4,1,115,0,0,0,0,31331,0,0,0,7786,2054,0,296,1,4,57,2065,0,0,0,0,0,0,22089,0,0,0,0,0,0,0,0,0,0,8260,6241,0,0,0,28,12,11,0,563,2,0,12,1,0,265,1158,0,0,20885,0,0,0,0,0,0,0,0,32,0,0,0,0,0,0,0,0,0,0,964,0,0,0,0,0,0,0,0,0,0,0,0,0,0,248,253,0,0,0,0,0,1607,0,223,0,0,0,0,2,0,0,4,5,0,2236,0,3294,0,0,0,0,0,0,0,0,62,0,0,0,0,0,0,0,0,0,0,0,0,46,0,0,51,0,0,0,0,10,0,0,0,0,0,0,0,418,0,0,0,19,0,3,0,0,0,0,0,0,0,0,0,0,0,0,0,0,916,0,0,0,0,79,0,12,697,1,0,0,0,496,274,0,0,0,0,0,0,8,189,0,0,0,4,1332,479,0,0,0,0,0,0,0,0,0,0,0,0,0,0,0,348,0,0,0,0,0,0,0,0,0,0,0,0,0,0,2616,0,0,0,0,0,0,0,0,0,0,0,0,0,0,0,0,0,0,0,41,0,0,0,0,0,0,0,0,0,0,0,728,0,0,0,0,0,0,0,0,0,0,0,0,0,0,0,0,0,0,0,0,0,0,0,0,0,0,0,0,0,0,0,0,0,0,0,0,206,0,0,0,113,0,0,18,0,0,0,0,0,0,686,0,0,0,0,0,0,11,0,0,0,0,0,0,0,0,0,0,0,57,0,0,0,0,0,1244,0,0,2557,0,0,0,0,0,0,0,0,0,0,0,0,0,0,0,7,0,0,0,0,0,0,0,0,0,0,0,0,0,0,0,0,0,0,0,0,0,0,0,0,1,0,0,0,0,0,0,0,0,0,0,0,0,2,0,0,0,0,0,0,0,0,0,1,0,0,0,0,0,0,0,0,0,0,0,0,1,0,0,0,0,0,0,0,0,0,0,0,2,0,1,11,0,0,0,0,0,0,0,0,0,0,0,0,4,0,0,0,0,0,0,0,0,0,0,0,0,0,0,0,0,0,0,0,0,0,1,0,0,0,0,0,0,0,0,0,0,0,0,0,0,0,0,0,0,0,0,0,0,0,21,0,0,1,0,0,0,0,0,0,1,0,0,0,0,0,0,0,0,0,0,0,0,0,0,0,0,0,0,0,0,0,0,0,0,0,0,0,0,0,0,0,0,0,0,0,0,0,0,0,0,0,0,0,0,0,7,0,0,0,0,4,0,0,0
"gene_1097",132,50,24,24,64,48,53,5,15,25,104,21,8,26,21,63,4,72,2,2,20,31,9,53,77,23,38,43,2,23,7,53,16,11,11,108,8,100,38,25,78,28,13,4,57,15,7,2,28,39,8,2,9,15,5,47,5,135,23,26,35,25,60,13,22,0,7,13,140,44,49,26,5,147,5,52,30,76,11,3,134,11,14,29,17,1,14,41,12,12,17,1,6,0,0,0,0,0,3,0,11,6,1,0,5,0,1,0,0,0,20,0,0,0,20,0,0,0,4,8,0,0,4,4,27,2,6,1,8,11,0,17,9,4,0,3,6,4,5,10,4,0,0,0,0,0,1,4,19,9,1,5,1,0,1,0,11,11,2,2,2,7,18,6,2,0,0,7,2,2,5,0,9,6,0,0,0,0,5,0,0,19,0,2,2,26,5,0,26,0,5,0,0,7,67,0,19,2,8,0,2,11,10,51,32,5,1,7,9,65,61,1,3,10,1,21,62,27,61,31,26,0,2,85,393,11,57,43,12,71,8,12,6,14,62,79,30,50,43,5,0,82,7,7,1,2,29,135,46,2,197,192,0,10,47,2,24,36,46,7,6,126,21,3,40,244,80,9,31,91,128,134,220,727,327,10,77,9,202,82,1,509,217,21,3,48,85,57,9,40,220,1,73,46,4,31,46,111,22,53,94,0,43,88,204,12,165,6,361,0,281,0,10,36,118,81,630,261,687,40,344,73,29,8,414,250,128,124,30,140,515,13,301,1,25,4,133,18,32,228,26,244,7,0,105,6,10,535,100,55,171,26,18,155,143,80,25,0,190,52,1,20,137,591,188,350,54,498,5,5,53,173,0,39,214,84,202,249,86,265,0,5,461,189,459,86,279,272,103,762,9,86,101,755,443,868,116,21,1078,1,33,60,120,39,256,188,114,248,4,40,386,91,193,38,67,46,870,306,0,436,0,5,159,4,2,717,205,14,93,7,39,226,4,0,2,3,1,0,196,464,514,0,14,441,1248,0,178,17,158,404,100,93,4,0,455,161,2985,0,0,0,16,1,3639,146,1013,1081,226,942,1109,45,2465,95,13,422,286,13,1,589,0,4,12,54,0,612,59,53,354,0,67,0,48,12,5,2394,168,186,5055,26,2293,3,0,134,28,47,2291,0,0,177,18,0,118,29,13,51,204,0,12,1,0,597,0,17,114,949,19,2728,12,0,6,42,145,38,613,325,0,53,87,4,976,195,1,40,1,1453,274,10,677,26,110,1,1756,0,4075,3,1,6,0,0,23,8,347,1,67,55,734,877,127,1509,254,33,44,2,24,72,7,0,2,0,0,0,592,10,474,2085,555,2752,4,102,7549,0,13,0,1553,1416,35,107,5,6,0,0,0,0,1412,1,10,10,688,1090,11,1602,0,1,1459,1,0,656,0,5,16,0,64,0,4,62,34,158,171,261,0,2637,71,3,140,980,766,26,3408,134,141,1335,12,3,2736,93,3,775,6,5,0,0,406,0,1838,38,1281,0,1,1,1,0,1288,0,2,9,0,339,180,150,0,11,388,0,0,1110,0,0,9,28,120,139,506,318,550,345,491,0,3,1158,92,0,1,108,5,30,1800,0,68,97,11,2,102,124,0,32,38,10,0,0,4,995,0,851,0,0,0,2069,497,38,196,26,12,79,275,75,2,2,0,10,457,2750,1,0,10,0,1172,73,0,0,1106,10,2,7,1201,45,5,0,0,77,89,416,38,3,0,54,41,0,3,4411
"gene_1098",0,0,0,0,0,24,0,0,4,0,0,0,31,153,17,0,0,0,0,126,0,0,1048,21,0,0,8,0,18,22,143,0,675,0,0,0,0,0,0,90,35,0,0,0,0,0,9,0,0,0,0,0,0,216,6,0,48,0,1,10,0,1,106,298,0,0,0,0,0,0,0,0,0,535,0,0,2128,0,885,0,0,24,6,0,0,7,0,3,56,0,0,0,1,0,0,0,0,0,0,0,0,0,0,0,0,0,0,0,0,48,0,0,0,0,0,0,0,0,0,0,0,0,0,0,0,0,0,0,0,0,0,0,0,0,3,731,0,0,0,561,0,0,0,150,3032,0,0,0,0,0,0,0,0,0,0,2486,186,0,0,0,0,0,0,0,0,0,0,0,0,0,0,0,0,0,0,0,0,0,0,0,0,0,0,0,0,0,0,0,0,0,0,0,0,1,208,1830,0,33,203,0,14,0,33,0,109,0,0,243,60,422,0,0,1254,62,202,860,38,1,9,0,0,0,0,0,0,32,117,12,1,83,0,0,3,23,2353,0,0,0,0,100,0,0,3463,0,0,0,14,9,8575,2,0,0,0,0,9,0,11,0,50,0,351,1508,1,0,10,0,0,27,24,19,25,0,0,63,1327,31,0,1,0,0,0,209,89,224,105,0,97,0,75,8404,655,39,243,621,1,393,127,0,507,0,0,0,14,5,45,67,0,1419,32,4,0,412,1,3,0,283,0,267,66,0,1,0,0,196,0,0,0,121,5927,0,1,0,0,3,0,0,3,3,0,81,20,0,0,395,0,0,0,5,73,0,112,0,0,104,912,0,42,1911,0,944,0,36,3536,0,10,0,0,0,0,89,0,0,4209,0,0,550,91,146,0,4,3,0,1301,0,0,1281,0,294,0,0,4,0,456,0,0,0,445,7,0,63,0,397,533,0,0,1,18,0,0,0,163,849,1257,0,0,1725,2524,1922,0,2,0,0,1,81,248,4,11,382,10092,1,4,363,114,96,1671,2071,95,4,1114,152,1599,5,27,15,82,557,234,0,3,1327,18,0,1693,0,68,1858,29,0,394,52,0,224,64,37,48,14,387,43,284,374,808,1323,366,0,1612,835,170,274,279,1853,2716,77,2,515,1,0,64,2613,531,35,12,69,3,514,331,31,1814,92,302,1,41,1,6,1170,0,141,296,9,9,7,0,665,0,45,97,3,3680,0,752,49,0,96,0,1,0,3598,161,726,8,0,1,609,142,111,3661,542,2768,1144,150,107,103,15,1235,361,0,2003,1322,697,73,365,75,0,52,0,40,5429,87,312,2,2,500,1075,372,593,82,335,25,0,1169,300,0,230,56,698,64,8,561,200,612,51,32,0,9,17,1444,6,197,936,0,14,4114,0,55,947,6,299,0,0,9796,2237,3,12,0,255,2,211,1576,0,0,54,0,2128,4,5364,0,0,0,474,0,69,0,0,0,0,0,762,0,0,19,2311,0,544,0,2,0,0,30,0,0,14,118,4,231,0,0,1396,0,348,33,0,0,0,175,0,562,4605,0,46,0,0,682,13,16,2174,7807,8,0,0,0,0,161,1478,3,8,1541,1783,0,0,2,4780,3,236,30,20,1239,34,62,426,1,1545,43,687,0,0,0,0,10,64,2,0,2,0,0,0,124,70,1283,0,194,0,1,129,123,612,0,0,1289,0,3305,17,4507,2,0,0,5285,133,0,32,849,0,0,2827,24,101,444,2309,0,90,283,0,1051,0,8,0,4,0,276,191,0,0,0,2372,195,0,1618,600,265,0
"gene_1099",0,125,40,442,0,1,56,0,43,1,0,0,11205,0,328,1,338,0,1989,3182,0,2937,0,0,0,0,0,1793,2,51,5,0,3773,2317,132,1,0,10,0,1,0,0,0,0,0,2657,319,5,1,19,0,1,0,34,2969,2,3,215,100,653,0,246,2599,169,227,35,0,0,194,868,269,3166,108,8312,1795,3,217,0,437,415,0,0,3,4,1629,221,0,11,430,2,0,0,2462,1645,1087,387,0,1,50,0,0,8081,0,0,73231,9,10,881,7244,0,95,888,1205,7,107,18509,180,3,239,0,0,8680,2,869,0,0,4,2560,0,0,4,762,0,5,119,29,0,1361,415,0,745,0,3022,366,129,0,3999,0,636,507,0,31,5723,0,0,0,0,57,983,45,4,0,1484,13,5150,81,50,82,0,1,34,9225,53822,0,64,200,0,7,0,4,14516,0,0,487,116,0,0,0,0,0,1,33654,0,1,8,10,119,659,506,1,45,126,1,6803,924,0,1,1,3,1140,0,0,0,0,497,0,0,126,0,0,6988,298,14,0,2027,52,0,15,69,31,0,0,0,0,236,201,7,0,0,0,0,5,442,0,2559,0,0,0,241,9,163,36,0,0,0,857,813,0,0,67,360,0,0,19,0,0,4,2669,0,8,0,300,830,0,332,2,3346,0,0,0,111,0,40,41,38,0,269,9,0,0,0,1129,131,0,0,3,0,6,806,4,1,1,7,0,692,0,22,122,224,0,0,30,573,4,1336,0,0,1,0,711,0,0,211,79,2,0,0,0,6507,3,0,0,1,1462,0,207,228,4,0,2435,0,0,0,63,0,195,4,0,0,2,22,24,0,0,14,433,0,13,0,0,334,0,20,0,0,105,633,0,0,0,7,0,3,936,67,0,0,0,1,17734,657,0,142,1,0,0,0,35,0,0,5,0,935,535,52,463,3533,0,4,13,275,13,0,0,0,1,486,0,0,0,1248,2,0,0,9,0,1,40,0,0,17,1461,473,0,0,760,0,34,0,0,0,0,145,0,308,175,0,1308,4003,294,10,36,2,1469,0,0,65,0,2,1849,200,392,13,21,16,1549,884,376,12,0,0,4071,10,0,42,486,1090,0,2135,455,6,284,15,0,0,0,0,0,0,0,0,4519,86,206,0,216,0,8,1674,12332,160,0,144,0,1,3685,1001,0,0,1783,0,0,15,0,0,44,21,10321,7,0,0,1042,0,0,86,13,32,0,0,233,333,1,99,0,3,51,1496,195,224,2,0,143,0,2180,1304,0,764,2551,0,0,1531,27,22,21,150,0,0,359,4385,31,64,4,0,437,0,972,2612,77,864,7,2,153,4,41,3,34,10725,0,1304,7,709,107,0,0,1116,2625,0,0,0,3439,0,349,0,0,4544,184,2309,0,43,0,534,0,1258,0,1751,0,1,43,113,4202,0,6,5,10,0,0,91,0,3,448,0,12,0,600,0,2697,0,0,91,9,0,6,0,0,176,0,49,0,3001,0,3240,8,642,0,0,0,0,0,0,0,0,0,0,0,29184,0,150,5545,21,0,1,70,0,30,18,349,3,0,0,29,7,1,0,152,0,0,0,5,0,1917,0,0,0,14,0,15,656,0,0,0,6983,9,0,2,8,17,0,35,15,0,0,0,1371,1337,151,2,0,0,328,42,0,0,9106,0,0,0,0,25,0,1197,0,0,0,26,0,0,900,0,0,0,12089,0,0,0,0,28,0,0,0,66,0,1,0,0,0,1126,0,444,0,1031,188,138,0,0,0,0,0,3408,0,194,8443,0,9,214,4928,2810,0,0
"gene_1100",0,0,0,0,0,0,0,0,288,0,0,0,0,0,19,0,0,0,0,0,0,0,14,14,29,0,0,3,37,240,0,0,314,0,1665,0,0,0,0,0,0,0,0,0,593,1322,0,19,0,80,0,1,981,1,9,37,0,0,0,0,0,0,0,0,0,0,0,1371,471,335,0,0,0,0,0,0,21,199,0,3,0,0,322,0,0,5,11,0,7,0,0,11,0,0,0,0,0,370,0,0,0,0,1,0,0,0,0,1,0,5,0,0,49,0,0,26,0,0,0,0,0,155,3,909,0,0,0,0,8,0,2,0,0,0,1,15,2,0,0,2,0,0,0,0,0,0,12303,0,0,2,188,0,119,0,0,97,0,0,0,0,0,0,0,0,0,3,0,169,0,2,0,0,9309,0,0,0,0,0,0,0,0,0,0,0,0,44,40,0,0,0,0,0,0,0,0,0,0,0,0,0,0,0,0,109,0,29,0,0,0,0,0,0,0,0,0,0,0,0,0,0,260,0,0,44,0,0,0,0,0,0,0,0,0,781,0,0,0,0,1130,7,0,14,82,0,0,0,0,0,28,0,0,556,0,1,0,0,422,45,0,0,0,0,97,3,0,1093,252,18,14,374,0,0,711,1,10,0,80,3,2475,222,85,0,0,0,0,0,53,0,0,1607,134,0,44,0,15,274,0,1,0,0,0,0,216,151,0,2881,1,10,29,0,5,0,0,526,0,0,0,1755,61,61,0,180,3,496,10,0,0,4,37,0,1,0,0,2,1,22,2,1,117,497,66,0,3,282,0,0,610,0,0,0,0,0,126,3,0,0,0,0,2219,37,0,9,0,0,0,0,2,17,2,0,104,473,0,10,0,0,0,0,7,975,7828,1,566,238,0,23,4,0,0,38,0,4,0,0,0,0,47,1,4,2485,184,2,4,0,0,3,916,0,88,230,1542,709,0,0,0,5,183,0,7,960,0,3,0,7322,0,185,0,0,1,0,1,251,100,1,87,0,6,0,0,52,0,4,0,8,0,407,3,84,0,0,0,127,0,1,4154,2273,188,0,1139,0,0,0,486,227,0,0,0,115,1,11,0,0,11,12,4,0,17,0,0,163,0,1,91,0,0,272,0,0,0,0,59,187,0,0,30,11,0,0,153,55,73,0,1,0,0,0,0,0,1,0,0,2,0,172,3924,0,0,0,2,0,0,0,0,337,1,0,0,0,0,0,0,0,0,0,0,0,1,0,0,0,0,0,232,0,0,611,0,364,225,0,139,356,0,27,0,377,1,0,23,0,0,0,10,0,0,1,113,590,0,0,0,0,0,0,0,14,0,0,0,0,0,0,0,0,0,46,1832,112,0,0,0,2,741,0,0,0,0,191,0,0,0,0,0,7956,344,0,0,0,0,0,0,0,0,2440,0,0,0,0,0,2,0,24,1330,0,0,0,0,0,37,0,40,0,72,0,0,0,0,0,0,0,0,0,0,0,0,0,0,0,4,0,47,0,0,0,0,0,0,0,0,0,0,1834,0,0,6,0,0,0,0,2,0,0,0,0,0,2434,1762,0,22,2,0,0,0,0,0,1053,0,0,0,0,0,0,0,0,993,815,0,0,0,0,2,0,0,1106,10,0,9,169,0,600,0,785,0,0,0,0,0,13,0,40,1,0,1,14,436,0,0,2860,0,3260,0,1,0,0,0,76,665,3,0,0,1324,0,1455,0,8,877,0,0,0,0,66,0,0,794,0,171,373,516
"gene_1101",0,0,0,23,0,0,3,0,0,0,0,0,29,1,0,0,176,0,0,0,0,167,0,0,0,0,0,0,0,0,0,0,0,0,0,0,0,0,0,0,183,164,0,0,0,0,0,0,0,0,0,0,0,0,0,1,0,87,0,0,0,0,0,0,0,0,0,0,0,0,1,0,0,0,0,0,0,0,0,0,0,0,3,0,4,0,5,88,0,23,0,0,0,0,321,565,0,0,5163,0,308,0,1,1102,113,0,8511,0,0,32,0,0,0,0,0,0,0,0,0,0,0,862,0,0,0,0,0,0,0,0,0,0,0,1103,0,0,0,0,0,0,0,0,28,0,4,0,0,81,0,0,2,0,0,0,59,0,1305,0,0,0,0,0,0,543,0,0,2374,0,0,0,0,0,0,0,0,12360,0,0,0,2,19069,0,0,0,0,4,364,0,550,0,0,0,0,0,0,0,0,2,0,0,18,0,0,0,0,0,0,0,1,0,0,131,0,12,1,0,0,0,1,14,0,4,0,0,0,0,0,0,0,5,0,0,0,0,9,0,0,2,0,0,4,0,0,0,0,22,0,0,0,0,0,0,0,5,0,0,0,0,0,0,0,0,0,0,1000,0,0,0,0,0,0,0,0,0,17,2,0,0,34,271,40,0,8,0,0,0,0,0,0,0,0,0,0,0,0,0,0,0,0,0,0,0,0,0,0,0,0,0,0,0,0,0,0,0,0,26,96,8,0,0,0,0,704,0,319,702,0,0,0,0,0,0,0,3539,0,0,0,0,0,0,0,0,0,0,0,0,0,0,0,0,23,0,0,0,0,218,75,0,2,130,0,0,1,6,0,0,0,0,0,0,0,0,0,0,0,0,0,0,0,0,0,0,0,0,0,0,0,103,24,0,0,0,0,0,0,0,461,0,0,0,0,0,0,44,0,11,0,0,0,0,0,0,0,0,0,0,0,0,0,0,8,0,0,0,4,0,28,0,0,0,0,0,1,0,5,0,0,0,0,0,0,0,0,0,857,0,0,0,0,0,0,0,0,0,0,22,272,33,0,0,0,0,0,0,0,0,0,6,0,0,0,0,0,0,0,0,0,0,0,0,0,49,4,0,0,1008,0,0,0,0,0,0,161,0,0,0,0,0,0,0,0,0,0,7,9,62,0,0,0,0,0,0,0,0,0,0,0,0,0,182,0,0,0,14,0,0,0,0,16,0,0,0,0,0,75,1,0,0,15,73,2,0,0,6,0,0,0,0,0,0,0,0,0,0,0,5,0,0,0,0,2,2,0,0,0,0,21,0,71,8,0,0,0,0,0,0,0,0,0,0,0,0,0,0,0,0,4,0,0,0,0,0,0,0,0,0,0,0,0,0,0,0,0,0,0,0,0,8,0,10,0,0,0,0,0,0,0,0,0,10,0,0,406,0,0,0,0,0,1,114,0,0,0,0,0,0,0,0,32,0,0,0,0,0,0,0,0,0,0,1,168,0,0,0,0,0,0,0,10,0,0,0,0,0,0,0,0,3,0,30,0,0,0,0,17,0,0,0,0,0,0,0,53,0,0,0,0,46,0,0,0,0,0,0,1731,0,0,0,0,126,1,0,0,0,0,0,0,0,0,76,0,0,0,0,0,15,15,0,0,0,0,0,1,0,0,0,108,0,0,0,0,0,0,0,0,0,0,0,0,0,0,1,0,0,0,0,0,0,2,0,0,0,0,23,0,0,0,5
"gene_1102",0,0,0,0,0,0,0,10,3,0,4,0,0,0,0,0,0,0,0,0,0,0,35,0,0,0,221,0,0,11,0,0,0,0,0,0,0,0,0,178,0,0,118,0,0,0,0,0,1,208,0,0,0,0,1,0,0,0,0,63,0,0,0,0,0,0,0,0,0,0,0,0,0,0,7,0,0,0,1,0,1,0,0,0,10,0,0,0,0,0,0,0,0,0,0,0,0,0,0,0,0,0,0,0,0,0,0,50,0,1,0,0,0,0,0,5737,0,0,0,0,0,0,0,2,2693,7,0,0,0,0,0,0,0,0,0,0,0,221,0,1833,0,0,0,0,0,0,0,0,0,0,0,0,0,0,6,0,0,0,0,0,2,2,0,0,0,0,0,0,0,0,0,716,0,0,180,0,15,0,0,0,0,0,0,0,2,13,0,0,0,0,0,0,3,0,0,3,0,0,0,13,0,0,5,0,0,0,0,0,7047,189,0,0,0,0,0,0,1,0,0,0,0,0,0,0,0,741,0,0,0,0,0,0,0,314,0,0,109,0,0,0,0,0,0,0,0,0,0,221,5,0,0,0,0,0,0,0,0,0,0,4318,0,0,0,0,0,0,0,0,0,0,0,0,0,0,0,0,0,0,0,0,0,0,0,0,0,0,0,0,0,0,0,0,0,0,0,0,0,0,0,0,0,0,0,0,0,0,0,0,0,0,0,0,0,0,0,0,0,0,0,0,0,0,0,0,0,0,0,3,0,0,0,0,0,0,0,0,0,0,0,0,0,21,0,0,0,0,0,0,0,0,0,0,0,0,0,0,0,0,0,0,0,36,7,0,0,0,0,0,0,0,0,0,0,0,0,0,0,0,0,0,0,0,0,0,0,0,8,0,23,0,0,0,0,0,0,0,0,0,0,0,0,0,0,0,0,0,0,0,0,0,0,0,0,0,0,0,0,0,0,0,0,0,0,0,0,0,0,0,0,0,0,0,0,0,1,0,0,0,0,0,1,1,0,0,0,0,0,0,0,0,0,0,1,0,0,2,1,0,1,0,0,1,1,1,0,0,0,0,4,0,0,0,0,0,0,0,0,3,0,0,1,0,0,0,1,0,2,0,0,0,0,0,0,1,1,0,0,0,0,0,0,0,0,0,0,1,0,0,0,0,0,0,1,0,0,0,0,0,2,0,0,0,0,0,3,1,0,0,0,0,0,0,0,0,2,0,2,0,1,0,0,0,0,1,1,0,0,1,0,1,1,0,0,0,0,3,0,0,0,0,0,0,5,0,1,0,0,0,0,0,0,0,0,0,0,0,0,0,0,0,0,0,0,0,0,0,0,0,0,0,0,0,0,0,0,0,0,0,0,0,0,0,0,0,0,0,0,0,0,0,0,0,0,0,0,0,0,0,0,0,0,0,0,0,0,0,0,0,0,0,0,0,0,0,0,0,0,0,0,0,0,0,0,0,0,0,0,0,0,0,0,0,0,0,0,0,0,0,0,0,0,0,0,0,0,0,0,0,0,0,0,0,0,0,0,0,0,0,0,0,0,0,0,0,0,0,0,0,0,0,0,0,0,0,0,0,0,0,0,0,0,0,0,0,0,0,0,0,0,0,0,0,0,0,0,0,0,0,0,0,0,0,0,0,0,0,0,0,0,0,0,0,0,0,0,0,0,0,0,0,0,0,0,0,0,0,0,0,0,0,0,0,0,0,0,0,0,0
"gene_1103",0,0,0,0,0,0,0,0,0,0,0,0,0,0,0,0,0,0,0,0,0,0,0,0,0,0,0,0,0,0,0,0,0,0,0,0,0,0,0,0,0,0,0,0,0,0,0,0,0,0,0,0,0,0,0,0,0,0,0,0,0,0,0,0,0,0,0,0,0,0,0,0,0,0,0,0,0,1,0,0,0,0,0,0,0,0,0,0,0,0,0,0,0,0,0,0,243,5,3,13,93,0,0,236,0,0,0,0,0,0,1190,2,0,0,0,1972,36,8,52,25,1,0,4,83,218,0,115,3,0,0,0,97,1056,0,0,99,0,0,0,2753,4,228,80,0,0,0,0,0,0,11093,0,1,1468,0,0,1505,320,0,0,245,0,0,3,3666,0,0,0,0,0,0,9759,3366,0,0,0,136,1708,0,0,0,0,226,2591,4,68,12,0,3279,0,217,0,0,5145,217,24,27,0,16,346,0,0,1,0,0,352,7,0,304,0,0,0,0,9,12,0,6,0,0,0,140,0,0,0,0,0,0,46,2823,0,0,0,2498,0,0,1190,29,55,0,0,1,0,20,0,0,0,0,1372,420,0,15,0,0,0,0,146,0,17,0,49,0,0,0,0,0,0,12,0,0,21,0,0,0,0,0,0,0,0,0,0,0,0,4,0,0,331,0,0,724,0,0,0,0,0,0,0,0,0,0,0,0,0,0,0,0,0,0,0,0,0,3,0,0,0,0,0,64,0,0,0,0,0,0,0,0,0,0,0,0,0,0,0,0,0,0,0,0,0,0,0,0,0,0,0,0,0,0,0,0,0,0,0,0,0,0,0,0,0,0,0,0,0,0,0,0,0,0,538,0,0,0,0,0,0,0,0,0,0,0,0,0,0,0,0,0,0,0,0,0,0,0,0,0,0,0,0,0,0,0,0,0,0,0,0,0,0,0,0,0,0,0,0,0,0,0,0,0,0,0,0,0,0,0,0,0,0,0,0,0,0,0,0,0,0,0,0,0,0,0,0,0,0,0,7,0,0,1,0,0,0,0,0,0,0,0,0,0,0,0,0,0,0,0,0,0,41,0,0,0,0,0,0,0,1,0,0,0,0,0,0,0,0,0,0,0,0,0,1,0,0,0,0,0,0,0,0,0,0,0,0,0,0,0,2,0,0,0,0,0,0,0,0,0,0,0,0,0,0,0,0,0,0,0,0,0,0,0,0,0,0,0,3,0,0,0,0,0,0,0,0,0,0,0,9,0,0,0,0,0,0,0,0,0,2,0,0,0,0,0,0,0,0,0,0,0,0,0,0,0,0,0,0,0,0,0,0,0,0,0,0,0,0,0,0,2742,1,0,0,0,0,0,0,0,0,0,0,0,0,0,0,0,0,0,0,0,0,0,0,0,0,0,0,0,0,0,4,0,0,0,0,0,0,0,0,0,0,0,0,55,0,0,0,0,0,0,0,3365,0,0,0,1,0,0,0,0,0,0,0,0,0,0,0,0,0,0,0,0,0,0,0,0,0,0,0,0,0,0,0,0,0,0,0,0,0,0,0,0,0,0,0,0,0,0,0,0,0,0,0,0,0,0,0,0,124,1,0,0,0,0,0,0,7,0,0,0,0,0,0,0,0,0,0,0,0,0,0,0,0,0,0,0,0,0,0,0,0,0,0,0,0,0,0,0,0,0,0,0,0,0,0,351,4,0,0,1,0,0,0,0,122,0,0,0,0,0,0,0,0,0
"gene_1104",0,0,0,0,0,0,0,0,0,0,0,0,0,0,0,0,0,0,0,0,0,0,0,0,0,0,0,0,0,0,0,0,0,0,0,0,0,0,0,0,0,0,0,0,0,0,0,0,0,0,0,0,0,0,0,0,0,0,0,0,0,0,0,0,0,0,0,0,0,0,0,0,0,0,0,0,0,0,0,0,0,0,0,0,0,0,0,0,0,0,0,0,1192,0,0,0,0,0,0,6,0,0,0,0,0,0,0,0,0,0,0,0,47,0,0,0,0,0,0,0,0,0,0,2,0,0,0,0,0,0,0,0,0,0,0,0,0,0,0,0,0,0,0,0,0,0,0,0,0,0,0,0,0,0,0,0,0,0,0,0,0,0,0,0,0,0,0,0,0,1,0,0,0,0,0,0,0,15,0,0,0,0,0,0,0,0,0,0,0,0,0,0,0,0,0,0,0,0,0,0,0,0,0,0,0,0,0,0,0,0,0,0,0,0,0,0,0,0,0,0,0,0,0,0,0,0,0,0,0,0,0,0,0,0,0,0,0,0,0,0,0,0,0,0,0,0,0,0,0,0,0,0,0,0,0,0,0,0,0,0,0,0,0,5,0,0,0,0,0,0,6,0,0,0,34,0,470,0,0,374,0,0,3906,0,0,0,11,44,0,12,0,644,0,0,0,0,0,0,0,0,0,0,0,0,0,0,0,0,0,0,0,0,0,0,0,0,0,0,0,0,0,0,0,0,0,0,0,0,0,0,0,0,2,0,0,0,0,1754,0,0,0,0,0,0,0,0,0,0,0,11,1,0,0,0,0,0,0,0,0,89,289,0,14,0,0,0,7,0,0,0,0,132,0,0,2,1,0,0,0,2389,18,0,0,0,0,0,0,0,0,0,632,0,157,0,1,0,0,0,0,17,0,0,0,2,102,1,0,7,0,0,0,0,0,0,4,0,0,31,0,0,69,0,0,14,0,0,0,0,0,0,0,0,2,0,0,1,0,0,0,0,0,0,0,101,0,0,0,0,0,0,0,10,5,0,0,0,0,0,0,0,0,1,0,0,0,44,0,0,1,360,0,0,0,0,0,0,0,0,0,0,0,0,0,0,0,2,0,1,0,19,0,0,0,288,0,0,0,0,0,0,0,0,0,14,0,0,0,0,0,58,0,28,0,177,0,0,0,0,0,0,0,0,0,0,0,0,18,0,0,0,0,0,0,0,0,0,0,0,0,371,0,1,0,0,0,0,0,0,0,0,1,0,0,0,0,0,0,0,0,0,0,0,0,0,0,0,0,5,0,0,0,0,0,0,0,0,0,0,0,0,0,0,0,0,0,0,0,0,0,0,0,0,0,0,0,0,0,0,0,0,0,0,0,0,0,0,0,0,0,0,5,0,0,0,0,0,0,27,0,0,139,0,0,0,0,0,0,0,0,0,0,5,0,0,0,0,0,726,0,0,0,0,0,0,0,0,0,0,0,0,0,0,0,0,0,0,0,0,0,0,0,0,0,0,0,0,0,0,0,0,0,0,0,0,0,0,0,0,0,0,0,0,0,0,0,0,0,0,118,0,0,0,0,0,0,2,5,0,0,0,0,0,0,0,0,0,0,0,0,0,0,0,0,0,0,0,0,171,0,0,0,0,0,0,0,0,0,0,0,0,0,0,0,0,0,0,0,0,0,0,0,0,271,0,0,0,1,0,0,0,1,0,0,0,0,0,0,0
"gene_1105",0,0,0,0,0,0,0,0,0,0,0,0,0,0,0,0,0,0,0,0,0,0,0,0,0,0,0,0,0,0,0,0,0,0,0,0,0,0,0,0,0,0,0,0,0,0,0,0,0,0,0,0,0,0,0,0,0,0,0,0,0,0,0,0,0,0,0,0,277,0,0,0,0,0,0,0,0,0,0,0,0,0,0,0,0,0,0,0,0,0,0,0,0,0,0,0,0,0,0,0,0,0,0,0,0,0,0,0,0,0,0,0,0,0,0,1,0,0,0,0,0,0,0,0,0,0,0,0,0,0,0,0,0,0,0,0,0,0,0,0,0,0,0,0,0,0,0,0,0,1,0,0,0,0,0,0,0,0,0,0,0,0,0,1,0,0,0,0,0,0,3,0,0,0,0,0,0,0,0,0,0,0,0,0,0,0,0,0,0,0,0,0,0,0,0,0,0,0,0,0,0,0,0,0,0,0,0,0,0,0,0,0,0,0,0,0,0,0,0,0,0,0,0,0,0,0,0,0,0,0,0,0,0,0,0,0,0,0,0,0,0,0,0,0,0,0,0,0,0,0,0,0,0,0,0,0,0,0,0,0,0,0,0,0,0,0,0,0,0,0,5794,0,0,0,0,1,1,0,0,0,0,0,0,0,0,0,0,0,0,0,0,0,0,0,0,0,0,0,11,0,0,0,0,0,0,0,0,0,0,0,0,0,0,0,0,0,0,0,0,0,0,0,0,0,0,0,0,0,0,0,0,0,0,0,0,0,0,0,0,0,0,0,0,0,0,0,0,0,0,0,0,0,0,0,1,0,0,0,0,0,0,0,0,0,0,0,0,0,0,0,0,0,0,0,0,259,0,0,0,0,0,10,0,0,0,0,0,0,0,0,0,0,0,0,0,0,0,0,0,0,0,0,0,0,0,0,0,0,0,0,0,0,0,0,0,0,0,0,0,0,0,3,0,0,0,0,0,0,0,0,0,0,0,0,0,0,0,0,0,0,0,0,0,0,0,0,0,0,0,0,0,0,0,0,0,0,0,0,0,0,0,0,0,0,1,0,0,0,0,0,0,0,0,0,0,0,25,0,0,0,0,0,0,0,0,0,0,0,0,0,0,0,0,0,0,0,0,0,0,0,0,0,0,2035,0,0,0,0,0,0,656,0,0,0,0,0,0,0,0,0,0,0,0,0,0,0,0,0,0,0,0,0,0,0,0,0,0,0,0,0,0,0,0,0,0,0,0,0,0,0,0,0,0,0,0,0,0,0,0,0,0,0,0,0,0,0,0,0,0,0,0,0,0,0,0,0,0,0,0,0,0,0,0,0,0,0,0,0,0,0,0,0,0,0,0,0,0,0,0,0,528,0,0,0,0,0,0,0,0,0,0,0,0,0,0,0,58,0,0,0,0,0,3,0,0,0,0,0,0,0,0,0,0,0,0,0,0,0,0,0,0,0,0,0,0,0,0,0,0,0,0,0,0,0,0,0,0,0,0,0,0,0,0,0,0,0,0,0,0,0,0,0,0,0,0,0,0,0,0,0,0,0,0,0,0,0,0,0,0,0,0,0,0,0,0,0,0,0,0,0,0,0,0,0,0,0,0,0,0,0,0,0,0,0,0,0,0,0,0,0,0,0,0,0,0,0,0,0,0,0,0,0,0,0,0,0,0,0,0,0,0,0,0,1809,0,0,0,0,0,0,0,0,0,0,0,0,0,0
"gene_1106",0,0,93,1241,872,0,0,0,20,2837,1520,35,0,154,115,208,0,60,1594,36,2344,1,2,245,32,844,0,57,0,0,0,615,165,0,582,0,109,147,4,20,322,0,1570,4070,1892,0,0,420,0,477,5852,0,0,4,0,5596,313,54,1397,0,776,2991,60,1,0,890,8,261,1,0,305,218,0,66,0,59,0,1074,619,0,736,260,3,1,1212,617,0,136,0,1,6,0,123,0,13,0,585,0,213,0,6,0,795,0,9,0,2708,4291,7,0,0,1,0,705,702,0,3,0,0,0,609,1,6,0,3695,0,2,46,737,0,5721,1,455,0,1120,4645,0,0,9,27,8889,18886,505,210,179,0,0,0,0,0,18042,1,0,0,0,28,1,3046,0,0,477,11,22378,0,0,0,0,499,0,9,0,1,545,0,0,0,0,0,40,25,831,1,0,16631,0,105,211,5232,0,0,5318,600,0,2586,165,0,1413,0,493,1999,0,150,3360,0,0,10,0,0,0,0,0,0,0,2941,2,0,1799,72,44,0,200,0,47,0,0,471,60,0,0,0,32,1,0,0,0,0,0,22,0,0,434,0,0,331,0,0,0,47,0,1155,0,0,25500,0,0,5,0,822,8,0,0,321,804,0,993,7,1338,276,0,14,386,9390,1,1,746,0,265,0,0,0,0,20,31,0,2198,0,1,3,14,1023,7,128,445,1432,381,0,321,0,63,0,1140,1154,0,0,109,0,0,0,4,0,726,1,29,11,1186,19,0,0,0,0,6,114,2393,0,22,272,0,0,282,0,112,27,67,0,347,0,176,0,385,179,0,63,4,1906,553,226,12,146,0,37,1,44,0,347,145,24,0,392,920,0,4,2,1,0,26,0,2060,31,0,0,37,32,631,604,83,0,2322,0,4671,0,2,68,64,0,6,315,0,2695,0,5,0,0,19,168,12,1492,7,1221,0,375,0,19,0,256,2,62,0,0,0,343,3744,59,6,839,291,0,238,21,0,134,60,0,60,39,144,13,647,67,354,5,4413,9484,0,61,4,98,1,2,1,0,2,0,6,0,533,0,6,0,17,0,0,0,0,0,0,0,66,281,7206,6,4,0,13,0,0,1,5409,28,0,38,136,0,2698,0,0,2345,4855,663,5,2500,94,6,0,0,1,0,135,38,0,0,0,0,0,2309,0,0,0,354,25,0,1313,0,0,32,262,0,80,3380,83,0,41,0,190,0,0,0,0,2,35,20,6,0,163,0,9,0,0,0,0,5,80,0,1,362,14,0,8810,0,668,0,4,0,0,0,86,0,0,249,0,1078,8,6,25,0,0,199,0,0,0,1320,0,79,20,1687,165,28,0,0,0,120,0,0,330,271,297,0,10,0,17,0,2,2,0,0,0,2260,0,4013,457,0,6,0,1,0,3857,0,156,253,0,20,0,1,0,0,9,743,0,0,55,879,3,0,0,977,25,307,0,17,0,19,0,92,1,0,0,0,0,1790,0,2164,389,0,11168,1533,0,4,0,4,1167,175,0,31,23,11,484,0,23,78,399,39,0,0,0,0,290,0,1573,4,0,183,699,39,0,1728,1,24,1702,4,0,9,119,3623,48,1858,0,0,0,0,0,0,1584,11470,116,0,99,1,16,0,0,3463,62,7,0,12203,69,104,746,0,625,11462,3205,1160,0,0,0,0,0,2606,6,8,1,0,25,0,408,0,20,397,65,1302,1182,13,64,0,0,0,0,0,0,51,0,342,0,1,0,29,1,0,0,0,0,0,8,1,0,2,34123,1405,0,96,1295,61,0,0,5,0,38,0
"gene_1107",394,99,1,0,168,92,2519,4,31,2995,483,268,356,736,0,264,1917,132,2,2158,0,145,66,25,1,16,127,8,694,62,0,833,0,102,88,3498,520,2933,487,0,1293,79,197,50,449,10124,104,46,415,45,64,2972,278,148,836,1548,2547,0,131,9,56,201,575,1352,6,1145,147,73,100,3406,48,581,0,409,4550,974,4,24,1451,6,3136,261,54,18,2444,0,64,208,2464,126,513,229,33624,52,3176,0,0,170,11324,9387,65,4525,3,0,977,4,2940,6924,2743,41,28,1818,26,1,9,47,5,0,1764,0,1,2,918,15,0,5641,18,0,38,406,1,1,2715,1572,9,13,3391,0,0,51428,6,728,0,0,58,3681,540,0,8156,5,5562,6,322,0,25,290,361,0,0,6,0,6916,3164,826,917,1,0,23810,0,708,37716,13219,0,115,20,0,18,99,0,1356,2761,329,2511,13872,0,3662,5,63,62,502,683,154,0,32,231,4313,127,816,2477,1384,1551,5,729,0,1207,385,1897,392,130,98,3611,116,31,3,455,23,314,368,181,670,1054,399,4955,816,1220,7,26,546,66,7,122,4339,26,1802,0,432,6258,282,0,205,4004,8688,12,3980,2688,3485,1216,4,3339,332,350,155,1,1,31,42,0,648,3,0,1906,8595,44,701,3084,4973,652,92,1,580,372,598,924,6203,25621,7798,1939,75,110,14,569,7681,201,429,900,336,5992,8881,64,523,592,0,37,949,1487,1141,4,12,0,1466,646,111,75,2893,0,1091,98,3674,300,919,343,441,862,144,1142,94,14,12170,843,1,571,515,60,537,34,568,533,693,1645,175,47,1573,2387,257,3788,1908,30,103,1421,217,1144,268,4354,89,25918,75,13170,8,817,622,319,10877,491,487,1220,132,3783,4,305,0,1482,3169,2774,143,26734,58,754,790,2943,282,1994,536,880,122,15,72,36,227,655,2488,2170,559,193,6309,57,5509,1140,497,2049,4018,2716,2580,10583,2759,1615,91,1596,192,3401,707,2,192,2865,463,1365,2,17,473,7229,551,67,1556,11,57,89,808,16,5859,1427,705,4475,3135,3464,0,180,931,2590,841,162,4291,456,4086,563,36,0,79,1357,2419,1869,1994,78,1096,1924,5956,246,1924,8,515,2238,900,14,37,1639,282,3,1202,6178,4868,4908,2,625,149,1966,813,64,2878,255,904,2137,167,2235,556,9,517,2350,41,224,152,3971,287,788,273,104,1,3867,673,1196,142,17,48,31,778,118,2350,335,2,1924,522,104,4539,436,277,645,558,3262,12,395,1658,198,1565,354,367,57,8481,590,875,189,18,1475,178,1,1482,3,512,1,1452,15502,705,0,1542,4963,134,9104,991,1999,322,1061,1595,1270,30,1404,1272,53,48,114,1,3702,1900,181,2112,76,639,8,439,2,7,909,4898,1295,584,833,2482,56,2313,544,20,12599,7270,19,61,736,11,35,0,1576,147,23,184,0,295,11,1087,349,33,851,586,38,1599,42,658,4898,1927,1,1149,60,13,3,0,4372,1423,505,69,8,977,29,980,22,2947,0,2894,21,21,2098,970,8,942,0,142,1474,67,24,552,397,7966,22,0,30,0,14,0,0,866,43,803,4793,5160,0,1180,41,0,17,1494,3114,18,404,1757,112,1549,280,1082,11066,3774,160,0,26,3651,17,820,1741,901,31,2228,126,46,9,99,1215,69,32,11,2584,1180,424,1258,2933,0,0,1499,0,1494,737,6,40,890,689,1,1964,1,0,3329,0,486,0,1264,498,5599,1851,1,673,50,3323,0,898,22,93,263,1,1481,23,22,2,0,288,156,6912,23,156,0,780,202,1,1848,31,0,1,10096,20,38,0,447,687,23347,8823,8188,0,7,11,19,906,89,7028,880,81,8331,29,2209,0,6,395,14030,239,388,0,3407,818,1,4697,3552
"gene_1108",216,2275,844,641,13,794,401,10,43,799,128,0,3738,0,0,1339,417,11,112,388,1412,233,1448,4,5201,231,513,97,18,0,1,1516,74,5,1380,2158,327,1579,0,258,57,492,5,48,203,1316,2918,486,3284,104,0,1012,0,93,106,0,76,9,4021,7,1067,677,13,74,88,86,58,24,1271,1616,673,8566,22,233,437,109,41,9,430,0,258,1250,5410,3092,29,189,618,3491,0,1732,908,226,17370,5282,0,1623,535,159,6643,306,1,2115,1504,9310,208,2077,3761,2146,22648,1,17,32,1855,1818,2030,18841,3,985,403,8,349,1813,145,19,1,6186,1715,50,491,5931,54,14513,15155,10010,1,109,2532,16210,1467,11,0,0,1,151,31462,2404,307,372,120,2428,18505,1457,1468,0,2720,8223,404,381,136,2,36238,980,244,1424,55,0,137,47,1764,787,1429,11720,4,1251,2730,24423,183,26467,25769,281,3,14034,327,768,488,24975,0,6731,0,614,223,7765,9421,647,599,311,630,0,0,141,747,442,491,430,414,43,1641,4440,0,2456,14124,407,1930,1334,2388,489,4520,90,3054,4389,366,153,1,420,406,32307,19,10,0,11,174,1354,754,912,7366,0,3,4680,4,221,718,100,1,874,198,7743,4919,2445,0,1,1,3085,450,264,5241,1203,1424,2185,3691,2061,4739,152,1317,66,37,2244,263,116,15,187,9908,2772,3699,167,5217,0,44,51,103,1,50,1097,1751,1076,34,1724,8398,2,102,2646,1467,26,857,2233,322,139,21,515,2,41,83,199,5019,3568,6648,12,992,570,1532,34,224,2177,812,92,388,4576,2314,57,4617,176,2712,1526,5187,2799,795,2165,244,122,333,778,10425,36,907,1130,645,703,1399,1315,6592,2504,9,30,49,448,1708,575,1152,2933,4886,12,589,157,2097,341,1248,4885,123,749,7041,288,7536,366,160,534,431,1072,2708,108,280,10242,2527,2054,2,1631,65,6254,28920,496,168,1179,195,2075,4617,194,224,282,194,108,2859,1277,984,3359,131,0,5353,731,5980,342,124,14,2965,638,104,363,5687,5537,909,2391,1750,2100,126,51,590,167,6028,65,1334,4,1974,8,1182,2712,97,3107,16,19867,148,29,3060,3261,331,2774,6,16,7,801,118,316,225,21,191,724,15,4090,774,3604,1776,490,25,3,308,0,14,0,183,210,1711,2790,0,2256,11,149,115,8,201,8,2073,263,14,1778,91,1705,0,6,2846,15,510,57,1,193,130,1582,33,86,0,79,0,5,2,797,1415,17,7755,721,682,6,1005,101,799,481,20,606,13,681,86,229,510,538,40,5438,729,878,44,1828,333,75,229,751,219,41,24,146,26,2,470,1431,645,200,1027,7,3079,1435,3,1899,1082,213,98,1163,1255,4057,13,9,126,59,284,693,45,60,3,906,712,5,846,24,484,3860,2283,524,539,469,125,6264,73,55,665,458,95,63,57,622,2314,31,525,786,486,592,21,220,0,1993,21,18300,61,1,248,2,1280,13,3385,5266,0,0,7105,1775,196,489,50,4,0,321,6,3,2100,282,6384,103,104,2992,1089,168,0,167,121,1640,150,0,0,2364,0,1565,422,13,67,3,11763,0,72,1465,15,472,3,99,0,58,32,5,658,6419,0,8623,0,667,90,503,863,1492,0,377,93,203,30,0,0,61,3,57,240,3,0,0,263,137,114,23,7,938,119,2636,2378,0,121,197,0,8,0,367,76,22,267,3219,381,281,0,0,89,199,1071,789,1431,41,750,55,48,29,760,33,0,0,0,817,7739,5066,0,0,952,966,0,5,110,147,0,70,1,494,257,871,1782,1,13,15,6,58,1333,329,0,45,1245,525,582,0,0,132,914,1086,64,568,0,294,0,369,6418,7109,68,0,191,1134,318,61,13383,0,1067,7285,8,3456,0,2235,1964,939
"gene_1109",814,2886,3946,959,744,9756,1708,2416,1620,828,4038,14370,16030,1180,189,1068,1147,2017,1049,413,3554,1397,13171,721,3354,6961,1728,12163,2088,2474,598,2908,6564,2170,13928,8328,15250,2227,220,6741,4286,3731,893,6705,1531,4936,8562,4090,1134,3911,1234,21160,4577,1316,4864,1395,7865,3575,4804,788,7427,4293,2996,7127,2354,1745,3811,27653,3361,3683,4128,1789,180,8482,13303,1151,2271,1341,11247,5454,1276,7637,13164,4828,5158,7674,123,3986,1098,1102,452,1937,603,3823,31,4,8405,2350,5047,15557,567,130,4496,8578,21146,1749,33,1106,2853,1190,8221,6853,2504,2030,36,83,1931,8,728,1261,170,1256,325,4133,2393,942,18,279,28,1510,147,1403,14100,18913,6986,269,10914,20,3,124,281,0,2478,238,694,880,6401,11126,12502,37,11,85,2114,6717,23615,1113,13022,52880,3379,719,1891,72167,7053,15542,4141,717,566,20623,831,23224,35783,38611,608,8932,1138,192,2792,17,12804,314,20808,422,99,20461,18785,2061,11836,2,31583,9798,31,3375,19456,160,5902,3623,1197,15,854,4873,12338,1719,561,597,106,5574,552,3965,126,22504,2795,9215,767,1322,12445,1693,341,517,2537,1127,3185,4370,2939,116,10380,962,3984,1033,821,30,9,69,1687,10339,0,5587,3275,787,1553,286,2433,41,9096,9011,680,20892,5961,978,129,962,1606,877,342,61,3064,0,485,1070,1408,2188,395,255,96,3,12,1,422,115,0,5815,0,1504,41,2,0,5172,3,251,25,6,27,8,0,1,826,13,4004,56,127,12,58,0,91,318,2336,18,7,109,65,141,1,3,2541,3394,8,324,103,1395,349,3,784,0,0,79,586,1,2175,498,618,0,473,178,1311,31,0,133,11,750,56,361,0,212,482,0,2577,0,1719,308,2,857,0,122,26,0,22,315,760,7,92,0,201,41,1061,0,2108,7,0,0,0,379,2398,152,0,6,322,486,17,0,1,833,15,297,134,844,0,20,1632,3986,84,1169,0,552,7,63,3142,20,65,3169,5836,989,618,6,30,2484,0,16,0,56,502,3585,227,982,14,171,5,135,23,37,28,0,242,92,1210,0,112,12,175,5,1242,299,0,679,2,347,13,751,94,0,9,0,1,3,0,0,223,372,0,0,0,183,0,810,0,4,5604,0,1,159,0,0,0,4,5,3,3,0,0,0,753,88,39,1,0,3,59,154,21,78,54,0,0,0,62,53,0,0,0,24,0,7,0,2,14,0,0,0,188,0,0,62,0,138,0,0,213,0,945,22,0,0,4430,0,0,0,0,274,0,0,0,527,1,14,2829,13,633,0,0,0,0,776,0,0,0,2707,0,2,17,0,2,0,0,254,1327,603,0,92,260,0,0,4122,0,0,1,0,0,170,0,0,0,1125,54,0,54,0,2,4,9,0,888,139,28,1,0,0,0,0,0,0,405,578,0,1576,0,131,14,440,0,0,0,3,0,0,0,0,0,12,0,56,0,0,0,0,0,0,0,0,0,0,0,286,1987,0,682,0,0,0,0,0,0,0,0,0,0,2464,0,167,0,0,1,0,32,6576,0,0,2,0,0,0,0,0,37,0,11,0,0,0,0,0,0,0,0,10,1521,48,3584,3,0,0,0,256,645,0,0,0,0,5,973,67,0,2,0,1,0,0,0,0,0,0,208,1,0,0,0,0,0,0,0,0,0,390,0,0,1554,0,131,0,0,712,0,0,48,0,0,0,0,1,0,3,39,0,0,0,0,0,0,6,588,0,0,0,0,0,294,0,0,0,45,321,0,1030,0,1,161,7,5185,0,13,0,0,16591,685,1868,0,0,1861,0,0,0,0,171,0,0,0,0,346,84,0,1,91,35,6273,309,0,0,0,0,0,0
"gene_1110",0,483,1,13,25,506,0,0,809,1,2,0,55,4416,222,0,221,0,1,0,132,48,51,0,283,0,703,412,0,38,5,1206,0,0,0,0,0,0,4226,0,488,36,338,385,0,3,0,46,0,0,5,0,0,0,86,0,0,0,1,0,2,13,0,0,1,247,0,40,0,0,0,6,64,70,0,0,0,0,0,1738,0,0,90,7,174,0,0,54,0,1,0,3,1265,0,2,0,816,0,81,16,152,503,4,80,125,21,31,256,6,12,1,0,111,70,30,26,3,78,963,0,219,172,47,0,12,7,2,0,10,130,0,0,402,1,4,31,0,0,121,291,0,18,0,0,1838,2,12,43,1543,0,0,0,21,193,0,162,0,0,233,0,0,95,31,2,7,73,0,957,0,0,877,0,386,5,0,0,2825,0,10,0,31,0,0,0,7230,0,145,109,215,125,0,53,0,0,1,1755,0,0,0,14,50,0,0,0,0,0,0,0,33,0,359,352,1173,0,7,0,0,0,0,0,1,363,1,4,0,0,0,0,0,0,0,24,0,0,17,0,0,0,0,0,0,2,0,0,1,0,0,0,1,0,0,9,0,0,3006,16,0,0,117,396,397,0,8,1365,0,37,0,0,75,0,31,0,0,0,2,6,0,80,191,109,0,2260,2237,0,0,8,600,75,1,0,1257,0,0,0,14,92,0,0,0,16,326,0,0,0,0,22,0,110,80,7,0,184,0,21,0,0,357,1095,0,544,244,0,0,0,1799,0,22,131,22,2,327,0,0,0,0,2,308,0,165,3,18,4639,21,4693,1,0,3,0,0,63,3,0,113,701,0,0,1,0,2,2,0,0,0,5,0,0,93,1,0,1,55,0,0,17,150,582,34,1707,0,39,1,5842,728,977,48,0,0,5,1157,1901,1,0,0,2625,2,3,1,27,2246,1859,0,1,13544,15,5,0,0,0,37,17,4133,484,0,39,0,0,86,16,0,0,0,0,23,0,0,0,944,0,1163,98,0,289,0,1,0,0,0,0,54,0,0,0,0,147,0,0,54,0,0,0,0,0,0,0,0,0,0,7,0,0,2403,30,3572,6,0,35,16,749,0,394,0,0,115,554,66,0,10,0,814,0,1247,12,722,0,653,1,0,1,0,34,0,0,0,3,0,1,10,0,0,0,0,0,0,0,66,94,0,0,0,1949,19,8,0,4,0,518,500,794,0,1260,0,1,133,52,17,0,7,0,174,3,0,10,0,1113,640,0,0,471,0,280,1570,9,258,0,0,1,23,0,1,53,0,0,0,0,714,0,0,0,53,5298,6,0,0,0,53,0,3150,55,3,46,256,0,0,0,0,0,0,149,0,3,0,1,1,0,0,0,0,0,0,0,18,1,0,0,4,0,0,1853,0,8,6,0,8,0,162,51,94,0,0,0,0,0,0,231,0,0,0,0,0,0,0,2,0,0,0,0,0,0,3,5,203,11,0,0,2,0,8,1,78,0,0,0,0,0,0,0,0,0,180,3,178,103,1,0,0,0,2,0,9,84,235,0,7,647,0,0,147,0,0,0,0,1,0,0,17,0,0,0,0,0,0,0,0,0,0,0,0,1339,0,0,0,0,281,0,0,22,0,17,0,1,0,0,0,0,0,450,0,0,0,20,0,0,0,0,0,0,0,25,9,0,2,0,0,0,0,0,199,1,12,2359,26,0,28,0,0,0,0,0,0,7,4060,0,0,0,80,3,0,3128,0,0,1,0,0,57,0,340,91,0
"gene_1111",0,0,0,0,0,71,0,0,0,0,0,0,7,0,0,0,0,0,0,0,1,43,0,0,0,7,0,0,0,0,0,0,0,0,0,0,0,0,0,12,0,0,0,0,0,128,0,94,0,0,0,0,0,0,0,0,0,0,0,0,0,880,0,0,0,0,8,0,0,36,0,0,0,0,0,100,0,0,0,0,0,0,0,0,0,395,0,0,0,0,0,0,0,5,1,0,0,0,0,4,9,0,4,5,0,5,2,2,1,0,0,0,0,0,0,0,0,0,0,0,1,0,0,0,1,2,0,1,0,0,0,2,0,0,1,0,0,7,1,0,0,1,0,8,1,0,0,8,0,0,1,3,0,0,3,0,0,0,4,0,0,0,0,0,0,1,0,1,0,0,0,1,4,3,0,0,3,1,0,0,0,0,0,0,0,0,0,2,0,0,0,4,0,0,0,0,2,0,0,2958,0,0,0,0,100,0,0,0,0,0,0,0,0,0,0,0,0,0,0,0,0,0,0,0,0,0,0,0,0,0,2,0,0,0,81,0,0,0,0,4,0,0,0,5,0,0,0,0,1,0,0,0,0,24,15,0,0,0,0,0,0,0,0,0,0,0,0,0,0,0,0,0,0,0,0,0,0,0,0,0,0,0,0,0,0,3,0,0,0,0,0,0,0,0,0,0,0,0,2,0,0,0,0,0,0,0,0,0,0,0,0,0,0,0,0,0,0,89,0,0,0,0,0,0,0,0,60,0,0,0,0,0,0,0,0,0,0,0,0,0,0,0,0,0,0,0,0,0,0,0,0,0,0,0,0,0,0,0,0,0,0,0,0,0,0,0,0,9,0,5,0,0,0,0,0,0,0,170,0,7836,0,0,0,0,0,0,0,0,0,0,0,0,10,0,0,0,0,0,0,0,0,0,0,0,0,0,0,0,108,0,88,0,0,0,0,0,0,0,0,0,5,0,0,0,0,662,0,0,0,0,0,0,0,0,0,1,0,0,0,0,0,0,0,0,0,0,0,0,0,0,0,0,0,0,0,0,0,0,0,0,0,0,292,0,0,0,0,0,0,0,0,0,0,0,0,0,0,0,41,0,0,0,0,0,0,49,0,0,0,0,0,0,0,0,0,0,0,0,0,0,0,0,0,0,0,0,0,0,0,0,0,0,0,0,0,0,0,0,0,0,0,0,0,0,0,0,0,0,0,0,0,0,0,85,0,0,0,0,0,0,0,0,0,2,0,0,0,0,0,0,0,0,0,0,0,0,0,0,0,0,0,0,0,29,0,0,0,2,0,0,0,0,0,0,0,0,0,0,0,0,0,0,0,0,0,1,0,0,0,1,0,0,32,261,23,0,0,0,0,0,0,0,0,0,0,0,0,0,0,0,0,0,0,0,648,0,0,0,173,0,0,40,12,0,0,0,0,0,4,0,0,0,0,0,0,2,0,0,0,0,1,0,0,0,0,0,0,0,0,0,2,0,0,0,0,0,0,0,240,0,0,0,0,0,0,0,0,0,0,0,0,0,0,0,0,0,0,0,0,0,0,0,0,0,0,0,0,0,0,20,39,0,0,0,0,0,0,493,0,0,0,133,0,0,3,0,9,0,283,0,0,0,0,0,0,0,0,0,0,2,0,0,0,0,0,0,0,0,0,0,0,0,0,0,0,0,0,0,0,0,12,0,0,0,0,3,0,0,0,0,0,0,0,4389,0,0,0,0
"gene_1112",3482,0,2,0,0,994,0,581,0,1,174,0,51,0,202,7,0,0,0,16,0,0,0,228,9,778,0,0,0,1267,0,1937,14,0,0,1028,226,116,0,0,1405,0,0,0,6,1287,0,0,0,0,0,1635,442,0,2,0,0,0,0,0,234,34,0,0,0,2,0,0,0,0,0,0,0,0,7599,0,14,0,0,0,3316,4560,0,0,177,492,2,726,0,0,0,0,0,0,0,0,0,0,0,0,149,0,0,3736,1012,1896,0,4868,0,0,4,0,69,4949,250,1,0,0,0,0,0,0,0,0,0,0,0,0,0,62,0,0,0,0,0,1,0,0,1594,82,0,3,1,0,0,0,938,4263,0,0,0,0,24,0,0,0,0,0,0,0,745,0,1,0,0,0,1,0,854,0,4282,0,2595,0,7361,0,0,0,1518,0,0,0,0,0,0,47,0,0,0,525,61,20987,0,601,1,0,0,49,1,0,12,127,0,0,2574,3,236,1893,0,0,0,80,1124,0,0,14,2,6729,0,4,193,1081,0,186,0,1602,0,0,0,0,0,0,2223,0,27,0,208,41,0,0,0,0,0,0,0,0,0,0,5399,0,135,0,0,0,6,0,456,0,0,271,0,62,66,0,0,165,1847,7527,11,710,0,946,9,270,10,0,0,540,7,6,0,0,815,20,0,54,322,269,38,0,3,634,98,0,1631,2960,1,3,9,162,415,29,502,3247,0,2498,0,6,255,7,368,94,26,1,0,3,26,16,1154,224,1075,2,740,1404,2973,2,25,0,0,331,0,17,0,13,0,0,16,413,0,68,173,168,4,3739,3,187,6063,1,1,0,86,0,499,1292,4234,574,145,0,0,0,0,78,9,291,31,0,0,24,5,412,2026,3086,5,197,0,0,1625,430,9,24,0,6,704,68,160,0,13,168,4,2998,36,9,43,0,84,1368,0,2125,34,9,1,0,0,0,556,0,23,106,0,203,0,443,13,5,1,14,286,77,1914,7,1045,0,0,1868,52,0,116,103,593,14,0,0,107,0,2,14,0,0,21,0,0,0,6,2,0,0,20,7,88,317,0,246,31,1,13,31,24,469,187,38,0,32,0,3,0,0,2160,2,80,272,1370,0,147,95,1228,1049,0,0,0,43,324,325,0,0,4,0,0,0,162,43,0,0,1626,1570,0,72,788,1,20,0,442,0,4,3576,1149,26,0,83,37,0,2,24,0,3357,1,240,0,0,344,1,203,516,1894,2,0,7,37,389,0,3523,237,1,0,2958,172,678,23,6,2175,240,0,0,4203,0,48,14,39,165,0,0,587,0,58,3,277,207,615,0,0,7,0,3736,1838,4,2230,38,2,3157,567,0,0,70,0,0,0,310,0,0,229,0,0,17759,2,0,224,0,85,2350,0,0,2394,59,0,0,2,0,141,0,0,0,1,0,0,0,0,0,1984,60,1,8,0,0,0,0,0,0,0,330,0,0,0,971,2,557,268,24,112,0,0,7,0,0,0,3622,0,0,0,0,0,1055,53,0,288,1335,53,0,614,110,0,1589,2509,367,0,1,0,0,0,4947,78,0,0,0,0,0,0,0,0,298,32,0,318,0,0,0,0,11,0,0,0,266,0,0,35,0,0,6,0,1,0,0,0,12,0,463,0,6380,0,0,0,19,3,4,0,4,0,0,0,6940,0,0,0,0,62,0,0,13,0,0,24,1,52,23,0,1,2,1,0,0,562,4,72,0,0,322,0,0,5868,7,1969,1,0,0,0,0,0,2328,42,305,2,1228,0,0,0,83,1,0,3210,2274
"gene_1113",26,0,2,90,0,90,38,7,36,2,0,12,59,70,31,97,9,0,5,4,0,167,15,63,0,1,185,66,0,3,20,0,10,45,0,23,323,284,0,0,76,0,11,0,0,3,0,226,5,124,15,17,183,0,19,227,355,0,3,3,0,105,8,8,1,53,33,313,116,73,1,6,1,3,35,0,0,6,1,351,186,0,15,1,5,1,13,51,181,31,0,0,0,0,258,0,12,0,305,0,0,0,0,148,0,0,0,3,0,0,4,0,1,0,19,0,0,0,1,0,164,15,0,1,2,162,0,0,24,0,0,0,0,0,0,13,0,0,0,0,0,80,0,0,0,21,0,0,0,0,0,0,0,0,0,0,27,4,3,0,430,0,0,20,49,13,615,0,0,0,0,0,247,0,1,152,0,238,0,8,400,0,572,0,83,0,0,0,0,0,0,51,382,0,1,51,28,17,101,86,90,173,22,11,52,58,1,41,28,38,43,0,0,120,15,151,33,1,32,29,25,18,43,50,79,6,57,5,8,78,15,138,163,7,146,2,5,86,46,9,46,66,114,1,0,324,56,28,0,1,35,25,0,15,173,10,16,16,1,5,442,0,3,199,0,1238,0,0,89,140,10,2,1648,97,2,35,3,0,135,229,0,3,56,0,3,0,26,10,0,0,0,4,3,77,1,0,186,21,356,73,4,23,6,0,273,6,0,50,0,181,170,0,16,0,996,11,31,806,32,4,249,209,23,0,133,462,19,1,340,651,0,0,42,191,386,10,0,205,1101,1648,35,32,98,70,0,17,7,239,1077,10,832,46,51,20,7,170,0,103,320,7,0,3,5,30,543,28,0,1507,0,1525,0,370,4,56,36,1,92,1,461,343,310,1,3,34,1,0,64,35,1170,68,546,14,0,8,217,51,1,0,5,9,318,312,0,41,7,166,8,81,84,0,294,551,1,0,343,0,21,4,0,0,57,25,71,1,0,94,72,0,162,126,3,857,576,18,0,72,214,0,3,1,92,2,8,487,6,848,0,12,6,5,507,4,304,1,0,132,510,37,0,46,34,3,73,26,0,0,196,0,3,711,0,19,5,176,762,35,5,1,73,22,78,173,90,29,0,0,2,0,26,254,27,408,38,0,1,0,194,308,12,10,0,17,413,62,44,4,784,92,0,639,12,126,177,713,2,33,0,24,18,33,0,266,22,388,12,69,190,0,2,0,1773,53,11,0,1235,844,0,100,82,382,739,0,703,164,69,104,63,95,0,493,0,40,327,480,403,0,10,1664,42,0,5,575,0,135,36,3,459,0,1,33,89,27,71,0,9,0,141,2,3,0,64,32,97,9,4,81,122,0,69,8,15,5,38,0,24,3,0,247,2,732,285,222,189,318,12,101,12,52,7,26,220,27,8,6,152,1,86,4,113,1,0,16,12,40,56,6,74,1,13,15,1,103,0,0,33,486,45,44,35,12,15,3,110,403,208,58,17,38,13,0,218,297,341,47,8,2,9,29,24,21,2,131,71,9,202,24,17,8,27,1,4,8,15,7,153,246,0,2,8,57,9,138,173,16,3,0,0,27,141,1,154,6,1,278,40,0,73,144,87,13,449,97,19,50,1,225,0,207,3,0,153,3,23,9,19,80,3,3,153,3,6,228,131,15,78,1,35,38,77,184,142,1,4,1,1,1,3,15,234,193,191,8,8,108,164,68,262,27,17,2,51,309,3,5,100,307,10,4
"gene_1114",1170,0,437,0,25,0,0,0,273,72,29,0,0,177,0,0,0,0,304,100,0,735,0,0,0,0,0,251,260,0,0,0,2457,27,726,42,0,0,24,0,0,2,647,0,1970,39,18,9,0,430,0,0,713,0,616,410,0,19,72,27,257,0,572,123,0,0,4,1,1,1435,577,1,85,0,0,416,71,11,4,0,243,0,3,0,2,439,0,121,0,0,251,0,0,0,0,0,0,0,0,0,0,0,1393,0,0,0,0,0,0,0,0,0,0,4,0,0,208,0,0,0,0,0,0,0,0,0,0,0,0,0,0,0,22,0,1,0,0,0,0,0,0,7,0,0,0,0,0,0,0,0,0,5,0,0,0,1,0,2267,138,0,0,0,0,0,0,0,45,0,72,1919,194,0,0,0,0,0,24,0,25529,0,0,0,746,0,0,0,208,0,0,0,0,0,287,0,0,0,883,0,0,0,0,0,0,1514,6,0,0,1221,189,0,326,1859,759,0,0,0,0,8,0,0,0,0,206,0,1,971,0,0,0,0,1,0,13,31,0,0,0,0,0,0,0,0,0,0,0,0,21,0,0,0,0,0,0,2,1686,0,0,0,0,0,0,102,0,0,0,0,0,12,0,0,1,1,0,0,0,12,0,198,0,141,44,0,0,0,0,197,10,60,0,85,0,0,0,0,0,0,0,0,310,0,0,37,1,0,0,5,0,0,0,0,0,0,11,12,0,34,0,323,0,0,0,0,0,806,48,12,0,67,41,0,0,0,5,0,4,1,0,0,0,0,0,0,0,813,0,0,15,1,7,0,39,0,0,0,0,0,0,0,1,0,187,0,0,177,2,0,89,0,0,0,0,2,0,0,14,12,0,0,0,0,34,0,0,0,0,0,0,0,0,0,0,0,0,0,0,0,0,0,354,0,2,286,0,115,41,0,0,89,0,0,48,0,84,294,0,0,16,0,0,0,0,0,0,1,0,161,10,0,0,0,5,0,1,391,0,0,0,0,0,0,0,35,0,0,0,215,0,0,0,0,0,0,0,0,0,0,80,0,0,0,0,0,0,0,45,0,0,0,1901,0,645,2,0,8,0,0,0,0,0,21,6,0,0,0,0,9,0,55,0,0,0,0,0,0,0,0,0,0,2,0,0,403,225,437,0,0,0,0,24,2,0,0,0,183,0,0,1,462,0,0,0,0,0,0,0,0,0,0,0,0,0,0,0,0,0,0,0,0,0,0,0,0,0,48,37,52,1,0,1,0,0,56,0,0,0,0,0,0,0,0,0,453,0,377,10,0,35,0,1,0,0,0,0,0,0,0,0,0,6001,0,0,560,0,0,0,0,0,0,0,76,0,0,1,0,0,0,1,25,0,0,28,113,14,0,0,0,0,0,778,0,8,4,0,0,0,0,0,0,0,0,0,0,0,0,0,0,0,0,300,1,0,37,0,0,0,10,0,0,0,141,7,2,0,0,5,0,0,0,19,0,0,0,60,0,0,11,0,0,0,0,0,0,0,0,25,44,0,49,0,0,0,0,0,0,0,0,2378,419,0,0,488,0,0,0,0,1,0,133,0,0,13,0,0,0,0,0,0,0,0,31,0,0,1,0,0,0,0,0,0,0,0,0,0,21,0,0,0,0,0,0,0,0,0,150,28,0,2504,0,0,42,1,0,0,0,0,0,0,0,0,0,0,0,0,4301,15,0,486,0,0,0,27,9,0,0,0,0,0,0
"gene_1115",6865,0,0,2486,15,1,0,13,0,0,0,671,0,753,9,0,0,0,0,0,0,0,326,0,401,48,0,0,0,0,0,0,1188,0,10542,64,0,0,0,530,46,0,0,856,0,0,0,0,0,2,0,5,2,0,0,1518,0,1,0,0,0,0,0,0,285,0,0,0,0,11,0,0,0,0,0,42,0,1,23,0,2207,0,0,0,0,0,0,14397,0,0,651,0,0,0,1,1,0,0,0,0,2,0,0,1,0,0,0,0,0,0,0,0,0,1,1,0,0,0,0,1,0,0,0,0,0,0,1,0,0,1,0,0,5,0,1,0,0,0,0,0,0,0,0,0,0,0,1,1,0,1,0,0,0,0,0,0,3,0,1,0,0,1,0,0,0,0,0,5,0,3,0,1,0,0,4,0,0,0,0,0,1,3,1,0,0,0,0,0,0,0,1,0,0,0,0,0,734,0,0,0,5,0,0,0,0,0,0,0,0,0,0,0,68,485,3,0,1,0,491,0,0,0,0,0,751,0,0,0,6533,0,316,0,0,2178,0,0,0,0,0,0,0,0,0,0,1587,0,0,88,0,0,0,511,0,0,119,0,0,612,0,1190,48,42,417,1,0,0,0,47,31,0,1,75,1,3,0,0,2232,9,0,0,0,0,4,10,874,323,0,0,0,0,0,0,0,59,0,0,39,0,2,0,2540,110,123,1020,0,127,1,1,0,6,3,0,55,0,2522,0,2,0,12,48,647,0,0,0,98,1181,0,49,0,82,3,6,20,148,0,0,46,2,30,0,0,254,0,542,3,0,1,0,0,745,0,132,0,8,0,0,0,0,66,0,10,0,17,80,1,1409,0,4,0,0,244,805,102,17,0,0,0,2,15,16,0,246,0,0,0,1,2,0,0,0,0,0,506,0,7,1607,0,3,28,0,0,60,0,0,1,327,53,0,0,0,20,163,0,0,333,107,0,40,0,10,2,17,368,0,2,190,6,0,0,290,0,1511,0,0,19,1790,0,26,53,16,0,0,0,2866,1673,6,6,17,0,95,212,0,68,0,0,0,3,0,30,0,3,0,351,602,0,2,69,262,15,7,2,0,180,5,385,2,0,101,0,77,30,6,0,0,223,91,169,0,0,771,15,22,0,696,2,0,7,0,0,68,18,32,26,362,0,0,51,2801,39,28,0,157,0,10,7,22,0,291,0,406,0,0,2,122,0,0,6,5,0,0,0,493,72,0,8,24,0,109,0,0,12299,514,479,6,1802,0,0,14,0,1,0,693,0,106,1907,0,0,3,0,0,235,0,0,0,0,18,63,162,11,0,0,0,0,7584,0,49,0,0,0,0,0,0,0,2,2089,0,0,0,0,0,0,2,0,1,0,269,0,0,707,0,0,0,0,343,0,0,0,27,0,0,0,4490,0,0,0,0,0,0,1,14,0,0,0,0,0,0,0,102,0,0,0,0,386,0,0,0,0,0,0,249,0,6,0,0,0,2800,0,0,0,0,0,0,0,0,20,0,0,1,0,0,0,13,0,0,3,0,0,0,477,670,0,360,5842,0,2,0,0,96,0,0,61,0,1,0,0,0,0,114,1484,23,243,0,0,0,0,0,2,0,0,14,0,2,0,20,5340,0,494,0,0,1681,7,0,0,20,0,0,0,4576,8,0,0,7,48,0,70,2,0,0,0,0,0,300,0,0,16,0,0,0,0,0,0,0,798,38,0,0,0,0,0,440,0,0,0,0,8,0,41,0
"gene_1116",162,0,0,0,142,1,20,72,0,177,0,568,0,1,0,25,8,585,105,12,0,30,0,0,0,0,0,0,41,8,0,0,3,0,165,0,0,470,0,97,0,0,99,0,0,0,0,115,1,1,1,235,1,0,397,55,0,0,0,0,0,14,0,0,0,0,20,170,69,0,566,0,0,0,3,0,0,0,101,2,15,210,551,0,2,85,0,0,0,0,0,0,616,7,0,0,17,0,4,0,4264,0,0,0,0,0,0,10,0,0,0,0,1,0,0,1408,0,2,0,5,0,612,7,4,0,3,23,0,0,0,0,210,34,0,0,0,0,0,0,0,0,0,0,0,0,1,0,4794,1201,3370,0,0,0,5,0,0,0,0,0,458,20,39,44,5,36,2,93,0,28,0,163,0,0,0,0,4622,0,0,0,0,0,0,0,0,0,12,0,0,0,577,0,0,0,0,2,16,50,112,1,0,0,0,0,0,0,0,0,0,0,5688,0,2670,0,0,0,0,3,2,31,0,0,0,0,0,0,58,780,0,0,0,0,0,0,0,4434,0,0,0,0,413,0,149,0,2,0,0,0,2,4,0,0,17,190,460,800,0,0,0,0,0,19,1866,0,5,39,1,8,807,0,34,0,3101,0,215,409,2,52,2,43,1,2,66,18,144,4,0,3830,5264,7,0,21,4,30,97,89,7,1197,168,0,607,0,0,45,377,15,406,1598,760,1,0,62,0,232,13,3,79,1196,9197,1247,60,974,0,1954,54,171,0,0,1,3,117,63,761,11,48,1652,0,0,26,390,29,465,322,743,152,35,2,3010,3,9,326,1087,437,7,32,128,445,14,161,60,49,46,1844,226,2656,2927,0,1647,839,24,87,2697,6,27,0,181,912,109,0,23,2,0,1330,1,161,16,26,7,4,225,82,8,6,183,2032,73,4,38,1716,2095,3601,0,117,2002,17,981,0,35,0,125,205,125,0,4,1337,3102,940,79,59,808,0,0,360,2895,1,0,0,221,33,383,370,6,6711,0,38,18,571,8,10,66,2136,576,0,14,265,725,3785,1,0,1,1411,32,0,13,1,68,10,691,10,188,0,74,526,93,30,1,0,0,110,1430,998,58,10,212,5,21,87,16,46,222,1299,2,109,0,68,3,71,171,0,0,33,1461,3932,36,0,0,0,12,1123,1801,0,544,166,2997,46,1,445,0,1398,1268,0,87,122,123,345,8,3,13,417,253,73,24,21,102,70,2,25,520,12,0,166,1616,6,0,0,0,27,29,49,443,63,165,121,102,7,526,7,257,100,774,192,0,646,0,1583,64,1695,0,2087,55,0,582,617,768,1,115,758,472,1127,2,892,265,72,1093,76,1,839,1,50,0,1106,0,5667,438,0,645,0,2,872,1,916,0,0,27,2306,202,18,0,944,116,0,35,0,8989,63,14,73,0,119,3,202,587,0,0,313,3,0,0,33,121,1,17,1,1310,101,1032,86,1,413,646,88,543,0,0,643,0,9515,34,14,104,13,771,0,11,106,526,682,0,0,6,9,108,361,679,0,2,344,0,90,103,0,4,0,164,443,16,0,178,8254,0,977,0,6,44,38,13,0,9090,234,0,22,590,37,0,0,0,124,667,0,0,495,1,3,0,0,4,2604,3,4,5,0,9,1298,320,33,42,0,77,1251,164,29,33,1,22,75,62,2815,0,6,0,345,0,249,0,0,376,68,756,9,0,220,1,0,2,23,46,1648,151,4317,0,0,146,111,584,2,111,883,642,3,7,9665,23,556,1,17,80,0,0,134
"gene_1117",132,128,1093,33,1311,1749,99,6,1551,1160,1569,8306,4509,9725,5989,1800,2613,14438,139,569,300,136,74,1308,2905,34,1435,1208,305,1444,63,119,87,7558,1255,11125,1010,6071,3324,315,1871,4995,462,12,10586,1228,16,1429,253,40,1390,10,334,4969,5517,5108,3255,2464,4931,308,390,33,2670,5087,2854,1101,706,3595,376,131,8209,19,1,45,782,1641,536,43,112,8186,2114,3515,3347,4828,27,1710,1132,3326,1406,1562,1818,1056,192,1700,2682,5699,874,3701,3,387,2951,22375,1,3631,3160,2201,11526,17388,2209,465,1301,4,1561,107,706,4565,197,602,1946,1303,6,3599,123,459,74,371,185,7181,730,2758,980,5392,5817,1041,8378,5777,4894,2889,5731,6643,3742,15278,10778,11879,17,8532,44,17055,1051,16317,259,31,12327,3190,15,545,640,9374,5005,74,955,2404,2867,648,223,21693,61,2544,1715,5834,8260,77,21249,260,1550,25,128313,2224,242,833,9094,11043,9998,6576,41,953,4695,1805,51057,11742,273,120,5030,41,3181,197,0,2433,15372,24154,455,750,79,954,3968,4729,4,3198,160,626,4961,21104,2896,110,858,3851,2179,0,1584,470,559,19,891,12,2526,321,33,7522,2303,10394,2225,7108,1240,98,12856,22452,2130,16,1500,1,139,18971,1826,1,103,4710,6706,88,3800,399,1,368,39,1754,642,5335,306,453,3224,3785,12509,463,484,1027,1205,597,198,1866,534,0,61,3236,1972,4252,1322,4996,61,1652,772,602,1518,813,1138,651,147,1747,6525,5237,12371,788,218,5591,10,16275,754,6109,2933,6794,6976,1007,246,90,28,650,3814,6880,4539,889,3898,4268,156,2732,1941,34,26,56,165,2019,997,4257,610,3567,1607,3101,58,6055,53,1670,59,1536,746,323,4279,163,1577,462,1659,700,6199,2098,1,13876,2084,10,215,41,1978,112,13982,3640,6144,140,4088,1264,465,2106,212,5751,971,7631,7338,1655,7833,35,3148,82,4614,1192,6569,17,20,4195,6,138,624,13032,360,21,112,3316,70,10312,15107,79,15080,47,1846,9025,1157,0,827,2082,6105,6950,423,6316,2744,6169,4002,420,4536,229,8681,505,3229,9818,27,621,613,923,1033,5448,514,17,4595,5822,4912,4946,4485,1871,67,1835,9,2561,877,1,356,464,252,1031,1352,3001,1140,1,1,442,67,127,44,268,0,77,167,0,0,21,0,5293,1,1511,1,765,843,277,177,2648,0,20,569,0,29,2,1175,0,1449,2,85,458,1759,97,714,1157,43,8,1757,48,1,43,716,1,23,191,5,20,2,28,600,1,2428,1,0,246,1148,1,0,153,0,95,45,0,24,498,747,10,2,5728,35,17,119,1412,39,79,0,1701,32,1,0,6857,12,307,0,6,0,158,13,328,62,0,2218,2,7,4,501,0,119,41,5,1452,6983,303,98,2,2,871,15,1639,2609,0,3,0,304,888,228,2,0,3,121,1681,3704,0,305,0,183,16,186,5,1080,3012,68,685,5,0,12,1690,0,24,127,0,2025,581,164,1,1552,0,0,535,8791,2,1,0,75,1088,0,28,3,45,2,416,4686,5,3,0,1,0,2012,0,2,23,4,0,2,900,113,1455,658,3501,3,1027,6,0,89,0,21,159,547,0,0,6722,0,0,7638,618,491,1,3,2,0,1367,4,63,14732,14,469,12,7088,1400,4366,57723,1030,0,592,11854,9,27,491,16,158,11289,0,606,5885,62,20,1865,93,0,945,4,0,1275,48,104,0,2852,0,2953,0,498,0,1,0,1433,0,163,123,0,2533,763,144,8,1,1544,21,567,1182,181,14,92,46,2295,21,114,883,415,47,215,559,1342,3865,218,41,13,285,1069,16,19,0,3006,20,0,60,1,2322,4221,1284,8,51,3969,27,1520,0,6529,0,1,344,0,7587,2657,3,5529,683,4777,1571,2417,0,208,0,225,12,1726,2443,1169,2456,1657,6826,1413,902,588
"gene_1118",0,26,156,86,438,366,2087,7,226,2005,311,302,514,24,0,46,204,851,48,198,193,75,15,2317,10,6,17,747,1,446,7,1,595,13,0,5,0,38,0,238,506,52,471,732,125,86,2,1341,155,408,141,337,57,179,68,284,85,2,11,4,116,332,1004,19,457,2006,8,679,1323,68,608,857,0,143,1811,151,0,19,0,818,150,13,0,35,0,1,66,75,215,84,1040,334,515,0,0,1416,0,0,14,0,0,0,0,310,0,39,4462,348,88,0,0,0,0,0,0,0,0,2,0,156,0,0,0,281,4925,0,0,0,0,0,13,6,73,0,0,0,1366,0,311,0,0,1,48,4,17922,158,311,2293,119,3,2138,1,42,0,0,11,268,471,8,0,32,0,973,0,680,0,0,4,0,15,218,0,99,0,0,43,0,310,0,2,0,0,17,72,1,0,6,0,1225,0,0,0,0,2389,501,1023,114,77,187,29,1056,98,3,1335,602,2461,1422,32,2,61,1,19,21,1377,3751,1989,42,336,397,359,6,0,21,12,48,153,1275,7474,1198,57,384,647,807,254,942,658,0,73,206,397,2,9,52,5004,63,858,226,12,574,118,47,5,31,0,1023,186,52,0,12,0,383,791,30,50,4,151,12,3907,514,387,5970,5234,84,271,331,244,14,9859,355,128,0,160,275,940,1337,413,523,7,2472,72,156,26,1582,27,5633,190,649,59,291,48,1946,1548,125,629,6980,4870,105,71,2434,272,1128,92,2739,425,818,19,78,2285,559,332,2857,313,779,12,71,998,1043,7,1672,39,3933,49,795,1068,68,12422,1586,197,614,3897,3,138,1,109,1,53,1479,4502,779,409,1467,94,39,366,214,144,1868,1245,833,10248,795,3659,23,1788,516,0,4183,19,34,52,138,486,843,1906,71,415,122,2188,1640,888,4741,1099,7974,298,5623,333,277,20,19,2762,168,6,450,1451,3036,302,627,39,423,1772,4575,5772,1911,311,11490,514,166,1955,2909,487,2443,300,424,6005,17,2540,2957,2847,3817,704,4405,284,0,701,4,17878,1551,1460,1302,523,3163,47,799,892,136,965,0,25,44,5,33,2,45,0,0,1,649,172,1340,2147,9,0,1,82,2,0,3000,17,132,211,167,694,0,833,1765,1430,5281,372,1,498,167,30,357,3,19,223,475,186,306,37,1168,1102,355,867,0,152,44,966,155,972,13,1075,2847,690,72,1,1414,286,639,543,728,387,1,237,3,1548,777,102,1114,435,182,751,189,323,15,8,23,9,71,76,1,40,474,89,0,0,27,2,4,275,0,364,2,1223,230,1,44,2218,0,4,1150,399,67,288,774,1711,1906,317,0,749,187,188,0,128,152,448,1,83,159,51,35,1179,1404,316,2265,301,13,263,342,6,11,0,0,1,20,959,19,1942,546,4,0,1075,32,0,15,2,22,607,293,0,1,828,4,2536,2311,396,197,13,592,1933,12,0,543,2,223,1350,9,53,8,258,51,3709,155,8506,1403,25,10,2,608,20,1194,437,237,2026,621,1,18,1610,22,567,1,443,11456,3,4523,0,1954,33,0,157,3,111,63,5228,3642,9,973,1221,2017,39,11,596,222,230,1150,46,0,0,0,324,0,222,148,1899,35,317,52,158,7,7687,1,24,3218,0,1074,712,6560,55,700,675,135,180,2785,311,156,0,38,697,76,238,253,142,967,0,33,216,72,138,180,482,1,10,17,223,87,1,1,1426,1,0,127,32,3,1,888,3806,346,168,292,36,3,0,1,19,3,15044,2485,306,0,1,125,395,82,41,3279,390,177,6,1916,71,0,0,2,182,320,2639,6079,333,0,1860,160,89,1,2773,656,290,0,218
"gene_1119",9873,1671,315,3985,10639,827,12525,4491,374,7410,5079,10380,11968,13442,2722,6057,4178,1535,1669,5095,982,5946,1879,7348,2202,15057,3773,5930,1651,29441,2679,1419,1522,810,10791,5217,9001,4121,1718,13083,22525,1975,686,523,7672,1535,2861,3323,3289,7728,4698,10946,353,6480,6779,10770,1061,7396,2305,1930,11049,5541,21120,9706,1135,3543,11452,332,988,1564,3515,1687,82,7736,6566,4110,3447,972,4662,105,1949,3353,840,20377,623,3534,1085,1556,1453,2246,8524,1466,8646,803,30666,1819,8611,35,11465,142,6473,55861,3491,14677,5575,30873,39,452,1907,11206,2143,14104,7194,1144,16453,3723,15985,2111,13533,2639,781,11727,229,267,1332,7598,568,547,610,10903,4294,5811,36065,8,4329,1590,52789,3,16051,824,150,1633,7618,4033,89701,3502,8060,862,2661,3024,34133,2618,8027,13397,5046,81116,39954,6553,10437,4753,1213,31309,97935,8052,20270,1500,2267,36084,384,9496,65043,17131,16892,7297,35499,28570,14515,17277,221,6841,43683,37336,1741,14154,71457,854,63054,603,12094,63505,16438,32140,1388,4444,14902,75,3428,1004,5415,3,6886,459,13849,14006,1119,623,331,2318,388,2060,2329,40327,1509,7433,2561,521,2268,11881,1990,290,0,174,394,11946,26706,1492,541,3979,4263,23484,607,5172,6475,19608,11574,2696,14961,5449,5659,137,5741,274,781,7263,636,1525,16423,35,940,15252,2198,6242,20,2857,24575,1260,307,2385,5492,3089,3582,1561,2240,4725,10293,2050,2541,1756,36,3777,10994,6736,11874,5047,389,5585,8252,23,1723,484,103,5875,5549,760,1100,6627,119,77,115,3294,16017,2588,745,2030,12838,7548,2367,4133,2121,1985,369,8194,7992,182,1144,20089,5623,94,661,1547,5881,13145,3263,1606,3077,3385,3141,3469,774,430,2453,791,53,841,10271,350,2651,14054,2150,970,350,600,3948,4210,1843,2291,783,377,4249,197,81,1309,8703,10681,18775,75,68,1479,5488,1785,9330,3084,1723,2801,2119,2167,286,2239,911,43,5136,94,4482,2651,4950,7625,4459,925,6728,973,5389,4471,7341,73,498,912,1584,2083,562,16728,3815,2541,1558,498,8354,3552,5361,6977,10439,3704,1137,1204,2074,3182,8004,376,130,4793,3804,8240,1066,2193,17940,17816,14860,2750,2127,4634,7056,291,888,149,1032,30809,104,1044,391,965,11705,377,355,9716,5150,8204,274,705,3465,472,3116,5552,1457,14225,1872,26,2040,76,572,419,854,6614,234,380,18,493,263,6805,1421,51,461,71,2,15,37,502,2280,313,596,220,2863,1477,408,2586,461,46,348,312,191,1,505,31,8,817,2230,2773,2652,77,1091,791,2666,53,850,279,7,12,1152,26,27,22,1084,309,40,74,210,71,99,597,139,6,91,280,48,604,603,4734,1226,94,56,55,42,476,5775,142,0,7028,918,922,4,141,2327,937,941,1539,3746,0,3675,112,5,68,747,3944,194,124,1496,24,1119,1837,6801,466,152,1419,135,1999,4242,27,3515,1234,89,0,926,59,945,0,2432,2116,757,2265,3659,6005,1090,746,34,2174,896,1197,741,1571,18,7273,1249,602,3310,0,1,209,46,2661,890,0,0,80,21191,114,650,16013,0,32720,203,1114,39,42,10,377,250,236,185,1,770,0,23790,8372,676,569,0,0,502,151,38,3386,2008,29,0,878,820,71,2156,898,3051,10,64,3104,992,34,138,0,3393,5,1,0,600,1713,2925,19,3,0,1,0,2,424,28,7055,1127,1352,3,46,3172,1,2941,677,1,286,6930,0,886,0,1741,0,3662,5066,32,509,373,2659,0,4397,4861,3327,850,966,1,36,52,1,85,15477,63,209,4248,2,4423,800,547,221,3316,36,348,69,717,0,2962,0,0,2990,4,671,10,383,2179,0,395,0,3394,224,53,0,1,1794,693,6,0,3602,17,2464,27,4057,581,1754,14409,3750,6799,366,810,730,933,0,29,4,1837,146,2500,0,3769,873,299,1005,179,417,922,553,17064,11,1875,32,3121,738,75,12495,0,1,4903,0,1696,98,405,2415,360,6,10,456
"gene_1120",2,3,430,9,9,7036,3,10,140,0,6,0,90,36,0,0,0,66,50,18,66,2780,0,800,23,0,0,0,0,303,34,1655,280,3311,82,0,338,769,52,13,1527,48,0,19,0,100,582,0,889,1108,2,40,218,55,27,0,0,0,6,5,1477,34,6,0,27,181,16,475,380,0,919,35,0,5,19,5,3,6,0,2,322,1,3469,1188,1686,423,1,4382,1361,1,242,1,0,0,14,0,145,0,5,12738,2,146,1,2,0,0,1522,330,0,185,0,0,3,0,261,0,0,4604,1813,0,0,708,131,0,7303,0,0,23,1,3,95,0,300,133,809,0,31,0,0,1,0,2513,0,570,0,35,0,0,0,1092,14570,0,0,0,0,0,1,0,4,42,10040,855,735,706,160,240,3242,21,0,13,1865,0,1,0,0,34161,7,27,55,1536,63,21,21208,563,0,1738,49,0,350,283,0,2,0,0,805,20,37,3589,0,0,43,0,180,825,50,2402,188,191,22,16,21398,0,0,605,1056,0,0,5,7440,493,39,0,1635,72,275,1414,9,4,0,0,0,1091,8,0,304,2,5,86,10514,64,43,0,314,26,5,0,559,0,15,38,2248,0,2157,0,0,1,0,3,54,109,18427,794,241,2746,7898,0,515,891,366,176,2925,275,0,144,798,100,973,59,3,42,1122,17,28,4260,6,5772,1281,38,58,3455,0,185,1385,436,933,539,0,3,7,208,11,2488,3568,1706,108,11,61,2683,10,0,66,0,0,3534,879,1084,6169,239,2163,117,970,125,194,300,413,0,317,32,55,9953,179,2,2358,1597,32,7,12,52,1,494,1,1494,7754,1,145,161,159,45,216,7,46,23,119,39,5,40,58,0,285,264,2673,521,0,3544,3000,0,0,197,3074,2611,2561,219,1915,3506,96,4613,6,6,234,0,20,5,1097,4639,1116,1011,85,1091,22,60,0,3816,884,137,1374,3847,0,15,138,2806,585,208,2159,5,739,4,46,7,3425,110,1216,50,1,63,12333,1242,0,9470,7,1122,23,10806,7103,13168,0,10,682,1,12139,19445,175,1,0,4,822,0,0,0,0,0,0,1,0,0,139,230,0,490,0,0,0,552,5,0,0,1622,222,0,0,0,228,1590,0,0,15,0,0,0,1,0,5,0,1717,0,0,0,470,1,0,0,0,127,0,0,1,9,0,0,0,145,0,0,141,0,0,0,0,0,0,0,0,0,0,4547,0,16,0,0,1,0,388,0,5,1402,0,1,0,6,151,0,39,17,0,0,0,0,0,376,0,1,210,69,0,0,0,0,250,47,0,1885,24,0,4510,2,0,0,0,83,0,0,219,836,1,0,0,0,0,0,0,112,0,0,26,0,1,0,0,1,82,0,12007,0,5465,0,0,0,5,0,2,431,65,0,6,0,0,0,0,0,7,452,2292,610,0,0,3554,0,0,32,0,0,0,0,0,0,22,0,2251,647,0,2,0,46,1664,10,0,0,0,0,0,0,4,0,59,2,0,5,0,693,0,2649,0,0,0,10641,1,3345,0,326,0,2,0,626,0,0,0,0,328,0,53,0,0,2097,1,0,212,0,0,27,103,17980,0,0,0,0,0,0,0,0,0,0,3,6637,0,0,128,290,0,20365,117,0,209,0,0,0,60,721,0,0,1,0,0,40,0,0,0,22392,0,0,1087,0,3943,1259,0,0,835,87,1300,0,0,0,0,5447,1844,0,0,0,0,0,0,0,162,0,0,0,0,0,0,0,1037,0,606,0,436,0,218,67,0,1311,28,3837,2,0,0,1,39,9319,0,0,4,0,1820,0,3,5,0,178,1201,0
"gene_1121",48,0,2513,0,866,1,0,1,0,0,2,990,0,4,13,2183,2,1645,568,1,629,0,0,428,0,0,0,710,0,103,0,0,0,0,52,0,0,0,1050,86,19,732,0,0,0,70,0,689,0,473,0,95,0,0,0,0,0,151,0,0,0,0,0,32,0,0,9,0,358,300,0,3,0,344,71,0,0,37,4,233,11,0,0,43,0,0,0,0,0,110,527,0,0,0,0,0,0,0,0,0,0,0,0,0,0,1,0,0,0,0,0,0,0,0,0,0,0,0,0,0,0,0,0,0,1014,0,0,0,0,0,0,0,0,0,0,662,0,0,0,0,0,0,0,0,0,0,0,0,0,0,0,0,0,0,0,0,0,0,0,0,0,0,0,0,0,9,0,1,227,0,0,0,0,0,64,0,0,0,0,0,0,0,0,0,3,0,0,1269,0,0,0,0,0,0,0,0,441,0,0,0,0,0,4,0,0,0,0,0,10,0,0,0,0,0,0,0,0,0,0,0,0,0,0,0,0,0,0,0,0,0,0,0,0,1239,0,0,0,0,0,0,0,0,0,0,0,0,0,0,0,0,0,0,0,0,0,0,0,0,0,0,0,0,0,0,0,0,0,0,0,0,0,0,0,0,0,0,0,0,0,0,0,0,0,0,0,0,0,0,0,0,0,0,0,0,0,0,0,0,0,0,0,0,0,0,0,0,0,104,0,0,0,0,0,15,0,0,0,0,0,0,0,0,0,0,0,0,0,0,0,0,0,0,0,0,0,0,0,0,0,0,0,0,0,0,0,0,0,0,17,0,0,0,0,0,0,0,0,0,0,0,0,0,0,0,0,0,0,0,0,0,0,0,0,0,0,0,0,0,0,0,0,0,0,1,0,0,0,723,0,0,0,0,0,0,0,0,0,0,0,0,0,0,0,0,0,0,0,0,0,0,0,0,0,0,0,0,0,0,0,0,110,0,0,0,0,0,0,0,0,0,0,0,0,0,0,0,0,0,0,0,0,0,0,0,0,1,0,0,0,0,0,0,0,0,0,0,0,0,0,0,0,0,0,0,0,0,0,0,0,0,0,0,0,0,0,21,4,0,0,0,0,0,0,0,0,0,0,0,0,0,0,0,0,0,0,0,9,0,0,0,0,0,0,0,0,0,0,0,0,0,0,0,0,0,0,0,0,0,0,0,0,0,0,0,0,0,0,0,0,0,0,0,0,0,1,0,0,0,0,0,0,0,0,0,0,0,0,0,0,0,0,0,0,0,0,0,0,0,0,0,0,0,0,0,0,0,0,0,0,0,0,0,0,0,0,0,0,0,0,0,0,0,0,0,0,0,0,0,0,0,0,0,0,0,0,0,0,0,22,102,0,0,0,0,0,0,0,0,0,0,0,0,0,0,0,1,0,0,0,5,0,0,0,0,0,0,0,0,0,0,0,0,3,0,0,0,0,0,0,0,0,0,0,0,0,0,0,0,0,0,0,0,0,0,0,0,0,0,0,3,0,0,0,0,0,0,0,7,0,0,0,0,0,0,0,0,0,0,0,15,0,0,11,0,0,0,0,0,0,0,0,0,0,0,0,0,1,0,35,0,0,0,0,0,0,0,0,0,0,0,0,0,0,0,0,0,0,0,0,0,0,0,0,0,0,0,0,0,0,80,0,0,0,0,0,0,0,0,0,0,0,0,0,0,0,0,0,0,0,0,0,0,0,0,0,0,0,0
"gene_1122",0,60,0,7,3,0,0,0,0,0,0,0,0,1324,7,0,0,1,0,0,5,0,0,4,1537,0,0,0,0,0,0,0,0,237,0,139,0,1,0,0,0,1,1,6,0,0,0,17,0,1,1672,57,182,0,90,1,0,1319,0,73,117,0,0,0,0,0,0,0,0,3586,1,0,0,0,2,0,0,0,0,326,27,0,8,0,0,1,0,0,1787,1,17,0,0,0,100,0,0,0,0,1750,0,30,0,15,9419,324,0,73,0,0,0,0,0,0,0,0,0,0,28,5,0,0,0,197,0,0,0,0,0,3462,0,0,15,0,0,2,0,0,31,6,0,0,7,2714,0,0,0,0,4,529,936,0,176,1169,0,1618,0,43,0,66,0,207,0,0,0,0,0,0,195,0,0,0,0,0,7,0,0,0,75,0,0,0,0,0,0,0,0,125,6,0,0,0,0,0,0,0,0,326,612,0,6895,2471,52,1308,0,0,0,0,0,0,11,168,0,0,915,5322,12,0,0,1651,0,4881,158,0,0,90,0,237,0,59,0,0,0,0,0,0,2,0,0,1,32,0,0,5,0,0,0,0,0,6589,0,135,0,0,0,0,52,0,16061,0,0,0,0,0,0,0,0,0,0,0,0,0,0,35,0,0,0,0,0,0,0,15,0,1,0,0,0,52,0,0,0,0,0,0,0,0,0,1,0,0,0,0,0,0,0,0,0,0,1,1,0,1304,0,0,0,0,0,2100,0,0,0,0,0,0,20,399,0,9,0,0,0,0,0,0,0,0,2,0,0,0,0,0,0,0,0,0,0,0,0,0,0,0,1,0,0,1532,457,0,52,0,0,0,0,0,0,0,0,219,38,0,0,0,0,581,11,0,290,0,888,0,469,192,0,4,0,0,0,0,0,0,0,0,0,0,0,0,0,0,0,0,0,0,205,0,160,0,154,0,0,0,0,0,0,0,0,0,0,0,0,1048,0,0,0,2107,0,15,0,0,0,0,0,0,0,0,0,0,0,0,0,0,145,0,0,0,0,0,0,0,0,0,0,0,0,0,0,0,803,0,0,0,0,0,0,0,0,0,0,0,0,0,0,0,0,0,1,792,0,0,0,0,0,0,0,0,0,0,0,0,0,0,0,0,0,0,0,0,0,0,0,0,0,0,0,0,0,0,0,0,0,0,0,0,0,0,0,0,120,2279,0,0,0,0,0,0,37,0,0,0,0,0,0,0,0,0,0,0,0,0,0,0,0,0,0,0,0,0,0,0,0,0,0,0,0,0,0,0,0,0,0,0,0,0,0,3459,1,0,0,0,0,301,0,0,0,0,0,0,0,0,0,0,0,0,0,0,0,0,0,0,0,0,0,0,0,0,0,0,0,0,0,0,0,0,0,0,0,0,0,0,0,0,0,0,0,0,0,0,0,0,0,0,0,0,0,0,0,0,0,0,0,0,0,0,0,0,0,0,0,0,0,0,0,0,0,0,0,0,0,0,0,0,0,0,0,0,0,0,0,0,0,0,0,0,0,0,0,0,0,0,0,0,0,0,0,0,0,0,0,0,0,0,0,0,0,0,0,0,0,0,0,0,0,0,0,0,0,0,0,0,61,0,0,0,0,0,0,0,0,0,0,0,0,0,0,0,0,0,0,0,0,0,0,0,0,0,0,0,0,0,0,0,0,0,0,0,0,0,0,0,0,0,0,0,0,0,0,0,0,0,0,0,0,0,0,0,0,0,0,0
"gene_1123",0,0,0,0,0,0,0,0,0,0,0,0,0,0,0,0,0,0,0,0,0,0,0,0,0,23,0,0,0,0,0,0,0,0,0,53,0,0,41,60,0,0,0,0,0,0,0,0,0,0,0,0,0,0,0,9,0,1,0,0,0,0,13,9,0,0,0,0,0,0,0,0,0,0,0,1093,0,0,0,3,0,0,1146,0,0,0,0,0,7,0,0,0,0,0,0,0,3,0,0,0,0,2,0,0,0,0,0,0,0,0,0,0,1,0,0,0,0,0,0,0,0,0,0,0,0,0,0,0,0,0,0,0,0,0,0,4,0,0,0,0,0,0,0,0,0,0,0,0,0,0,0,0,0,0,0,0,0,0,0,0,0,0,0,0,0,0,0,0,0,0,0,0,0,0,0,0,0,0,0,0,1142,0,0,0,0,244,0,0,0,0,0,0,0,0,0,0,21,630,5,0,0,0,0,0,0,861,0,0,0,0,0,0,0,0,0,0,0,5529,0,0,0,0,0,0,0,156,0,0,263,269,0,445,49,0,0,0,166,0,0,0,0,0,0,0,89,0,0,0,2536,0,0,0,0,0,0,0,0,83,0,0,0,0,0,0,0,0,0,0,0,0,0,0,0,0,0,0,0,0,0,0,0,0,0,0,0,0,0,0,0,0,0,0,0,0,0,0,0,0,0,0,0,0,0,0,0,0,0,0,0,0,0,0,0,0,0,0,0,0,0,0,0,0,0,0,0,0,0,0,0,0,0,0,0,0,0,0,0,0,0,0,0,0,0,0,0,0,0,0,0,0,0,0,0,0,0,0,0,0,0,0,0,0,0,0,0,0,0,0,0,0,0,0,0,0,0,0,0,0,0,0,0,0,0,0,0,0,0,0,0,0,0,0,0,0,0,0,0,0,0,0,0,0,0,0,0,0,0,0,0,0,0,0,0,0,0,0,0,0,0,0,0,0,0,0,0,0,0,0,0,0,0,0,0,586,0,0,0,0,0,0,0,0,0,0,0,0,0,0,0,0,0,0,0,0,0,19,0,0,0,0,0,0,0,0,0,84,0,27,0,0,236,0,0,0,0,0,0,0,0,0,0,0,0,0,0,0,0,0,0,0,0,0,0,0,0,0,0,0,0,0,0,0,0,0,0,0,0,0,10,0,0,0,1,0,0,0,0,0,0,0,0,0,0,0,0,0,0,0,0,0,0,0,0,0,0,0,0,0,0,0,0,0,0,0,0,0,0,854,0,0,0,0,0,4,0,0,0,0,0,0,0,0,0,0,0,0,0,0,0,0,0,0,0,0,0,0,0,0,0,0,0,0,0,0,0,0,0,0,2,0,266,0,0,0,0,0,0,0,0,0,0,0,0,0,0,0,0,0,0,0,0,0,0,0,0,0,0,0,0,0,0,0,438,0,160,0,0,0,53,0,0,0,0,0,0,164,0,0,0,0,0,0,0,0,0,0,0,0,0,0,0,0,24,193,0,0,0,0,0,0,0,0,0,0,0,0,0,0,0,0,0,0,0,0,0,0,0,0,0,0,0,0,314,0,0,0,0,0,0,0,0,0,0,0,0,0,0,0,0,0,0,0,0,0,0,0,0,0,0,0,0,0,0,0,296,0,0,0,0,0,0,0,0,0,0,0,0,0,0,0,0,0,0,0,0,0,0,0,0,0,0,0,0,0,0,0,0,0,0,0,0,0,0,0,1,0,0,0
"gene_1124",0,258,0,97,4364,0,3311,95,666,7039,320,201,612,76,385,7869,64,2439,174,551,0,0,1413,7,18,1552,192,821,2735,457,100,834,16,14,0,289,0,227,39,0,0,0,24,1,231,809,178,629,113,1898,141,0,58,107,699,13913,100,3927,1,66,1854,1,0,8701,7,4509,623,21,500,141,295,18,0,0,1,15,0,49,0,3,4290,121,41,38,491,1,28,2080,2,10,2,1376,175,44196,7253,2,0,327,579,15,135,0,41,76,1387,92,3670,4410,178,35,31,320,1841,0,973,1791,13,7,2159,2250,0,0,77,0,25,8062,0,18,28,8,0,39,52224,41,14691,2,15,21994,59,0,0,0,16372,2664,139,91,4449,14786,1033,4574,2,7766,0,813,238,229,100,10260,3727,55,831,27,2410,5948,0,0,350,95,433,0,23370,1173,315,226,125,30,3262,33,7500,20957,321,0,3770,3731,0,2961,10,1,30,2520,6514,0,1430,989,7920,990,4632,936,8,4616,19169,12,353,27,53,12,6020,270,4783,7,2354,35,735,4,3,70,5959,67,0,6866,11496,3,851,64921,345,16961,0,0,4270,0,0,3,11,22304,1823,1779,7290,1399,0,26,26050,3285,6,478,6113,982,2764,2,1069,553,1294,1,0,219,1,327,8654,2,20559,61,19,0,1,2804,423,0,215,4188,0,5,20,5755,54,34,0,4078,18,0,100,16,520,77,586,1937,633,0,210,578,4,4,0,99,134,8,8678,64,242,1967,680,13,1425,2066,0,382,144,564,985,876,2071,6,389,945,0,329,194,0,78,83,882,5,3226,25,786,4251,2452,28,19,971,0,5576,343,0,978,7203,14,2,70,224,11,21,3,6661,100,59,1448,1997,72,337,419,489,3,2216,0,1913,0,17,0,567,3043,3357,119,0,69,2701,2,2040,835,13,2,202,197,0,34,2929,209,807,1577,296,227,796,46,1935,83,100,692,36,134,833,4143,3,176,225,2032,34,4859,0,23,2180,375,962,267,2458,410,47,8892,12,39,625,800,544,8753,302,1579,126,4292,10,1020,62,2894,186,39,3740,249,423,29,31,35,17,357,41,740,27,1412,3,55,499,48,17,0,29,0,1332,912,0,2670,80,0,330,0,700,4,1,0,0,92,1297,260,0,0,2,4071,1,36,1,0,7,42,37,169,28,211,188,12,12,1563,0,0,22,0,438,1857,17,192,83,50,3,232,9,2,34,38,116,586,1,426,0,1,84,1,0,203,5,232,1,63,0,1383,1,0,4164,0,0,4,0,4937,25,0,0,368,1314,0,31,0,3701,0,380,330,161,62,3887,54,220,142,56,10,0,0,6,1288,12,4,30,12,943,60,1,216,0,457,1156,54,43,713,883,744,746,1676,12,282,0,2,34,14,2,72,27,1,0,30,0,22,0,53,0,0,1792,1,968,4722,2,15,0,0,2,0,0,5,0,0,0,0,21,0,0,0,0,0,19,0,87,0,144,1,28085,0,0,0,0,993,0,0,0,0,3,53,60,0,0,0,0,0,0,3012,141,0,0,0,0,0,0,1072,52,0,0,43,4,0,694,0,643,0,94,34,0,2134,2,0,0,651,15,0,0,0,0,0,0,976,0,0,0,1553,57,33,1,0,0,21552,0,169,1,0,0,0,168,5393,0,0,8478,3,2648,0,0,422,771,0,1194,224,0,0,3,0,0,0,0,377,0,0,1,40,9,0,0,9644,1071,2003,0,497,0,0,229,0,0,280,0,68,4905,0,192,3326,13,2698,0,0,0,0,0,6,6164,28,0,2,0,171,164,85,580,16,0,0,1,0,0,56,0,0,0,31,0,2258,11,0,6228,0,25,55,16,22,0
"gene_1125",0,0,0,0,0,0,0,0,0,0,0,0,0,257,0,0,0,0,0,0,0,0,0,0,0,0,0,0,0,0,0,0,0,0,0,0,0,0,0,0,0,0,0,0,0,0,0,0,0,0,0,18,0,0,0,0,0,0,0,0,0,0,0,0,0,0,0,0,0,0,0,0,2,0,0,0,0,0,0,0,0,0,0,0,0,0,0,0,65,0,0,0,0,0,0,0,0,0,0,0,0,0,0,0,0,0,0,0,0,0,0,0,0,0,0,0,0,0,0,0,0,0,0,0,0,0,0,0,0,0,0,0,0,0,0,0,0,0,0,0,0,0,0,0,0,0,0,0,0,0,0,0,0,0,0,0,0,0,0,0,0,0,0,0,0,0,0,0,0,0,0,0,0,0,0,0,0,0,0,0,0,0,0,0,0,0,0,0,0,0,0,0,0,0,0,0,0,0,0,0,0,0,0,0,0,0,0,283,0,0,31,1,0,4,7,0,0,0,0,0,0,0,0,0,0,96,0,0,0,0,0,0,0,7,0,0,0,0,0,0,60,0,0,0,0,9,0,0,0,0,0,0,0,0,0,0,0,0,0,0,0,0,2150,0,0,0,0,0,0,920,0,454,0,0,0,0,0,0,0,0,0,0,0,0,0,0,0,0,0,0,0,0,0,0,0,0,0,0,0,0,0,0,0,0,0,0,0,0,0,0,0,0,0,0,0,0,0,0,0,0,0,0,0,0,0,0,0,0,0,0,0,0,0,0,0,0,0,0,0,0,0,0,0,0,0,0,0,0,0,0,0,0,0,0,0,0,0,0,0,0,0,0,0,0,0,0,0,0,0,0,0,0,0,0,0,0,0,0,0,0,0,0,0,0,0,0,0,0,0,0,0,0,0,0,0,0,0,0,0,0,0,0,110,0,0,0,0,0,0,0,0,0,0,0,0,0,0,0,0,156,0,0,0,0,0,0,0,0,0,0,0,0,0,0,0,7,0,0,0,0,0,0,0,0,0,0,0,0,0,0,0,0,0,0,0,0,0,0,0,0,0,0,0,0,0,0,0,0,0,0,0,0,0,0,0,0,0,0,0,0,0,0,0,0,0,0,0,0,0,0,0,0,0,0,0,0,0,0,0,0,0,0,1,0,8,0,0,0,0,0,4,19,0,0,0,0,0,0,0,0,0,0,0,0,0,0,0,0,0,0,0,1,0,0,0,0,0,0,0,0,3,0,0,0,0,0,22,0,0,0,0,0,0,0,0,0,0,0,0,0,0,0,0,0,0,0,0,0,0,8,0,0,0,0,0,0,0,0,0,0,0,0,10,0,56,0,0,0,0,0,0,0,0,0,0,0,0,11,0,0,0,0,0,53,0,0,7,0,0,5039,0,0,0,65,0,0,0,0,0,0,0,0,0,0,0,0,1711,3,0,0,0,3,0,0,0,0,0,0,0,0,0,0,0,2158,0,0,0,0,0,0,0,0,0,0,0,0,0,0,0,0,1155,0,0,0,0,0,0,0,0,0,0,0,0,0,0,0,0,0,0,0,0,2,0,0,0,29,0,0,0,0,0,0,0,0,2047,0,0,0,0,0,0,0,0,0,0,0,5,0,0,0,0,3649,0,0,0,0,0,0,0,0,0,0,88,0,2,0,0,0,6,1,0,0,0,0,0,0,0,0,0,0,0,0,0,0,0,0,0,0,0,0,0,0,8,0,2,3,0,0
"gene_1126",0,14,0,11,0,0,2,0,0,240,0,0,237,23,0,51,18,0,19,0,10,12,0,11,0,0,262,0,52,0,196,0,12,0,248,0,0,32,92,0,0,0,0,402,1,25,0,5,0,0,0,0,26,6,0,30,0,0,0,0,59,5,0,0,0,46,23,2,0,0,436,3,0,13,0,115,0,0,0,1,0,0,0,25,302,0,3,38,122,0,73,4,5,22,0,0,16,0,0,14,69,42,2,0,12,28,2,0,2,33,135,1,7,4,0,77,7,0,5,8,0,3,0,1,15,1,5,1,7,10,1,0,1,0,0,2,147,3,31,25,58,0,0,7,12,14,121,72,42,25,3,2,32,1,15,32,2,39,29,13,11,13,59,30,0,85,0,26,29,158,0,2,7,7,0,31,71,75,12,1,3,32,9,0,0,16,70,5,24,15,98,0,34,1,0,0,0,261,2,1041,146,0,13,5,1,66,0,530,120,0,0,62,0,0,324,0,6,118,0,10,0,110,29,15,0,0,31,20,155,1213,8,6,16,6,174,0,308,1,37,0,0,0,0,173,1,602,328,0,0,48,17,224,0,1,45,0,0,3,0,86,511,0,154,0,15,0,23,9,3,5,1131,607,149,47,578,0,464,465,0,6,96,241,27,11,0,0,0,41,14,74,0,7,0,43,672,0,701,216,38,23,389,5,1151,37,8,21,0,0,0,10,286,0,279,46,16,1,0,82,257,47,6,188,32,41,0,2,1,0,137,0,8,1,37,31,2,99,0,159,0,453,1,1355,35,19,21,1,4,259,62,6,199,575,17,0,1,0,1,32,0,991,3,29,8,1043,403,1,823,2,123,423,182,358,49,78,0,1340,100,479,0,4,0,1,0,18,19,34,104,13,1744,0,212,158,255,0,0,1822,0,34,31,6,71,0,119,7,1,1,20,139,0,85,30,1678,1025,0,2,234,0,3,0,87,610,0,0,27,4,1764,0,1,356,22,1,16,73,0,663,1119,22,58,0,257,0,3,420,3126,0,2182,0,27,0,332,155,0,7,6,0,6,342,6,0,14,113,23,41,0,0,0,1025,56,3,1,760,542,0,2,33,123,604,236,220,4,31,531,3,22,262,0,0,158,0,0,0,16,3,37,0,0,1294,4,4,20,106,170,250,22,1025,1101,0,45,17,129,0,290,65,0,897,1072,54,624,0,0,7,243,421,442,869,504,56,0,0,91,1862,7,5,10,1,4,0,59,124,3290,484,0,30,0,267,776,22,427,23,32,10,166,13,9,46,1075,63,10,2,562,2,109,484,88,401,0,68,507,0,0,235,0,3469,1,0,15,982,30,524,101,1,25,28,6,2957,15,14,5,4,104,219,541,0,4,360,1,0,2,4,0,534,1,0,9,1155,0,174,406,0,1643,4,0,0,5,0,1,0,450,6,165,5,53,0,1048,2634,0,122,355,71,4,114,8,0,7,0,310,16,13,0,8,0,1464,0,68,114,17,0,9,0,83,2,0,0,168,15,387,1,0,0,217,140,0,93,0,1,1723,0,166,674,134,0,1,2082,755,0,24,203,11,53,64,1,34,3273,0,1607,647,8,0,3421,886,0,166,0,27,0,0,1275,0,107,359,215,0,2,724,2,1,9,15,0,29,30,1152,0,82,1072,33,243,229,465,0,358,167,1218,825,2720,1768,0,0,68,173,213,0,350,0,302,480,3,41,22,1936,0,434,631,0,0,2510,50,0,0,0,0,7,49,284,0,785,346,33
"gene_1127",0,19,3242,453,54,613,25,0,156,55,1137,178,6578,0,5240,0,0,3044,0,0,0,3,0,83,11,99,0,0,25,1,0,1491,813,1931,13,563,2,99,0,0,13509,76,0,0,55,7,44,2,375,518,1319,9450,26,0,6897,2265,0,4549,3,1127,10358,0,0,2,716,4396,0,1156,3,287,8,8,40,74,23,119,0,0,0,124,42,259,1284,4160,227,0,74,3183,1285,35,80,202,459,2,6638,1931,1,99,2065,4,0,0,0,408,1797,0,0,386,3050,203,1,49,0,224,1149,162,3,111,4,161,119,468,0,1448,44,2059,244,41,1712,283,275,0,588,0,6,59,13,3174,885,4313,1530,269,798,21,3,3850,250,0,69,7968,1101,3752,0,843,42,4188,12,3449,257,13,126,0,2547,1258,2456,0,82,0,947,0,243,2662,99,316,37,5172,2538,1330,627,0,2010,3647,279,2687,0,27,12483,1917,164,0,162,344,12,6214,46,597,639,0,4825,0,5,2086,0,0,224,0,447,586,0,0,44,113,37,2179,0,3,1,4234,0,0,1908,0,16,1835,158,22,9,6,90,2140,1,7,19,1301,75,18047,6403,34,26,1,50,1969,7,13,481,2,0,1449,570,0,3841,412,13,2,3020,3622,186,1199,0,11296,924,613,412,98,7,8,61,0,824,13,0,5070,1,41,5,2325,609,0,0,1,0,38,0,1020,443,162,0,217,63,126,274,1362,93,2401,395,346,849,229,11,369,0,7,476,0,933,32,0,1151,1014,3309,1675,155,1325,233,616,71,2,14,886,13,134,2,91,43,141,0,3,6,2,338,221,189,37,1,25,107,0,853,0,18,114,4870,2,1572,2397,87,256,414,475,14,3819,265,0,79,24,0,37,0,0,0,940,30,3,1097,1813,1611,1315,4190,82,1088,51,154,0,80,0,4,9,674,4046,12,1026,4280,73,359,347,897,176,104,0,308,2775,7,452,0,509,0,249,5,845,16,2434,542,1024,5,0,537,1,1301,1229,545,1305,244,693,50,3052,3410,176,6583,53,0,1086,830,3169,2227,9,2273,0,4,139,894,0,18,3,1,167,4049,1380,1039,5964,405,407,695,6830,2,5,1,1142,825,92,736,1220,55,456,367,4,3912,3914,0,7400,997,234,868,2,224,702,65,3579,2028,1215,2528,661,3363,85,151,2639,6,232,583,8,8,243,9,219,12,2490,93,350,174,48,103,16,326,178,203,7,1099,242,1785,11,2099,119,0,781,43,1112,498,1109,263,5463,276,0,65,7,289,2081,221,3634,9,36,3911,2,100,6764,35,674,83,2917,11,1606,66,56,271,9,2810,7,1074,903,11,5427,308,295,1496,355,6,25,726,52,0,51,723,37,5315,17,7539,48,0,1067,21,194,0,49,33,5399,291,286,241,18,10,50,1427,40,1,0,0,0,3103,6,68,109,216,3866,16356,0,4561,763,9,4413,1279,2180,184,896,459,826,0,0,714,5276,42,1496,2813,6839,4025,20,81,494,7360,17,0,3939,1764,467,13,153,0,1372,28,687,0,145,0,9,2791,369,1,1454,23982,7,1463,1512,249,16,3156,387,254,2,0,426,0,1805,0,209,52,0,0,0,17563,2892,23761,2545,12,17,0,21,1445,16,55,25,182,52,338,1,5848,13,1770,901,8,0,92,1397,79,504,0,86,384,39,0,654,1571,56,703,1428,3057,5320,42,57,789,7981,928,300,1212,83,116,147,363,9,7755,131,6465,4,0,3,2542,11,822,0,2874,50,160,1023,6121,908,1668,106,7938,0,3518,59,776,140,864,230,10192,2576,49,139,241,0,514,1294,111,339,4369,1996,0,0,3636,54,5,22,9,90,7353,484,15173,0,0,4663,3173,636,1447,10150,404,0,0,2,3681,476,2937
"gene_1128",10788,2869,1620,487,11,73,39,41,267,49,4882,4813,2742,690,2047,3148,2132,27,750,7012,176,1859,190,13793,190,11,62,8,11,0,1477,132,6,19536,15898,12058,5747,632,37,920,7880,36,49,2068,218,929,66,744,1154,139,0,4102,6,13800,36,13,1312,254,8091,147,841,4104,979,1752,91,4,1449,96,13041,2159,292,3,0,1583,143,3734,5123,80,1872,9400,59,1308,87,6119,516,1247,247,249,701,5640,8,2905,766,0,3797,1,0,385,1,659,177,0,270,427,1058,7,737,0,0,1410,116,212,86,0,1275,0,0,1742,5352,23,1527,25,204,527,15,91,21,29,265,1057,16,203,0,122,137,0,63261,9832,26,564,0,1083,50,2243,0,329,258,1,2537,6,22320,37581,0,34,183,0,0,2154,0,2924,0,19513,0,2,3085,6068,27170,60,93,30122,61,18,5,3,60,714,17711,1,311,3,6,0,0,10,853,29450,0,90338,12700,0,0,2,775,0,1836,1659,538,0,2645,2284,1334,6650,0,64,26,0,622,0,0,0,0,59,14775,26,1593,0,4081,1033,961,146,219,10209,32,32263,2058,95,0,0,6,0,1212,21,111,1231,0,1139,53,1730,42,555,656,1,21,0,12,3,1599,1047,9,1,0,125,16,0,0,54,88,0,1693,0,7903,4225,1,1197,464,1362,23,752,299,18,23285,32,3451,5432,301,4167,682,0,425,2158,383,2,4031,1246,1711,37,360,563,1220,827,3663,116,1595,2094,9942,0,44,480,230,2365,2738,4791,278,11077,1,5504,7720,2993,2528,436,382,1615,2814,162,211,651,4880,15285,3691,279,517,483,1317,4147,3720,31,371,9786,5454,413,3,22,237,51,163,3854,1170,7128,34,5,3464,233,1680,5480,1444,503,4211,1038,326,367,1437,2110,380,283,7563,4259,1116,1873,185,237,1187,192,1390,1213,0,1,876,114,67,1046,5,373,6949,408,10,3790,914,395,5145,10886,1420,4994,2854,48,10,40,4435,592,778,7747,13564,1807,132,1230,2774,1201,1776,4708,4726,89,10829,123,577,1559,590,2517,398,2874,902,244,645,1712,749,1504,785,7858,6,4858,245,4144,457,6568,1109,2943,265,20421,4159,49,7,2890,209,704,2,20,473,1231,3665,316,23,0,1,546,1785,1,0,2221,28,229,1076,534,91,249,372,1177,0,1172,142,1500,70,1,32,33,24,561,4747,2592,3819,4698,2088,3967,243,857,52,97,2844,1768,2,17,29017,69,642,17,54,86,1128,98,1492,3187,8,2568,0,0,442,191,67,147,4886,286,4660,5352,1556,1972,1878,2515,393,401,1712,389,2741,5,882,6,2562,907,650,949,70,1457,2467,373,5,0,5358,699,1350,4426,928,0,682,114,553,347,0,54,360,346,0,248,26,148,1512,3028,884,2315,189,12932,81,184,42,248,521,8556,8706,2756,63,81,131,61,0,804,1537,3332,454,48,0,477,2423,955,84,3,30,0,12100,2,9362,0,503,0,84,1,0,0,21,0,62,0,129,0,0,4,1098,5,6644,1653,0,6139,0,0,1055,1096,8,98,0,0,226,1002,0,5767,1,198,5,13,0,0,0,0,0,2,112,277,0,2560,0,33,2,1263,0,0,0,165,2,0,10,0,1192,8385,0,64,103,8326,0,112,0,120,0,12,0,10,0,19,2631,1591,0,0,358,564,0,4160,1,0,442,0,0,0,0,0,444,0,114,2,0,0,0,22,342,4365,0,0,0,21,130,2093,0,10797,758,18,98,777,146,11,3,108,3834,0,0,38936,76,9437,1355,0,12,0,3,26780,0,18307,611,0,170,181,1180,2073,59,2,403,36,9,358,401,0,69,1047,4820,16868,1957,59,1322,0,204,0,8446,15,0,2290,107,1296,0,3,87,6722,657,285,45,8423,10,42,130,6,0,465,2,456,0,0,9384,19,0,0
"gene_1129",0,0,0,0,0,0,0,0,0,835,0,0,0,1586,0,0,0,0,0,0,6,0,0,0,0,108,2925,829,2,0,0,0,0,13,0,0,0,162,0,99,0,0,60,0,0,0,0,0,0,0,0,0,0,0,51,0,0,0,1,0,0,1,0,0,0,0,0,0,88,0,0,0,11,0,10,0,0,0,0,0,0,394,0,0,0,0,0,0,0,5,0,0,0,0,0,0,0,0,0,0,0,0,0,0,0,0,0,0,0,0,0,0,0,0,0,0,0,0,0,0,0,0,0,0,0,0,0,0,0,0,0,0,0,0,0,0,0,0,0,0,0,0,0,0,0,0,0,0,0,0,0,0,0,0,0,0,0,0,0,0,0,0,0,0,0,0,0,0,0,0,0,0,0,0,0,0,0,0,0,0,0,0,0,0,0,0,0,0,0,0,0,0,0,0,0,0,0,0,0,0,0,0,0,0,0,0,0,561,0,0,0,0,0,0,0,0,0,0,0,0,0,0,0,0,0,0,0,0,0,0,0,0,0,0,0,0,0,0,0,0,0,0,0,0,0,0,0,0,0,0,0,0,0,0,0,0,0,0,0,0,0,0,0,0,0,0,0,0,0,0,0,0,0,0,0,0,208,0,0,0,0,0,3,250,0,0,4,0,0,0,0,0,1,0,0,0,0,0,0,0,0,0,0,0,0,0,0,0,0,0,0,0,0,1,0,0,0,0,0,0,0,0,0,0,0,0,0,0,0,0,0,0,0,0,0,0,3,0,0,0,0,0,4,0,425,0,0,0,0,0,0,0,0,0,0,0,0,0,0,0,0,0,0,0,0,0,0,0,0,0,0,0,0,0,0,0,0,0,0,0,0,0,0,0,0,0,0,0,0,0,0,0,0,0,0,0,0,0,34,0,0,0,0,0,0,0,1,0,0,0,0,0,0,0,845,0,0,0,0,0,0,0,0,0,0,0,0,0,0,0,0,0,0,143,0,0,0,0,0,0,186,0,0,1,0,0,0,0,0,0,0,50,22,0,0,262,12,0,3309,0,0,566,0,0,0,0,0,0,0,0,0,0,0,0,0,0,0,0,1,555,0,2,5,133,0,133,0,0,0,0,0,0,0,5,23,0,52,0,0,0,0,0,0,0,0,0,0,1,0,21,0,0,0,0,1,3,0,0,0,0,0,0,0,36,0,187,0,0,0,0,0,0,0,0,0,12,143,0,0,0,0,0,1,0,0,0,0,0,0,0,0,0,0,0,0,0,0,889,0,0,0,0,0,0,0,0,164,632,0,14,0,64,0,72,0,0,0,0,0,0,6360,0,0,0,0,0,0,0,0,0,0,0,0,0,0,0,3,0,0,0,0,0,0,0,0,97,0,0,0,0,0,0,0,51,0,0,0,1,0,0,4,0,0,0,0,41,0,283,0,0,0,0,0,0,0,0,0,0,0,0,2,1,0,0,0,0,0,0,0,0,697,0,2,0,0,0,0,0,0,0,0,0,0,109,0,0,0,0,0,0,0,0,0,0,0,0,0,0,1,0,15,0,2,18,0,0,0,0,0,0,0,0,0,10,0,0,0,21,0,0,0,2,921,0,252,0,0,0,0,265,6,53,0,78,0,628,286,0,0,0,0,0,0,0,0,119,0,0,0,0,1,0,0,0,0,0,14,0,0,0,538,0,0,0,130,0,0,0,34,0,0,0,0,0,0,94,0,0
"gene_1130",160,0,585,0,1,5,245,6,0,3326,1146,457,1,127,1683,0,0,20,1,0,76,94,43,2286,564,21,0,80,461,10,356,123,83,25,21,2235,12,133,12,454,0,1,7,25,117,56,0,23,5,3382,1,0,508,5,549,1148,93,0,109,0,6,9,14,1,32,60,78,47,9,1086,214,16,4,499,2063,419,1,0,0,83,0,37,91,8,0,15,51,38,5,992,190,888,0,2,1,0,63,0,5,0,0,0,0,1327,0,0,0,0,0,279,0,0,0,0,38,0,0,1,15,0,0,0,0,0,75,0,28,0,0,0,0,0,0,0,0,243,0,0,27,0,0,0,0,7,0,1925,0,0,0,12,0,0,0,0,0,0,3,0,0,0,0,0,1987,0,0,232,0,0,0,2226,34435,0,376,0,0,0,0,0,0,0,0,0,0,817,0,0,0,0,0,0,20,0,2589,0,9,0,0,0,0,0,0,2,1657,0,1,751,0,0,0,0,134,0,0,0,0,0,0,11,0,0,0,0,0,0,0,0,0,0,0,0,0,0,0,0,403,0,0,0,0,0,0,0,0,0,4227,0,0,19,0,0,0,0,6,0,0,0,1,0,0,0,170,0,0,0,0,167,0,0,0,0,0,55,0,0,0,0,67,75,0,0,0,0,0,0,0,3,0,0,0,4,0,0,0,0,0,0,0,2,0,14,0,1,0,0,1,1,46,0,0,0,0,0,0,0,29,23,2,0,0,249,1,0,0,678,0,0,0,0,0,0,0,0,0,0,1,3,0,0,284,0,0,0,0,459,0,0,0,0,0,0,0,2,0,11,0,0,0,0,0,0,0,0,0,0,0,0,0,0,29,0,0,0,0,0,0,0,0,0,0,0,0,0,0,0,0,0,0,47,10,0,957,890,0,0,0,9,0,0,12,0,3,0,0,1,0,0,0,0,0,0,65,0,0,0,0,142,0,61,0,0,0,0,0,0,0,0,0,0,0,0,0,201,790,68,2814,6854,1480,99,77,0,305,6,117,4817,31,3300,7,586,1661,1819,349,2,329,640,2085,283,287,931,1167,50,5919,515,1201,175,476,386,2420,947,86,484,1553,343,747,339,1254,75,0,5,7,1259,6081,1661,1499,293,270,1046,2488,0,91,323,2568,2340,167,910,418,1,3381,3,56,2,73,1260,406,987,344,1017,984,1145,3,5,1889,15,1468,15,153,527,58,1543,96,0,32,81,2144,0,4246,0,6,338,2,491,1578,747,1571,0,12,0,56,101,28,2,294,148,450,2958,13,909,140,114,2443,1777,492,43,7,91,35,713,19,3307,673,1071,7,317,134,267,733,661,787,629,2865,837,0,8,0,3473,0,0,1,1539,579,40,294,0,16,82,0,9,905,1,0,0,16,0,0,0,0,0,883,575,835,0,2,1970,2,3200,2,6373,0,153,19,30,0,0,390,0,0,0,0,454,0,2925,0,1,0,1,67,0,3699,0,0,87,35,88,0,10,2,158,104,231,102,14038,523,356,0,0,0,5350,1470,0,0,1707,677,2252,440,0,0,5787,1560,0,0,445,1469,98,58,2538,35,5,0,25,0,0,619,774,50,21,4,0,5574,2,3,0,0,0,144,839,5,2823,2,0,499,4806,546,138,0,4,0,0,3276,940,0,0,13,64,0,0,0,1,0,0,511,0,0,8,193,1,712,78,1,20,370,3,0,42,1508,206,1354,760,0,3,185,4549,381,0,4297,114,0,0,2999,1555,0,1276,764,236,6142,2,3,0,140,1912,1,622,0,350,7,0,0,0,31,5124
"gene_1131",43,253,235,137,2,258,117,0,52,0,833,1814,322,8,0,55,470,8,9,1034,0,79,16,0,4441,534,55,321,136,1,70,0,4,21,878,1,7382,1025,9,0,42,6,5,97,2534,261,60,0,2161,2881,2536,167,6,96,332,2054,31,541,4,12,22,1,4360,900,0,1400,4185,0,0,2535,32,2990,1,551,9,1750,4,1909,420,66,387,127,332,88,15,325,518,508,231,1,3313,18,2065,0,1,141,1,0,648,4,0,0,0,0,0,91,4,0,0,0,0,1,0,0,2,486,249,240,1527,0,10,87,0,212,421,0,18,55,0,170,28,6,0,0,0,471,0,123,0,0,5,27,0,14,0,0,7575,547,8422,0,0,227,617,11570,0,5,11,0,0,0,199,8,85,2949,0,0,0,0,27,0,10653,0,11,4,11782,0,40082,81,30,0,0,356,2,0,0,0,0,0,21,3414,0,20,2,2,36,95,0,2,0,233,4920,52,0,0,103,0,71,35,59,0,3,0,67,0,2344,1323,0,5,0,464,0,2,0,0,0,0,15,0,0,4,362,1166,0,4,0,62,2,0,13111,52,16,12,0,42,0,0,11507,85,0,1,1829,0,0,0,0,491,0,0,69,0,219,555,699,867,173,155,0,283,813,209,82,1436,1,1299,22,0,238,0,0,8,93,2516,552,871,5,0,7,194,0,371,225,0,0,1538,30,100,0,14,4,1010,2,327,299,1384,34,227,0,62,445,90,16,0,111,25,67,115,38,224,19,8,116,125,1397,1313,103,0,238,591,478,0,28,77,377,1785,2975,152,923,12,3192,63,6,183,4,508,2160,35,53,26,0,280,50,239,799,640,291,2,229,47,304,195,611,986,1393,0,2,2421,7,11,20,68,247,55,30,2045,108,113,0,302,1382,1706,1883,2921,528,36,17,97,0,5625,409,242,592,1077,230,179,0,833,12,0,61,223,52,1205,12,3518,146,114,96,13,2383,574,13,12,96,1,0,1,11,120,249,113,1355,0,4086,0,0,2423,6726,24,7561,16,0,76,245,0,1,23,6,8,1404,296,268,3,1363,1,38,1063,12,250,1912,431,156,103,237,119,31,0,84,757,31,290,268,339,9131,393,0,54,687,403,1400,256,0,192,657,2812,711,291,609,0,0,83,50,0,40,180,48,0,637,113,12,6,103,6902,213,60,54,37,1255,0,1,2402,707,553,4,0,7,140,0,1,12,210,48,0,1045,836,6,37,178,105,1322,7,1,82,839,0,10,0,27,606,24,354,6,305,299,2,136,19,2744,6808,29,577,23,499,279,318,1805,67,2247,5,329,223,183,1089,222,123,388,3,50,512,244,29,89,1,79,317,544,2285,434,1852,94,14,1289,0,0,0,1683,290,3112,124,1,1,600,4230,734,0,392,1,4,1183,227,3,0,6,0,627,1,0,0,27,4,0,0,390,5,0,0,21,0,0,3682,392,21,831,1330,0,22,0,348,95,64,113,2,2,0,0,640,63,0,3893,272,75,1,22,572,320,3,1,2044,1,15,1,31,8,1,1776,120,2,1741,0,3,1,238,120,4,0,0,912,99,75,1,147,611,13,1287,0,0,0,1,0,36,32,167,0,0,210,20,2,724,8,315,0,1608,645,0,72,389,0,72,13,87,13,0,0,638,0,378,0,1,981,42,247,129,345,0,2,0,0,0,0,89,391,0,101,68,49,0,28,0,0,0,170,2017,0,21,0,1308,0,40,19,1,0,0,0,72,188,0,187,2982,29,5,80,3,0,0,220,0,86,143,8,839,722,0,43,1,0,164,14,0,0
"gene_1132",184,0,14,10,23,26,152,25,2,11,32,91,0,0,42,49,5,38,2,39,24,0,2,9,0,2,21,2,68,7,0,67,41,31,40,10,31,23,32,0,9,0,25,6,4,61,35,33,44,95,95,70,17,7,29,28,8,0,77,7,68,60,25,17,261,1,5,30,9,3,26,39,5,4,34,24,7,21,52,5,37,0,55,83,120,5,15,124,1,24,49,172,1,10,0,9,0,1,31,23,0,0,6,0,0,0,0,0,0,0,6,0,0,0,5,36,1,0,7,20,0,15,0,0,1,0,0,2,0,1,0,0,14,26,37,22,48,3,5,6,49,1,6,22,45,20,10,0,24,0,0,9,0,1,1,0,13,2,65,1,32,3,27,0,3,10,1,14,4,1,3,2,0,10,148,0,186,10,1,16,4,7,101,52,0,0,6,7,9,0,6,0,5,4,46,2,13,19,81,17,17,19,30,14,91,5,1,5,4,27,47,68,2,16,0,25,17,9,10,0,54,19,5,4,31,1,6,2,44,60,0,2,2,8,23,19,40,6,2,0,17,49,3,14,2,53,56,23,1,43,140,69,3,27,36,19,1,8,8,50,35,4,57,2,120,125,50,6,59,368,31,34,473,54,21,35,20,38,10,50,28,68,115,25,95,235,7,233,105,307,29,29,126,187,139,415,1,366,22,165,10,187,88,74,292,11,27,157,2,0,364,250,197,58,79,93,17,791,50,180,0,291,105,7,194,41,175,3,25,81,10,4,359,221,10,155,27,38,162,169,50,84,70,59,618,14,14,560,353,222,76,1062,91,33,146,121,36,2,14,7,50,161,352,4,29,227,152,61,130,79,429,8,677,8,102,79,576,60,19,6,2,37,5,1235,78,137,6,111,332,635,110,16,60,119,321,526,27,1,112,83,209,10,10,590,9,8,7,400,65,92,128,12,152,1053,5,6,66,126,0,59,11,7,105,150,22,1493,198,126,157,958,64,459,195,221,19,2,1113,0,587,0,4,23,1125,61,401,1590,602,16,171,25,1245,34,0,96,5,248,1,20,140,354,39,972,378,0,173,568,327,0,61,493,1181,43,864,40,33,116,33,34,20,95,54,648,375,21,163,0,248,15,970,0,13,6,37,290,16,534,385,7,1,323,1328,75,8,488,1021,1122,151,318,1211,14,222,557,11,12,0,138,77,3,230,351,12,505,230,148,2,70,44,444,377,53,186,4,119,331,1130,6407,696,2305,958,24,386,844,138,0,812,16,203,353,2,491,1112,1424,32,28,156,716,865,592,603,20,11,122,2,7,558,0,5612,309,0,83,1,39,201,289,143,22,153,205,324,40,56,0,312,0,299,19,0,8,152,62,174,20,60,0,0,12,30,943,45,0,51,38,237,190,23,321,0,21,68,226,46,99,95,15,48,288,3,6,25,56,132,0,91,0,183,78,98,2,166,3,756,7,64,5,98,0,357,71,146,3,110,11,413,0,5,19,1,437,197,3,3,3,87,76,0,0,2005,276,39,108,2,0,4,23,970,40,2,1,23,62,8,35,25,0,0,55,75,28,19,90,242,138,312,3,16,7,0,11,327,485,0,197,12,0,1,523,682,454,91,74,183,144,109,204,626,0,486,191,42,102,294,189,0,2,428,101,11,0,21,28,165,18,28,10,9,13,9,0,185,28,19,189,152,232,76,376,11,12,1,1,32,47,200,3,432,53,146,454,68,214,24,90,1,128,132,3,33,74
"gene_1133",0,0,0,0,0,0,0,0,2,0,0,0,0,0,0,0,51,15,0,0,0,0,0,0,0,0,0,0,0,0,0,0,0,0,6,0,0,0,0,0,479,0,0,0,0,0,0,0,0,0,20,0,0,0,0,0,163,1,0,0,166,0,1,0,0,2,0,247,0,0,267,0,0,0,0,0,0,0,0,0,7,0,0,0,0,0,0,0,17,0,0,0,1,0,47,1,0,0,0,207,34,24,0,0,0,0,0,0,0,0,0,0,0,3,0,30,0,0,0,0,0,11,7,17,0,0,0,0,0,0,0,97,0,17,0,2,0,0,1,0,0,0,0,0,3,0,0,0,107,4,7,0,0,484,0,0,0,18,21,43,0,0,5,0,0,0,0,0,0,130,0,0,29,0,276,0,385,1,0,3,4,0,0,0,17,0,0,0,47,0,168,0,0,0,0,0,0,0,0,0,0,0,0,0,0,0,0,0,0,0,0,0,0,0,0,0,0,0,0,0,0,0,0,0,0,0,0,0,0,0,0,0,0,0,0,0,0,0,0,0,0,0,0,0,0,0,0,0,0,0,0,0,0,0,0,0,0,0,0,0,0,0,0,0,0,0,0,0,0,0,0,0,0,0,0,0,0,58,0,0,0,0,0,0,0,0,0,0,0,0,0,0,0,0,0,0,0,0,0,0,0,0,0,0,0,0,0,0,0,0,0,0,0,0,0,0,0,0,0,0,0,0,0,0,0,0,0,0,0,0,0,0,0,0,0,0,0,0,0,0,0,0,0,0,0,0,0,0,0,0,0,0,0,0,0,0,0,0,0,0,0,0,0,0,0,0,0,0,0,0,0,0,0,0,65,0,0,0,56,218,0,0,0,0,0,0,0,0,0,0,0,0,0,0,0,0,0,0,0,0,0,0,0,0,0,0,0,1056,0,0,0,0,0,0,0,0,0,0,0,0,0,0,0,0,0,0,0,0,0,0,0,0,0,0,0,0,0,0,0,0,0,0,0,0,0,0,0,0,0,0,0,0,0,0,0,0,0,0,0,0,0,0,0,0,0,0,0,0,0,0,0,0,0,0,0,0,0,0,0,0,0,0,0,0,0,13,0,0,0,0,0,0,0,0,0,0,0,0,0,0,0,0,0,0,0,0,0,0,0,0,0,0,0,0,0,0,0,0,0,0,0,0,0,0,0,0,0,0,0,0,0,0,0,0,0,0,0,0,0,0,0,0,0,0,0,0,0,0,0,0,0,0,0,0,0,0,0,0,0,0,0,0,0,0,0,0,0,0,0,0,0,31,0,0,0,0,0,0,0,0,0,0,0,0,0,0,0,607,0,0,0,0,0,0,0,0,0,0,0,0,0,0,0,0,0,0,0,0,0,0,0,0,0,0,0,0,18,0,0,0,0,0,0,0,0,0,0,0,1,0,0,0,0,0,0,0,0,0,0,0,0,0,0,0,0,0,0,0,0,0,0,0,0,0,0,0,0,0,0,0,0,0,0,0,0,0,0,0,0,0,0,0,0,0,0,0,0,0,0,0,0,0,0,0,0,0,0,27,0,0,0,7,0,0,0,0,0,0,0,0,0,0,0,0,2,0,0,0,0,0,0,0,0,0,0,0,0,0,0,0,145,0,0,0,0,0,0,0,0,0,0,0,0,0,0,0,0,0,0,0,0,0,0,0,0,0,0,0,0,0,0,0,0,0,4,0,0,0
"gene_1134",0,4,1569,12,6,0,4,0,114,0,311,5590,2617,242,0,1128,347,0,1,0,5,50,6,0,396,17106,6006,0,2,4,262,12,72,428,4,5324,2,1393,1597,1092,21,0,93,0,0,212,2,0,588,51,37,0,4133,128,23,2,65,0,3,5752,2744,0,1,13,0,339,7702,0,1,5261,8,1512,0,146,10649,0,11183,11,0,0,7,0,4716,299,362,7,0,2,408,1,3121,2731,7273,1196,10717,68,0,12,0,376,0,11,12983,0,443,1427,1528,3122,2902,16,0,1523,0,0,0,3434,0,0,0,4554,23,110,0,0,176,1206,398,1,403,2,217,2,2,1417,16,0,5,710,0,5117,411,0,22,220,1132,5842,15,0,755,1117,0,9881,0,0,326,45,12208,93,59,2,0,8364,95,0,780,0,0,9552,0,0,494,1,0,3,0,71,0,0,236,67645,26,23,690,12,61,58,0,1601,0,2444,16,1103,10810,553,0,1,0,495,0,129,93,79,343,0,1,69,0,0,8,0,1,0,0,270,0,2,47,8028,0,66,0,1020,0,0,2635,0,0,2375,0,3560,3,63,0,0,0,2,249,291,0,0,815,4666,0,0,21,40,0,0,1,0,0,328,2515,0,5602,11026,0,0,0,334,14,113,10,4321,3,1533,36,1,13,154,506,53,196,861,152,130,2,2,0,9,0,184,39,0,0,4156,1407,7,11,4579,56,270,2099,2933,113,16,100,276,225,1551,1576,142,0,10534,315,292,1,0,22,1207,3356,110,294,919,312,174,1667,13031,572,258,89,267,177,2810,1477,8,1885,1295,2569,11852,306,33,241,1495,1236,9,82,0,5594,3433,382,0,290,4471,30,5,92,24,188,1590,10684,139,33,0,11923,503,14,3630,21,45,1360,196,31,10361,4,2572,963,1968,3,144,390,10,2357,3806,0,17,3075,5,1557,2811,775,1,1,785,5451,1104,510,4764,806,587,3207,382,328,966,3011,233,3932,896,1204,90,3410,0,1512,196,4272,5,4688,9216,174,527,439,328,6,2720,342,159,3095,139,424,0,9404,0,409,10675,967,69,6519,106,4,2397,87,9,530,1673,774,1827,448,3614,10062,18,98,0,89,8,2,18,0,0,0,122,1168,469,885,8,14,1,222,912,359,0,0,697,229,496,443,668,0,1019,1,25,1716,173,971,1188,0,450,1834,1738,0,7,86,1215,61,2,0,788,71,1561,1998,3,1363,103,2470,1103,307,146,287,75,1277,473,146,796,217,268,39,7,251,1,818,127,0,26,416,1457,1289,522,900,14,477,4366,65,802,9,4,1055,2023,310,1401,2971,2259,0,18,10069,43,1095,0,979,620,1,2761,239,273,71,87,374,198,4,39,0,180,252,2908,0,5738,39,174,543,35,6,23,558,1506,1212,3803,3,904,15,5487,73,61,29,31,0,17,8,61,10568,1762,0,0,1,112,604,4,1,510,949,186,3265,5081,1,124,1,2639,1505,4820,257,1,0,11,177,161,0,210,11,0,0,3,95,0,0,12,4866,0,449,1,0,1692,233,0,0,0,32,24,2,0,49,559,0,345,4544,1390,33,33,2552,59,0,45,64,0,1285,332,0,10429,15,1947,1780,0,0,0,328,1859,22,0,2,0,0,0,1,0,472,2321,0,0,0,124,117,0,118,10,2014,10,0,150,829,1168,4874,4,175,432,1,266,192,0,2,972,1678,0,56,10,0,0,21,7518,0,8753,0,2052,64,6825,10,2,170,4,0,4210,0,0,106,9589,2084,1167,0,0,1335,82,15,0,1,27,570,0,1,555,147,0,0,0,0,0,535,0,19,0,732,2770,9,37,2031,112,2475,0,67,0,0,31,2194,0,0,0,102,10,0,22,4188,120,139,187
"gene_1135",0,63,0,0,12,0,771,0,0,0,0,0,0,51,0,0,330,105,0,0,1,0,0,0,1,0,0,0,108,0,7,15,0,0,0,0,0,114,0,0,2,0,5,0,32,0,1,160,0,0,0,8,1,0,345,176,4,0,871,0,0,0,0,0,0,0,0,0,0,230,0,0,0,0,0,0,0,0,0,4,0,0,0,0,0,23,0,3,0,4,0,0,0,0,1,1,0,0,0,0,0,0,0,0,11,0,1037,0,0,0,0,0,0,8,4,4,0,41,0,0,0,0,17,0,0,1,1,0,0,0,0,32,0,0,998,0,0,0,0,0,0,67,2264,5,0,0,0,1,2,0,84,575,555,0,128,0,0,0,0,0,110,0,0,0,2,0,0,0,0,0,346,0,76,0,811,9,1,1,0,0,29,0,139,0,0,4,0,1,0,0,0,0,6,114,0,0,0,386,9,0,63,0,7,0,0,0,1685,0,0,3,0,0,0,3,50,0,322,3338,807,0,0,5,0,0,0,0,0,0,6,0,98,38,238,850,12071,0,1973,376,994,102,183,0,0,0,0,34,439,4,1,0,0,89,2,0,2,0,237,0,96,0,0,0,1,0,0,0,0,11,0,0,0,0,0,0,0,1,0,1,0,0,0,0,0,0,0,6,502,1887,0,49,0,0,1544,0,0,0,0,0,0,0,0,0,0,42,0,1,0,0,0,0,2,0,0,684,0,0,0,174,0,12,17,0,0,0,0,0,0,0,3,0,0,0,1319,17,0,171,1,0,169,0,0,8,0,0,0,86,103,1,67,0,0,1,0,0,1978,0,1,34,0,64,0,0,0,0,0,0,498,0,0,0,593,477,0,0,0,0,472,0,3,0,0,4,0,0,4284,28,0,1,335,32,0,0,3,0,0,1,0,5,8,0,0,0,158,1,682,21,0,250,0,0,8,0,379,0,0,0,19,0,0,0,0,0,277,0,0,0,0,0,0,0,0,0,0,21,0,8,0,0,0,0,0,7,0,0,0,1407,13,0,1973,2,0,0,0,0,0,2,5,11,2697,0,0,11,0,0,0,0,0,0,1,0,0,0,0,0,61,188,0,0,2604,332,0,87,0,0,0,0,0,0,0,0,0,0,0,159,0,0,622,18,0,13,0,0,0,0,0,1,0,0,0,0,0,0,0,0,0,0,0,0,0,0,29,0,159,2,0,51,0,4,0,8,0,7,0,0,1,0,0,2200,0,119,0,0,0,0,0,0,334,0,0,0,0,0,0,3,278,0,0,0,380,48,0,1808,0,46,0,0,0,0,0,0,0,0,0,0,2,0,0,0,1848,0,0,0,143,4,0,0,0,5,0,0,0,15,2,0,0,230,0,0,0,0,0,0,0,29,0,0,0,0,0,0,18,0,0,0,0,0,0,0,0,2,0,0,0,5,0,0,0,0,0,0,22,0,16,0,0,0,0,0,0,0,0,0,0,0,0,0,0,270,532,0,0,0,0,0,0,0,0,0,0,0,0,0,0,5,0,0,0,0,0,0,0,0,0,0,0,0,0,0,0,0,0,0,0,0,0,0,0,0,117,0,0,0,0,0,0,0,0,0,273,0,0,0,0,106,0,0,0,0,60,0,0,0,0,0,1,0,3,0,0,0,1,0,0,0,0,0,188,1,0,27,0,14,333,0,0,0,0,0,0,1,0,0,0,0,0,0,0,0,0,0,0,0,0,0,976,2,55,445
"gene_1136",0,2,0,0,0,0,0,0,0,0,0,1050,0,10,0,0,0,1,0,0,0,7,0,0,0,0,0,0,0,504,0,1044,0,172,0,0,268,0,4616,0,0,3569,0,0,0,0,0,0,0,0,0,0,6559,0,16,520,2814,0,3154,2,0,6,891,0,0,0,0,20,0,0,3269,80,0,337,0,0,0,0,7,0,1735,0,0,0,0,33,0,0,0,0,0,0,27,0,2049,108,4,0,30,0,17,23,0,1740,0,1,0,0,0,0,762,0,0,0,0,0,0,503,0,106,0,0,0,0,134,0,0,434,7,0,0,0,0,0,0,5,102,166,1632,9,0,0,0,0,14652,0,0,42,0,0,0,0,0,0,774,400,0,0,0,23,17,110,0,0,235,0,7,40,0,47,132,16,0,0,0,218,32196,0,0,1455,1,0,0,0,0,55,0,291,0,0,0,8,27,0,0,0,0,0,0,0,0,0,0,0,0,0,0,0,0,3,0,0,0,13,0,0,1,0,0,19,0,0,0,0,65,0,0,5,0,0,0,0,0,0,0,0,0,201,5372,0,85,0,0,0,0,0,0,0,0,19,0,2685,0,0,0,0,0,0,1,0,0,1352,91,1,0,41,97,0,0,6945,0,2,0,0,130,0,0,96,1,2,1,27,0,0,0,0,8991,15,1,469,1456,16,851,0,0,305,35,0,0,7,498,0,0,160,0,1281,0,0,0,0,644,0,52,0,0,3,1,0,2,0,0,0,19,2,2101,0,0,0,0,0,43,44,62,0,34,0,0,82,14,0,0,0,0,538,0,2,16,1,3,352,292,127,879,391,37,0,1,0,0,0,130,8,0,0,0,0,0,4,1,0,0,1,39,47,0,0,0,335,8924,2194,2024,0,129,0,323,0,2,0,564,1,2590,14,0,0,0,0,4734,28,5,2,0,4925,0,327,0,0,80,0,0,0,0,0,3,0,0,0,1737,1,0,15,0,2,2934,0,0,319,87,0,0,1421,15,0,1,0,263,10224,1776,913,8245,4,2416,244,355,0,21532,1615,54,461,2274,956,6,3168,26,24,34,145,1218,91,981,11,2611,744,331,2050,82,598,1032,1176,1886,354,2530,208,5,386,13747,352,144,77,0,599,3,2643,0,637,338,19,1139,6592,25,28,552,2227,998,3807,17,36,1517,50,9,33,244,17,24,752,45,323,3755,1811,1910,441,4,131,140,331,766,185,469,3286,1075,976,127,3,1274,49,32,1001,1,29,0,5,943,5486,2640,6468,359,263,1378,240,665,318,586,340,125,714,608,1902,194,35,1863,1,1059,378,4,1,598,0,3463,39,876,1712,552,1098,2137,163,883,13,0,448,1541,126,35,0,213,1191,3426,4841,0,9,2674,3372,0,0,0,0,852,288,1010,502,547,1167,39,1455,72,0,2605,143,315,681,6641,2,75,6361,0,0,5669,1902,4399,9,44,0,0,237,4,1150,805,102,11269,3328,1,2,7267,9205,15,629,0,196,86,6177,5699,8937,11854,0,0,0,24,1,16761,0,1973,2263,425,785,519,18,633,6,72807,216,7385,1,790,0,13663,1953,23,0,405,1237,110,0,6,0,0,2,0,0,0,13456,43,222,958,23,4325,440,1345,0,0,0,12,0,0,5530,0,0,1574,0,26,7166,5649,0,958,0,11232,5559,1125,0,0,5672,0,10999,0,1,2846,1167,398,15195,743,0,20,0,3500,0,50,2127,3880,0,259,10229,1080,8253,173,123,0,0,3,1,113,0,2411,98,0,688,62,135,0,1,19414,0,500,41051,0,45,0,0,6,1119,6466,0,2546,10570,0,30,2228,0,24,1571,402,942
"gene_1137",0,0,0,0,0,0,16,0,6,0,0,0,0,0,0,0,0,71,0,0,0,0,38,0,0,3459,2984,0,0,0,0,0,0,0,939,0,0,0,0,0,0,0,6,0,0,0,0,0,0,4552,0,0,0,0,610,7928,0,82,0,0,0,0,0,0,0,0,0,0,0,0,0,0,0,0,0,0,0,0,75,158,0,0,0,0,0,0,0,0,0,0,0,0,0,0,0,0,0,0,0,1,0,0,1,0,0,0,0,0,0,0,0,0,0,0,0,0,0,0,0,0,0,0,0,0,0,0,0,0,0,0,0,0,0,0,0,0,0,0,0,0,0,0,0,0,0,0,0,0,0,0,0,0,0,9,0,0,0,18,0,21,0,0,0,0,0,0,44,0,0,0,0,0,0,0,0,0,0,0,0,0,0,0,0,0,0,0,0,0,0,0,0,190,0,23,0,0,0,490,0,0,0,0,0,0,0,0,0,0,0,0,0,44,0,0,3,0,0,0,0,0,0,0,6,0,0,0,0,0,4,0,0,0,0,0,0,4,0,6,0,0,0,0,0,0,1049,0,0,0,0,0,0,2,0,3114,0,0,0,0,0,0,0,0,0,0,333,0,0,0,0,0,14,0,0,0,0,0,0,0,0,0,0,0,0,0,0,0,10,0,2,0,0,0,0,0,0,0,0,0,63,0,0,0,0,0,3,0,0,0,0,0,0,0,161,0,0,0,0,65,0,0,0,0,0,0,0,0,0,0,247,0,0,0,0,0,0,0,0,3,0,0,0,0,0,0,0,0,0,0,0,0,0,0,0,0,0,0,0,0,0,0,0,0,0,0,0,0,0,0,0,0,0,0,0,0,0,0,0,147,0,0,0,4,0,0,0,97,0,0,0,0,0,0,0,0,0,0,0,0,0,0,0,0,0,0,0,32,0,12,0,0,0,0,26,0,0,0,0,0,11,0,0,0,0,0,139,0,0,0,0,0,0,0,0,0,0,0,0,4,0,0,0,7,0,0,0,0,0,0,0,0,0,0,0,0,0,775,0,0,0,0,1,1,0,1,0,458,0,0,0,0,0,0,0,2,605,0,0,0,0,18,0,0,0,0,0,0,0,0,0,0,0,0,13,22,0,0,0,0,0,0,2,0,0,0,0,0,0,0,293,0,0,0,0,475,0,0,84,0,1,0,0,0,0,0,0,0,1545,0,0,0,0,0,0,1,0,505,148,0,0,13,0,0,0,0,0,0,0,0,0,0,0,0,0,0,0,2,0,0,0,0,0,0,11,0,0,0,0,0,0,1,0,0,0,0,0,0,0,0,0,0,0,0,0,0,0,0,0,0,0,0,0,0,0,0,0,0,0,0,0,0,0,0,0,1,0,0,0,0,0,0,0,0,0,0,0,0,0,0,0,0,0,0,0,0,0,0,0,0,0,0,0,0,0,0,0,0,0,0,0,0,0,0,0,0,0,0,0,0,0,0,0,0,0,0,0,0,0,0,0,0,0,1,0,0,0,0,0,0,0,0,0,59,0,0,0,0,0,0,0,0,0,0,0,0,0,0,0,0,0,0,0,0,0,0,0,0,0,0,0,0,0,0,0,0,0,0,0,0,0,0,79,0,0,0,0,0,0,0,20,0,0,0,0,0,0,0,0,0,0,0,0,0,0,0,0,0,0,0,0,142,0,0,0,0,0,0,0,0,0,0,0,0,0,0,0,0,0,0
"gene_1138",0,0,0,0,0,0,0,0,0,0,0,0,0,0,0,0,0,0,0,0,0,0,0,0,0,0,0,0,0,0,0,0,0,0,0,0,125,6,0,0,0,0,0,0,0,0,0,0,0,0,0,0,0,0,0,0,0,0,0,0,0,0,0,0,0,1214,0,474,0,0,0,0,0,0,0,0,0,0,0,0,0,0,0,0,0,0,0,0,0,0,73,0,0,0,0,0,0,0,0,0,0,0,0,0,0,0,0,0,13,0,0,249,0,0,0,0,0,0,0,0,0,0,0,0,0,0,0,0,0,0,0,0,0,0,0,172,0,0,0,0,0,0,0,0,0,0,0,0,0,0,0,0,0,0,0,0,0,0,0,10,0,0,1689,0,0,0,0,0,582,0,0,0,0,0,0,0,0,0,0,0,14,0,0,0,0,0,0,0,0,0,0,0,0,0,0,0,0,0,0,0,0,0,0,0,0,0,0,0,0,0,0,0,0,0,0,0,0,0,0,0,0,0,0,0,0,0,0,0,0,0,0,0,0,0,0,0,0,0,0,0,0,0,0,0,0,0,0,0,0,0,0,0,0,0,0,0,0,0,0,0,0,0,0,0,93,0,191,0,0,0,47,0,0,0,0,0,0,0,0,0,0,0,0,0,0,0,0,0,0,0,0,0,0,0,0,0,0,0,0,65,0,0,0,667,0,0,0,0,0,0,0,619,0,0,0,0,0,0,0,12,0,0,38,0,0,0,0,0,0,0,0,60,0,0,0,0,0,0,0,0,0,0,0,0,1094,0,0,0,0,0,0,0,0,0,0,0,0,0,0,0,0,0,0,0,0,0,0,0,0,0,12,29,44,0,0,0,5780,3852,0,82,0,0,0,7,0,0,0,0,0,0,328,0,0,0,0,13,0,0,0,0,1043,0,0,0,0,1212,0,0,0,0,0,0,0,0,0,0,504,0,0,0,0,0,0,0,0,0,0,0,0,0,0,82,0,0,0,0,0,0,0,0,0,0,0,0,0,21,0,0,0,0,0,0,0,0,0,0,0,0,0,0,0,0,0,0,0,0,336,0,0,0,0,0,0,0,0,0,0,0,0,0,0,0,0,0,17,0,0,0,0,0,0,0,0,0,0,0,0,0,0,0,0,0,0,0,0,0,0,0,0,0,0,0,90,0,0,0,0,0,0,24,0,0,0,0,0,0,0,0,0,0,0,0,0,0,0,0,0,0,10,0,0,0,0,0,0,0,0,0,0,0,0,0,0,0,0,0,0,0,0,0,0,0,0,0,0,0,0,0,0,0,0,0,0,0,0,0,0,0,0,33,0,0,0,0,0,0,0,0,0,0,0,0,0,0,0,0,0,0,0,0,0,0,0,0,0,0,0,0,0,0,0,0,0,0,0,0,0,0,0,0,0,0,0,0,0,0,0,0,0,0,0,0,0,0,0,0,0,0,0,0,0,0,0,0,115,0,574,0,0,0,0,0,0,61,0,0,0,0,0,0,0,0,0,0,0,0,0,0,0,0,3,0,0,0,0,0,0,0,0,0,0,0,0,0,0,0,0,0,0,0,0,0,0,0,0,0,0,0,0,0,0,0,0,0,0,0,0,0,0,0,0,0,0,0,0,0,0,0,0,0,0,0,0,0,0,0,0,0,0,0,0,0,0,0,0,0,0,0,0,97,0,0,0,0,0,7,0,8,0,0,0,0,0,0,0,0,46,0
"gene_1139",0,0,0,0,0,0,0,0,0,0,0,0,0,0,0,0,0,0,0,0,0,0,3,0,0,0,0,0,0,0,0,0,0,0,0,0,0,0,0,0,0,0,2,0,0,0,0,0,0,0,0,0,0,0,0,0,14,0,0,0,0,0,0,0,0,0,0,0,0,0,0,0,0,0,0,0,0,0,0,0,0,3,0,0,28,0,8,0,0,0,0,0,0,0,2,0,0,0,1,0,0,0,5,0,0,14,0,1,5,0,0,3,0,2,0,2,1,0,4,0,0,0,0,0,0,42,3,4,0,0,0,5,0,0,1,0,0,0,8,0,7,0,10,45,0,0,0,5,0,0,0,0,0,5,0,0,0,0,0,0,0,7,0,0,0,0,0,4,1,0,10,0,0,0,0,1,0,0,5,0,0,0,0,0,0,0,0,0,0,2,0,0,0,1,0,210,0,814,0,0,0,3,473,0,930,4069,0,0,0,0,0,0,0,0,0,44,0,0,0,0,0,0,0,0,7549,0,0,5250,64,2149,17,0,0,0,0,0,0,0,0,77,0,362,132,386,0,0,0,0,0,0,0,562,0,0,0,20,0,0,0,499,188,1,7,0,0,0,726,118,2395,0,0,384,47,114,0,1,462,0,0,13,0,0,3025,199,0,3,9,2,0,0,7,85,171,563,1779,0,0,620,1826,25,1076,1636,429,1063,0,0,22,0,436,1,3,0,3929,118,140,0,2491,0,181,40,0,0,3,425,166,115,267,0,164,15,392,0,5,1585,659,4,0,0,0,24,1,1,0,0,0,443,1,0,20,124,0,105,61,1211,0,0,0,0,0,0,5595,25,1561,2459,0,0,9070,34,0,2272,0,59,2051,0,0,0,0,9,0,1,1643,0,139,781,20,57,0,1395,157,2,857,39,171,5389,0,0,0,2105,3,6224,367,0,0,1092,3399,0,0,11,0,96,69,20,139,13736,0,1,0,1141,0,0,2,0,0,0,0,7,3676,5,779,2694,2,3600,617,1416,539,141,4,229,9,1131,29,3,0,86,65,2889,766,15,6736,764,0,483,151,25,0,1033,85,198,1,537,104,43,243,4,1,0,5460,11,0,304,3069,785,142,857,12,31,336,296,1051,275,45,0,5786,61,2786,180,97,53,238,2,463,0,23,73,384,37,11,24,1872,1,13,95,2,0,0,15,523,2901,176,32,13,24,655,1884,1806,151,20,0,4,530,0,9,846,9,1049,132,630,520,189,0,161,1827,3,24,175,8,36,187,0,8600,30,5,302,188,393,96,378,60,0,650,88,0,4062,2569,28,2301,1633,41,493,15,255,7003,310,11983,344,22,1897,5,0,1,74,0,464,2,0,0,0,0,0,38,1053,14,48,800,19,99,78,12,0,3306,25,5,194,0,254,2172,0,9,622,0,0,987,29449,0,19,0,0,7003,21,2121,8,0,933,2791,16,46,50,0,1586,20,57,195,0,43,2,2,39,4444,3519,0,0,861,1267,0,3633,1114,128,6,2,1,0,0,0,1250,0,20,0,0,4,0,2,0,189,153,1420,0,12,19801,0,417,0,571,169,69,580,28,891,0,49,0,14,348,98,0,10966,0,1,52,163,0,30,0,16,72,511,0,0,2,0,17,0,62,428,1008,418,1014,0,0,13,1,1822,52,389,998,0,982,0,0,156,0,28,107,1,0,0,148,0,748,987,216,0,1598,2657,0,0,2,0,5393,0,19,1616,0,29,255,0,176,0,0,1,1,4,291,1401,0,1265,72,3,12,76,0,15,15988,12,5748,0,5,1222,1114
"gene_1140",3942,14,12,858,5308,259,928,4130,38,2049,669,260,1689,174,73,598,4454,0,387,7,468,15,605,1,123,333,21,798,43,2542,6,14,301,0,5648,127,93,44,978,5614,190,1,0,1,0,89,65,212,1,1173,351,1489,687,0,4,923,21,877,0,29,0,638,632,939,5,291,0,2605,55,93,61,1843,182,1223,23,430,925,1,1677,20,2846,12,599,37,1985,586,184,3352,4149,22,1,1919,2,3,0,94,4,1,1131,0,7,10,62,43,48,971,706,8924,0,1259,5297,52,89,0,1667,21,1,0,7,19,0,264,284,15,0,60,0,645,391,32,38,0,0,1040,598,1837,2,1424,0,80,1,0,0,248,10989,15,0,0,3291,860,0,2479,3,392,0,67,290,3353,0,2,0,97,56,946,0,0,56,2,0,0,240,0,57,0,1952,0,0,0,1192,327,65,0,2425,4459,1098,216,0,0,27,0,0,4,12857,0,0,0,190,0,70,0,0,0,0,1,197,20,19,2404,0,4,937,0,2976,51,8,0,0,0,1278,0,176,41,4,1,1607,0,95,0,0,0,0,4,0,78,2,0,0,55,0,197,0,0,1,936,1132,57,1547,0,1226,0,311,5842,33,4,67,0,0,6,88,420,0,0,0,0,1,29,0,0,0,0,0,0,0,0,0,0,11,0,0,0,0,0,0,0,0,0,4,0,0,637,29,5,0,0,0,0,0,0,0,0,0,0,0,5,0,0,0,0,0,0,0,3,0,0,0,0,0,0,3,0,34,0,0,0,0,0,0,0,223,16,0,0,0,0,15,54,0,0,0,0,10,65,0,6,0,1,0,0,0,0,0,237,0,0,0,0,0,0,111,0,0,0,0,0,0,0,84,0,0,0,279,0,0,0,0,0,0,0,0,0,0,0,0,0,0,3,0,0,23,0,0,0,0,0,0,0,24,0,0,0,1,0,255,0,0,0,0,0,0,0,0,0,0,0,0,0,1,0,0,0,0,0,7,0,0,0,13,0,356,0,0,0,0,0,0,0,0,0,0,0,0,0,0,0,0,0,0,0,0,0,0,0,0,0,0,0,0,0,0,0,0,0,0,0,0,0,0,0,0,0,0,0,0,0,0,0,0,5,0,0,0,0,0,0,0,0,0,0,0,0,0,0,0,0,0,0,0,0,0,0,0,0,0,0,0,0,0,0,0,0,0,0,0,0,0,0,0,0,0,0,0,0,0,0,0,0,0,0,302,0,0,0,0,0,0,0,1,0,0,0,0,0,0,0,0,0,0,0,0,0,0,0,0,0,0,0,0,0,0,0,0,0,0,0,0,0,0,0,0,0,0,0,0,0,0,0,0,2,0,405,0,0,0,0,0,613,0,0,0,0,0,0,0,0,0,0,0,0,0,0,0,0,0,0,0,0,0,0,0,0,8,0,0,0,0,0,0,0,0,0,0,0,0,0,0,0,0,0,0,0,0,0,0,1,0,0,0,0,0,0,0,1,0,0,468,0,0,0,0,0,0,0,0,0,0,0,0,0,0,0,0,0,0,0,0,0,0,0,0,0,0,1,0,0,0,0,0,0,0,0,0,0,0,0,0,0,0,0,0,0,0,0,0,0,0,0,0,0,0,0,0,0,0,0,0,0,0,0,0,0,0,0,0,0,0,0,0,0,0,0,433,0,0,0,0,0,0,0,0,0,0,0,0,0,0,0,0,0,0,0,0,0,0,0,0,0,0,0,0,0,0,0,0,0,0,0,0,0
"gene_1141",0,0,0,89,98,0,0,0,48,1781,2278,0,0,101,0,257,3,47,0,198,1,0,363,0,0,280,0,0,0,9,0,10,1130,40,0,336,0,0,752,0,2,0,0,2,2,0,0,0,0,0,0,0,0,0,2,0,193,0,1216,0,0,0,6,74,0,0,0,222,0,0,36,200,9,0,0,4,7,0,1542,19,5,0,0,0,36,0,0,0,886,0,39,986,2835,0,50,0,0,0,0,0,206,0,0,0,85315,0,0,0,19,0,23,0,0,0,0,0,0,0,0,0,0,1673,0,0,0,0,0,0,0,2,0,95,0,20,297,0,0,0,19,1659,0,0,930,0,9503,0,0,0,3233,0,31,0,0,1,0,0,0,0,0,0,0,0,0,0,0,0,233,0,0,171,0,0,0,0,0,1,0,11117,0,0,0,682,0,0,461,0,113,0,0,0,2199,0,0,0,16,5,0,9010,50,0,0,0,1,22,18,2862,16,13,0,0,22590,0,9,0,0,0,102,0,0,3,3,1,0,0,7533,0,0,0,74,0,273,4542,640,0,0,0,1509,13533,0,0,5,0,0,19,202,1666,1847,0,0,26,0,2,0,179,0,0,8110,202,2,55,0,984,0,0,22,36,1,22,0,825,6,145,8105,988,149,113,732,0,1,0,79,0,0,2083,335,0,2,424,0,78,4,1,9,0,1072,87,0,89,0,0,1230,147,1,96,2596,2,0,2,59,450,0,171,0,8,0,2029,392,2883,5,3,70,21,54,0,21,0,787,0,39,93,0,82,89,1559,1,13,655,8,289,346,155,5955,0,2,120,17,0,30,0,0,0,10,6,96,1158,1346,78,17,5,1882,10,0,1071,0,142,166,1465,586,117,4,9,0,4,2,2996,0,7436,13,56,4,8,68,3,67,0,343,0,31,234,1832,44,0,17,1,1360,22,18,0,1552,920,0,1,18,77,4,55,0,0,26,1855,40,0,3,3124,1582,80,1783,5,120,31,191,21,241,9,1,2750,2,0,13,2,1926,21,93,0,4,2657,24,25,4433,3,108,2,0,4,26,1504,0,21,1,0,1,0,16,137,5527,51,0,55,149,7,487,0,66,97,0,1,0,51,345,94,0,1481,0,242,0,233,0,5119,0,0,6,2,240,0,0,37,140,0,16,949,120,934,831,0,1916,371,0,0,5237,0,3,4,0,233,787,428,0,649,1,864,0,0,48,0,258,273,272,171,2,0,2,538,0,281,118,50,0,197,19,10,8,375,80,0,0,0,1788,0,0,290,0,25,7144,0,2,0,54,520,62,974,9,175,1,55,63,0,5,0,0,0,0,695,7,526,269,13,248,0,1,818,0,0,378,0,0,0,0,99,222,9486,427,249,0,0,217,0,128,1756,259,2,0,524,7417,0,2945,5318,4,28,0,1,65,3,0,0,1380,237,257,0,179,0,305,28,0,16,2,1025,799,43,13,5,0,91,8,0,0,0,0,11,0,14,0,0,38,133,8,1,5166,0,0,0,203,219,19,613,363,541,1,499,1,0,0,0,13627,0,0,0,0,0,0,7995,0,1,0,0,2500,12,36,3,10,0,0,169,0,0,0,0,288,167,0,4063,52,26,8,0,0,20,85,1228,35,0,0,21,0,895,575,0,357,1,1,9,106,46,2926,19,0,0,230,0,4,0,0,24,0,0,0,181,198,0,93,0,411,10,0,1,0,0,0,17,0,45,0,55,1,0,0,2,0,0,1,0,2,57,532,0,56,0,3902,4,5,338,0,0,106,365,192,1634,0,0
"gene_1142",0,0,1,0,0,0,0,0,0,0,0,0,0,0,0,0,0,0,0,0,0,0,0,0,0,0,0,0,0,0,0,0,0,0,0,0,0,0,0,0,0,0,0,0,0,0,0,0,0,0,0,0,0,0,0,0,0,0,0,0,0,0,0,0,0,0,0,0,0,0,0,0,0,0,0,0,0,0,697,0,0,0,0,0,0,0,0,0,0,0,0,0,2,6,113,230,101,62,0,2397,927,0,0,0,2156,0,1,184,1,7,0,2,142,2,0,0,303,90,12,0,1504,519,0,3,15,669,0,0,22,0,15,42,0,445,65,0,0,0,1,5,0,128,0,714,10,0,0,0,78,1469,1,110,14,1,0,55,258,70,0,20,0,0,0,63,4205,0,201,0,258,5,1074,2236,0,0,44,30,0,0,0,934,2989,0,502,3304,3884,1,6194,274,3448,0,0,598,9,0,313,2,0,1400,109,0,247,6,582,69,1,7,0,199,1793,65,64,307,4,10,911,0,296,0,0,2,1,3167,0,109,0,207,0,11053,0,50,0,0,6,0,3,151,6,220,380,0,4,186,0,120,1,28,371,50,0,588,354,0,2903,0,3,42,0,30,1,5,0,0,0,0,0,0,0,0,0,0,0,0,0,0,0,0,0,0,0,257,0,0,0,0,4,0,0,0,0,0,0,0,0,0,0,0,0,0,0,0,0,0,0,0,0,0,0,0,286,3,0,0,0,0,0,0,0,0,0,0,0,0,0,0,0,5,0,0,0,0,0,0,0,0,0,0,0,0,0,0,0,0,0,0,0,0,0,0,0,1,5,0,0,0,0,0,0,0,0,0,0,77,0,0,0,0,1,12,0,0,170,11,0,0,0,0,0,0,32,0,1166,0,0,413,0,0,0,0,0,1,0,0,0,0,0,3,0,0,288,0,2,0,0,0,0,0,0,0,0,0,0,1,0,1,0,0,0,0,0,0,0,0,0,0,0,0,0,0,0,0,0,0,0,0,0,0,0,0,0,0,0,0,0,0,0,0,0,0,0,0,0,0,0,0,0,0,0,0,0,0,0,0,0,0,0,0,0,0,0,0,0,0,0,0,0,0,0,0,0,0,0,0,0,0,0,0,0,0,0,0,0,0,0,0,0,0,0,0,0,0,0,0,0,0,0,0,0,0,0,0,0,0,0,0,0,0,0,0,0,0,0,0,0,0,0,0,0,0,0,0,0,0,0,0,0,0,0,0,0,0,0,0,0,0,0,1164,0,0,0,0,32,0,0,0,0,0,0,0,0,0,0,0,0,0,0,90,0,0,0,0,0,0,0,0,0,0,0,0,0,0,0,0,0,0,0,0,0,0,0,0,0,0,0,0,0,0,0,0,0,0,0,0,0,0,0,0,0,0,0,0,0,0,0,0,0,0,0,0,0,0,0,0,0,0,0,0,0,0,0,0,0,0,0,0,0,0,0,0,0,0,0,0,0,0,0,0,0,0,0,0,0,0,0,0,0,0,0,0,0,0,0,0,0,0,0,0,0,0,0,0,0,0,0,0,0,0,0,0,0,0,0,0,0,0,0,0,0,0,0,0,0,0,0,0,0,0,0,0,0,0,0,0,0,0,0,0,0,0,0,0,0,0,0,0,0,0,0,0,0,0,0,0,0,0,0,0,0,0,0,0,0,0,0,0,0,0,0,0,0,0,0,0,0,0,0,0,0,0,0,0,0,0,0,0,0,0,0,0
"gene_1143",489,1151,1011,1697,1076,3173,114,373,579,3329,23,148,5840,537,593,335,178,5411,2520,0,475,112,10,2204,820,525,896,914,5385,2799,1600,699,488,5,102,213,2559,3691,1066,2883,0,2337,214,38,5259,438,834,1479,61,5034,2,728,764,3,126,6,1152,412,476,955,3186,492,63,3915,6136,1567,436,3808,3991,540,1512,1,17,1223,66,4,67,1192,5941,234,337,327,506,248,1098,58,537,230,2153,2756,22,17,667,1,4902,1365,490,0,8840,11437,0,65,0,7210,0,274,0,10,131,1653,0,116,17,0,563,54,2289,88,5,27,4393,0,0,0,10,25,33,0,4603,8,91,1,0,2292,32,11892,5280,1806,0,1,151,0,11344,876,564,80,273,4301,0,29,4052,76,6,85,84,17065,7652,18784,19,219,5,0,0,30,8345,213,64,3532,7,11,6,505,8,7,1633,4,0,7863,0,110,1768,28,382,2229,1796,10504,3637,28705,1781,47,1281,34,75,0,1,448,132,979,0,0,595,2425,705,581,529,3262,6,327,1591,991,5,0,150,6720,678,1634,1036,802,104,250,63,62,0,622,1716,10,4,6,101,2,2,3,0,365,9538,152,138,20,1436,178,143,0,2967,6,3420,106,29,5281,4,437,231,0,1348,65,51,0,882,195,108,2351,481,19,193,277,5680,5685,48,635,101,310,151,2160,12,93,2352,10460,1523,0,93,394,639,346,1531,257,1987,455,241,1532,2,5584,11,121,58,99,186,4262,910,638,2,66,1132,0,177,3445,4986,54,14,474,144,0,43,3137,3471,67,0,250,54,105,15,134,70,1165,2900,20,1211,61,1616,9113,133,518,0,0,0,2316,282,14,844,1716,2793,9,74,175,19,214,640,1012,876,230,3655,267,50,572,1887,796,256,3067,6,383,9080,4,2104,3922,562,90,640,10,2929,54,218,134,13,2872,3360,407,171,26,877,4085,57,160,1676,4910,623,793,395,2789,0,3,1063,111,0,1344,633,190,4188,4497,4500,40,1976,2260,329,787,10,562,2767,203,1493,38,230,351,2270,0,378,163,972,1812,8,8416,297,306,391,15,1232,6522,3,3121,2237,24,359,385,1955,791,189,10,35,166,61,68,0,1363,481,10,292,419,107,24,7,0,2546,617,1580,115,554,243,431,1679,110,557,187,0,4368,791,0,803,246,121,1874,653,133,59,4,155,897,275,804,382,46,2103,720,371,3,468,7,2819,4,4899,333,60,105,13,86,238,3862,4183,99,1,22,0,199,789,877,583,125,2673,456,2173,1558,438,102,9,79,81,403,37,607,97,788,2408,590,576,609,255,2,842,14,3848,838,297,1446,286,419,432,681,2,103,1,856,9,2197,4,511,294,7221,210,10,3256,28,426,0,1869,105,2276,4356,797,308,4313,66,1956,1496,325,3106,58,1029,0,0,10,639,1,994,65,35,387,3266,271,614,96,8,29,906,183,136,252,331,794,255,2389,2,260,358,0,45,4,0,601,5252,359,102,1674,681,2,445,1039,81,43,561,614,71,1843,40,19,172,0,1809,1876,3322,42,3965,395,94,580,105,1,131,279,2,3,0,55,313,3,1232,218,1103,120,8,53,1435,220,1287,314,124,472,6609,10066,6,206,40,0,47,117,643,1273,11,137,48,56,1942,422,202,36,633,78,709,65,13,157,49,2,1453,328,54,173,1035,1119,752,130,2142,7,2453,51,264,0,15,1559,136,0,101,501,4,2382,71,35,1664,126,367,103,871,936,66,3318,56,64,3,42,326,729,448,6,1,18,72,2,534,331,44,379,289,34,63,3601,440,1,1,2301,1307,588,29,68,35,3,374,73,5602,4,1668,303,41,42,220,220,1382,3411,207,371,3,29,1360,324,1,123,0,1,1,0,2,1,63,1
"gene_1144",0,0,0,0,0,0,0,0,0,0,0,0,0,0,0,0,0,0,0,0,0,0,0,0,0,0,0,0,0,0,0,0,0,0,0,0,0,0,0,0,0,0,0,0,0,0,0,0,0,0,0,0,0,0,0,0,0,0,0,0,0,0,0,0,0,0,0,0,0,0,0,0,0,0,0,0,0,0,0,0,0,0,0,0,0,0,0,0,0,0,0,0,0,0,0,0,0,0,0,0,0,0,0,0,0,0,0,0,0,0,0,0,0,0,0,0,0,0,0,0,0,0,0,0,0,0,0,0,0,0,0,0,0,0,0,0,0,0,0,0,0,0,0,0,0,0,0,0,0,0,0,0,0,0,0,0,0,0,0,0,0,0,0,0,0,0,0,0,0,0,0,0,0,0,0,0,0,0,0,0,0,0,0,0,0,0,0,0,0,0,0,0,0,0,0,0,0,0,0,0,0,0,0,0,0,0,0,0,0,0,0,0,0,0,0,0,0,0,0,0,0,0,0,0,0,0,0,0,0,0,0,0,0,0,0,0,0,0,0,0,0,0,0,0,0,0,0,0,0,0,0,0,0,0,0,0,0,0,0,0,0,0,0,0,0,0,0,0,0,0,0,0,0,0,0,0,0,0,0,0,0,0,0,0,0,0,0,0,0,0,0,0,0,0,0,0,0,0,0,0,0,0,0,0,0,0,0,0,0,0,0,0,0,0,0,0,0,0,0,0,0,0,0,0,0,0,0,0,0,0,0,0,0,0,0,0,0,0,0,0,0,0,0,0,0,0,0,0,0,0,0,0,0,0,0,0,0,0,0,0,0,0,0,0,0,0,0,0,0,0,0,0,0,0,0,0,0,0,0,0,0,0,0,0,0,0,0,0,0,0,0,0,0,0,0,0,0,0,0,0,0,0,0,0,0,0,0,0,0,0,0,0,0,0,0,0,0,0,0,0,0,0,0,0,0,0,0,0,0,0,0,0,0,0,0,0,0,0,0,0,0,0,0,0,0,0,0,0,0,0,0,0,0,0,0,0,0,0,0,0,0,0,0,0,0,0,0,0,0,0,0,0,0,0,0,0,0,0,0,0,0,0,0,0,0,0,0,0,0,0,0,0,0,0,0,0,0,0,0,0,0,0,0,0,0,0,0,0,4,0,0,0,0,0,0,0,1,0,0,0,0,0,0,0,0,0,0,0,0,0,0,0,0,0,0,0,0,0,0,0,0,0,0,0,0,0,0,0,0,0,0,5,0,0,0,0,0,0,0,0,0,0,0,0,0,0,0,0,0,63,0,0,0,0,0,0,0,0,0,0,0,0,0,10,0,0,0,0,11,0,0,0,0,0,0,0,0,0,0,0,4,0,0,0,0,0,708,0,0,0,0,0,0,0,0,0,0,0,0,0,0,0,0,0,0,0,0,0,0,0,0,0,0,0,0,0,0,0,0,0,0,0,0,0,1,0,0,0,0,0,2,0,0,0,0,0,0,0,0,0,0,0,0,0,0,0,0,0,0,0,0,0,0,11,0,0,0,0,0,0,0,0,0,0,0,26,0,0,0,0,0,0,0,0,0,0,0,0,0,0,0,0,169,0,0,0,0,0,0,0,0,0,0,0,0,0,104,0,0,0,0,0,0,0,0,0,0,0,0,0,0,0,0,0,0,0,0,0,0,0,0,5,0,0,0,0,0,0,23,0,0,0,0,0,0,0,0,0
"gene_1145",0,0,0,0,0,0,0,0,0,0,0,0,0,0,0,0,0,0,0,0,0,0,0,0,0,0,0,0,0,0,0,0,0,0,0,0,0,0,0,0,0,0,0,0,0,0,0,0,0,0,0,0,0,0,0,0,0,0,0,0,0,0,0,0,0,0,0,0,0,0,0,0,0,0,0,0,0,0,0,0,0,0,0,0,0,0,0,0,0,0,0,0,0,0,0,410,0,0,0,0,0,0,0,0,0,0,0,0,0,0,0,0,0,0,0,0,0,0,0,0,0,0,0,0,0,0,0,0,0,0,0,0,0,0,0,0,0,0,0,0,0,0,0,0,0,0,1,0,0,0,0,0,0,0,0,0,0,0,0,0,0,0,0,0,0,0,0,0,0,0,0,0,0,0,0,0,0,0,0,0,0,0,0,0,0,0,0,0,0,0,0,0,0,0,0,0,0,0,0,0,0,0,0,0,0,0,0,922,0,0,0,0,0,0,0,7,0,0,0,3,0,0,0,0,0,0,0,0,0,0,0,0,30,0,0,0,111,973,0,1,0,0,0,659,0,0,1,0,0,9,14,0,7,0,0,0,0,0,0,0,0,0,7,0,0,0,1917,0,0,0,125,155,123,112,20,0,0,0,54,444,0,4232,46,0,2,0,0,87,6,1,0,0,0,0,305,0,0,0,53,12,0,0,6,1,0,0,0,0,0,0,0,2,68,0,446,1,0,0,78,0,0,0,243,0,0,4,1,1256,0,0,0,0,6,0,0,0,0,1,1,4084,3,1,0,0,0,0,0,0,0,0,34,0,2145,277,11,0,0,297,1,0,0,0,14,0,0,49,700,268,7,130,0,479,0,0,106,0,17,0,7,0,2227,0,0,570,63,0,0,11,0,0,17,4,0,0,1008,0,0,76,33,0,0,1,2043,0,0,0,56,0,0,125,4,1,0,0,0,496,0,146,0,0,144,174,0,0,171,20,0,0,9,0,0,706,0,0,0,0,0,0,0,0,0,0,1,0,0,0,0,0,2,0,0,0,0,0,0,0,0,0,0,0,0,0,0,19,0,0,0,0,0,0,0,0,0,0,0,0,0,0,0,0,0,0,0,0,0,0,0,0,0,0,0,0,0,0,0,0,6,0,0,0,0,0,0,0,0,0,0,0,0,0,0,0,0,0,0,0,0,0,0,0,0,0,0,0,0,0,0,0,0,0,0,0,4,0,0,0,0,0,0,0,0,0,0,0,0,0,0,0,0,0,0,0,0,0,0,0,0,0,0,4,0,0,0,0,0,0,0,0,0,0,0,0,0,1,1,1,0,0,0,0,0,0,0,0,1,0,0,0,0,0,0,0,0,0,0,0,1,0,1,0,0,0,1,0,0,0,0,0,0,0,0,0,0,0,0,0,0,0,0,0,0,0,0,0,0,0,0,0,1,0,1,0,1,0,0,0,0,0,0,2,0,0,0,0,0,0,0,0,0,0,0,0,1,0,0,0,0,0,0,0,0,0,0,0,2,0,0,0,0,0,0,0,0,0,0,0,0,0,0,0,1,0,0,1,0,2,0,0,0,0,0,0,0,0,0,0,0,0,0,0,0,0,0,0,0,1,0,0,0,0,0,0,0,0,0,0,0,0,0,0,0,0,0,1,0,0,1,0,0,0,0,0,0,0,0,0,0,0,0,0,0,0,0,0,0,0,0,0,0,0,1,0,0,0,0,3,0,0
"gene_1146",60,9,242,3,208,600,499,1868,514,157,702,1105,2854,499,990,452,740,655,571,188,34,213,7,1549,779,7,1740,597,43,47,10,23,60,2015,19,859,3403,1753,299,600,870,845,60,250,35,1793,2278,1668,712,2436,1296,17,0,2512,2,0,277,14834,121,52,7,409,2429,3361,216,96,721,1561,2,612,619,2144,3,64,530,189,659,126,102,1117,2032,44,373,3199,61,2514,47,49,302,0,7,104,1,37,425,7,36,18,175,64,651,826,0,0,13,0,0,1091,2532,0,0,583,0,785,2309,1905,370,1417,179,0,95,0,0,3,67,1,37,1,0,23,1519,0,0,11,166,0,1,1062,221,10,2,7493,111,180,0,920,10,0,10416,173,660,64,0,1985,49,831,44,1019,0,0,5,0,12,46,23,4,0,3,594,100,48,167,42,192,1500,63,875,3,20397,1,2749,237,0,7,1,3490,689,8443,7,0,4868,924,0,4,1841,279,0,3,460,73,19470,328,2,143,0,643,0,0,0,0,0,5667,50,0,26,0,0,11,1,4750,141,2,0,0,61,81,0,0,4052,1,172,598,0,239,6,3,0,27,2841,0,0,0,1,218,0,40,114,0,353,138,10205,58,13,0,5647,1085,25,0,43,0,56,0,1,69,106,892,821,3808,10,55,1339,2697,153,822,3838,418,349,761,9,422,2,1278,9,169,207,1899,169,2992,2542,8431,1170,1085,5367,324,439,69,1902,449,338,32,7,54,9,1650,7704,58,377,1591,305,253,4436,149,0,77,311,311,1604,3827,3257,181,31,237,322,7,4,796,292,220,3768,1677,129,0,1805,1410,63,10,53,382,2885,7,88,206,21,440,876,15,5401,10,189,264,163,0,1,1,1269,57,242,29,117,1138,758,1,2143,4201,1,43,2331,203,275,2064,2305,1671,2114,46,65,228,0,226,7501,189,11427,592,454,1506,481,3127,1565,764,1093,770,2061,9,1119,37,1286,301,3387,340,13,2446,65,35,322,1866,169,531,4,2414,4435,277,3820,1217,43,1121,351,61,1751,506,1391,7,12,11,433,2246,640,1308,3995,1,50,934,71,885,19,70,29,0,563,681,9,1984,60,171,0,4,1955,438,0,2,1298,16,3,80,1,0,111,22,1136,2243,356,305,3,48,0,0,36,0,0,222,6344,2708,904,0,10,239,13,3,0,92,1159,89,83,1,3,15,1,15,247,63,859,181,150,748,350,0,592,25,16,2,96,87,56,8,21,147,239,0,8,3,0,18,96,572,34,0,854,376,721,0,0,0,0,209,0,62,428,5,876,2583,5761,39,3,613,32,3100,163,0,27,0,989,1399,0,9,75,0,4,0,158,518,61,79,0,18,5,8,3,1175,1,1050,1359,0,0,149,514,202,1,0,224,241,220,0,898,0,2514,8748,0,0,0,1,0,53,0,218,1772,48,0,608,0,0,6,1188,0,52,31,2962,14,0,4078,0,0,0,185,267,1374,0,4,2,1095,5289,11,0,1,29,111,0,0,0,32,246,119,8658,0,374,2450,89,0,238,0,87,0,28,4564,50,0,0,347,6,37,0,0,263,1,1877,6,129,7,30,39,0,41,0,209,0,1502,8,1249,7,2812,0,397,1,379,1,0,63,919,0,0,44,0,75,201,1479,0,15,22,0,24,69,0,0,0,0,175,727,5,574,105,44,41,0,1,146,0,3,5420,0,0,118,6065,3,3417,1,2160,0,1,292,1,13,53,0,274,6,26,0,97,0,26,0,22,0,11,15,2,156,0,0,0,0,0,390,55,316,981,0,0,4,857,0,0,1,696,139,83,0,1048,0,154,2,0,0,128,66,1,11296,1820,3254,820,54
"gene_1147",1498,3724,2604,178,3285,3878,1353,8882,65,1324,2219,7214,7599,112,2965,2018,2624,891,776,536,2260,2217,5077,5340,1469,1453,6357,5448,1452,1080,1697,3727,1562,1116,4307,13035,650,6371,3400,171,8969,602,1266,946,4240,8233,5246,529,1360,70,686,5028,459,2209,2262,5143,3040,6278,2893,2521,3338,4658,492,1256,5946,3514,416,7016,657,1674,947,2859,464,2323,5376,558,2124,2902,2707,1476,15441,2094,1122,12,949,5324,869,817,1239,833,1043,229,269,67,820,492,21,240,2206,3119,635,1268,2092,2,1578,29098,10158,385,506,23,15,3447,345,2917,1569,1472,2,515,0,145,9,372,38,852,691,0,337,2169,1338,5672,0,864,1825,6,1181,2,202,3312,2,9290,2688,7160,1063,25,1331,106,18,765,6683,887,4,147,4468,62,3,2779,18674,1047,18171,205,2701,64,45,1060,78,640,1737,38,0,21,707,45,41153,3,967,3603,5582,3406,7698,73,611,7948,3778,19381,8264,127,20,17281,4900,41,3517,1172,3809,5882,1122,2636,697,2452,15,496,6578,42,5614,3056,4021,2353,1623,1669,1314,638,3013,641,6547,139,7836,740,1248,62,1695,5230,205,6003,461,8456,6910,4699,194,943,151,6895,106,1580,1022,3859,148,573,5710,13557,7201,373,79,7983,2011,3551,1318,4816,11774,15389,23,1376,8275,1537,275,1255,26,1252,1694,15,1845,5816,231,17,20,32,9,2,135,77,0,598,468,446,273,11,4,60,613,50,2,133,17,1,620,783,1,54,0,7,655,522,17,82,13,2,33,129,505,39,88,139,266,0,2,196,4,123,123,59,8,320,1059,5,59,402,480,84,502,0,0,0,6,0,1044,1,7,956,0,61,154,5,4,62,255,172,2491,85,102,576,2,23,406,0,70,404,0,0,606,0,39,0,1987,610,0,579,21,0,20,0,0,539,8375,1215,0,0,9,1694,0,76,0,2,32,0,1445,123,1203,14,151,80,59,308,8,1,32,6,1,69,2008,63,72,175,1,293,5,30,2,39,0,4,0,32,69,2189,0,0,2887,564,836,0,31,4,16,1124,15,2902,1,1,0,15,0,500,836,346,1,0,108,478,299,0,157,93,2252,14,0,0,0,0,4,571,1,181,0,745,0,0,12,0,0,0,0,400,0,148,0,2,0,39,60,6,0,0,407,46,0,0,0,0,59,2754,226,0,0,86,0,0,2329,2,565,0,14,3,94,92,0,337,0,0,0,0,0,158,0,153,4,0,73,1,58,0,103,0,0,0,12,1,1,60,0,0,118,10,0,2,577,476,0,1,0,0,0,6,86,3,0,128,0,19,186,0,10,0,166,1956,0,308,0,0,9684,0,0,0,0,0,16,0,61,0,144,80,0,149,0,2,608,0,310,77,0,38,201,331,0,47,0,0,0,551,3,145,0,551,295,3,1240,31,0,0,0,16,10,0,0,0,0,2,21,0,14,15,2,22,0,170,18,0,0,3515,5,0,0,24,7,1,5,450,354,0,0,0,19542,64,409,10039,0,226,0,0,0,0,12,0,0,0,2,7,327,0,0,0,1383,0,30,0,210,0,699,0,471,0,0,4976,0,3325,6,6,3,0,0,0,0,0,0,0,0,0,37,0,26347,0,0,0,0,0,0,8,0,0,234,0,1,3384,0,0,0,0,2,0,0,132,1948,2634,0,0,0,9,0,7568,91,3701,0,0,0,0,249,0,70,0,0,1,0,6968,4,3,0,0,0,1,0,0,0,0,0,2769,0,325,223,69,1,1,175,0,10,0,72,545,0,111,1076,0,5979,76,0,0,308,0,0,52,0,0,0,0,2,120,0,0,0,5,0,0,0,0,0,1,0,2202,5,4771,23,478
"gene_1148",0,1,0,0,0,0,8366,0,0,0,0,0,0,325,0,0,0,0,429,0,3,0,0,856,0,0,1981,108,0,0,298,0,506,20,8,0,0,0,0,0,0,0,0,7,0,0,2,0,367,259,0,319,0,1,0,2,0,0,0,20,0,29,0,4350,0,0,0,89,12,0,0,0,28,0,81,611,0,0,0,0,0,0,0,0,0,0,0,0,0,0,0,0,0,397,0,0,0,0,0,0,0,0,0,66,0,0,0,0,0,0,18,0,0,0,0,0,0,0,0,0,0,0,0,0,0,0,0,0,0,0,0,0,0,0,0,0,0,0,0,0,0,0,0,0,0,0,0,0,0,0,0,0,0,0,0,0,0,0,0,0,0,0,0,0,0,0,0,0,0,0,0,0,0,0,16,0,0,287,0,0,0,0,0,0,0,0,0,0,0,0,0,0,0,0,0,0,0,0,0,0,0,0,0,0,0,0,0,0,0,0,0,0,0,0,0,0,0,0,0,0,0,0,0,0,0,0,0,0,0,0,0,0,0,0,0,0,0,0,0,0,0,0,0,0,0,0,0,0,0,0,0,0,0,0,0,0,0,0,0,0,0,0,0,0,0,0,0,0,0,0,0,0,0,0,0,0,0,1,0,0,0,0,0,0,0,1,0,0,0,0,0,0,0,0,0,0,1,0,0,1,0,0,1,0,0,0,0,0,0,0,0,0,0,0,0,0,0,0,0,1,0,0,1,0,0,0,0,0,0,0,0,0,0,0,0,0,0,0,0,1,0,2,0,0,0,0,0,0,0,0,0,0,0,0,0,0,0,0,0,0,0,0,0,0,0,0,0,0,0,0,0,0,0,0,0,0,0,1,0,0,0,0,0,0,0,0,0,0,0,0,0,0,0,0,0,0,0,0,0,0,0,0,1,0,0,0,0,0,0,1,0,0,0,0,1,1,1,0,0,0,0,0,0,0,0,0,0,0,0,0,0,1,0,0,0,0,0,0,0,0,0,0,0,0,0,0,0,0,0,0,0,0,0,0,0,0,0,0,0,0,0,0,0,0,0,0,0,0,0,0,0,0,0,0,0,0,0,0,0,0,0,0,0,0,0,0,0,0,0,0,0,0,0,0,0,0,0,0,0,0,0,0,0,0,0,0,0,0,0,0,0,0,0,0,0,0,0,0,0,0,0,0,0,0,0,0,0,0,0,0,0,0,0,0,0,0,0,0,0,0,0,0,0,0,0,0,0,0,0,0,0,0,0,0,0,0,0,0,0,0,0,0,0,0,0,0,0,0,0,0,0,0,0,0,0,0,0,0,0,0,0,0,0,0,0,0,0,0,0,0,0,0,0,0,0,0,0,0,0,0,0,0,0,0,0,0,0,0,0,0,0,0,0,0,0,0,0,0,0,0,0,0,0,0,0,0,0,0,0,0,0,0,0,0,0,0,0,0,0,0,0,0,0,0,0,0,0,0,0,0,0,0,0,0,0,0,0,0,0,0,0,0,0,0,0,0,0,0,0,0,0,0,0,0,0,0,0,0,0,0,0,0,0,0,0,0,0,0,0,0,0,0,0,0,0,0,0,0,0,0,0,0,0,0,0,0,0,0,0,0,0,0,0,0,0,0,0,0,0,0,0,0,0,0,0,0,0,0,0,0,0,0,0,0,0,0,0,0,0,0,0,0,0,0,0,0,0,0,0,0,0,0,0,0,0,0,0,0
"gene_1149",0,174,1,0,11,0,0,0,0,0,833,3,4939,0,0,0,0,0,0,8,0,0,822,0,0,0,5,556,0,2363,1,0,7,0,0,0,1883,139,2928,0,13,22,0,0,0,37,0,31,24,919,29,17,14,200,135,0,0,0,5068,1,94,20,6,0,551,1115,465,0,0,710,12,0,11,9,91,0,4,48,0,0,156,407,6,0,359,0,0,18,0,17,221,45,101,1964,0,0,0,2,141,0,0,0,0,0,0,4,248,1291,51,6,0,0,818,1,0,0,0,1,21,1232,2,648,0,1,0,70,158,16,0,2,1,0,194,0,16,0,0,0,32,0,0,439,61,259,0,0,0,10,20,1141,1,165,2,780,0,0,144,64,0,2,25,0,0,0,1,0,1,1,2,0,0,0,0,0,329,287,0,0,0,127,37,0,120,3,2758,86,706,0,13,0,0,0,220,69,0,0,0,0,44,0,12,0,0,0,0,0,0,0,264,0,0,3256,0,0,0,0,0,0,0,0,41,462,0,0,1983,0,369,0,0,0,0,0,0,52,0,0,19,0,0,0,45,0,1123,0,0,0,0,0,0,0,2,0,0,0,0,0,979,0,0,0,0,65,0,0,0,0,0,0,0,0,0,0,0,0,0,0,0,0,0,0,0,0,0,18,0,0,0,0,0,0,0,0,0,0,0,0,0,0,0,0,1,0,0,0,0,0,0,0,0,0,0,0,0,0,0,0,0,0,0,0,0,0,0,0,0,0,0,0,0,0,1,0,0,0,0,0,0,0,0,0,0,0,0,0,0,0,0,0,0,0,0,0,0,0,0,0,0,0,0,0,0,0,0,0,0,1,1,0,0,0,0,4,0,0,0,187,0,0,0,4418,0,0,0,0,0,0,0,0,0,0,0,14,0,918,0,0,0,0,0,0,0,0,0,0,0,0,0,0,0,0,0,0,0,0,0,305,0,0,0,0,0,0,0,0,0,400,0,0,0,0,0,0,0,0,0,0,0,0,0,0,0,0,0,0,0,0,0,0,0,0,0,0,0,0,0,0,0,0,0,0,0,0,0,0,0,0,0,0,0,0,0,0,0,0,0,0,0,0,0,0,0,0,0,0,0,0,0,0,0,0,0,0,0,0,0,0,0,0,0,0,0,0,0,0,0,0,0,0,0,0,0,0,0,0,0,0,0,0,0,0,0,0,0,0,0,0,0,0,0,0,0,0,0,0,0,0,0,0,0,0,0,0,0,0,0,0,0,0,0,0,0,0,0,0,0,0,0,0,0,0,0,0,0,0,0,0,0,0,0,0,0,0,0,0,0,0,0,0,0,0,0,0,0,0,0,0,0,0,0,0,0,0,0,0,0,0,0,0,0,0,0,0,0,0,0,0,0,0,0,0,0,0,0,0,0,0,0,0,0,0,0,0,0,0,0,0,0,0,0,0,0,0,0,0,0,0,0,0,0,0,0,0,0,0,0,0,0,0,0,0,0,0,0,0,0,1,0,0,0,0,0,0,0,0,0,0,0,0,0,0,0,0,0,0,0,0,0,0,0,0,0,0,0,0,0,0,0,0,0,0,0,0,0,0,0,0,0,0,0,0,0,0,0,0,0,0,2,0,0,0,0,0,0,0,0,0,0,0,0,0,0,0,0,0,0,0,0,0,0,0,0,0,0,0,0,0,0,0,0,0,0,0,0,0,0,0,0,0,0,0,0,0,0,0,0,0,0,0
"gene_1150",711,5,81,3,4370,13,4902,264,31,160,1431,2536,1370,1,0,3527,701,237,3,433,783,696,919,111,1441,1233,41,495,825,14,9,3,78,2835,282,2488,302,1035,2283,36,5656,0,16,2121,1818,2278,56,1,0,4,164,22,149,92,46,1989,25,4072,233,1280,142,824,295,877,9,12,436,595,4377,769,36,470,160,1706,0,2,2227,91,525,6,0,60,134,196,5151,776,69,344,21,143,44,897,8134,1581,0,435,489,236,39,0,3,18,2375,981,1256,0,10,408,5,29,8,2,1243,2261,57,7651,0,12,48,107,115,0,9,6,14495,0,1,276,84,21,1065,5,352,0,11346,2563,280,1197,2,9,67,35,11885,10168,11,51,574,63,9,45,21,82,26,0,1936,2248,44,1238,1067,23,98,2340,2593,50,588,29,711,1,0,0,0,59,0,2621,1062,1468,39,1588,0,2,2214,0,53,2701,438,226,368,89,1450,367,127,3,8,0,0,0,0,1,207,232,16,510,0,1577,4266,1532,57,588,0,0,0,0,1636,0,507,3,0,2375,2,7492,27,0,151,1355,662,22,573,29,8618,3081,0,2361,1291,0,0,0,20238,0,0,4,12259,809,36,1,0,1682,14,1321,393,0,72,18,0,19,34,1610,0,7,19,2343,151,5,828,228,626,710,55,1225,1139,0,460,35,5287,861,451,160,1435,54,150,235,28,54,14,888,217,42,0,4206,340,12,17,0,200,297,30,438,5,1838,1832,30,0,356,2985,5209,1836,207,21,167,68,6,3484,43,496,23,163,88,430,0,823,622,1661,1073,5,3966,59,3966,445,1580,79,2213,1201,5,0,81,3862,223,579,96,82,4974,0,2620,1900,97,0,0,18,579,7434,454,0,1477,2384,304,209,0,1,3948,68,34,405,116,1196,428,778,1520,5803,31,0,588,4,39,1301,3173,1118,0,860,0,1,3230,20,175,491,5,1384,48,1254,14159,0,1110,576,11,1261,13,64,8268,12,2479,0,593,622,1101,5567,1,179,9,0,10042,486,4275,128,0,286,3056,89,0,104,126,0,659,5,300,1785,307,92,45,132,128,1218,3646,11076,1,719,1809,2750,2478,17,4522,6110,2169,7452,8993,1015,603,12421,1130,10095,448,122,2764,4244,711,28,91,5331,391,10749,2355,6618,392,14627,111,281,1248,2244,1994,1229,148,65,5861,2223,6557,76,7618,27950,29,701,2994,23,331,2253,1311,6995,1738,6023,7624,18550,165,2877,545,2353,5423,10744,76,727,939,556,6,157,1302,50,5197,1534,738,4919,6150,1134,4735,10648,7255,12142,7315,2059,7403,2453,1964,3748,13924,894,17490,674,263,181,2847,1366,1554,8892,2106,3838,3954,3855,4223,936,583,3036,2356,642,4835,1474,31902,6564,432,3229,121,5922,2284,5043,848,1098,171,9638,725,8284,4831,109,2304,9,9138,5404,942,7663,1376,1264,74,76,298,6433,1604,2012,576,12,9,14,31,1615,12182,5557,1864,1307,205,15687,405,856,1472,202,929,4673,1724,427,10362,13,10,4,2480,0,3013,18,4554,0,0,3171,605,2521,17,15,38,10278,1050,771,1221,9,8,14534,6503,317,0,2130,301,0,242,3,0,0,3283,1421,0,22,1,285,0,54,3588,13255,867,7684,233,444,3735,3973,0,4,158,25211,1151,187,50,1685,1786,1866,1,6402,1013,1467,655,37,199,3875,3919,2,13013,670,47,1925,1769,506,23607,0,131,295,4511,0,643,2172,2090,785,2511,2144,1391,156,0,0,2494,2857,1118,4723,2939,2703,742,5965,1984,592,1239,286,17444,1195,78,573,356,136,6915,12,753,1400,22,2,47,114,1852,313,1393,681,431,8,0,0,662,5035,2,2034,1388,209,152,2756,918,106,0,5355,15721,926,20,2496,593,895,50,0,216,1126,0,608,23,299,321,4898,65,2477,8029,197,762,18,225,930,1450,112,0,807,290,2225,362
"gene_1151",1785,24,0,768,0,69,8007,178,296,544,94,3,5,7079,38,230,5,2728,1396,0,31,13,450,0,304,0,2542,4608,264,0,9723,660,134,3431,0,4,6,23,56,98,0,0,4386,14,4179,716,945,0,26,0,5,0,0,67,286,2558,449,28,33,2915,9781,3,0,0,103,70,35,0,177,26,440,186,149,10590,1271,12,20,2,0,6,0,2465,37,13171,1580,3159,5,0,1899,278,1357,1,16,0,74,23,3,0,7,16,410,19449,117,16200,3,0,401,0,1072,0,0,731,0,0,0,3137,1681,0,1,653,0,0,10,11,0,3188,4,863,0,12,59,1,1861,15,0,106,6,1,2286,0,1694,0,996,2150,4176,0,47,35,14,0,518,0,0,3727,0,19497,0,1745,310,0,3966,114,117,6,367,963,0,2,0,15,565,0,0,337,0,1518,0,1716,0,2,0,0,32,0,2994,427,297,3517,59,0,0,0,0,153,0,1620,14120,0,6725,3,0,2347,287,3163,0,20,0,2,26005,2511,0,10636,0,1815,0,0,0,42,861,8,630,2,0,32,1,65,2,0,0,658,0,45,45,10383,606,8,10,3952,38,0,1752,22652,27,4,0,10772,495,0,42,2857,0,467,555,623,0,0,0,0,6241,81,2,8750,15,22,0,2,6,7,1092,0,18,134,61,145,10299,956,2,0,100,47,247,1565,442,656,131,54,12,175,1465,5909,191,0,186,97,0,39,4413,4,1311,161,6,959,11930,0,91,4962,1069,1294,300,10,238,12,3340,28,471,476,1005,5204,238,48,2,0,1326,2150,7055,1555,13,571,2,0,916,5,50,14,10,377,5864,1338,130,148,32,76,6046,36,76,41,179,1218,10,146,1318,3477,922,132,95,1096,84,2,704,52,270,1323,0,7553,1111,25,14,1,4877,7015,618,0,1138,2589,287,3236,186,9020,97,3087,973,0,5434,2648,0,1,204,4510,0,1887,0,268,735,0,144,40,729,13601,30,2,102,428,1727,36,19,0,113,4,21,1017,8162,488,528,428,15647,2784,15,1077,10,50,3508,261,3536,141,46,6556,33336,90,2426,6453,0,5030,5063,1218,0,1989,2986,3553,4901,1,26859,189,4202,0,76,1944,51,4198,450,123,2626,2220,3297,36,5664,860,1584,29,2862,1,38,1143,2,227,214,70,127,1136,0,613,82,2259,143,9,1097,1624,742,6,59,3953,529,893,3092,59,237,2795,986,9302,20,204,4531,738,1859,881,13383,2767,29,3918,0,1176,1,159,0,4210,16518,4,93,1499,34,391,2429,71,58,136,121,1578,44,0,333,104,223,625,1,1247,949,0,2,3039,112,1116,16428,226,177,3723,519,1568,11,12744,12,20,71,1,166,1,15253,9,1332,139,15,27,38,1907,386,137,0,11,68,3634,3,1656,1009,630,4855,2964,166,2,6952,812,1227,377,0,1118,0,0,1530,0,1,0,0,0,9738,4932,0,8,10361,250,0,386,1,1190,5222,5,0,0,0,507,1177,7,1,0,16,43,3323,309,3738,0,3,1774,0,0,0,0,105,12,42,1,0,0,26,15,0,0,1512,3873,149,848,323,5570,0,1,15537,4912,729,137,6047,9307,4648,22,0,590,2023,60848,17803,2,1585,1,4345,1543,2464,0,0,2056,0,1137,85,13456,0,0,2,0,3152,11216,7,54,4,2827,39,534,0,0,606,0,130,1,51,485,1041,3433,1067,593,4,1900,1,0,855,0,313,898,0,160,27408,658,0,1781,0,0,244,0,0,277,6816,0,0,0,996,0,0,0,45,231,0,0,4710,10,0,644,9230,504,0,47,33,2322,21,220,26,4,222,41,0,0,15296,1238,1872,14658,2,215,1,0,883,22,4695,505,295,112,10,0,0,0,0,0,15396,21,0,0,3017,1739,0,0
"gene_1152",311690,105988,184709,79028,116826,140620,262412,171340,110907,59611,130250,162722,454990,154912,301665,232403,69248,177433,96249,67103,61736,114798,188575,201529,64353,112910,89943,65054,70994,148216,88710,119614,75329,188871,147045,138861,100293,169245,163292,116721,77224,126029,111195,64652,101281,156855,133370,48982,127826,65787,75035,172587,58069,72025,91307,123534,328566,382789,136230,295283,157976,97193,120952,234525,67322,49170,72141,70596,186246,344338,110471,130185,10814,227172,96652,116645,161579,167200,52306,194034,214713,27107,74010,136383,302688,99185,39828,191864,140953,72977,142472,295853,13463,8611,70608,364,3459,1051,20589,1116,47261,1060,39998,62,16356,22871,14261,122793,103,21942,142422,65940,2115,4499,17371,36954,70137,3302,9192,867,7005,3849,3361,955,46268,91723,4682,36081,5382,16045,1911,11493,22763,525,52972,13303,2236,4057,28229,99029,46047,5943,44671,147213,65100,38784,6558,5032,107851,239,21137,70890,31714,26868,350,31771,24760,137323,74921,11280,23041,38571,131343,14494,3398,2817,55879,4681,17573,13335,28819,203283,2081,33608,51273,25645,10792,6261,8936,86492,62850,9681,92450,3761,140787,75705,88122,138434,12886,32549,43193,588415,174161,17899,17741,2595,8164,27219,2495,19754,23131,1482,1873,125152,22444,14273,3622,6698,10359,18060,19204,18193,16959,17415,35077,18529,12952,17394,30566,33970,2736,19056,2215,31564,45375,11640,6188,35376,33248,32401,7117,54065,7766,50787,24141,24800,209653,6016,31305,257,81070,47197,490,39934,1957,47890,31320,56346,59548,10667,35580,79065,35531,16448,52995,11749,58659,3604,13760,4784,41845,23818,23494,7972,13792,33267,20385,23593,29472,42395,103178,10315,69459,55300,81381,7815,8453,32255,3128,21151,22258,35315,50182,64293,9501,51439,14096,9653,57324,29993,25362,24888,36077,60803,29098,68679,16134,8093,132921,43523,14260,11587,30173,22876,45020,46583,17292,23567,17771,26331,27688,100488,42114,33112,30930,55062,3510,31418,28868,14603,40187,44483,33925,59319,19005,11624,29119,8035,84990,56266,21302,6520,35169,17652,41411,29788,22954,6723,28903,51966,7353,29435,35788,169810,15299,3558,49970,2057,30092,10031,6973,50015,50889,31782,17423,37821,26194,14843,9776,33306,22602,36144,188637,92741,58933,67087,78828,40279,28218,41687,42029,44113,28592,50882,9052,46648,37355,31395,66501,37893,34261,61963,44185,16568,17450,17329,18447,47408,48265,37822,26270,19080,81896,72847,72551,30418,89464,38775,67473,12495,72703,41534,15113,16034,19175,60034,50384,10144,4569,13255,53251,25850,17763,24282,120580,4736,69424,64205,10431,6917,142577,53110,34209,105790,1540,82523,101919,10583,108961,16764,24880,20951,19605,3682,17682,46887,16250,18681,44328,15366,6032,13250,11070,6407,33708,15867,17554,7402,11441,76283,33823,16310,12430,10962,22210,33831,47324,13779,12982,31714,2183,29231,48491,5668,17754,48947,27081,16068,26159,13926,55061,14921,27146,14099,23780,9590,25100,17992,11167,11774,29947,5727,29596,1606,8901,7859,7152,11024,1024,6841,9002,20600,68711,20590,31978,1017,32328,11656,46896,17071,11067,24892,25714,12144,140256,28364,31713,33227,27700,29762,29579,26093,35699,26495,6302,9776,20663,32080,17214,47997,4322,28010,8264,31752,18648,26960,26833,52259,9472,11110,38692,35439,19012,30032,21011,31536,49855,71342,14093,11001,28072,18945,18313,34481,34136,38486,25707,22972,11078,6326,11028,15193,6265,8300,7330,73563,4297,45214,9094,17234,19705,11037,30103,12105,14221,18173,8588,27949,10792,24063,32133,16698,6080,30504,9137,18921,11231,51686,10317,30133,31804,3087,52202,12245,12841,37679,21924,16224,5342,21372,3280,16528,53773,12022,3501,21241,16783,63270,22988,39121,4241,50638,4045,1676,74872,36582,3296,13228,1319,1868,10970,23846,6222,35081,5144,24456,2906,11127,20879,28276,5930,29521,30213,31064,30052,13233,32736,46030,39807,7633,28602,37726,52323,7364,22674,42901,28643,12607,1297,7782,31707,8615,26006,119780,60732,13269,16800,119122,62689,4860,3611,28639,3518,1575,14257,32645,15867,13271,8511,26338,16373,11312,11976,41005,14048,86395,3107,12926,3554,41764,5445,2607,5472,65025,58696,26300,11576,59078,868,57834,89319,9168,51173,25123,15748,27993,2848,21898,26426,9464,22268,15640,10989,23591,51854,30111,14640,18,21146,28428,19204,28643,8737,3314,6326,19187,37205,25757,46130,2723,11122,31240,31122,82861,14792,24349,20331,9311,5175,2747,3322,5779,24633,29062,13560,18760,21464,40661,2140,54745,9849,31417,24169,5119,9134,36572,28103,57309,12093,7681,89445,10522,3445,23089,2699,38894,85231,110689,2023,479,103652,52648,9536,92901,82070,6663,39280,19790
"gene_1153",5,6,1389,9,1147,0,2554,553,0,108,28,841,44,0,106,287,613,4673,1,17,57,1,667,1002,0,6,132,107,1235,0,5,124,242,0,1626,5332,804,33,2267,0,131,82,88,56,0,218,0,214,70,134,1,0,538,1325,358,553,621,49,116,3,309,1342,144,1043,2573,1554,2959,9,32,1,0,0,27,129,30,12,345,40,4,0,3236,127,0,8,929,2455,132,2594,39,1,155,637,1,0,0,0,24,0,3639,9,0,3,0,0,120,0,0,168,0,103,0,13,0,0,0,556,0,23,0,0,414,0,0,19,0,0,0,0,4282,544,0,32,0,0,0,0,0,0,0,0,0,0,1,0,2,110,1,9037,0,0,0,10,1,0,1629,0,16,50,3126,0,9543,0,0,42,0,4063,188,0,0,0,0,53,0,0,462,0,669,1279,49,0,254,0,1436,951,0,0,0,0,0,425,627,0,2576,0,0,554,328,3,0,0,0,20,29,1624,0,0,1,0,0,0,35,7,6809,2,0,0,1896,1,0,1,0,0,0,0,146,197,0,0,15,12,0,0,0,819,0,60,302,0,0,0,0,0,0,0,0,0,0,1903,0,0,82,6,0,0,3396,95,10,0,0,0,5,3491,0,0,30,41,3,0,16,1135,4,0,6190,10,11,31,12,0,10,0,74,77,17,0,0,0,0,23,1114,171,226,130,2,0,0,84,0,0,234,0,0,2067,0,15,34,0,262,1,0,193,2,16,449,0,61,0,44,1345,2932,801,0,739,42,0,554,0,1,31,0,0,388,9,684,2496,751,3,122,0,0,3,41,59,2771,52,0,8,1607,0,1130,230,30,0,0,0,701,0,37,0,0,63,539,5,2520,231,10,6127,990,0,0,0,552,0,177,0,619,4,0,0,1,1589,102,540,215,0,179,0,182,218,42,750,99,1,1,524,0,35,1495,0,710,1,290,0,37,5,24,2541,10,0,11,39,1,0,0,1879,3,25,3355,41,17,0,0,561,2984,0,0,4,117,566,238,4813,0,0,0,0,0,0,538,0,0,2304,0,0,1550,0,433,0,0,0,126,2070,824,26,256,1,0,876,2,0,0,5735,482,284,6588,0,28,632,32,102,7,0,0,0,644,0,4,0,66,0,0,8,1698,133,0,2,338,732,0,6,0,0,1002,1564,20,0,2,10,0,113,7,0,119,261,452,4,8,383,7,264,1853,0,0,0,10,15,86,0,0,15190,17,0,5,70,0,0,41,5,482,0,0,128,14,230,0,345,0,0,965,0,0,30,0,6,0,0,12,28,0,68,0,0,0,0,0,2,16,97,0,2115,0,2053,66,0,42,1344,43,0,1,3,2,3,0,105,0,6257,0,1803,0,1388,384,0,22,153,908,3,0,1,2076,196,16,0,610,0,0,14,8,0,66,17,1,0,0,0,0,0,0,0,0,5,1694,0,104,312,0,0,47,45,446,12,1047,0,3520,14,0,2604,0,90,0,1,0,0,0,0,192,41,3,362,0,0,72,0,406,0,0,2,0,0,0,3,4,5500,0,0,0,0,1168,1,4911,72,0,31,35,0,0,534,9,0,1,4,0,3814,98,0,491,96,193,495,14,27,823,32,0,1674,26,57,0,0,0,0,0,2317,20,0,0,134,1,0,0,0,0,0,736,2527,0,0,0,0,0,1,0,5,0,0,0,0,1,261,518,0,0,1462,0,0,0,3,0,15398,0,421,0,0,0,253,0,0,0,1,0,1557,0,0,24,271,184,385,3944,4,0,2029,3,0,126,75,0,16137,4,21,0,10
"gene_1154",0,0,0,0,0,0,0,5,3,2,1,1,4,0,0,0,0,0,0,0,0,0,1,0,0,2,0,0,0,2,0,0,0,0,0,1,0,0,0,0,0,0,0,0,2,0,0,0,0,4,2,0,0,0,0,0,0,8,0,1,0,0,0,0,0,1,0,0,1,1,0,2,0,0,0,0,0,0,0,2,0,0,2,0,2,0,0,0,3,0,1,0,0,0,0,0,0,0,0,2,1,0,0,0,0,0,0,0,0,0,0,0,0,0,0,1,0,0,0,0,0,0,0,0,0,0,0,0,0,0,0,0,0,0,0,0,0,0,0,0,0,1,0,0,0,0,1,1,0,1,0,0,0,0,0,1,0,0,0,0,0,1,0,0,0,0,0,0,0,0,0,0,0,0,0,0,0,0,0,0,0,0,2,1,0,3,0,0,0,0,0,2,0,0,0,0,0,0,0,0,0,0,0,0,0,0,0,0,0,146,0,0,0,0,0,0,0,0,0,0,0,0,0,7,0,0,0,0,0,0,0,0,0,0,0,0,0,0,0,0,0,0,0,0,0,0,0,0,0,0,0,0,0,0,0,0,0,6,0,0,11,3311,1,0,37,342,0,0,0,0,0,0,0,0,0,65,0,0,0,0,0,73,0,0,0,1,0,0,0,0,0,0,0,0,0,521,0,0,0,0,0,0,0,0,0,0,0,0,0,359,499,0,0,0,0,0,0,0,0,0,0,0,0,0,0,0,0,0,0,0,2,0,0,0,0,0,0,802,0,0,0,0,0,0,0,0,0,0,0,45,0,0,0,0,0,0,0,0,0,0,1,0,0,0,0,404,0,0,0,1,0,0,0,0,0,0,0,0,0,0,0,0,0,0,0,0,0,0,0,0,0,0,0,3,0,0,0,0,0,0,27,0,0,0,0,0,0,0,0,0,0,0,8,0,0,0,0,0,0,0,1,0,0,1,0,0,0,0,0,0,0,0,0,0,7,0,2,0,0,0,3,19,2,0,0,2,0,0,0,0,1,0,0,0,0,0,0,0,2,0,12,1,97,4,0,11,7,0,0,0,17,0,0,8,0,0,1,0,0,0,0,1,0,9,0,0,0,32,0,0,4,0,0,4,1,0,0,1,1,0,1,0,1,0,0,0,0,6,4,0,0,0,0,0,0,0,0,0,0,0,0,14,0,0,0,0,0,0,11,0,0,0,0,0,2,10,0,0,1,0,3,0,0,0,27,0,0,3,0,1,0,0,3,35,0,0,0,9,0,0,0,53,0,0,3,6,2,0,0,0,0,0,0,0,0,0,0,0,0,0,0,11,0,0,0,0,0,0,0,0,0,0,0,0,0,0,0,0,0,0,0,0,0,37,0,0,0,0,0,0,222,0,0,0,0,0,45,0,0,0,38,0,0,5,0,0,0,0,0,0,0,0,0,0,417,19,0,0,0,0,0,0,12,0,0,0,0,0,0,0,0,23,0,0,0,0,0,1075,0,0,0,0,1,0,0,0,0,0,0,197,0,0,0,0,0,0,2719,0,18,0,0,0,0,0,0,0,0,0,0,211,0,0,0,0,1,0,1,0,0,0,0,0,0,0,0,0,0,0,0,0,0,0,0,0,0,0,0,0,0,0,0,0,0,0,0,0,0,0,0,0,0,0,0,0,53,0,1265,0,0,0,0,0,259,0,30,0,0,31,0,0,0,0,0,0,0,0,0,0
"gene_1155",0,0,0,0,0,0,0,0,0,0,0,0,0,0,0,0,0,0,0,0,0,0,0,0,0,0,0,0,0,0,0,0,0,0,0,0,0,0,0,0,0,0,0,0,0,0,0,0,0,0,0,0,0,0,0,0,0,0,0,0,0,0,0,0,0,0,0,0,0,0,0,0,0,0,0,0,0,0,0,0,0,0,0,0,0,0,0,0,0,0,0,0,0,0,0,0,0,0,0,0,0,0,0,0,0,0,0,0,0,0,0,0,0,0,0,0,0,0,0,0,0,0,0,0,0,0,0,0,0,0,0,0,0,0,0,0,0,0,0,0,0,0,0,0,0,0,0,0,0,0,0,0,0,0,0,0,0,0,0,0,0,0,0,0,0,0,0,0,0,0,0,0,0,0,0,0,0,0,0,0,0,0,0,0,0,0,0,0,0,0,0,0,0,0,0,0,0,0,0,0,0,0,0,0,0,0,0,0,0,0,0,0,0,0,0,0,0,0,0,0,0,0,0,0,3,0,0,0,0,0,0,0,0,0,0,0,0,0,0,0,0,0,0,0,0,0,0,0,0,0,0,0,0,0,0,8294,0,0,0,0,0,0,0,0,0,0,0,0,0,0,0,0,0,38,0,0,0,0,0,0,0,0,0,0,0,0,0,0,0,0,0,0,0,0,0,0,0,0,0,0,0,0,0,0,0,0,0,0,0,0,0,0,0,0,0,0,43,0,761,0,0,0,21,0,0,0,0,0,0,0,0,0,0,0,0,0,0,0,0,0,20,0,0,0,0,0,0,0,0,0,0,0,0,0,0,0,0,0,0,0,2,0,18,0,0,0,0,0,0,0,0,0,25,0,0,0,0,0,0,0,0,22,0,0,0,0,0,0,0,0,142,0,0,0,0,0,50,0,0,0,0,0,0,0,0,0,0,0,0,0,0,0,0,0,0,2,0,8,0,0,0,0,0,0,0,0,0,0,0,0,0,0,0,0,0,0,0,0,0,0,0,0,0,0,0,0,0,0,0,1,0,0,0,0,0,0,0,0,0,0,0,0,0,0,0,0,0,0,0,0,0,0,0,0,0,0,0,0,0,0,0,0,0,0,0,0,0,0,762,0,0,0,0,0,0,0,0,0,0,0,0,13,0,0,0,0,0,0,0,0,0,0,0,0,0,0,0,0,0,0,0,0,0,0,0,0,0,0,0,0,0,0,0,2,0,0,0,0,0,0,0,0,0,0,0,0,0,0,0,0,585,0,0,0,0,0,0,0,0,0,0,0,0,0,0,0,0,0,0,0,0,0,3,0,0,0,0,0,0,0,0,0,0,0,0,19,0,0,0,0,0,0,0,0,253,1625,0,0,0,0,0,0,0,0,0,0,0,2883,0,0,0,0,0,0,0,0,0,0,0,0,0,0,0,0,0,0,0,4348,10,23,0,0,0,0,0,0,0,0,0,0,0,0,0,0,0,0,0,0,0,0,0,0,0,3,0,0,0,0,0,0,0,0,0,0,0,0,0,0,0,0,0,0,0,0,0,0,11,0,0,150,0,0,0,360,0,0,0,0,0,0,0,0,0,0,0,0,0,0,0,0,0,0,0,0,9,0,1,0,0,0,0,0,0,0,0,0,0,0,0,0,0,0,0,0,0,0,0,0,1,0,0,0,0,0,0,0,0,0,0,0,0,0,0,0,0,0,0,0,32,0,0,0,0,876,0,215,0,0
"gene_1156",538,0,0,0,0,145,0,0,546,31,403,0,732,0,0,0,61,0,0,0,0,0,0,0,0,0,0,0,0,481,608,0,36,0,0,0,0,30,0,117,1306,0,2,0,0,109,255,0,728,2,0,0,0,0,0,0,296,2,50,2,0,0,489,0,0,0,18,0,0,69,3,0,30,49,0,13,21,0,8,0,147,0,1,0,0,199,0,0,0,0,12,1,8,3,0,1,614,95,1,0,1,3005,0,536,0,0,0,6,0,0,1,373,4,0,10,0,0,424,211,0,86,0,0,3,15,0,18,824,0,1481,0,0,0,5804,0,0,0,15,642,17,39,0,1,0,2341,7,1323,8,0,7,379,0,20,0,0,2,5,0,2217,0,424,42,0,0,1,46,0,3469,0,150,591,0,10544,0,13,1121,4,0,0,0,958,0,0,1,0,158,56,0,0,11,0,2,0,7303,0,0,0,0,3,18,0,0,0,3962,0,610,0,0,50,4088,0,2,0,11,4990,27,1,6,0,6,0,0,797,0,237,0,0,4182,0,3613,6,421,61,47,3643,0,14,98,29,2,0,2469,0,0,0,4,73,3,966,358,69,714,4012,336,542,4303,0,694,285,0,0,0,15,27,133,0,0,1,0,87,0,0,0,0,0,911,1,0,28,0,0,0,556,0,1075,0,112,0,364,0,0,55,88,0,0,39,5,0,0,827,250,21,0,0,63,0,317,0,9,4,0,650,0,7,530,0,0,0,1,0,0,1,0,0,5,0,0,0,0,0,5275,0,0,0,0,0,0,0,9,124,0,0,0,0,2045,0,0,0,0,0,0,0,13,0,205,0,0,1,2,0,0,11,0,3,0,0,0,0,0,74,0,322,0,2,0,0,77,0,11,1,0,0,1,0,1,2,1,663,0,0,173,0,0,0,0,0,0,0,0,1,0,0,0,0,0,0,0,2,4,116,0,0,0,0,0,0,0,0,0,28,0,27,0,0,0,0,94,3,1,0,0,0,0,0,0,0,0,0,0,0,0,0,0,0,0,0,0,0,0,0,0,0,0,0,0,0,0,0,0,0,0,0,0,0,0,0,0,0,0,0,0,0,0,0,0,0,0,0,0,0,0,0,0,0,0,0,1,0,0,0,0,0,0,0,0,0,0,0,0,0,0,0,0,0,0,0,0,0,0,0,0,0,0,0,0,1,0,0,0,0,0,0,0,0,0,0,0,0,0,0,0,0,381,0,0,0,0,0,0,0,0,0,0,0,0,0,0,0,0,0,0,0,0,0,0,0,0,0,0,0,0,0,0,0,0,0,0,0,0,0,12,0,0,0,0,0,0,0,0,0,0,0,0,0,0,0,0,0,0,0,0,0,0,0,0,0,0,0,0,0,0,0,0,0,0,0,0,0,0,0,0,0,0,0,0,0,0,0,0,0,0,0,0,0,0,0,0,0,0,0,0,0,0,0,0,0,0,0,0,0,0,0,0,0,0,0,0,0,0,0,0,0,0,0,0,0,0,0,0,0,0,0,0,0,0,0,0,0,0,0,0,0,0,0,0,0,0,0,0,0,0,0,0,0,0,0,0,0,0,0,0,0,0,0,0,0,0,0,0,0,0,0,0,0,0,0,0,0,0,0,0,0,0,0,0,0,0,0,0,0,0,0,0,0,0,0,0,0,0,1,0,0,0,0,0,0,0,0,0,0,0,0,0,0,0,0,0,0,0,0,0,0,0,121,0,0,0,0
"gene_1157",166,0,21,1,1,5,0,8,2,787,0,0,159,2,77,0,0,118,0,3215,56,0,31,365,0,0,0,14,1670,2011,1,2948,0,159,4,282,27,0,0,0,0,0,115,0,0,683,0,0,263,6,3222,0,223,2,640,0,5,12893,1,4,5,36,1,582,79,0,7,23,248,54,0,0,0,158,252,68,2,40,0,6141,0,267,223,55,0,0,0,5,0,0,0,5034,1,14,0,0,0,0,0,15,0,0,250,0,565,0,0,147,12,5,276,0,2,19,283,0,56,0,0,1,16,0,60,0,1,0,0,0,0,20,79,0,0,34,0,0,0,230,4238,11,0,0,15,0,0,306,1506,14,217,0,0,1540,1632,44,0,0,0,0,507,0,216,0,0,0,173,0,1772,55,1108,792,1,0,0,256,106,4,0,0,226,3,0,0,0,225,0,2,0,9,0,918,0,0,0,13,0,0,0,0,0,33,0,0,2268,16,0,0,0,0,19,0,338,254,0,787,0,0,240,0,1,8,739,664,0,0,180,0,8222,0,0,0,60,0,6,2075,10,0,283,0,0,4,172,0,2,5,0,0,2,0,0,0,13,53,0,0,0,0,0,0,0,0,0,0,1,0,0,351,0,77,128,0,0,0,0,0,0,0,217,0,17,0,0,0,1157,0,0,0,2,0,18,0,0,0,433,0,0,0,178,72,0,0,3,0,0,1,0,3,9,0,0,2,0,78,97,1814,0,4,220,20,15,3,428,0,2080,22,0,153,0,0,359,0,1,0,1471,0,36,0,0,0,0,0,9,0,7,1217,0,0,0,0,0,0,0,0,3,0,0,0,6,0,0,2,0,0,0,5,2,0,0,1008,0,0,17,0,0,22,0,136,0,1301,18,0,474,0,0,0,0,0,61,0,0,2703,0,0,453,7,807,8,1,0,0,0,0,0,0,614,0,0,2,0,282,0,0,0,0,0,644,16,0,0,0,136,0,0,0,54,0,0,0,3,1300,311,0,0,6,0,1,0,0,8,5,0,0,0,8,216,0,0,0,0,34,0,1,115,464,0,0,0,726,0,0,0,0,0,518,0,194,0,1,0,13,228,947,0,42,0,0,0,0,26,43,31,0,449,0,0,4,389,0,0,2,0,0,0,0,13,0,0,0,0,0,0,299,6,33,0,0,0,20,0,2,1,0,1,0,0,19,0,12,100,90,0,0,0,0,0,0,134,489,70,0,0,0,0,0,0,0,1,4,0,0,0,6,0,14,0,37,0,3,0,0,52,0,0,30,24,0,118,717,93,58,0,509,0,15,224,0,18,6,0,171,11,0,0,0,0,0,0,0,797,0,58,8,0,13,0,2538,13,0,0,321,0,0,50,0,0,0,0,0,0,0,0,1,0,330,0,0,0,4809,0,2,0,51,0,0,0,3,0,0,0,0,0,829,20,0,0,0,180,549,1080,0,1248,1997,570,0,0,0,1,0,1,9,0,0,3,0,0,11,0,0,0,0,5,0,11,0,0,0,22,0,521,0,0,0,0,0,0,0,0,0,0,0,0,0,0,5457,0,1193,0,0,0,0,0,1175,0,0,441,278,0,6,0,18,0,0,0,0,0,0,0,0,1133,0,0,0,26,0,545,2,0,0,0,878,0,0,0,0,986,0,0,358,0,0,0,0,86,388,0,0,0,0,499,498,0,0,8,0,0,302,0,0,1,0,450,0,0,0,0,0,1,0,0,0,0,0,1952,0,0,459,3,0,0
"gene_1158",0,0,0,0,0,0,0,0,0,0,0,0,0,0,1148,0,0,0,0,1462,0,0,0,2326,3,0,0,0,0,0,61,0,0,0,0,0,48,0,0,0,0,0,0,0,8,55,1,83,0,0,0,0,0,0,0,0,0,573,0,3,27,0,0,0,0,0,0,0,1,0,0,0,0,0,0,0,0,0,0,0,0,0,0,0,0,0,0,0,0,0,0,0,0,0,0,0,0,0,1,0,506,0,0,0,0,0,0,0,0,0,0,0,0,0,0,0,0,0,0,0,1,0,0,408,0,0,0,0,0,0,0,66,0,0,0,0,0,0,0,0,0,0,0,2743,0,1034,1,59,24,0,0,29,0,0,0,38,0,0,0,0,0,0,1,274,0,0,0,0,0,0,0,0,6226,0,0,0,327,3,0,0,0,0,0,0,0,0,0,135,0,0,0,0,0,327,0,18,25,416,0,0,0,0,0,0,0,19,0,0,0,0,0,0,0,3,0,0,0,0,0,0,0,0,0,0,0,3,0,0,2,0,0,1,0,0,0,0,0,0,1,0,44,0,0,0,0,0,0,0,22,0,0,253,0,0,0,0,0,0,0,0,12,0,0,0,0,673,0,0,0,0,0,713,173,0,0,0,0,798,0,671,4,4238,1,111,540,0,0,337,0,0,200,0,0,0,0,0,0,4,0,83,857,0,0,0,0,2092,0,0,0,0,0,5342,0,172,0,0,0,0,0,0,0,48,1,0,0,0,0,0,24,0,1,0,408,0,0,0,3,0,1760,0,0,0,0,0,0,2,0,11,0,0,3,1100,150,0,0,478,0,0,0,0,271,0,0,0,0,0,1074,1371,0,0,1,0,181,0,3165,0,5303,0,0,0,142,0,0,0,0,0,0,0,51,0,0,0,0,0,0,0,0,394,0,0,0,0,0,0,7,0,0,0,0,0,0,0,0,34,0,0,524,0,701,0,470,0,0,872,0,37,28,0,0,0,0,0,629,0,3205,11,1,1132,1,22,102,4,141,128,2,8,126,187,36,2,1,10,0,2,0,1970,320,0,31,3,135,3901,0,59,2506,0,297,171,0,2,9,117,619,79,0,645,125,0,6,0,6556,0,0,105,2163,1314,82,3,1,3,2245,2176,14,0,0,85,6,251,1361,81,131,615,1054,997,152,95,7,36,46,91,70,0,0,2975,143,0,0,0,0,0,68,0,300,0,0,1241,364,30,3962,336,2,143,0,50,35,0,3707,34,3469,70,1682,0,3556,16,176,1609,1,16,605,1294,508,703,0,169,2313,625,2,54,1,10,291,16,3,1715,103,179,0,1049,0,119,806,55,418,0,49,569,0,138,107,23,0,0,3129,0,659,26,13,24,988,1,0,186,1674,629,9623,64,0,4215,6334,367,0,0,0,0,217,114,33,46,23,427,20,0,0,8985,35,247,1414,6126,2861,8,11354,35,93,1178,652,29,42,602,25,638,3035,2497,14,8010,167,12,8876,12121,193,15,2129,10,74,6912,0,44,6720,3030,0,8,14,617,24150,0,192,144,4,3,4,310,326,5,0,2,0,9257,146,2,0,0,100,9,117,3196,0,83,44,0,0,0,13,139,7250,37,13,5627,0,5822,0,285,9786,0,4,2863,16,0,2562,39,155,370,193,0,1,19934,132,3898,1340,123,6599,0,4088,11,2250,1056,4522,10,134,721,5994,7789,75,2157,0,465,562,20,0,1526,13247,7817,33,746,0,0,565,197,0,20119,0,0,1936,109,0,5775,377,0,1985,30,6,0,27,7750,2,0,10,18531,21,156
"gene_1159",0,0,2,0,0,0,9,0,0,227,0,0,0,0,0,0,0,0,0,0,0,0,0,0,0,28,0,263,0,1,1,0,142,0,0,0,0,0,0,0,0,0,0,0,0,0,16,0,0,0,0,0,0,0,0,0,0,102,0,0,0,0,0,0,0,0,0,0,0,0,0,0,0,0,0,0,0,0,0,0,0,232,0,0,0,0,0,16,144,0,0,0,0,0,1995,0,20,0,0,525,3,0,0,0,863,17,123,0,952,0,6456,120,42,0,0,0,0,0,8,0,4,0,113,11,1,719,0,0,1,9,2,1189,0,240,2,3800,157,2811,0,0,0,0,3,0,0,138,0,0,0,2,2,0,0,0,26,776,6,6903,0,5,0,0,0,2,0,3914,0,35,0,281,0,1782,0,0,0,0,0,0,80,3092,11,364,303,162,15,0,0,0,218,0,0,0,67,0,0,624,0,0,1,0,0,0,0,0,0,18,14,0,297,0,0,0,0,0,0,0,1,4379,0,0,0,44,141,0,0,0,0,0,0,0,1,0,0,20,0,0,0,0,0,0,0,0,0,0,0,0,0,0,0,1,0,5,1,0,0,0,0,0,0,0,0,0,2,0,0,0,0,0,0,0,0,0,0,0,0,11,0,0,0,0,0,0,0,0,0,0,0,0,105,0,0,0,0,0,0,0,0,0,0,0,0,0,0,0,0,0,0,0,0,18,0,0,0,0,0,0,0,0,0,60,0,0,0,0,0,0,0,0,4,0,0,0,0,0,0,0,0,0,0,0,0,0,0,0,0,0,0,0,0,0,0,0,26,0,0,0,0,0,0,0,0,0,0,0,0,0,0,0,0,0,7,0,0,3,21,0,0,15,0,0,0,2,0,0,0,0,0,0,0,390,0,0,0,0,0,0,9,0,0,0,0,0,0,0,0,0,0,0,0,0,0,0,0,0,0,0,0,0,1,0,0,0,0,0,0,60,0,0,0,1,0,0,2,1,0,0,0,0,1301,0,0,0,0,0,0,0,0,0,0,0,0,0,92,196,0,39,0,0,0,68,0,0,0,0,0,0,0,0,1,345,0,0,0,0,7,0,20,0,0,0,0,0,7,0,0,0,0,0,0,0,0,0,0,0,0,0,0,0,4,0,0,0,73,0,0,0,0,2750,71,0,0,0,0,0,0,0,0,0,0,0,0,0,0,0,0,0,0,0,0,0,198,0,0,0,0,0,0,1,0,0,3,0,0,0,0,0,0,0,0,0,560,0,0,0,0,0,0,0,0,0,0,163,0,0,0,0,108,0,0,0,3,0,0,0,0,0,0,0,0,0,0,0,0,0,0,0,0,0,0,0,0,0,0,0,272,0,0,0,0,0,0,0,546,0,0,0,101,0,0,0,0,0,0,0,0,0,0,0,0,0,0,0,0,0,0,0,0,0,0,0,0,0,0,0,0,0,0,0,0,0,0,0,0,0,0,0,0,0,0,46,0,0,0,0,0,0,0,0,0,0,0,0,0,0,0,0,0,0,0,0,0,0,0,0,6,0,0,0,14,0,0,0,0,0,0,0,0,0,0,0,0,0,0,0,0,0,0,0,0,0,0,0,0,0,0,0,0,0,0,0,0,0,0,0,338,0,5,0,5,0,0,0,0,0,0,0,836,0,0,0,0,0,0,0,0,0,0,1,0,0,0,0,0,0,0,0,0,0,1,0,0,0,0,0,0,3,0,0
"gene_1160",0,0,30,0,250,9,0,45,0,0,0,6,138,0,0,0,30,10982,2,7,7,6,200,0,0,3,40,0,46,1,0,0,0,119,1282,0,1029,1,126,184,0,0,0,1652,0,0,0,704,0,10,55,0,0,0,0,31,0,0,115,0,0,1,0,0,0,0,1253,2,938,645,9500,0,0,363,1,0,547,329,1935,0,8960,1150,22,0,315,168,0,1156,13,0,2196,0,0,0,87,0,0,0,2733,0,0,0,0,0,0,0,0,0,0,0,0,0,0,0,0,0,0,0,0,0,0,1372,0,18,0,0,0,0,0,0,0,0,0,0,0,0,0,0,0,0,0,0,0,0,1,0,0,4379,0,0,0,0,0,0,0,0,0,0,19,0,163,749,216,0,0,0,0,0,1,0,0,0,0,0,0,0,0,0,0,0,0,0,0,0,0,0,0,0,0,0,0,0,0,6,0,0,0,0,0,0,0,0,0,0,0,0,0,0,0,0,0,0,0,0,0,0,0,0,0,0,0,0,0,0,0,0,0,0,0,0,0,0,0,0,0,0,0,0,0,0,0,0,0,0,0,0,0,0,0,0,0,0,0,0,0,0,0,0,0,0,0,0,0,1,0,0,0,0,0,0,0,0,0,6,0,0,0,0,1,0,513,0,0,0,0,0,111,0,0,0,0,0,0,1,1,0,0,0,171,0,0,0,0,17,0,1,0,0,0,0,9,0,0,0,0,0,0,0,0,0,0,0,806,0,0,418,0,0,29,0,0,0,0,0,0,3452,0,0,0,763,0,0,0,0,0,0,0,0,0,566,0,0,0,0,457,16,1,0,0,0,0,0,10178,0,205,0,0,0,0,1,0,0,0,0,0,0,0,81,0,0,0,0,0,0,0,1,0,2,0,0,17,0,196,0,27,0,33,31,23,105,0,3,0,0,15,140,0,0,0,504,1279,0,0,0,35,0,493,0,0,0,0,0,13,291,0,283,0,0,0,0,0,0,0,0,0,11,2,0,85,64,15,2,121,12,147,2,0,463,0,302,29,0,2122,8,31,3666,1547,0,1285,0,8,0,0,0,40,34,0,0,5562,0,87,196,20,1053,536,0,14,0,4197,1,81,0,2416,2,66,53,2350,0,0,0,0,0,0,0,57,0,140,26,78,0,2934,0,0,3169,694,0,106,0,0,0,2,3656,22,0,0,23,0,0,0,0,79,1452,2538,46,0,282,2,0,6,1120,1,0,0,43,207,2094,704,0,0,178,0,5,1324,0,1,0,76,35,0,12,59,0,0,0,1130,5,1,0,0,7301,34,3,0,0,0,1635,0,0,0,1215,134,323,100,1,0,1,0,6,0,1,364,0,0,70,6,570,0,0,0,0,0,1,0,0,0,0,637,1,0,0,0,18,6,1,0,118,0,0,0,0,0,0,0,0,0,0,0,0,0,0,0,3979,580,1,0,0,0,0,1,653,1729,0,2079,51,0,448,0,0,456,0,0,269,0,0,0,3,0,540,0,0,0,23,3249,0,12,0,2,5,0,1620,0,1571,0,0,2,1,0,1,0,0,0,0,0,8,0,0,0,13,0,18,0,625,133,5,21,0,0,0,0,0,206,0,20,0,0,0,0,13,0,3,0,1,0,0,0,0,0,0,0,0,0,0,0,45,891,2,1,6629,1415,2,116,4,0,8571,0,85,2157,0,0,0,8,14,1,0,0,0,0,4,0,2,0,0,273,22,0,0,0,0,117,1514,0,0,452,0,0,0,0,0
"gene_1161",1,0,0,38,0,1,0,0,0,0,0,0,0,0,291,28,0,3,0,65,21,0,0,0,0,76,0,2,0,0,0,0,0,0,0,0,310,0,0,6,0,37,0,0,29,0,0,37,0,0,0,0,0,0,0,33,0,0,0,406,0,0,0,0,0,10,0,0,0,0,0,0,0,0,0,0,616,0,0,1708,177,0,0,0,5,0,0,3,0,0,0,1218,0,0,0,45,0,0,0,0,3,1218,0,0,1194,0,0,0,470,0,0,0,0,0,0,0,0,0,0,0,1191,0,0,0,0,0,0,0,0,0,0,0,671,2,0,0,15,0,0,0,5399,0,0,6,0,0,0,0,0,0,5,0,0,0,0,0,0,0,0,0,0,0,1,0,0,0,0,0,0,11,0,5,0,0,0,0,0,0,0,11,0,0,0,0,0,0,0,0,0,0,0,0,567,0,0,0,0,0,180,0,0,0,0,0,7,0,13,0,0,0,0,0,0,65,0,0,0,255,0,100,0,0,0,0,12,0,0,178,0,0,0,0,0,0,11,0,0,0,1,4,0,0,0,0,0,0,57,0,224,0,0,0,2,1,0,0,0,0,45,0,4,60,0,0,8,0,0,0,0,0,211,0,2,5,0,0,2,0,0,0,0,0,0,0,0,0,0,3,5,0,0,810,431,0,0,0,0,0,0,0,0,138,0,386,0,0,0,0,0,0,0,0,0,0,12,2,0,3,0,0,0,0,0,0,0,0,0,0,0,0,34,0,0,0,876,0,0,0,1,0,0,0,0,2,0,0,0,0,0,139,0,0,0,21,1,0,101,0,0,0,0,80,381,0,0,0,1,0,0,0,223,0,0,0,0,7,0,0,0,0,0,0,12,0,0,0,1,0,0,0,0,0,0,0,0,0,85,0,0,0,0,0,1,0,2,0,0,0,0,0,0,0,0,0,0,0,0,0,0,0,84,0,0,48,0,0,0,0,1,0,557,0,0,0,8,0,3,0,0,0,0,0,0,4,0,80,0,0,70,0,28,0,0,3,16,0,11,24,0,0,0,0,0,0,1,0,0,0,0,0,0,0,0,0,0,0,0,0,0,0,0,28,63,14,13,287,0,0,0,1,0,131,0,0,0,0,0,6,0,0,0,0,0,0,0,35,0,0,0,0,0,0,4,0,0,0,0,0,0,100,0,147,5,0,0,0,0,0,0,0,98,0,1,0,0,341,0,0,0,0,0,0,0,0,0,0,0,1,0,0,34,0,0,0,4,3,8,0,1,0,25,5,0,0,113,0,447,0,0,0,436,0,0,138,2,0,0,0,0,0,510,1,0,0,131,0,35,0,3,0,0,0,286,0,255,0,0,2,3316,0,241,0,0,0,0,0,0,0,0,16,3,0,0,0,0,0,5355,0,0,0,0,249,0,0,0,0,225,40,0,0,22,241,0,0,0,0,0,0,0,0,0,0,20,0,0,0,0,0,0,0,0,0,0,0,0,1,0,0,142,0,0,155,0,0,0,0,0,1036,0,0,0,0,1,10,0,0,0,253,6,0,0,0,226,0,0,0,15,0,0,6,0,0,0,0,0,0,0,0,0,0,500,0,5,0,0,0,0,0,0,6,0,0,0,0,0,0,0,13,194,2097,0,0,0,0,0,46,0,0,0,0,0,0,0,0,0,76,0,0,0,0,73,0,0,0,0,0,0,0,0,1165,0,0,0,0,264,1460,289,941
"gene_1162",70,0,1,1230,162,0,0,15,7,16,3705,4125,2490,6718,8148,157,58,0,1,2900,0,2,0,0,2,0,0,0,514,1392,750,0,0,14,46,9183,0,0,0,14,1,4,133,0,1,1698,3,0,0,93,1805,7,3484,0,132,1045,20747,704,108,2365,4512,68,756,1823,986,3325,38,6968,1,32357,1020,0,0,492,5508,11,135,304,0,1426,0,0,137,0,3718,0,5,0,0,1453,1,0,178,5024,182,9558,320,0,0,5360,0,28,2,0,0,5983,17109,0,550,0,101,26,618,128,656,0,0,215,22,126,0,0,0,0,6863,0,65,29,1,86,1,0,0,49,45,14,891,0,111,1,11442,0,0,0,0,0,520,4,0,34,609,91,0,0,0,254,10388,524,4120,51,9540,0,0,0,141,1081,381,72,0,15,0,0,4978,62,2529,2398,0,0,0,3356,0,0,10,0,0,0,1,0,0,0,23682,3825,817,4,0,27,370,20,0,5,0,0,0,18,3840,253,0,0,0,0,0,68,0,0,0,0,0,0,0,257,1,0,0,61,1,0,0,0,1,4,14,0,3,0,0,940,0,0,0,0,6,0,0,1,2,1418,1274,0,0,92,1531,11,5,0,1,11,0,1,0,3,249,0,0,351,0,0,2,2648,16,301,519,42,161,0,0,1492,2270,148,4,77,0,0,0,2,0,0,18,0,29,79,115,0,0,838,100,85,3,18,0,379,0,0,0,4447,38,17,369,0,121,0,1,0,1532,0,0,13,1913,267,0,72,1,318,122,875,0,0,0,4323,0,9,271,323,3,839,2,0,2202,723,27,16,0,9252,135,0,424,9,0,563,137,1,0,549,1,840,87,42,91,318,230,0,284,635,4,0,175,0,21,280,5,0,693,0,21,0,40,0,0,0,0,76,3085,205,129,0,0,1,0,0,34,8,638,0,0,8,0,0,2039,1434,10,0,20,14,0,82,523,14,60,3108,31,0,0,246,1,11,18,154,8,3,6,0,0,0,38,77,0,3097,19,29,3984,0,53,51,364,900,53,1740,803,78,2437,65,2411,822,948,300,10550,1,23,127,0,266,129,68,427,1058,550,20,2888,89,0,3,2027,635,11588,6,3250,1351,31,33,6451,20,571,71,67,462,20,116,3882,131,220,36,928,5782,342,1,3288,594,159,4,2738,118,10,17,2128,229,0,211,1927,0,501,1410,85,672,45,1484,4,1,540,92,182,1310,1975,156,2233,2825,41,1385,15,4,260,5600,20,544,415,8,70,474,2,64,11,1910,67,14,445,977,570,400,4461,3868,79,3232,1106,244,290,217,491,233,61,15,2237,3102,488,32,525,170,39,68,0,6411,3837,336,894,4368,1371,662,188,43,337,390,298,6,0,27,0,1654,694,0,0,421,42,22,0,0,0,0,36,17,2202,171,0,328,92,0,6331,0,0,0,0,56,8110,53,1,2,8,0,223,0,0,0,2,0,0,20,6859,9,10,1,0,0,261,15,0,5785,0,2636,0,25,5,1,0,0,0,0,0,15,340,20,3173,1280,760,0,987,271,25,0,0,0,0,56,1546,0,32,4,8526,3,0,0,151,0,0,87,4,0,2,329,0,1024,14,1704,2,0,35,4656,0,187,0,2285,1812,118,0,35,0,26,0,156,27,0,8,0,31,0,1356,2,188,4,99,3,7,0,6,0,465,13275,0,111,1734,0,2862,20,165,1349,0,198,16,0,0,0,3,0,1,375,0,5,71,0,0,141,0,2,19,0,22,2670,0,0,5466,0,9072,298,0,0,9,67,0,0,62,14,261,42,1,0,339,1,0,1685,0,19,1917,0
"gene_1163",24,11,1592,63,326,0,1,0,5,430,104,94,0,0,1190,780,103,11,29,1,0,4068,0,146,0,21,10,2,30,0,0,96,3,0,757,3,34,14,52,1,0,2,44,724,8,352,770,1,106,0,814,3,0,0,1,233,1,4,3,0,0,14,655,2,188,6,368,1,40,153,2,1,0,2,814,2,0,74,1541,0,114,6,179,0,833,16,53,0,3,268,689,0,0,4,0,105,0,0,0,0,0,0,0,419,0,0,0,177,0,0,0,0,0,0,105,834,4,0,12,0,0,273,0,0,198,0,1,758,0,0,0,11,0,141,0,0,2,0,0,249,0,0,0,38,262,25,0,733,0,1575,0,0,0,0,2,154,0,0,0,25,2662,0,4205,600,104,0,0,11,0,0,88,4,0,0,5020,0,0,0,0,0,0,0,0,0,353,0,275,0,0,0,0,0,0,0,0,50,0,0,33,3,30,0,1,0,0,0,86,0,0,171,7014,0,1919,0,3839,0,1,166,0,0,21,1430,0,0,0,17,0,0,0,301,0,0,14,0,0,0,0,95,0,0,162,5,0,1,0,49,0,4,0,81,52,0,0,4,93,1,0,0,274,7,0,0,0,0,0,0,0,0,0,0,0,0,0,0,0,0,0,0,0,0,0,0,0,0,0,0,0,0,0,0,0,0,0,0,0,0,0,0,0,0,0,0,0,0,0,0,0,0,0,0,0,0,0,0,0,0,0,0,0,0,0,0,0,0,0,0,0,0,0,0,0,0,0,0,0,0,0,0,0,0,0,0,0,0,0,0,0,0,0,0,0,0,0,0,0,0,0,0,761,0,0,0,0,0,0,0,0,0,0,0,0,0,0,0,0,0,0,18,0,0,0,0,0,0,0,0,0,0,0,0,0,0,0,0,0,0,0,0,0,0,0,0,0,0,0,0,0,4,0,0,0,16,0,0,0,0,0,0,0,0,0,0,0,0,0,0,0,0,0,0,0,0,0,0,0,0,0,0,0,0,0,0,0,0,0,0,0,0,0,0,0,0,0,0,0,3,0,0,0,0,0,0,0,0,0,0,0,0,0,52,0,0,0,0,0,0,0,0,0,0,0,0,0,0,0,0,0,0,0,0,0,2,0,0,0,0,0,0,0,0,0,0,0,0,0,0,0,0,0,0,0,0,0,0,0,0,0,0,0,0,0,0,0,0,0,0,0,0,0,0,0,0,0,0,0,0,0,0,0,0,0,0,0,0,0,0,0,0,0,0,0,34,0,0,0,0,0,0,0,0,0,0,0,0,0,0,0,0,0,0,0,0,1,0,0,0,0,3,0,0,1,0,0,0,1,1,1,0,1,0,0,1,0,0,0,0,0,3,0,0,1,0,0,0,0,0,4,0,0,0,0,0,0,0,1,0,0,0,1,1,0,0,0,0,0,0,0,0,0,0,0,0,0,0,1,0,0,0,0,0,0,0,3,0,0,0,0,0,0,0,0,0,2,0,0,1,0,0,0,1,1,0,0,2,6,0,0,1,0,0,0,0,0,0,0,0,1,0,1,0,0,0,0,0,0,0,0,0,0,0,0,0,0,0,1,0,0,0,0,0,1,0,0,0,0,0,0,0,0,0,0,0,0,0,0,0,0,1,0,0,0,2,0,0,0,0,1,0,0,0,0,4,1,0,1,0,0,1,1,0,0,3,0,0,0,0,1,0,0,0,0,0,0,0,0,0,0,0
"gene_1164",0,0,0,0,0,7,0,0,2,2954,12,0,5,10648,1822,0,0,0,0,0,0,0,13,2,4947,0,0,4,0,124,0,0,0,9,0,0,0,0,0,0,0,2906,0,0,0,4,14,0,0,215,27,0,0,0,0,3,0,2933,0,0,0,0,0,12,0,0,0,0,0,2943,0,74,0,1817,0,1753,0,0,638,0,0,138,0,2701,0,4,0,5469,659,5,7,0,0,630,1774,0,47,0,12282,0,212,0,415,0,88,0,0,0,0,1,2180,2,1,0,17,0,1,383,2,0,2118,0,41,82,183,3,1,0,206,0,0,6,7,0,9356,8395,0,0,2,7,0,0,4,0,19,870,0,0,1613,4,129,1337,11108,0,0,0,17715,4412,0,0,9136,76,8993,804,1,593,0,0,0,0,0,0,0,0,0,1249,0,33,0,4861,0,114,0,728,18,79,155,0,240,0,0,242,0,0,0,3752,0,0,0,0,0,0,1,423,0,0,0,0,0,0,0,0,0,813,5,311,0,0,0,286,0,127,0,0,0,0,0,0,0,0,14,0,35,627,0,0,9015,0,0,0,0,0,21,0,0,76,0,3,25,0,0,7596,0,0,0,114,0,25,0,329,649,0,0,0,1,0,0,0,25,62,0,0,666,0,1902,1,0,1,0,0,0,0,0,0,0,0,0,0,31,15,1,1,0,1215,616,3,0,0,0,21,3,0,0,22,3,71,0,0,0,0,0,0,0,0,220,0,0,0,16,0,0,0,0,50,0,509,3,0,0,0,0,3,0,0,2052,0,1065,0,0,0,0,12,2299,305,0,0,0,0,178,0,0,0,0,3,1464,0,122,0,2,0,0,449,1163,1492,4,0,0,52,0,174,0,0,25,0,2,0,0,1,0,617,0,0,8447,0,0,0,3,0,0,1,0,75,0,0,254,1957,0,115,466,3593,1,0,0,1225,352,90,0,3,0,952,255,0,17,0,0,317,0,541,1,0,0,1,0,6680,0,0,1781,0,0,0,0,0,0,0,0,1,1,0,0,1779,0,0,1,0,0,6258,0,0,0,991,0,0,0,85,0,91,0,741,0,159,0,0,0,0,1096,3,0,98,0,0,0,0,0,4269,0,0,0,0,0,4,0,1826,206,0,0,0,0,369,0,0,7,0,0,0,0,40,0,0,4,921,0,46,2,356,0,0,0,404,0,2,0,1418,0,8,611,1,0,8655,32,0,267,3,0,0,0,0,0,13,0,3034,0,174,0,0,0,16,0,589,0,0,118,0,0,0,0,0,0,0,0,0,19,0,0,0,173,0,0,0,502,0,239,169,2,0,1,0,0,0,16,49,0,0,0,0,0,0,0,0,0,0,0,0,0,0,0,0,0,0,0,0,0,0,0,0,0,0,0,31,0,0,0,0,0,0,0,0,0,0,605,0,0,0,0,0,0,0,7189,0,0,0,2051,0,114,0,0,0,3063,0,0,0,0,0,0,0,79,0,0,0,0,0,0,1,0,0,0,0,0,0,0,0,0,0,0,0,0,333,0,0,0,0,0,0,0,0,0,0,0,0,0,0,0,0,0,0,0,0,0,0,0,0,0,0,0,0,0,0,1,0,304,0,0,0,0,0,0,0,0,0,0,0,0,0,0,0,0,0,0,0,0,0,0,0,0,0,0,0,0,0,0,0,657,0,0,0,0,0,0,0,0,0,0,0,0,0,738,0,8278,1768,0,0,0,0,0,0,0,0,0,0,0,0,0,0,0,0,0,0,0,0
"gene_1165",0,0,0,0,0,0,0,0,0,0,0,0,0,0,0,0,0,0,0,0,0,0,0,0,0,0,0,0,0,0,0,0,0,0,0,0,0,0,0,0,0,0,0,0,0,0,0,0,0,0,0,0,0,0,0,0,0,0,0,0,0,0,0,0,0,0,0,0,0,0,0,0,0,0,0,0,0,0,0,0,0,0,0,0,0,0,0,0,0,0,0,0,0,0,0,0,0,0,0,0,0,0,0,0,0,0,0,0,0,0,0,0,0,0,0,0,0,0,0,0,0,0,0,0,0,0,0,0,0,0,0,0,0,0,0,0,0,0,0,0,0,0,0,0,0,0,0,0,0,0,0,0,0,0,0,0,0,0,0,0,0,0,0,0,0,0,0,0,0,0,0,0,0,0,0,0,0,0,0,0,0,0,0,0,0,0,0,0,0,0,0,0,0,0,0,0,0,0,0,0,0,0,0,0,0,0,0,0,0,0,0,0,0,0,0,0,0,0,0,0,0,0,0,0,0,0,0,0,0,0,0,0,0,0,0,0,0,0,0,0,0,0,0,0,0,0,0,0,0,0,0,0,0,0,0,0,0,0,0,0,0,0,0,0,10,0,0,0,0,0,0,0,0,0,0,0,0,0,0,0,0,0,0,0,0,0,0,0,0,0,0,0,0,0,0,0,0,0,0,0,0,0,0,0,0,0,0,0,0,0,0,0,0,0,0,0,0,0,0,0,0,0,0,0,0,0,0,0,0,0,0,0,0,14,0,0,0,0,0,0,0,1,0,0,0,0,0,0,0,0,0,0,0,0,0,0,0,0,0,0,0,0,0,0,0,0,0,0,0,0,0,0,0,0,0,0,0,0,0,0,0,0,0,0,0,0,0,0,0,0,0,0,0,0,0,0,0,0,0,0,4,0,0,0,0,0,0,0,0,0,0,0,0,0,0,0,0,0,0,0,0,0,0,0,0,0,0,0,0,0,0,0,0,0,0,0,0,0,0,0,0,0,0,0,0,0,0,0,0,0,0,0,0,0,0,0,0,0,0,0,0,0,0,0,0,0,0,0,0,0,0,0,0,0,0,0,0,0,0,0,0,0,0,0,0,0,0,0,0,0,0,0,0,0,0,0,0,0,0,0,0,0,0,0,0,0,0,0,0,0,0,0,0,0,0,0,0,0,0,0,0,0,0,0,0,0,0,0,0,0,0,0,0,0,0,0,0,0,0,0,0,0,0,0,0,0,0,0,0,0,0,0,0,0,0,0,0,0,0,0,0,0,0,0,0,0,0,0,0,0,0,0,0,0,0,0,0,0,0,0,0,0,0,0,0,0,0,0,0,0,2340,0,0,0,0,3,0,0,0,0,0,0,0,0,0,0,0,0,0,0,0,0,1,0,0,0,0,0,0,0,0,0,0,679,0,0,0,0,0,0,0,0,0,0,0,0,0,0,0,0,10,0,0,0,0,0,0,0,0,0,0,0,0,0,0,0,0,0,0,0,143,0,0,0,0,0,0,0,0,0,0,0,0,0,0,0,2,0,0,0,0,0,0,0,0,0,0,0,0,0,0,0,0,0,0,0,0,0,0,0,0,6,0,1129,0,0,0,0,0,0,0,1507,0,0,0,0,6,636,0,0,0,0,0,0,0,0,0,1,0,0,0,0,0,0,0,0,0,0,0,0,0,0,0,1,0,0,0,0,0,0,0,0,0,0,0,0,5,0
"gene_1166",0,0,0,0,0,0,589,0,0,0,0,0,0,159,0,0,0,0,0,0,1,0,0,0,0,0,0,20,43,0,0,0,0,99,0,3319,0,0,0,0,6,0,0,0,0,0,0,0,0,0,0,0,0,0,0,0,0,0,0,0,0,0,0,0,0,0,0,0,0,0,0,0,0,0,0,0,0,0,0,0,0,0,0,0,0,0,0,0,0,97,0,0,0,0,4,0,0,0,0,0,0,453,0,0,0,0,0,873,0,0,0,0,0,0,0,0,0,0,0,0,0,0,0,0,0,0,0,0,0,0,0,0,0,0,0,0,136,45,4,0,0,0,0,0,2,0,0,0,50,0,0,0,0,0,681,0,0,7,0,0,1,2116,0,0,0,0,0,270,0,0,0,0,4426,0,38,0,106,0,0,0,1,0,0,0,0,0,0,0,0,0,0,0,41,0,0,1,0,0,134,0,0,0,0,11,0,0,2,0,0,4,0,0,0,3,0,0,0,0,0,0,0,4,624,0,7909,2,1,0,2610,2,826,6,0,0,0,0,79,0,0,0,0,0,6,137,0,0,280,0,0,0,0,0,0,0,0,0,47,167,0,0,0,0,0,0,0,0,0,2,2,0,1,0,0,0,2501,0,23,0,0,9,0,0,8,0,0,250,0,0,0,99,0,2,0,0,0,0,0,0,1263,0,0,0,0,0,0,0,0,0,13,8,0,0,0,0,0,0,0,0,0,0,129,8,108,0,0,0,21,0,0,0,0,0,0,0,0,0,0,0,10,0,0,0,0,0,0,0,0,0,0,0,0,0,0,68,0,202,0,0,0,1849,0,0,213,0,0,0,0,0,0,193,0,5,0,0,167,15,0,0,0,0,0,0,0,0,0,0,0,3,0,23,0,0,0,0,0,17,0,0,0,0,0,0,1047,0,0,249,337,0,0,0,0,0,0,0,0,0,0,161,0,0,0,0,0,0,3,0,0,0,0,0,0,46,0,0,0,0,0,0,0,0,0,0,0,0,0,0,0,0,1020,0,0,0,0,0,0,0,1,0,0,0,0,0,0,0,0,0,0,16,0,0,0,0,0,0,274,0,0,0,0,63,0,0,0,0,0,0,0,0,0,0,0,131,0,0,0,0,0,0,0,0,0,0,0,0,0,0,4,0,0,0,0,0,0,0,0,0,0,0,283,2,0,0,3,0,0,0,0,0,140,0,0,36,0,0,0,0,0,0,0,1,0,0,0,0,0,0,0,0,35,0,0,0,0,0,0,0,0,0,0,0,0,2961,0,0,0,0,0,0,0,0,0,0,0,0,0,0,0,0,0,0,0,0,0,0,0,0,0,0,0,0,0,0,0,0,0,0,68,0,0,0,0,0,0,0,0,0,0,0,0,0,0,0,0,0,0,0,0,0,0,0,0,0,0,0,0,0,0,0,0,0,60,0,0,0,0,0,0,0,0,0,0,0,0,0,1,0,0,0,0,0,0,0,0,0,0,0,0,0,0,0,0,0,0,0,0,0,0,0,0,123,0,0,0,0,0,0,0,0,0,0,0,0,0,0,0,0,0,0,0,0,0,0,0,0,0,0,0,0,0,0,0,0,2247,0,0,0,3,0,0,0,0,0,0,0,0,0,0,0,0,0,0,0,0,0,0,0,0,0,0,0,0,0,0,0,0,0,0,0,0,0,0,0,1,0,0,0,0,0,0,0,0,0,0,0,0,0,0,0
"gene_1167",120,0,0,0,0,0,0,0,0,0,0,0,0,0,0,0,0,0,0,0,0,0,0,0,0,0,0,0,0,3346,0,0,0,0,0,0,0,0,0,141,0,0,0,0,0,0,0,256,1783,0,0,0,0,0,0,0,0,0,126,0,0,0,0,0,0,0,0,0,0,0,0,0,0,0,0,0,0,0,0,0,2,0,0,0,0,0,0,0,0,0,0,0,0,0,0,0,0,0,0,0,0,0,0,0,0,0,0,0,0,0,0,0,0,0,0,0,0,0,0,0,0,0,0,0,0,0,0,0,0,0,0,0,0,0,0,0,0,0,0,0,0,0,0,0,0,0,0,0,0,0,0,0,0,0,0,0,0,0,0,0,0,0,0,0,0,0,0,0,0,0,0,0,0,0,0,0,0,0,0,0,0,0,0,0,0,0,0,0,0,0,0,0,0,0,0,0,0,0,0,0,0,0,0,0,0,0,0,0,0,0,0,0,0,0,0,0,0,0,0,0,0,0,0,0,0,0,0,0,0,0,0,0,0,0,0,0,0,0,0,0,0,0,0,0,0,0,0,0,0,0,0,0,0,0,0,0,0,0,0,0,0,0,0,0,0,0,0,0,0,0,0,0,0,0,0,0,0,0,0,0,1,0,0,0,0,0,0,0,0,0,0,0,0,0,0,0,0,0,0,0,0,0,0,0,0,0,0,0,0,0,0,0,0,0,0,0,0,0,0,0,27,0,0,0,0,0,0,0,0,0,0,0,0,0,0,0,0,0,0,0,0,0,0,0,0,0,0,0,0,0,0,0,0,0,0,0,0,0,0,0,0,0,0,0,0,0,0,0,0,0,0,0,0,0,0,0,0,0,0,0,0,0,0,0,0,0,0,0,0,0,0,0,0,0,0,0,0,0,0,0,0,0,0,0,0,0,0,0,0,0,0,0,0,0,0,0,0,0,0,0,0,0,0,0,0,0,0,0,0,0,0,0,0,0,0,0,0,0,1,0,0,0,0,0,0,0,0,0,0,0,0,0,0,0,0,0,0,0,0,0,0,0,0,0,0,0,0,0,0,0,0,0,0,0,0,0,12,0,0,0,0,0,0,0,0,0,0,0,0,0,0,0,2,0,0,0,0,0,0,0,0,0,0,0,0,0,23,0,0,173,0,0,0,0,0,0,0,0,0,0,0,0,0,0,0,0,0,0,0,0,0,0,0,26,0,0,0,0,0,29,0,0,0,0,0,0,0,0,0,0,0,0,0,0,0,0,23,0,0,0,0,0,0,0,0,0,997,0,0,0,0,0,0,0,0,0,0,0,0,0,0,0,0,0,0,0,0,0,0,0,0,0,0,0,0,0,0,0,0,0,0,0,0,0,0,0,0,0,0,0,0,0,0,0,0,0,0,0,0,0,0,0,0,0,0,0,0,0,0,0,0,0,0,0,0,0,0,0,0,0,0,0,0,0,0,0,0,0,0,0,0,0,0,0,0,0,0,0,0,0,0,0,0,0,0,0,0,0,0,0,0,0,0,0,0,0,0,0,0,0,0,0,0,0,0,0,0,0,0,0,0,0,0,0,0,0,0,0,0,0,0,0,0,0,0,0,0,0,0,0,0,0,0,0,0,0,0,0,0,0,0,0,0,0,0,0,0,0,0,0,0,0,0,0,0,0,0,0,0,0,0,0,0,0,0,0,0,0,0,0,0,0,0,0,0,0,0,0
"gene_1168",0,0,0,0,0,0,0,0,0,0,0,0,0,0,0,0,0,0,0,0,0,0,0,0,0,0,0,0,0,0,0,0,0,0,0,0,0,0,0,0,0,0,0,0,0,0,0,0,0,0,0,0,0,0,0,0,0,0,0,0,0,0,0,0,0,0,0,0,0,0,0,0,0,0,0,0,0,0,0,0,0,0,0,0,0,0,0,0,0,0,0,0,0,0,0,0,0,0,0,0,0,0,0,0,0,0,0,0,0,0,0,0,0,0,0,0,0,0,0,0,0,0,0,0,0,0,0,0,0,0,0,0,0,0,0,0,0,0,0,0,0,0,0,0,0,0,0,0,0,0,0,0,0,0,0,0,0,0,0,0,0,0,0,0,0,0,0,0,0,0,0,0,0,0,0,0,0,0,0,0,0,0,0,0,0,0,0,0,0,0,0,0,0,0,156,0,0,0,0,2893,2,0,1,70,87,125,0,0,5,249,0,0,0,0,0,0,0,0,0,0,6,71,24,1,0,37,10,61,0,0,0,0,0,0,307,0,0,0,0,0,0,18,0,0,0,0,0,1,658,203,0,0,0,13,1061,0,0,0,148,0,17,0,0,0,0,0,0,0,143,0,0,0,0,66,0,0,0,12,240,0,0,0,227,0,0,0,0,0,0,0,0,0,0,0,0,10,0,0,0,0,0,0,941,616,0,831,0,2,0,90,23,0,0,0,10,1,1102,18,0,281,1,2,0,0,0,0,0,558,54,0,0,0,11,0,0,30,0,0,0,0,0,1,13,0,0,33,1,0,0,0,0,0,0,10,0,0,0,1,0,0,13,0,0,0,0,492,0,0,0,174,0,0,130,16,0,0,0,0,1089,3701,28,0,0,0,0,1,0,3401,0,1,98,1140,0,0,0,0,271,0,4,0,0,0,0,0,0,0,0,0,0,675,8,0,0,0,0,0,810,424,0,0,0,0,90,0,0,639,2496,0,0,0,1506,0,7,1,125,0,0,0,9,26,0,0,0,0,0,0,0,0,0,9,1,0,1,0,0,6,1,57,41,7,0,18,0,0,0,36,359,113,42,0,4,0,31,116,2,5,0,0,14,367,0,5,1,0,0,606,5,8,1,57,0,0,0,0,99,0,0,0,4,22,0,0,0,50,0,7,24,165,0,0,206,0,7,0,3,0,0,2,0,0,0,2,0,4,1,435,156,0,0,65,295,101,0,74,1,12,0,9,0,0,0,25,8,0,2,0,0,6,0,0,0,0,0,6,0,0,0,7,0,0,2,0,0,0,1,0,10,0,0,0,424,79,4,0,190,2,0,0,0,0,0,1,0,0,0,31,596,2,1931,19,0,0,5,0,0,0,0,142,0,330,0,0,0,0,4,0,0,1,0,28,213,0,0,36,67,0,0,0,0,48,120,995,0,112,398,17,0,3091,0,1,0,0,0,508,0,10,509,0,58,0,1891,3,1,0,0,2,0,0,0,0,0,245,0,0,579,1,0,7,5,0,8,0,0,0,846,24,0,0,0,0,0,3,27,5,0,0,1629,0,0,0,0,63,0,0,0,0,2,0,0,2028,0,0,0,0,0,2,0,0,0,389,0,4,0,82,0,0,0,0,0,0,39,104,0,0,15,0,7,0,19,0,0,6,111,0,33,0,0,0,0,387,0,0,0,0,0,0,0,0,23,3,0,0,1,8,280,0,0,0,0,7,494,91,0,0,3,0,0,0
"gene_1169",6328,33615,22932,26134,23458,12671,16953,4363,1697,3906,6861,27977,8425,4977,10501,9000,399,3477,2075,13915,11252,10117,18088,16614,2294,22048,16711,27283,18321,4210,383,12481,4633,4103,6544,7905,10102,2286,15125,7880,39353,26013,556,17990,3893,18522,10536,14963,2686,6278,5859,9517,1378,10681,1022,3460,7725,19561,57903,12003,20022,3061,21849,2837,12810,10151,4360,24702,11893,22826,30806,8022,1039,12562,3620,4240,4615,1821,3242,23981,32859,3911,5423,7480,7772,11578,2616,5482,38110,2328,17738,2949,11042,35695,38997,7658,7926,3012,59936,3002,14457,43096,1366,43006,37001,50391,17814,20410,34693,1974,16052,425,194,7493,22602,15672,2957,2859,33778,11871,9961,428,282,2463,20290,19446,195,17508,5685,4557,1084,8687,9745,10715,20900,16048,22265,6107,10557,34842,9958,14364,10555,26379,21892,25671,45033,489,9309,1943,5475,52559,10886,5438,191,46238,48468,9152,15231,1084,22219,9384,15582,2364,4289,823,44958,4026,13351,17898,2529,4172,13618,2757,4830,25759,2689,21819,5147,3171,29691,9953,4835,1883,11187,53923,2376,45426,2,18690,21407,3754,11401,1681,276,618,3991,5721,156,32634,3339,14949,22912,2041,206,41439,673,11565,1856,9882,9537,18480,4261,707,5265,3218,23682,7923,30757,325,205,1512,23689,5190,351,1315,3858,402,207,9019,2296,929,4368,237,2053,6200,20348,5594,2012,1440,8476,14379,10733,163,13432,98,12121,859,242,1587,3018,20,1504,11242,220,26560,9047,5196,57547,3596,2697,14729,15471,10924,10570,34948,7031,373,6123,10667,15027,86137,85677,22692,29400,5203,1940,24795,21169,9090,6979,137103,32072,40292,26884,31345,2346,18346,26173,13556,56912,22643,31558,58026,23303,7469,6190,2298,18136,16097,17033,20142,30005,6956,100911,17043,21408,26118,12366,21206,3733,18618,31636,16194,10697,15999,16285,93202,14846,16871,24143,26938,12613,36096,20237,3942,6311,8970,67185,5236,20567,3004,61694,11559,12127,14164,6395,15746,38338,114361,11369,19083,31106,14396,6413,8725,16517,6576,11625,7139,33958,28403,9457,2234,21222,31733,26225,5741,30876,50368,10582,48853,22129,89442,45166,2265,8168,6922,5093,28382,23826,11149,52534,13638,18222,18263,48088,2655,57850,6152,17650,27337,102461,25015,6651,14826,1282,98030,60166,60597,65509,94406,44149,10801,107626,23593,17800,34098,5963,47698,14529,63236,39428,3175,62403,18891,30177,17223,28994,29518,10493,34504,27861,61096,19768,4267,9781,124604,34244,768,56641,12693,8151,78411,1649,30158,113394,6146,62509,13042,54863,74160,1122,4063,315,8094,13994,2924,3073,5923,9074,1134,18742,18668,279,10692,2744,166,958,30092,4890,316,12842,1852,3259,1622,18911,2692,11209,4925,8548,5990,7357,4130,6471,35538,6318,2206,9472,1271,97,4009,14848,97,17,4734,11309,317,657,2427,2193,19546,139,383,2880,828,8509,31,196,1640,16983,1798,548,1378,204,6047,2410,2218,1193,8792,229,355,70,9967,15331,1939,1205,281,1852,2906,455,1198,595,8842,246,5902,4553,20,314,23,16,6836,966,2032,255,36155,647,5326,2867,2107,316,9737,2032,18149,246,34455,13555,10047,385,1068,1769,13929,875,33,10281,13124,3843,1943,8440,176,22750,1035,4096,4313,8711,60,1666,324,1960,13018,33299,41330,160,53,667,12151,7892,2103,3137,7680,12,513,5238,23,42,13,0,1,1015,183,34,467,430,1593,48,0,4806,32352,11982,1629,438,0,9,16155,0,20,6223,2496,9038,15,5735,0,18488,715,7396,6045,47127,52,25760,110,547,14913,48,945,932,128,42577,431,3131,60,15404,46,17,13,54650,24760,26,2156,6687,5223,135,13355,280,2652,70,15,8,51396,879,0,1446,193,4482,34724,9697,25,1104,1282,17086,115,6184,51636,1257,1473,24814,460,20795,25,39,8283,4265,7,3724,20867,117,4,23412,1666,2075,6481,0,10,0,471,1106,0,49,13139,8,0,3837,4086,56533,8187,1536,7216,34,14810,13054,6609,16779,1535,4134,1766,1106,114,6801,50,488,11791,10872,6640,3,12728,0,2728,0,8032,13221,13,0,1111,20600,68327,16269,125,10005,1392,5928,7659,645,0,1833,3153,32,9368,8897,29981,5,26074,1,5,34,7286,181,1024,52,18,970,23438,109,37,0,79,10860,35669,396,344,1,28506,15819,3153,4736,49474,981,2873,55,142739
"gene_1170",0,0,549,0,0,0,0,0,0,0,0,1791,0,599,0,521,16,0,0,3,0,1,558,0,0,0,158,0,0,0,0,0,0,0,0,0,0,2,1,0,0,0,0,0,6,0,0,0,23,0,0,0,0,0,22,0,0,0,0,0,517,0,0,0,0,0,0,0,0,1154,0,42,0,0,31,0,0,0,0,0,127,0,20,0,288,0,0,0,0,0,0,0,20,0,0,114,0,129,0,0,0,0,12,6,3368,1,0,11,113,0,0,0,0,0,0,10267,0,0,1129,2781,0,0,0,0,6,200,0,182,0,2261,0,0,0,0,0,0,1952,0,0,1,398,0,0,0,0,0,0,0,0,17,0,0,0,0,0,0,0,0,0,96,0,0,0,0,32,0,0,57,0,0,11,0,0,0,0,0,28187,0,33,119,4,0,0,0,6,0,0,0,2,0,0,0,0,0,0,0,3,0,0,0,3,0,0,0,93,0,1257,2,0,0,0,0,0,0,0,0,0,1,0,29,54,1,2,0,11,0,0,0,0,0,0,2,54,0,0,0,25,97,7284,0,8,6,0,126,0,0,0,0,0,1,0,0,0,0,1,0,11,0,0,0,69,0,0,8,1181,5,16,0,131,430,0,9,35,0,0,82,91,19,16,0,0,14,364,0,140,0,0,283,1595,16,0,49,0,0,11,0,2,5232,0,4,0,39,489,265,888,0,0,2,0,0,2403,214,444,1,2,4,1448,145,0,1,6,0,32,123,3,0,53,2,11,170,32,0,0,3347,99,338,96,84,0,0,7,1617,366,132,131,4,17,33,12,149,0,0,1354,8,1377,421,0,907,470,16,2,1,0,2081,0,8,0,1017,81,0,0,148,4152,0,81,22,757,9176,4,24,194,165,3647,13,0,286,0,1020,0,4,100,1,1614,577,1729,2,59,8,0,33,186,0,0,4,21,756,1,0,0,33,0,896,257,18,15,2,0,9,0,53,0,26,0,606,1,307,4,53,0,3,0,472,2,405,0,2,0,0,0,0,0,0,0,74,0,564,0,0,1251,0,0,0,0,0,10,0,0,0,0,0,0,0,0,13,544,0,0,12,0,1,2,0,0,0,225,0,4,11,0,25,0,203,0,0,88,0,6,0,99,0,2,0,31,305,0,0,448,174,2235,0,0,385,0,531,0,281,0,0,0,5,0,3,20,0,0,0,0,0,0,18,0,8,0,0,0,0,1,0,2,0,113,0,40,15,0,0,0,0,0,65,0,0,47,15,0,0,0,0,156,24,13,15,0,0,0,0,0,0,0,179,419,1,5,0,0,0,0,0,325,9,0,0,0,0,4104,0,0,0,1,0,0,0,0,0,0,191,0,4704,27,7,0,0,7,53,0,0,162,0,0,28,0,1,0,16,0,0,0,1181,0,0,0,0,32,0,0,673,0,0,1,0,0,0,1238,0,508,0,0,0,0,153,0,199,166,0,0,1474,0,0,0,0,0,328,0,0,308,0,0,0,0,337,0,0,0,0,0,0,13,0,0,0,2,0,0,269,0,0,0,0,0,0,75,0,0,0,8,0,0,2,0,0,0,0,1602,0,0,0,0,0,0,651,1,0,0,0,0,1073,0,0,0,0,1,0,0,9,0,0,0,0,0,0,0,3,0,0,0,0,0,0,0,0,0,46,0,5151,0,0,0,0,2,0,0,1,0,0,0,0,0,0,9,0,0,0,0,27,0,0,0,51,0,0,1,38,0,0,5,0,211,0
"gene_1171",0,0,0,2,6,2,0,6,445,0,0,0,1420,57,403,0,0,2250,38,7,1,0,0,52,0,0,9,265,2519,3242,45,2782,33,0,1,0,0,932,3,264,1,2986,26,1778,0,0,6,15,0,197,57,0,24,0,0,34,1755,0,1,0,123,0,0,982,0,5,0,3703,0,27,0,13,0,3,0,0,0,0,907,0,0,0,51,15,49,0,0,986,89,0,192,192,0,0,0,0,34193,1312,0,0,0,0,0,686,2,0,14,1222,0,0,0,0,0,0,0,0,5,0,0,0,0,0,0,0,0,0,0,33,0,0,0,0,0,0,0,0,0,3,0,0,1925,0,0,0,0,0,0,145,10,0,0,0,19,0,0,402,0,0,0,0,0,0,0,194,0,0,0,0,0,0,0,0,0,0,0,2766,2116,0,0,0,0,0,0,0,0,0,0,0,0,0,1,0,0,11,0,2557,2,0,0,2,2,29,848,0,0,0,7,2,19,0,81,0,0,0,0,0,0,1,9,0,0,0,183,0,0,385,0,0,0,33,0,0,0,0,0,0,2,60,1249,0,0,0,0,81,0,0,0,0,0,5705,0,0,0,303,0,0,0,0,0,32,100,6,0,189,0,2,0,0,4,0,0,1,3,3204,0,163,0,1,0,0,0,0,0,99,0,18,1137,0,3,0,572,0,0,10,801,1067,0,0,0,183,0,0,0,0,53,0,222,2789,0,0,0,0,198,0,0,1872,0,349,0,0,527,200,0,4,0,0,0,1350,0,0,0,0,2704,348,0,0,0,1,0,212,0,0,0,1,21,0,4,0,14,119,0,0,0,0,0,121,0,0,0,1145,252,0,576,3,89,2,0,1926,0,0,127,0,0,6,0,14,7865,1,1329,36752,0,280,0,0,1,0,33,0,0,0,5,763,461,200,591,90,1663,0,13,346,10,0,565,156,12401,0,0,0,0,0,268,0,25,1,4657,0,0,0,575,448,12,473,24,0,0,3,101,0,0,2107,0,0,4,0,55,117,0,0,156,0,0,189,1241,0,454,0,39,5,2718,0,467,0,0,81,0,94,59,185,3625,37,0,0,0,25,0,37,30,0,0,1,123,21,359,1529,7,40,0,1275,8321,0,35,0,2,0,0,622,0,0,26,133,0,473,0,4,301,154,0,0,77,521,0,0,1686,3,6,0,311,0,1230,3703,0,3382,0,0,2202,0,0,120,0,0,0,0,332,29,62,0,12,86,0,234,581,5435,1154,2,0,0,231,2028,357,23,1,4,420,297,246,0,0,0,1289,106,16,0,0,2,444,0,1,3,13,48,142,0,0,26,1988,36,71,747,6,0,0,42,11,1,4,0,0,1,371,0,0,677,12,0,0,0,0,0,0,0,309,0,3,0,0,0,2,2493,0,0,0,335,0,195,320,0,1432,0,3400,0,0,0,0,0,413,1,67,0,0,0,1,0,0,0,2766,0,22,10,790,0,0,0,1,0,0,0,85,0,0,104,0,0,1,767,0,18,0,0,284,0,216,26,454,0,0,10,0,0,0,0,0,16,0,0,0,0,1,1567,1024,1,0,0,0,0,16,0,25,0,1,0,0,0,5,1524,2633,0,143,0,0,0,0,33,6,47,13,2840,0,0,0,121,0,44,0,0,0,32,12814,18,0,3,0,0,39,1,131,0,0,0,0,534,11,1014,0,0,583,0,51,13,0,0,0,0,0,708,90,626,412,2758,0,0,0,5023,0,3,0,0,1,421,39,0,12,0,0,0,16,0,404,0
"gene_1172",0,0,0,0,0,0,0,0,0,0,0,0,0,0,0,0,0,0,0,8,0,0,0,0,0,2,0,0,0,0,0,0,0,0,0,0,0,0,0,0,0,0,0,256,0,0,0,0,0,0,0,0,0,0,0,0,0,0,0,0,0,0,0,0,0,0,0,892,0,0,0,0,0,0,3105,0,0,0,45,3,0,0,0,0,0,0,0,0,0,0,0,0,0,0,0,0,0,0,0,0,0,0,0,0,0,0,0,0,0,0,0,0,0,0,0,0,0,0,0,0,0,0,0,0,0,0,0,0,0,0,0,0,0,0,0,0,0,0,0,0,0,0,0,0,0,0,0,0,0,0,0,0,0,0,0,0,0,0,0,0,0,0,0,0,0,0,0,0,0,0,0,0,0,0,0,0,0,0,0,0,0,0,0,0,0,0,0,0,0,0,0,0,0,0,0,0,0,0,0,0,0,0,0,0,0,0,0,0,0,0,0,0,0,0,0,0,0,0,0,0,0,0,0,0,0,0,0,0,0,0,0,0,0,0,0,0,0,0,0,0,0,0,0,0,0,0,0,0,0,0,0,0,0,0,0,0,0,0,0,0,0,0,0,0,0,0,0,0,0,0,0,0,0,0,0,0,0,0,0,0,0,0,0,0,0,0,0,0,0,0,0,0,0,0,0,0,0,0,0,15,0,0,0,0,0,0,0,0,0,0,0,0,141,0,1,0,0,0,0,0,0,0,0,0,0,0,0,0,0,0,0,0,0,0,0,0,0,0,0,0,0,0,0,0,0,0,0,0,0,0,0,0,0,0,0,0,0,0,0,0,49,0,0,0,0,0,0,0,0,0,0,0,0,0,0,0,0,0,0,5,0,0,0,0,0,0,0,0,0,0,0,0,0,0,0,0,63,0,0,0,0,0,0,0,0,0,0,0,0,0,0,0,0,0,0,0,0,0,0,0,0,0,0,0,0,0,0,0,0,0,0,0,0,0,0,1530,0,0,22,0,0,0,0,0,0,0,0,0,0,0,0,0,0,0,0,0,0,0,0,0,0,0,0,0,0,0,0,0,0,0,0,0,0,0,0,0,10,0,0,0,0,0,0,0,0,0,0,0,0,0,0,0,0,0,0,0,0,0,0,0,0,0,0,0,0,0,0,0,0,0,0,0,0,0,0,0,0,0,0,0,0,0,0,0,0,0,0,0,300,0,0,0,0,0,0,0,0,0,0,0,0,0,0,49,0,0,0,0,0,0,0,0,0,0,0,0,0,0,0,0,0,0,0,0,0,0,0,0,0,0,0,0,2,0,1,0,2,0,0,0,0,0,65,0,0,0,0,89,127,0,0,0,0,0,0,0,0,0,0,0,0,0,0,0,0,0,0,0,0,0,0,0,0,0,0,319,0,1,0,0,0,0,0,0,0,0,0,0,0,0,0,0,6,0,0,0,0,10,0,0,0,0,0,0,17,164,0,0,0,0,0,0,1,0,0,2,0,27,6,0,0,0,0,0,1,0,0,17,0,0,0,0,0,0,0,0,0,0,0,0,0,0,0,0,0,0,1,0,0,0,0,0,0,0,0,0,0,0,0,0,0,0,0,0,11,0,0,0,0,0,32,0,0,0,4003,138,0,0,0,0,0,0,0,5,0,0,0,0,0,0,0,0,0,0,0,0,0,0,19,0,0,0,0,0,0,36,0,0,0,0,0,0,0,0,0,0,0,0
"gene_1173",0,0,0,0,0,0,1,0,3022,0,0,0,0,0,0,0,0,0,1849,55,92,0,0,1707,2,0,0,0,0,0,0,0,132,0,0,0,0,2885,1,0,0,0,0,0,0,0,0,0,202,0,0,39,0,0,22,0,0,0,0,0,0,0,0,0,0,0,64,0,0,153,0,0,0,167,0,0,0,0,0,0,0,0,0,2497,0,0,0,864,37,417,2,0,0,23,0,0,0,0,0,0,0,0,0,0,0,0,0,0,0,0,0,0,0,0,0,0,0,8506,0,0,0,0,0,0,0,0,0,0,0,0,0,2037,0,0,0,0,0,0,0,0,0,0,0,0,0,0,0,0,0,0,0,0,0,0,0,0,0,0,0,0,0,0,0,0,0,0,0,0,0,0,0,0,0,0,0,0,0,2588,0,0,0,0,0,0,13283,0,0,0,0,0,0,0,0,89,89,0,0,0,0,0,0,0,0,0,0,0,0,0,0,0,0,0,0,0,0,0,0,0,0,0,0,0,0,0,0,0,0,0,0,0,0,0,0,0,0,0,0,0,1,0,0,0,0,0,0,0,0,0,0,0,0,0,0,0,0,0,0,0,0,0,0,0,0,0,46,429,0,578,0,0,0,2,0,0,0,147,0,21,1,0,4,2,0,59,261,0,0,0,0,6,0,4,0,5,654,0,2,0,0,98,1,1292,0,0,17,0,0,0,0,0,49,0,0,0,0,0,5,0,0,0,0,0,0,10,0,0,0,0,274,3,0,0,6,0,3,0,98,0,10,1,0,4,2,2,217,7,5,0,0,0,0,1,0,19,0,0,3,22,0,0,0,0,0,0,0,0,0,0,2,31,0,5,0,0,0,5,4,0,0,70,8,1082,1,0,0,0,0,0,0,0,0,5,0,62,35,14,49,20,26,0,1806,0,1173,0,0,27,0,0,175,0,0,0,209,0,0,0,55,763,20,15,0,5,0,1434,1,0,1,0,3,0,0,34,0,686,0,0,0,0,55,81,0,0,0,2,38,0,0,0,17,0,0,367,0,6,0,0,0,0,3,90,0,0,0,0,0,0,0,1,162,2,0,0,0,38,0,0,0,0,0,0,0,0,0,0,1796,2,0,0,0,0,0,0,99,35,0,361,0,0,0,0,0,1291,0,123,0,0,0,0,0,0,0,52,0,227,0,0,48,0,0,2,0,0,0,0,272,0,0,254,0,0,0,380,0,0,1,1,38,19,0,0,0,134,404,6,20,0,0,0,0,389,2,217,94,0,0,776,0,0,0,0,0,0,0,0,0,0,0,0,0,213,0,0,0,0,0,0,0,0,0,0,0,0,1,0,0,0,0,0,0,0,325,0,0,44,0,0,0,0,0,0,0,0,0,0,0,0,24,0,0,218,0,0,2383,0,0,0,0,0,0,0,0,0,0,0,3,0,0,0,0,0,0,0,0,0,0,0,0,131,3,0,0,0,0,0,0,904,0,0,0,0,0,0,17,228,0,2,0,0,0,0,8,0,0,0,0,0,11,0,0,0,0,0,12,172,0,0,0,0,20,335,0,0,0,0,45,75,0,0,0,0,5,0,0,0,0,0,0,0,0,0,0,0,0,0,0,0,112,0,0,133,0,7,0,0,0,0,0,0,0,2,2,0,0,0,0,0,0,327,0,0,0,6,0,0,0,150,0,0,23,834,0,0,0,0,1,51,0,0,0,0,0,0,0,0,0,0,0,2
"gene_1174",0,0,1,0,0,0,0,0,7,0,1528,0,2,7607,0,1081,6285,0,0,0,24,0,0,0,0,5,0,0,0,0,0,0,0,575,0,0,8,117,0,0,25,27,0,0,0,0,378,0,0,1,0,0,0,471,0,0,0,0,0,0,0,0,0,0,4750,3,0,0,0,38,75,0,0,0,0,20,0,1,12,16,0,0,520,0,0,8768,0,0,0,0,0,0,0,168,0,0,0,0,0,142,0,14,23,0,0,0,950,2,0,0,0,80,0,90,0,0,0,92,0,0,101,0,0,1,0,0,0,0,0,1,1,2,1479,0,0,22,1443,16,814,0,0,0,0,0,0,11,1,902,0,0,0,1,1,0,0,81,2,0,0,0,0,2825,0,3,0,0,0,3,0,30,61,0,0,1,0,0,31,0,1,0,64,2,3327,0,10,135,0,348,5,0,2053,2014,28,0,0,8,0,107,0,0,1305,0,0,2308,0,2205,1,0,2,2011,0,0,15,0,10514,0,1227,10,2279,0,1152,0,0,0,10,0,5541,0,102,2,0,1,237,2,176,0,470,0,2,0,1,32,6886,11,0,1,0,464,0,3,1,1,0,0,2922,9,29,168,0,0,2,1502,177,1368,1933,2136,2478,3,0,43,0,0,1,935,207,344,16,61,5,88,11,214,0,2327,15,152,379,747,563,0,1255,81,8,858,20,39,0,6,139,0,127,733,0,758,1037,0,2,24,625,270,0,25,51,188,279,4,20,13,89,171,36,117,16,1426,834,122,5,918,678,14,0,1,435,71,0,150,7,0,257,2967,11,0,152,48,174,35,9,2049,2052,534,821,812,0,34,4,0,83,432,106,80,4950,252,25,7226,112,1,0,961,105,527,7,2,3,68,0,0,0,38,0,261,2334,3001,370,139,835,347,841,0,139,8,29,645,339,5978,1,711,21,103,324,2578,0,3,70,41,0,48,3,6,0,5,1422,515,587,15,2,25,0,488,3497,0,12,4,670,209,0,0,1602,0,14,550,28,270,41,19,4734,19,0,227,191,829,0,283,1998,1,8051,0,9,1942,1,621,5,0,4262,51,730,1,552,1,14,0,20,126,0,43,67,267,412,463,0,776,527,3,0,809,320,84,781,83,0,5,1,868,1,348,7,79,0,79,18,35,3239,1,2041,1363,7,0,169,241,3,904,45,0,50,704,2,93,2,3,0,39,127,1074,1668,77,89,196,2,1897,3327,607,0,62,12284,498,176,4,43,64,92,0,1030,8301,8,22,8,0,24,1,120,681,1535,292,1007,258,4,13,0,1,157,7,1,713,180,83,19,29,13,413,723,9,450,3920,0,3016,198,258,3,4088,199,0,1280,95,0,19,18341,0,376,0,2212,27,486,155,81,1058,658,142,637,1,2814,0,3,48,597,0,71,0,50,10451,0,0,6695,12,0,63,18,6695,717,1084,3426,0,0,41,27,910,1,0,8557,3,4,11736,0,0,1,0,0,8864,678,570,35,1825,0,0,1,2,925,0,349,1193,0,1844,3777,308,457,19,0,4761,1,0,0,0,0,217,10,0,0,41,1,0,0,1,37,1392,3,66,617,9,739,799,1003,0,0,0,0,1611,2,213,659,0,2549,3301,69,137,626,0,2,0,18,0,3135,2600,2031,0,1,1530,2,1779,599,107,5,259,1,0,0,667,0,29,160,247,135,374,0,6,0,4,322,2,416,84,215,0,5885,2730,0,0,0,90,329,6524,0,0,0,0,173,81,1,1399,2815,148,0,0,0,6227,4,13000,5225,27,159,5789,0,639,1958,8101,64,691,703,5,33,8
"gene_1175",722,19,1919,1,2677,0,368,206,660,8141,42,3390,1989,108,1433,3460,1319,18,2030,734,251,833,42,518,5494,3199,2,160,188,461,2389,0,184,591,565,0,478,2384,402,168,172,25,0,0,200,2071,337,338,4995,996,1227,505,38,2698,6776,717,252,32,268,0,51,584,1956,1398,8,118,738,433,563,4314,2568,11,120,383,0,2057,310,1342,211,2319,2070,154,242,569,510,642,49,679,329,2830,4575,352,870,69,151,1,1419,1,91,27,106,2015,245,22136,1401,579,31,37,0,1620,6047,17,2354,7,278,2719,8,2644,240,15,19,0,55,0,1276,3782,0,700,6992,571,0,0,140,351,0,143,61,0,24,14,12762,0,5371,943,25938,7153,6947,4442,3563,1,5,663,15,172,0,0,672,24172,34605,34,0,5,367,2258,0,2603,0,220,0,0,0,8880,16142,56,4,115,1599,7983,8326,714,11545,0,1245,71,929,672,2907,0,577,3850,3713,0,1,3059,10347,906,2,0,0,202,2268,91,1798,1883,6,5,696,285,70,1924,1595,451,249,0,3056,0,12,0,3351,801,128,62,2088,103,1615,0,1210,11603,1282,1096,3,7164,75,2200,733,1453,228,38,374,0,0,575,6470,71,123,1453,314,3693,1485,0,7941,991,11594,23,181,0,377,2,121,6,707,645,685,443,311,590,3285,14,71,146,779,868,117,801,1246,0,1086,154,399,54,1089,1540,5,664,780,72,997,3090,40,3944,37,391,15,0,2077,1,1095,534,414,224,373,356,1334,1995,1152,129,135,50,54,348,831,3806,184,434,7560,548,1393,176,675,2085,2063,156,460,792,1937,856,108,67,3088,1924,198,0,2768,81,24,649,315,12,103,28,250,950,101,2500,2280,61,631,1125,218,148,389,307,1705,13,237,3,2177,90,103,2652,767,19,390,3574,4606,1487,2601,699,242,132,1,70,4004,537,7,374,4457,11,2994,264,1512,276,2258,53,390,1836,42,1439,1325,2381,2785,182,3183,8,2167,4401,6,28,264,640,470,2625,1617,1028,721,3319,2723,61,2426,17,1069,9,6087,2094,255,93,115,42,21,176,2190,1844,4,6134,75,926,3372,153,4,1,614,94,0,30,126,345,592,46,85,137,242,184,28,468,15,3187,950,752,96,81,2125,116,137,128,11,74,2561,513,171,29,537,279,1229,41,978,374,1234,93,1024,748,3,5,1750,41,12,21,2702,66,110,2290,23,835,139,48,61,497,541,479,0,1,47,85,1051,3912,292,429,200,619,17,296,63,5,198,909,1062,11,502,83,542,1,67,16,2262,455,658,28,207,56,13,485,51,232,3,172,145,758,158,1529,497,1,88,902,373,949,615,1114,31,217,230,764,103,1,67,389,748,156,171,14,63,4,300,946,19,55,24,2568,1680,6547,0,68,555,287,391,2676,293,441,2105,638,2,3,2,5,52,6,637,857,817,450,95,21,1,537,3,285,10,613,22,467,288,10,992,1248,0,3321,250,2,8,177,12,132,973,228,394,1057,3197,665,0,2129,1427,5,611,6,1458,6,0,174,2018,7,185,0,277,796,179,1086,708,6929,1251,6,319,611,0,0,3,0,320,13,806,364,370,67,23,2845,1008,101,901,3171,27,383,21,4387,95,732,74,72,58,63,1632,108,0,360,566,26,723,1197,3,1863,11,2652,64,1281,199,1,1394,41,0,979,5,15,2828,2284,26,0,386,6,1,37,96,1,0,172,489,0,278,313,11,5,4474,1740,3,18,221,7,27,72,542,8,1193,46,72,75,41,0,155,598,822,322,29,0,74,7,3770,1,757,19,9,91,822,1027,365,0,412,35,301,159,8,101,3439,33,20,1,4,313,54,145,3,9,7,404,6,1287,1228,777,2,58,296,6,57,98
"gene_1176",0,212,0,525,2439,7,4658,81,3666,0,1673,25,240,1524,28,6095,709,0,473,0,460,4,1747,0,15203,1278,128,3156,0,1,243,71,0,0,8383,8898,0,0,0,1,0,3,0,0,730,395,0,0,2,72,39,189,175,0,3,0,2452,24,445,31,5,7197,0,0,9203,0,0,0,330,255,137,4,1,0,962,0,2,840,1,2002,1,0,6,1463,0,545,5,3455,339,0,0,5434,164,0,7900,1,1,481,362,88,1,247,794,10,15637,570,0,4,42,2,33,0,5,297,0,3,0,1629,3227,0,0,34,136,6,1,0,65,76,2473,0,888,2,2,25,0,0,4413,114,1,114,0,168,0,10,0,48,284,1,1695,6,85,0,38,0,0,392,0,48,616,0,280,136,0,4,67,9114,20,24195,376,1216,0,0,466,1144,1803,286,5872,1,0,0,11939,330,1040,20771,511,0,5436,0,2560,0,0,0,0,0,0,251,241,0,483,656,0,52,0,1,0,19,30,17,103,0,0,1,1,99,57,0,1788,5,131,2,2057,4,55,36,1441,1599,3,5573,0,1286,0,57,2632,1394,679,1,0,1028,0,31,0,0,0,0,0,510,96,26,1724,65,0,6349,0,0,0,0,0,1,0,6,0,0,6131,0,1,0,1,1374,81,6,2923,0,1185,850,0,60,0,0,2026,195,6,15,397,2710,2105,0,563,3252,0,370,475,30,25,7,186,0,0,1,16,0,0,8,0,389,166,63,0,0,1182,8,96,3517,4769,0,1,448,90,7,1,1031,914,0,0,0,219,837,851,198,11467,1942,0,20,1,13,0,508,2,5,1044,437,0,190,1098,3,0,0,0,0,1598,18,18,0,265,103,570,0,385,25,4,0,55,0,1267,2815,456,0,0,1294,0,1233,7227,168,8504,1,0,13544,10908,3,2,778,22428,7,112,0,3006,12,788,0,1029,19,700,368,0,53,5,0,43,0,0,0,0,1,676,4252,3131,0,0,0,685,470,329,493,4,4,560,9,2716,11,0,0,602,90,18,4533,10,3800,978,0,1,0,788,2783,7,0,0,0,0,0,0,0,48,0,2,0,0,3,0,5,107,0,11,0,0,0,4384,0,2758,0,0,0,0,0,0,0,0,0,2685,2515,0,0,0,0,0,0,1,0,0,1,0,493,14602,22,0,0,3111,0,0,39,0,0,0,0,1639,0,0,767,0,0,11,75,0,612,22,3907,0,0,0,0,82,0,2,0,0,1,4659,109,0,2656,0,442,0,0,0,0,0,0,1,1565,348,5306,954,0,0,9226,0,0,3981,0,0,0,5,27,0,0,35,0,1,0,0,0,0,217,0,0,0,39,4030,5,130,6442,0,182,0,0,1,14,0,0,0,65,0,0,0,0,0,0,0,0,0,0,0,0,0,320,0,0,0,0,0,0,0,0,0,0,0,0,0,0,228,572,0,111,0,22,0,0,1,0,88,0,0,0,2820,0,0,13,993,0,0,0,0,0,0,0,0,0,103,4,0,0,0,0,0,62,0,0,0,0,0,0,0,0,0,0,4,0,0,0,14,0,0,1,0,0,887,8,351,0,0,1,0,0,0,0,0,6630,0,0,2558,0,0,0,0,0,0,0,0,0,0,0,0,0,0,0,0,0,0,21,0,0,351,0,29,231,397,0,1,0,0,0,0,0,0,0,0,0,0,0,0,0,1,1,0,257,42,0,0,0,0,0,568,4,301,1,3,14,0,6,0,5,0,0,1520,0,352,0,0,7600,2106,0,0,0,0,1,4,4,4,0,0,0,0,0,0,8,0,0,0,0
"gene_1177",0,0,0,0,1,0,0,0,0,0,0,0,0,0,0,0,0,0,0,0,0,0,0,0,0,0,0,0,0,0,0,0,0,0,0,0,0,0,0,0,0,0,0,0,0,0,0,82,0,0,0,0,0,0,0,0,0,0,0,0,0,0,0,0,0,0,0,0,0,1,3409,0,0,0,0,0,0,0,0,0,0,0,0,0,0,0,0,0,0,0,0,0,0,0,0,0,1,0,0,0,0,0,0,0,0,46,0,0,0,0,0,0,0,0,0,0,0,0,0,0,0,0,0,0,0,0,0,0,0,0,0,0,0,0,0,0,0,0,0,0,0,0,0,0,0,0,0,0,0,24,0,0,0,0,0,0,0,0,0,0,0,0,0,0,0,0,0,0,0,0,0,0,0,0,0,0,0,0,0,199,445,0,0,0,0,0,0,0,0,0,0,0,0,0,0,0,0,0,1,0,2,1,0,0,0,0,0,0,0,1,0,0,0,5,0,14,3,0,0,6,0,1,9,0,0,0,0,0,0,1,2,0,0,0,0,0,0,1,0,0,0,1,3,0,3,0,0,0,0,0,0,1,0,0,0,0,1,0,0,0,0,0,0,0,0,0,0,117,0,100,0,0,0,0,0,0,0,0,0,0,0,0,0,0,0,0,0,0,0,0,0,23,2,0,0,0,0,0,0,0,0,0,0,0,47,0,0,0,0,0,0,0,0,0,0,0,0,0,0,0,0,0,0,0,0,0,0,0,0,0,2,0,0,0,0,0,0,661,4,0,0,1,0,0,0,7,0,0,0,0,0,0,0,0,0,0,0,0,0,0,0,0,0,0,219,0,0,10,0,0,19,5,0,11,0,590,0,0,0,0,0,0,0,0,0,210,0,0,20,0,5,0,0,18,8,0,3,0,0,0,0,0,0,0,162,0,0,0,0,0,0,0,0,0,0,0,0,1,0,0,51,0,0,0,0,0,0,0,0,0,0,2,0,0,0,0,0,0,0,0,0,5,0,0,0,16,0,0,0,0,0,0,0,0,0,0,0,1,0,0,0,0,0,0,0,1374,0,0,0,0,2,0,0,0,0,0,95,0,11,0,0,0,0,0,0,0,0,0,0,0,0,0,0,8,0,7,0,0,0,0,0,128,0,0,0,1,0,0,0,0,0,0,0,0,0,0,0,0,22,0,0,4,108,0,53,0,1,0,0,0,0,63,0,0,0,0,0,417,0,0,0,0,0,0,0,0,0,0,12,0,0,0,0,0,0,0,0,0,0,0,10,0,0,0,0,0,0,0,0,0,0,0,0,0,0,0,0,0,0,0,0,0,0,0,0,0,0,0,0,0,0,0,0,0,0,0,0,0,0,0,0,0,0,0,0,0,0,0,0,0,0,0,0,0,0,0,0,0,0,0,0,0,0,0,0,0,0,0,0,0,0,0,0,0,0,0,0,0,0,0,0,0,0,0,0,0,0,0,0,0,0,0,0,0,0,0,0,0,0,0,0,0,0,0,0,0,0,0,0,0,0,0,0,0,0,1,0,0,0,0,0,0,0,0,0,0,0,0,0,0,0,0,0,0,0,0,0,0,0,0,0,0,0,0,0,0,0,0,0,0,0,0,0,0,0,0,0,0,0,0,0,0,0,0,0,0,0,0,0,0,0,0,0,0,0,0,0,0,0,0,0,0,0,0,0,0,0,0,0,0,0,0,0,0,0,0,0,0
"gene_1178",0,0,0,0,18,0,0,0,0,0,0,28,4,0,0,0,0,508,0,2,0,49,33,0,0,0,0,0,0,0,0,0,0,0,64,0,249,216,0,0,0,0,0,0,0,0,0,0,0,0,0,0,0,225,0,0,2,0,0,254,0,31,0,0,520,0,0,0,0,125,0,0,0,109,0,255,0,0,0,0,0,0,0,0,0,0,0,0,0,0,0,0,0,0,2396,7,0,0,0,2,278,0,0,12,0,1476,0,0,2,39,0,217,142,0,0,0,401,0,640,0,0,12,0,0,6,4,0,0,0,1,35,2,0,0,261,0,0,7,0,17,0,0,10,524,0,0,121,0,215,0,6,1,0,1592,0,0,0,0,57,20,270,0,2723,0,0,1,0,81,8,69,0,0,0,0,0,1137,0,0,0,0,0,2640,0,284,116,0,0,11627,0,0,0,0,0,6,123,0,8,0,0,0,0,0,0,0,0,0,0,109,0,0,0,0,0,0,0,0,0,0,0,0,0,164,0,0,0,0,0,0,0,0,0,0,213,0,4,0,4,0,0,0,0,0,0,0,0,0,0,0,4,30,0,0,0,0,0,2,0,3,16,0,1267,136,298,356,4431,161,31,528,3290,137,12440,2683,10,141,0,1005,441,496,14,1,2,1853,24,193,24,81,0,894,15,65,70,1287,295,0,47,132,2621,0,1427,95,1796,286,2231,805,8728,6505,163,553,1159,924,2,1,1,0,2,78,23,194,48,1627,14,1147,80,58,1,8,2,419,834,608,1,117,14,778,11,243,1898,1164,12,1942,3,9,12,7421,0,835,0,170,20,9,13,1134,797,1095,16,37,555,285,209,0,222,9,1095,1841,28,108,560,757,27,103,572,99,2322,325,272,1,7276,17492,757,5,685,7,276,385,56,108,2,7,1371,8,755,623,36,3,810,33,82,80,69,25,24,1,4,2857,0,817,386,439,3948,0,43,1657,216,2714,301,1145,51,0,3,48,0,157,98,5466,2,809,2461,19,826,214,351,1742,51,25,20,1611,0,0,3527,0,391,27,0,1291,6865,0,0,0,1622,1,0,690,0,0,0,50,36,0,14,15,3355,0,1,509,0,1265,1746,8,0,2645,1312,902,141,0,0,0,1,10,22,3999,760,0,3,121,0,222,0,30,0,10,0,12,0,912,0,0,1579,0,13,2876,0,144,0,0,1983,0,9,17,3663,1004,285,1007,0,6,1,275,0,0,0,0,60,1496,5,369,476,683,851,1,0,0,4695,1,3,43,0,57,0,38,230,40,9,557,2,44,0,11,0,35,37,73,0,1,0,1,719,0,482,0,134,4293,212,1082,9037,1658,806,1,0,2366,1,483,4,0,3809,4781,49,464,0,0,0,0,0,2688,0,0,0,0,851,11,257,0,0,0,0,19,0,0,3,0,0,10,0,1309,0,0,0,0,178,6893,0,0,1,1,4,0,0,0,0,0,0,1022,0,1213,1,10,2,0,0,0,0,7,0,0,65,0,132,3497,0,1,0,1260,0,322,1,0,0,4,5,55,0,3799,1,0,0,0,22,194,0,21,3,0,0,0,0,11142,0,0,0,4,0,0,0,0,25,0,0,0,0,0,5,0,0,0,306,555,0,0,0,6,52,6,4,0,0,2,1,0,0,0,0,2,0,0,7,0,0,5,450,13622,0,0,45,0,0,0,0,1,0,0,3479,0,0,0,973,15103,0,131,0,0,0,1,332,0,0,0,0,0,0,0,0,0,2,0,0,178,0,0,117,21,0,0,2003,0,3500,0,2,0,7,1
"gene_1179",0,0,0,0,0,0,0,166,0,0,0,0,0,0,0,0,0,0,0,0,0,0,0,0,0,0,0,0,0,716,0,0,0,0,0,35,0,19,0,0,0,0,0,0,0,0,0,0,0,0,0,0,263,0,0,0,0,0,0,0,0,2,3,0,0,0,0,0,365,0,0,0,1,0,0,0,0,0,0,0,0,0,0,6,0,0,0,0,0,0,0,0,0,0,0,0,0,0,0,0,0,0,0,0,0,0,0,0,0,0,0,0,0,0,0,0,0,0,0,0,0,0,0,0,0,0,0,0,0,0,0,0,0,0,0,0,0,0,0,0,0,0,0,0,0,0,0,0,0,0,0,0,0,0,0,0,0,0,0,0,0,0,0,0,0,0,0,0,0,0,0,0,0,0,0,0,0,0,0,0,0,0,0,0,0,0,0,0,0,0,0,0,0,0,0,0,0,0,0,0,0,0,0,0,0,0,0,0,0,0,0,0,0,0,0,0,0,0,0,0,0,0,0,0,0,0,0,0,0,0,0,0,0,0,0,0,0,0,0,0,0,0,0,0,0,0,0,0,0,0,0,0,0,0,0,0,0,0,0,0,0,0,0,0,0,0,22,0,0,0,0,0,139,0,0,0,0,0,0,0,0,0,0,0,0,0,0,0,0,0,14,0,0,0,0,0,0,0,0,5,0,71,9,0,0,0,0,0,0,0,0,0,7,0,0,0,33,0,0,0,0,0,0,61,0,0,0,0,0,0,0,0,0,0,0,0,0,0,0,0,0,0,0,0,0,0,29,0,1,0,0,0,0,0,0,0,0,0,0,0,0,74,37,0,0,0,0,0,0,0,13,0,0,0,0,0,0,0,0,0,0,33,0,0,0,0,0,0,0,0,0,0,0,0,0,0,0,7,0,623,0,0,0,0,0,0,0,0,0,98,1535,0,0,0,0,1,0,0,0,0,0,0,0,78,0,0,0,0,0,0,0,0,0,0,0,0,0,0,0,0,0,0,0,0,0,0,0,0,0,0,0,0,0,0,0,0,0,0,0,0,0,0,0,0,0,0,118,0,0,0,0,0,0,0,0,0,42,0,0,0,0,0,0,0,0,0,0,0,0,0,0,0,0,0,0,0,0,0,0,0,0,0,0,0,0,0,0,0,0,0,0,754,28,0,0,0,0,0,0,0,114,0,1446,0,0,0,0,1,0,0,0,0,0,0,0,0,0,0,0,0,0,0,0,0,0,0,0,0,0,0,0,9,0,0,0,0,84,0,0,0,0,0,0,0,0,10,0,0,0,0,0,0,0,0,0,0,0,0,0,0,0,0,0,0,0,0,0,0,0,0,0,0,0,0,0,0,0,0,0,0,0,0,0,0,0,0,0,0,0,0,0,0,0,0,0,0,0,0,0,0,0,0,0,0,0,0,0,0,0,0,0,0,0,0,0,0,0,0,0,0,0,0,0,0,0,0,0,0,0,0,0,0,0,0,0,0,0,0,0,0,0,0,0,0,0,0,0,0,0,0,0,0,0,0,0,0,0,0,0,0,0,0,0,0,0,0,0,0,0,0,0,0,0,31,0,0,0,0,0,0,0,0,0,0,0,0,0,0,0,0,0,0,0,0,0,0,0,0,0,0,0,0,0,0,0,0,9264,0,0,0,0,0,0,0,0,0,0,0,0,0,0,6278,6,0,0,0,0,0,0,1,0,0,0,0,0,0,0,0
"gene_1180",0,85,632,0,0,0,0,0,0,0,50,0,1,0,1,0,189,0,0,0,1,600,0,708,11,139,293,0,0,957,0,3,0,0,0,18,0,0,0,0,0,0,5,1,6,0,4,0,626,0,26,0,802,130,1,0,2491,0,0,1,0,0,78,0,0,0,0,0,0,0,236,0,0,0,211,0,0,0,86,0,0,0,3,0,0,0,0,12,0,1,0,0,0,0,0,0,8,3,0,0,0,2,0,1,0,0,25,0,0,4,0,0,0,0,17,0,118,0,325,172,1186,0,0,1,7,4,1,0,967,0,0,21,284,0,39,1090,1347,111,230,9682,1,272,24,29,4696,0,0,17,1,0,5,238,0,0,0,0,3,44,1,1,8557,0,0,0,368,0,599,875,3,0,201,119,6,1,6,17,13,8,1288,555,0,3,0,31,1,0,457,0,0,1123,113,1247,223,1,0,0,0,0,0,247,261,238,0,6,0,0,0,4,0,0,343,0,0,0,1,20,0,0,0,0,0,0,170,0,1180,0,0,4,1734,0,0,24,131,0,0,12,2000,0,7,0,0,0,14,1,0,0,0,0,3456,7,0,0,40,0,0,0,0,186,0,0,0,0,3,0,0,0,0,0,0,265,0,0,0,3,0,207,0,0,1133,0,6,6024,12,50,0,50,67,0,0,1,0,0,415,0,0,1057,0,0,0,0,0,0,26,0,0,2,0,0,0,0,0,0,0,449,30,0,0,0,153,0,0,0,1820,3,3318,0,0,0,0,0,1,56,0,0,0,0,11,22,194,0,0,274,6,0,0,0,0,0,131,0,0,0,0,0,0,0,0,0,0,52,0,0,0,15,0,0,41,23,106,0,0,0,0,0,186,24,0,0,0,0,0,0,0,0,199,0,0,1020,26,0,0,6,16,0,0,0,1260,2,0,0,0,0,0,0,127,1,5,10,0,1698,5,0,0,0,0,25,1,0,0,0,17,0,0,0,63,0,195,0,24,21,14,0,0,0,0,0,0,7,0,0,22,0,0,0,0,0,0,0,0,0,0,0,16,0,0,0,0,0,224,258,0,0,0,0,0,354,508,0,45,32,0,0,0,393,0,2691,0,0,0,0,2,1,6,0,3,0,0,0,0,0,0,0,1560,0,0,0,0,0,0,0,0,1,4,0,2,0,1,0,0,113,0,0,0,0,270,0,569,0,0,0,0,2,0,49,0,0,0,0,0,0,0,0,0,0,1,0,43,48,2,0,0,0,0,0,14,0,0,0,0,86,0,0,0,41,205,0,0,0,0,19,0,0,0,1,0,0,582,6,0,0,0,0,0,0,0,0,0,20,0,0,0,0,0,0,156,0,0,229,48,0,0,0,0,15,0,0,0,6,0,0,0,0,0,0,12,0,0,0,0,0,0,0,0,0,0,0,147,1,0,0,0,0,0,72,0,0,0,0,0,0,0,0,3075,0,0,155,0,0,0,0,0,0,0,0,0,3673,0,0,0,0,0,0,0,0,22,0,0,0,0,0,0,0,0,0,0,0,318,0,0,0,0,0,0,0,0,0,0,9,0,0,1,601,0,0,0,0,0,0,0,0,0,0,0,0,0,0,0,0,1,0,0,0,0,0,349,0,0,0,0,2,0,0,0,0,0,61,0,0,0,0,188,0,44,0,0,0,0,0,0,1,6070,0,0,0,0,0,0,0,0,0,15,0,0,0,65,0,0,0,0,0,0,0,0,0,0,0,0,0
"gene_1181",191,0,6,0,51,0,0,0,444,12,72,2,6,5,2,11,0,453,344,1,6,4,111,301,90,794,18,12,0,22,0,83,0,2,3,44,0,9,0,0,93,0,2,19,38,0,38,24,0,19,1,0,0,48,0,0,0,4,188,7,131,316,0,631,310,520,0,0,75,12,330,496,0,0,0,7,0,0,0,9,0,4,6,121,0,0,5,76,424,1,3,350,2,0,576,6,66,8,0,198,0,364,0,0,0,0,0,0,0,0,0,0,0,0,135,136,0,0,0,110,5,0,0,1,19,0,322,0,16,0,0,0,0,241,0,3,2478,0,0,0,864,0,0,0,0,0,2,0,6,1,0,40,2,0,0,0,6,0,0,0,237,3,0,0,801,736,0,0,0,0,0,567,0,6,0,1,128,0,30,0,14,0,0,0,0,0,0,0,0,0,0,0,0,2,63,140,4,2,1,0,2,0,0,0,3,0,22,0,417,9,0,15,83,0,8,0,23,1,46,0,35,0,25,3,0,0,515,11,153,0,1,167,4,0,4,110,39,1,49,5,14,0,4,0,82,49,0,12,0,1,20,72,0,0,1,26,0,0,3,22,11,58,4,0,156,175,36,0,0,51,0,4,449,0,0,5,0,4,4,124,72,26,0,8,67,0,2,0,0,163,0,0,0,32,0,268,49,115,0,29,0,7,0,0,1,5,0,0,2,0,26,22,1,0,5,0,6,351,191,0,0,0,0,0,4,0,221,854,125,0,0,37,0,0,3,30,45,57,163,0,0,49,0,113,2,2,801,226,26,0,0,8,12,0,0,0,0,3,279,0,20,1,56,81,0,115,0,0,441,0,6,153,0,0,140,0,48,0,0,2,0,0,21,0,37,0,0,0,25,0,0,0,0,0,0,0,0,0,33,0,0,0,0,0,0,0,1,201,0,16,1,0,78,0,0,0,0,0,0,0,0,68,0,35,11,0,349,22,0,182,1085,792,0,0,0,0,85,9,44,0,0,1,5,0,0,94,33,0,0,2,1,1,0,19,0,0,0,0,73,24,0,1,0,67,0,22,0,0,15,0,0,5,0,22,0,0,0,0,3,0,9,1,4,0,0,0,0,0,2,67,0,24,0,3,0,0,42,212,63,220,8,0,0,3,41,2,314,737,336,37,0,8,398,0,16,0,5,0,2,25,16,0,6,0,0,2,0,21,1,0,0,0,3,0,233,1,0,1,287,96,129,164,0,24,0,0,66,0,0,0,13,13,12,66,3,115,15,10,374,1,14,0,0,0,0,1,1,16,0,0,3,1,17,12,16,0,3,0,0,432,119,0,0,0,0,7,1,4,9,0,1,0,0,2,11,2,0,0,2,0,14,1,0,0,0,113,13,1,12,115,2,0,99,1,0,219,326,0,1,10,250,0,0,27,0,0,42,5,145,9,465,0,492,0,768,68,5,13,11,0,6,0,0,135,0,0,3,222,76,0,0,0,8,0,32,0,0,0,4,282,0,3,0,0,176,0,1,52,255,0,21,0,0,47,0,0,0,18,0,0,2,194,1210,228,0,182,0,0,0,0,80,0,0,0,0,0,92,0,675,124,0,0,0,643,35,30,60,1,0,2,15,0,0,0,5,0,26,85,12,1,0,36,0,33,12,0,502,0,156,0,1185,0,1,0,239,1083,0,0,188,74,10,0,9,8,1572,0,1,0,1,0,16,0,5,73,0,16,0,93
"gene_1182",79,1986,302,487,138,804,1527,61,385,4310,2641,68,788,690,220,1,1776,8186,35,97,163,256,290,534,4205,0,20,225,997,331,183,132,1398,6840,1720,8051,1597,3168,1067,3636,3438,61,1252,177,84,3500,407,345,2,3931,164,348,2,11,889,1,28,1430,1168,730,1937,232,144,1759,3590,1239,1310,501,1521,1255,5521,97,321,2839,49,868,168,4735,884,8353,4056,51,7076,645,2037,10648,140,15,61,632,724,4824,0,127,62,997,3938,0,1,0,7,0,6,0,1,0,20596,1460,8723,217,1132,2533,195,47,684,2647,0,2,8,111,1524,0,3,0,0,474,25,50,107,53,0,1260,0,1746,279,0,5,2434,365,689,0,184,2131,32,736,0,2132,234,7918,1066,15369,703,1631,0,0,2009,0,2917,324,928,5455,5312,3665,510,412,2555,0,0,77,6221,9035,2136,0,0,2890,84,3629,0,1,1740,92,2387,0,1964,808,422,1627,253,6,762,4862,3973,1964,0,0,0,268,1630,0,136,469,445,398,132,1215,2,0,9119,764,103,0,2834,2,1636,0,44,2742,77,2,171,236,21,1234,151,2524,203,0,0,1041,18,1085,62,559,394,1,25,3677,0,5,0,4939,9428,0,0,4857,3398,815,141,28,0,83,207,4018,587,0,112,6139,6,0,417,1287,3819,1495,4580,535,107,11653,2315,1533,7958,601,85,7720,519,2771,1936,471,1309,11644,228,496,7899,3604,9743,1309,4371,1379,7101,1907,9556,4511,226,721,9346,12126,865,174,346,8759,2070,1264,204,7255,225,5790,12656,2408,247,1706,3537,269,8931,542,567,962,376,2370,19501,4079,1776,729,5758,5300,3750,719,1129,892,938,9773,11826,6579,165,2186,6361,3023,1858,1787,365,1220,743,253,48,2469,10310,6823,532,1741,4258,3222,1724,634,9874,162,2106,220,996,1335,2546,14880,109,7231,4844,2458,1601,1331,6684,11,738,992,12910,966,100,5733,206,1470,731,488,927,1745,569,1060,447,1139,15215,3511,2663,39,1422,5398,5583,12247,2110,452,3200,2048,1317,1883,232,3168,698,7811,306,1331,1427,2286,7508,3552,1225,325,799,6429,592,370,2018,6347,1272,8323,593,2263,1400,1413,853,6350,817,507,707,19749,117,901,792,27,1587,1834,5739,2813,4262,4370,3196,8985,5522,1024,9738,7162,13283,19443,2882,8754,1153,10290,11128,8109,635,1741,6139,3230,7330,3907,6455,15807,4421,5595,7793,2308,2783,2110,9804,3311,2729,5600,4046,15953,1346,3437,1673,10733,2047,435,6579,1512,7792,712,1794,13119,2991,11053,2283,2320,432,2133,782,768,4813,23503,4917,11240,18382,3090,1003,6933,2220,1115,8696,9612,8958,12432,16578,5626,4010,11730,4752,669,4359,273,6729,2213,6262,4028,1019,4799,8827,2195,3115,4214,16257,1030,24712,2720,13488,1013,2195,6773,1234,3629,12867,4473,2079,1961,15853,20139,6928,8474,1508,11510,59,6854,10934,2449,2842,547,2968,5013,5596,6655,9679,832,9082,1050,7306,6372,4248,1889,2879,15218,4458,1045,16449,12737,3638,514,3215,12159,3681,8707,153,7941,16124,5952,27350,13142,7,30937,192,33789,3952,1157,1226,2042,11292,9578,9175,760,4334,2726,2251,580,15370,8419,5395,17,20505,3271,928,5633,6246,24838,6395,8831,19090,6064,4138,3666,6223,1809,16357,3986,8815,6598,5,5606,29952,0,7058,2283,4747,4476,5047,8425,7498,10277,1309,2149,411,46203,6717,29181,9576,12773,9577,296,7735,5239,116,7541,13387,9298,1289,7890,5822,4640,2197,8465,12944,27729,4236,4295,2271,7623,1739,623,1828,4628,26432,1445,1822,44554,459,3584,3210,2314,4032,1605,11865,7747,473,5456,3808,13201,1774,15024,1337,29981,37,9988,8107,2392,10296,912,10981,9992,6886,4922,9061,7864,3739,3589,13931,106,4253,15500,1959,29645,9487,26539,2753,301,1828,10330,2109,6270,7058,4801,36779,8712,182,4015,10246,5712,5690,1872,18322,7161,6877,495,422,10366,29833,2598,15441,10787,19246,11826,15558,4707,2374,9814,1797,1502,374,19057,1432,18750,19154,1879,5962,1624,5279,9352,1242,993,112455,7278,1036,265,4615,3627,5433,673,43339
"gene_1183",4141,204,0,4,0,0,68,0,3770,6,6,4328,3,0,0,0,1,0,0,0,0,2561,441,0,166,0,0,0,10,5311,60,1,36,0,0,853,0,71,2298,119,1623,1179,198,0,0,3,4,0,180,0,37,0,0,0,0,0,2219,0,2151,1,36,752,3,49,0,31,3439,0,18,439,0,0,0,77,0,646,10,0,44,127,0,0,0,1306,0,1,87,0,1610,0,16,82,139,355,238,6,1371,15,0,0,472,4,12,0,3312,10641,848,369,25,0,546,0,0,2094,1,6,0,563,51,102,0,0,45,0,0,257,0,1,0,1464,55,0,74,201,10,92,6,43,1506,81,0,4181,0,1320,2017,60,3324,110,276,20,6,21,0,0,0,6854,1915,47,8,7,0,513,6431,2869,4,138,0,9800,7,40,4223,34,23701,0,16,1596,0,489,11,6148,14,580,208,6830,1036,252,3329,11924,3144,1763,623,1482,11524,3382,160,10,0,2,1,3,2,0,0,0,830,22,0,44,0,0,209,0,0,122,38,178,688,0,7,1,1062,4,0,0,264,0,81,0,0,0,0,0,155,0,0,0,12,0,0,0,0,0,449,0,0,1,14,0,0,0,2629,365,2,0,0,0,0,0,0,632,1886,88,5,5,17,23,119,0,6,31,31,7493,11535,311,795,177,2415,492,112,33,687,9225,286,127,313,4182,0,985,1057,387,910,5,0,1179,9558,14,29,8,174,41,64,730,1471,2088,577,308,1232,889,36,5,0,934,6168,560,2152,533,1095,5,205,255,4,3517,1,1282,146,0,6,259,2714,5,899,245,140,194,136,265,284,1820,41,1419,1125,253,0,741,103,4,18,0,676,2,9628,731,949,1299,1111,101,97,74,3,32,103,788,2978,4088,1917,1585,3105,65,3,1414,1553,1142,423,1636,113,719,189,651,1618,46,0,0,763,194,29,1770,38,0,2166,1689,48,17,25,9,0,80,404,265,158,1618,3208,3714,479,340,1642,3,6,1263,0,472,132,0,4862,22,679,418,23,57,67,0,2445,193,0,1,90,722,304,24,7,801,11,6538,4,0,153,0,0,0,17,1,154,2,19,1909,0,1,64,4211,0,0,2861,0,0,3,6,62,0,312,1217,816,113,66,8,0,0,0,637,908,0,115,681,0,27,69,0,30,7,0,151,0,52,34,0,0,273,208,0,3,0,0,997,13,4,0,26,0,0,0,150,0,38,0,0,239,98,1,5,6,8,28,4,0,19,0,0,6,52,55,0,15,708,29,52,15,0,0,0,454,0,1,0,0,2,989,39,1236,2,1,1660,0,0,1,6,56,0,0,0,177,5,0,77,0,157,0,0,0,1,0,0,40,0,291,519,0,0,2106,0,2,0,12,0,0,0,67,0,1,0,607,2,0,0,0,0,0,0,0,0,0,0,0,0,0,0,11,540,0,0,0,0,6619,0,0,0,0,0,0,5,0,3,0,1,578,0,24,0,15,0,253,7,0,0,0,0,1683,0,3368,0,0,0,31,103,9,433,218,0,0,27,0,0,15,0,0,0,0,0,18027,0,0,17,0,0,0,0,0,0,0,53,0,246,140,0,0,0,0,3774,0,0,398,12,0,0,256,0,0,691,0,0,0,1,929,1,0,0,0,156,2,0,4,2244,0,0,0,0,0,0,0,44,4,13,0,1002,0,126,0,0,0,0,0,0,0,0,4,0,10,0,91,0,0,31,141,3085,0,0,1139,1,0,0,217,0,0,0,0,1,0,3,0,0,0,0,0,0,2426,0,0,0,0,0,8,0,0,0,0,0,5,0,0,0,0
"gene_1184",4,0,0,0,1134,0,0,1,6,20,0,66,4,0,0,159,0,144,172,320,0,0,2,69,12,0,0,8,0,0,5,0,0,0,226,29,371,0,0,15,0,0,23,26,2,0,0,244,0,0,0,890,0,132,0,0,0,412,261,0,0,66,10,521,55,0,1,310,13,2,0,0,6,1,61,0,130,2,2063,25,241,15,1603,3445,0,46,41,6,4,0,3519,36,0,282,967,0,17,16,215,1,150,0,0,0,0,0,13,0,264,0,0,0,6,4671,0,0,0,0,0,2,0,5147,0,6,572,1,251,0,0,0,0,20,128,70,71,0,0,0,0,1995,0,0,2023,1204,893,0,120,459,11,0,6314,1460,1,420,0,2,2428,12724,973,190,2,0,463,5456,0,0,9991,0,0,29,0,98,2871,0,2458,1,496,1125,0,6,0,282,0,1035,440,0,324,0,0,772,4055,0,0,0,24,0,0,0,2,33,0,0,0,2,6536,526,0,468,1921,5,2639,17,5,1,0,1,1528,1509,582,0,0,0,0,2,0,76,0,4274,11,0,120,102,0,261,1,123,203,8,190,134,0,30,2915,0,0,78,0,24,0,315,215,25,261,0,497,3,0,18,0,0,924,33,511,61,1242,262,93,997,0,675,17,30,0,56,24,2,0,7,0,114,0,3,139,0,5,9,35,129,1525,0,2648,0,4,3,513,0,0,33,4,99,0,9,136,79,2341,1,1,0,62,2,0,1607,356,14,4,1447,0,0,0,31,3481,1673,37,0,2541,10,85,14,4603,0,15,0,359,0,27,8,171,58,0,0,402,0,1089,0,216,0,0,5,116,98,0,0,68,57,30,0,0,0,4,7,15,0,207,455,0,14,40,216,3038,0,60,51,416,5,0,11,6387,89,4,0,1079,4,331,80,216,15,203,0,0,165,5221,498,0,85,0,1,0,0,1099,2736,655,14,0,78,0,328,0,464,87,590,1,3783,2,65,1377,103,353,1,63,3,0,2717,0,1,293,6,36,23,1233,17,7,0,7,0,0,0,17,47,0,1649,2,16,18,0,43,0,5,0,3,95,0,0,0,109,116,0,1,0,0,3839,0,159,0,0,80,24,110,3150,0,0,1,416,0,15,0,86,0,2115,1,2,728,107,2,165,26,0,0,401,16,0,0,0,4,21,196,0,0,21,47,1,0,16,0,1119,673,0,2,1,2,0,0,28,0,22,5,869,8,6,0,191,0,183,241,0,0,0,0,69,0,0,17,9,0,1,0,0,8810,0,0,143,24,405,2,0,0,0,0,881,0,0,22,0,29,0,189,0,763,2,0,10,16,0,2211,728,12,221,427,2,28,31,9498,0,2,0,80,1174,3,0,1,0,558,1,0,0,0,0,46,20,0,0,0,0,41,0,0,0,191,0,0,6,0,1344,4,1,1,1,5,2953,4,46,0,1068,153,55,0,1365,57,2,0,0,0,120,451,0,0,0,0,1055,0,1,1272,3,0,488,1,0,331,1,0,333,0,0,0,3239,0,931,5,0,0,0,0,15,0,0,1,0,0,0,90,0,0,1763,0,1019,2357,0,0,0,494,1135,20,0,4,33,0,3,0,308,3,0,0,0,6,0,0,0,165,0,1520,7,0,0,0,0,4,21,0,0,0,3,4,0,0,0,0,0,14,239,0,2,0,17,3,0,0,2,0,23,0,780,0,0,5,0,0,9,0,0,0,1,0,786,0,0,177,0,0,19,0,0,0,1,278,0,0,1,0,0,24,138,31,0,0,2,6695,0,59,2853
"gene_1185",1,4,68,5,1,3726,8305,1177,6480,17,1471,449,0,82,0,1624,0,214,5,37,13,98,7543,93,1,0,69,0,387,0,438,782,0,56,593,5507,0,62,23,0,62,118,0,0,0,79,3,0,1029,162,310,33,223,19,1910,40,0,3,2335,9,0,21,2,4517,3,264,1406,1522,1,0,3375,766,1,12,1054,1,0,278,0,5259,0,33,1,15,8,0,6,0,53,8,4632,1,68,392,3,0,134,0,31819,75,8783,0,38,9,3509,18,5388,0,10,3,0,319,0,14,0,0,10,0,92,98,0,0,0,120,240,3349,339,62,4335,83,540,0,0,16,110,97,4372,0,28,264,9,67,22298,26,18,0,7390,615,2775,0,127,133,0,3250,0,4328,603,3087,0,0,0,202,7,6544,0,0,8,2,412,6842,4,3227,4,1,637,0,23008,235,0,0,2,179,2,517,0,0,1471,848,0,0,15719,3906,294,3137,0,2381,10,425,697,1718,0,2,0,2013,0,7282,14,404,89,153,110,1921,324,11356,4521,3518,365,4783,0,0,456,282,116,197,43,14228,0,17,1169,14731,242,335,333,0,0,55,1751,256,87,0,5422,10428,550,994,0,623,3086,4,10,2567,30,3140,11,1152,4261,590,0,2388,2392,0,0,770,2700,1,8633,211,0,5234,5,213,344,1300,292,4894,1,3197,3,2765,8,383,941,12,28484,1820,6221,524,633,244,17827,592,574,743,989,31,141,3807,1524,315,3981,1805,4,45,4,7558,10894,1383,338,557,29,16,2952,14986,2555,6218,6388,5131,1568,13321,0,332,1689,3874,0,785,2310,1152,4,0,1017,3837,1672,15,5699,78,265,9,34,525,7811,45,9,1,1638,0,83,75,138,4846,25,3,1783,10637,1,2241,3622,0,0,3356,3492,4020,3911,770,112,25,99,16,10641,6369,3486,2483,2161,234,7191,36,3818,5241,17367,14513,17395,227,1705,140,1172,666,2046,684,13,716,0,3310,1664,225,5691,127,102,3360,618,2382,5777,421,1297,105,6,704,0,89,1131,4,7,2,1990,3,36,1825,64,6723,745,1559,1130,1932,17063,291,1171,2026,0,153,84,3,811,0,238,694,203,1,645,0,1619,8,169,5,35,449,360,605,1,33,0,2,0,1563,1093,0,1160,0,0,80,20,0,0,0,555,1133,13021,1,2,3292,1161,18,4733,100,0,219,7,496,411,14,664,70,297,705,1,95,0,784,3069,1596,88,7,93,1678,144,3326,52,217,4096,5,64,0,5,4,5,1,157,255,115,1528,0,462,2722,355,66,167,589,223,0,0,459,214,106,252,190,0,0,140,158,0,0,84,0,512,1,8623,633,4988,255,567,0,3135,5,3493,84,58,12,1643,0,252,0,24,1,778,0,113,1112,113,83,0,0,204,1763,5,1,216,0,762,93,0,6,108,0,2,695,3136,0,12879,389,1143,0,0,228,39,544,0,941,2,945,4,0,0,0,0,2,1302,0,0,183,21,3436,0,671,0,0,0,0,807,3609,0,1066,0,0,21,0,0,8,295,52,15,880,289,2,2351,0,185,0,161,0,1,0,2,0,2,15,167,0,1,0,829,0,3,0,2,0,1,28326,1730,631,2,198,0,5,1182,0,970,1,0,9931,157,3056,0,111,64,2668,1,1897,0,0,375,396,7,0,49,5,0,0,549,0,0,799,517,0,0,0,1250,416,0,0,0,2,5262,0,3,0,555,4373,0,1216,0,1,0,37,4520,0,0,45,83,0,107,9,1,796,0,4,0,86,1,0,80,8,3597,2,0,0,0,0,14,54,7,285,0,102,0,6862,69,3,1,14,96,9448,213,0,2,78,0,2459,251,0,29,3122,2986,106,0,97,0,0,9,1718,4678,2,16
"gene_1186",0,0,0,0,0,0,0,0,0,41,0,0,1076,0,0,0,816,0,0,0,0,11,18,0,0,547,56,0,0,0,0,2,0,0,0,0,0,2,0,0,0,0,0,0,200,0,0,0,0,0,7,0,4,0,0,6,0,1,11,0,0,34,0,0,0,10,0,0,0,0,0,0,0,356,0,18,8,0,0,0,355,0,0,12,0,0,0,0,10,0,0,184,0,0,0,0,9170,0,0,600,2315,0,0,0,29,1,5080,1500,12170,0,1,17,27,0,0,462,0,0,1382,3,0,0,2,0,1142,0,0,0,11,1,0,0,0,2659,0,5,0,0,4,1372,52,0,14,0,0,0,0,0,243,158,0,0,0,0,27,0,0,10669,0,14,4,15,0,0,1250,0,0,340,0,51,373,0,472,0,0,0,0,1,0,0,4,1618,0,0,1415,670,50,0,0,34,6,0,0,28296,0,220,712,0,1037,0,6,3,130,0,3312,0,8,0,0,6,0,63,0,0,0,1,2,0,562,36,0,21,0,0,0,0,3,6,0,585,33,0,2390,0,0,0,58,0,1,0,144,1596,314,2343,0,0,0,0,0,0,0,474,1,0,3,1,0,0,33,0,42,0,0,37,1052,0,0,278,0,0,0,0,238,0,0,0,0,0,124,2,0,0,0,21,0,32,3,5,72,0,126,0,0,38,861,4,0,0,926,65,0,0,40,2,4,0,0,0,0,7,0,0,6,188,0,208,12,1299,81,0,0,0,38,2,13,166,0,53,232,0,232,0,7,0,0,16,1391,26,0,0,28,0,0,928,0,0,0,2168,2,0,31,0,0,3,0,0,35,346,0,2098,144,190,0,0,0,0,0,99,549,0,0,0,216,0,0,2588,76,435,0,0,88,0,0,0,7,0,326,0,1,1,335,7,0,0,0,0,0,1298,8,0,0,488,0,0,771,73,71,1623,0,12,548,0,281,3,2,1533,74,0,4,2,0,5,0,0,0,0,0,0,0,0,215,0,0,45,0,5,0,0,0,0,2407,0,328,0,349,0,0,0,802,0,0,0,13,0,0,0,0,0,99,1,0,11,0,0,0,0,74,0,0,0,0,0,312,0,0,0,10,0,0,0,72,0,19,0,0,0,115,0,15,8,0,0,1162,0,994,0,28,0,187,0,0,4,0,174,0,0,0,0,247,0,0,102,34,16,201,5,0,0,0,75,170,0,0,574,353,3,0,0,0,0,3,0,0,0,0,0,0,0,0,119,0,36,0,0,2074,1,0,0,1,174,0,0,17,0,0,0,0,644,0,0,437,128,207,0,118,0,1527,0,0,0,0,0,96,0,0,619,184,12,32,2,0,149,3,132,0,0,0,0,52,508,115,0,0,2,75,0,0,0,0,35,0,217,0,0,0,0,0,0,1611,177,0,0,0,0,0,2,2,0,0,746,0,2,448,25,0,0,222,0,0,139,175,2760,720,127,0,1,32,0,1,57,63,0,217,3,0,2,0,0,1923,0,0,1050,173,0,126,1020,0,92,12,1,0,14,109,903,164,1,0,47,1,0,0,221,568,95,0,0,337,0,20,0,4,0,64,0,0,0,77,5,8,110,29,0,0,17,0,4,18,0,7,1168,0,1215,0,0,1226,0,0,1,0,427,0,0,0,0,0,11,0,0,0,0,51,0,2,132,14,834,2,0,777,0,2,0,966,5,8,0,0,0,109,1305,0,4,6,21,0,0,0,1897,1,173,0,2,0,188,0,0,0,3
"gene_1187",0,0,0,0,0,0,0,0,0,0,0,0,0,0,0,0,0,0,0,0,0,0,0,0,0,25,0,0,0,0,0,0,0,0,263,0,0,0,0,1475,0,0,548,0,350,0,0,0,0,0,0,0,0,0,833,0,6,0,0,0,3,36,0,0,0,0,0,0,0,0,0,0,0,100,0,0,0,0,0,3112,0,0,0,0,0,0,0,0,0,0,179,0,0,0,0,0,0,13,0,0,0,0,0,0,0,0,0,0,0,0,0,0,0,0,0,0,0,0,0,0,0,0,0,0,0,0,0,0,0,0,0,0,0,0,0,1,0,0,1947,0,0,0,0,0,0,0,0,0,0,0,0,0,109,0,0,2569,0,0,0,0,0,0,0,1,0,0,0,0,0,0,0,0,0,0,0,0,0,0,0,0,0,0,0,1,0,0,0,0,0,0,0,71,0,0,0,0,255,0,0,0,0,0,0,0,0,0,0,8764,0,0,0,0,0,0,0,3,715,0,0,0,51,0,0,0,0,0,76,0,0,0,0,0,0,0,0,0,0,5,0,0,0,4914,0,0,0,0,0,8220,0,0,0,0,0,0,0,0,345,0,8311,0,0,0,0,105,1,29,1,0,0,0,21,0,0,0,0,0,0,0,0,2,0,0,0,0,0,12,0,26,0,0,0,0,1483,0,0,0,0,0,948,0,2399,0,0,0,0,0,0,502,0,0,3,3,0,9,0,0,0,0,0,3,0,0,0,0,0,150,0,0,0,0,0,0,12,0,0,0,0,0,0,0,0,0,0,0,8,8,0,0,0,0,0,0,0,0,0,0,0,6,0,0,646,0,368,0,1,0,0,0,0,0,0,1,0,0,2,0,0,0,0,0,0,1,0,0,0,0,0,29,0,0,0,0,0,0,0,0,0,0,0,0,0,0,0,0,0,0,0,0,0,0,0,24,0,0,0,0,0,0,0,0,1,0,8,0,0,0,1,0,516,0,0,40,1,6,26,243,68,1,913,30,103,29,20,221,44,7220,1786,0,566,0,0,269,548,766,493,5726,0,17,1959,839,985,805,0,1051,0,0,0,1920,16,0,219,12,0,11,430,5053,347,5043,154,6025,185,2,0,220,2926,307,1410,106,600,1868,2,1666,0,223,3,3,732,0,0,1,35,260,3,1744,7228,95,666,12767,2139,81,38,463,243,21,890,1953,355,593,9,2,0,328,288,2,3866,1,1585,1,38,3874,16854,285,10,0,117,22,2509,778,37,11635,3061,422,483,3377,0,3,0,441,120,338,111,70,16,0,313,7,0,10,1780,61,1,159,11079,36,2068,59,5012,1001,4398,52,767,0,0,0,0,211,65,0,8,0,0,0,21,0,7,0,0,20621,10,0,20,231,0,2,0,0,0,0,201,0,3094,33,508,0,450,0,0,1040,4313,50,0,0,71,0,0,0,1,0,0,0,0,0,2472,0,0,0,10,0,0,0,0,0,0,2046,0,0,5,0,14,0,0,80,0,15391,0,5029,0,69,0,0,0,0,0,0,2091,0,4116,2,0,465,0,4153,0,93,0,0,0,0,7,0,0,0,18,80,0,0,0,104,1,977,0,211,0,0,0,2951,0,0,0,0,0,0,0,9,2,0,0,4,74,3,0,0,0,2,0,793,0,759,31,17,0,11,0,0,29,0,0,0,1,0,0,0,10,0,0,0,16,50,151,0,0,2573,0,1971,4,0,5,2150,572,0,833,22702,440,0,6,1463,3,0,0,3,46,0,0,0,12,0,0,44
"gene_1188",0,0,249,0,0,0,0,0,0,0,0,0,76,0,0,0,407,5,0,0,0,0,2,0,0,0,0,0,0,0,7,77,0,0,0,0,0,1,2,0,0,0,0,0,0,0,0,3,0,0,0,1149,15,0,18,0,0,0,0,0,0,1,0,0,150,0,59,0,0,0,0,0,0,0,127,0,1,0,0,17,106,117,53,0,0,0,0,1,46,0,230,4,0,0,3,0,2,0,0,0,0,0,0,2,0,1,0,0,0,0,0,0,0,0,1,0,0,2,0,0,0,0,0,1,0,0,0,0,1,0,0,0,0,1,0,1,4,1,0,0,1,0,0,2,0,0,1,0,0,1,0,2,2,3,0,1,0,0,0,0,0,0,0,0,0,3,0,0,0,0,0,0,5,0,0,0,1,0,0,0,1,0,0,0,2,1,0,0,1,0,0,0,3,0,3,1,0,0,0,0,0,0,5,0,2,1,7,0,1,2,0,2,4,1,5,0,0,5,3,0,0,9,0,11,0,3,1,0,0,0,0,0,0,1,0,0,1,1,9,0,0,0,0,0,0,1,13,0,1,1,0,6,0,0,0,1,0,0,4,0,1,0,0,0,0,3,0,0,12,467,0,0,0,0,0,0,2,0,0,0,0,0,8,0,0,0,0,0,0,0,0,0,12,0,0,685,0,0,0,0,0,0,0,0,0,0,0,9,1,1,0,26,0,10,0,0,0,0,0,0,0,4,0,31,0,0,222,0,0,0,0,0,0,0,31,0,0,20,1114,0,0,0,0,0,0,0,0,0,0,0,0,0,0,0,0,0,0,0,1,0,0,0,0,0,0,0,0,309,0,0,0,0,0,0,0,0,0,0,41,46,0,1157,0,0,0,0,0,0,0,135,2,0,0,0,0,0,0,0,0,0,0,2,595,3,0,0,0,0,0,0,0,0,7,0,0,0,0,18,0,0,0,0,0,17,0,0,0,0,0,0,0,0,0,0,0,1,0,0,0,1,2180,0,6,36,0,0,0,0,0,59,8,0,0,34,5,0,0,1,0,1,0,0,0,4,1,115,1,4,2800,0,1478,54,2,0,0,0,7,18,0,0,636,0,0,0,0,4,1,0,0,5,1,70,0,13,0,10,0,73,0,0,0,0,0,0,0,0,0,9,1087,0,49,0,30,0,225,61,870,936,1952,0,0,0,0,220,0,1,0,0,93,1,0,1,0,0,2,20,1789,72,0,4,0,0,0,1,0,173,0,0,0,11,0,0,0,0,0,1,35,0,10,13,0,0,0,0,0,5,0,2,0,0,0,10,203,10,0,0,17,0,0,0,0,0,14,0,8,1,0,0,16,0,0,3,0,0,0,19,0,0,0,1,0,0,0,0,0,0,0,0,0,0,0,0,12,175,0,0,0,0,0,0,0,0,0,0,0,2,2,0,0,0,0,0,0,0,913,457,0,0,1,0,0,0,0,0,1019,0,0,17,3,0,0,0,0,0,0,1577,0,0,2,3,0,0,19,259,347,0,0,0,0,0,0,0,0,0,0,0,0,0,2749,0,1,0,0,0,0,1099,0,0,23,0,0,294,0,16,0,0,0,1,0,0,115,1,0,0,0,0,0,299,0,573,0,0,0,0,0,71,0,0,0,0,0,0,318,0,56,0,0,0,0,0,0,0,0,430,0,0,0,0,0,0,0,0,0,0,0,0,0,0,0,3,0,0,0,0,655,0,0,0
"gene_1189",0,0,0,0,0,0,0,0,0,0,0,0,0,0,0,0,0,0,0,0,0,0,0,0,0,0,0,0,0,0,0,0,0,0,0,0,0,0,0,0,0,0,0,0,0,0,0,0,0,0,0,0,0,0,0,0,0,0,0,0,0,138,0,0,0,0,0,0,0,0,0,0,0,0,0,0,0,0,0,0,0,0,0,0,0,0,0,0,0,0,0,0,0,0,0,0,0,0,0,0,0,0,0,0,0,0,0,0,0,0,0,0,0,0,0,0,0,0,0,0,0,0,0,0,0,0,0,0,0,0,0,0,0,0,0,0,0,0,0,0,0,0,0,0,0,0,0,0,0,0,0,0,0,0,0,0,0,0,0,0,0,0,0,0,0,0,0,0,0,0,0,0,0,0,0,0,0,0,0,0,0,0,0,0,0,0,0,0,0,0,0,0,0,0,0,0,0,5,0,0,0,0,11,1,0,2,5,0,2,0,0,0,1,2,9,1,0,1,11,0,0,1,7,10,9,1,0,0,0,3,3,0,0,2,3,0,0,0,5,0,0,4,7,0,0,0,0,4,0,15,0,0,1,0,0,0,0,0,1,5,0,0,0,0,0,0,3,3,0,0,0,0,0,0,0,5,0,0,0,0,0,3,0,0,0,0,0,0,0,0,0,0,0,0,0,0,0,2,1,0,0,0,0,0,0,0,0,0,0,3,0,0,0,0,0,0,0,0,0,0,0,0,0,0,0,0,0,1,0,0,0,0,0,0,0,0,0,0,1,0,0,0,0,0,0,0,0,0,0,0,0,0,0,0,0,0,0,0,0,0,0,0,0,0,0,0,0,0,0,0,0,1,0,0,0,0,0,0,0,0,0,2,0,0,0,1,0,0,0,0,0,0,0,0,0,0,0,1,0,0,0,0,0,0,0,0,0,0,0,0,0,1,0,0,0,0,1,0,0,0,0,0,0,1,0,0,0,1,0,0,0,0,0,0,0,0,0,0,0,0,0,0,0,0,0,0,0,0,0,0,0,0,0,0,0,0,0,0,0,0,0,0,0,0,0,0,0,0,0,0,0,0,0,0,0,0,0,0,0,0,0,0,0,0,0,0,0,0,0,0,0,0,0,0,0,0,0,0,0,0,0,0,0,0,0,0,0,0,0,0,0,0,0,0,0,0,0,0,0,0,0,0,0,0,0,0,0,0,0,0,0,0,0,0,0,0,0,0,0,0,0,0,0,0,0,0,0,0,0,0,0,0,0,0,0,0,0,0,0,0,0,0,0,0,0,0,0,0,0,0,0,0,0,0,0,0,0,0,0,0,0,0,0,0,0,0,0,63,0,0,0,0,0,0,0,0,0,0,0,0,0,0,0,0,0,0,0,0,0,0,0,0,0,1,0,0,0,0,0,0,0,0,729,0,0,0,0,0,0,0,0,4,0,0,0,0,223,0,0,0,0,0,0,0,0,0,0,0,3,0,0,0,0,0,0,0,0,0,0,0,50,0,0,0,0,0,0,0,0,0,0,0,0,0,0,0,0,0,0,0,0,0,0,0,0,0,0,0,0,0,0,0,0,0,414,0,0,0,26,0,352,0,0,63,0,0,0,0,2,0,0,0,0,0,1,0,57,0,5,0,0,0,0,0,0,0,0,1,0,0,0,0,0,0,0,0,0,0,0,0,0,0,0,920,0,0,0,0,0,0,0,0,0,0,0,0,0,0
"gene_1190",560,5,0,153,0,437,0,29,309,4485,26,1,0,0,168,2,0,205,44,1882,817,76,0,35,1150,1927,16,822,165,1267,99,1377,259,0,1,17,480,74,0,2,326,0,1062,567,267,0,1,212,2,84,0,82,0,289,460,1,49,0,5,402,8,145,9,611,0,40,0,49,1012,472,0,144,3,2,5,70,0,148,8,152,48,1070,906,191,0,40,2,161,39,0,79,0,0,0,21,0,0,87,0,553,0,5,0,0,0,21,0,0,0,0,0,270,0,0,100,55,8,0,0,0,0,1685,0,0,0,0,0,13,0,0,0,0,0,0,0,4,0,0,6844,3,0,0,0,30,0,0,478,0,2383,0,0,0,9,32,441,0,21,0,31,0,0,0,1,2151,0,0,0,0,0,541,0,0,0,0,0,0,0,0,0,8,0,62,0,0,1,0,0,0,0,0,0,0,0,0,2585,841,131,7,360,1046,1359,0,0,2000,255,9958,223,0,30,0,1,0,235,0,0,0,77,0,0,0,0,471,342,229,0,0,2247,677,0,66,0,37,444,0,2702,0,0,0,2318,71,16575,191,6354,12,630,1325,0,0,6,0,0,778,2921,39,0,0,0,0,0,0,831,0,3,429,1,1298,0,263,963,0,0,396,694,12,8,611,0,60,0,0,0,12,3337,264,1,117,0,60,1,1,0,295,61,0,82,2399,348,2,42,0,9,0,715,1,107,549,660,0,0,19,690,9,47,1,0,0,1055,5090,0,120,452,2,184,749,12,0,67,0,71,87,263,13,82,14,0,218,110,1045,24,50,201,18,0,0,1473,35,419,722,0,4,0,0,5,49,9,140,5,263,1,61,1,0,960,58,652,6,2,324,1316,128,0,838,0,29,0,2203,15,4,15,0,8,93,825,6,32,253,510,2,0,334,0,1156,260,0,0,1870,30,19,0,854,576,26,779,61,149,178,2,1898,581,548,125,193,0,1304,0,461,4,45,324,1,1,0,1,7528,14,2295,3976,408,1608,228,16,2278,13,47,7,5,596,97,717,378,100,1089,783,295,0,100,74,121,151,808,4,946,9,4,0,9,944,131,0,0,57,84,233,41,40,8,103,45,3423,162,277,138,8,1186,122,339,1201,48,0,0,24,520,310,117,574,35,694,628,38,40,1,1,3444,369,0,2,799,150,83,93,5,187,0,1448,0,14,0,159,8,0,121,410,0,643,5,15,0,14,2260,408,1,30,94,391,1,2,0,61,1927,0,622,1,7,245,5,0,81,110,182,2401,55,1063,218,651,6,2,2635,246,23,0,0,745,1086,2,0,51,10,2027,10,2728,66,516,16,3,32,0,1008,1042,0,73,0,1160,5,0,317,445,262,570,258,0,0,3474,1823,0,0,9138,43,1869,7,0,0,266,480,0,0,0,2258,1422,0,246,0,1,0,7,0,218,246,0,562,2793,0,0,21,8,1,752,0,316,0,387,944,0,23,0,0,0,350,0,156,932,0,69,3,5537,0,2002,0,5,38,0,111,167,5781,424,0,0,3544,0,334,0,0,13,1,0,29,9,9,122,0,43,0,0,1,133,2833,3139,0,10,0,857,357,1,2221,2338,0,1,0,924,0,1,0,352,1294,7,1237,0,0,102,72,0,2,1353,11,37,347,0,0,0,0,0,0,0,2,8,0,1,124,0,815,0,0,0,382,16131,66,281,126,782,26,185,2,12,0,0,0,56,0,0,4,0,60,4043,282,342,1304,15,775,0,0,0,790,0,387,340,296,0,0,0,32,5,1,96,1,0,0,55,0,14
"gene_1191",295,16701,3370,2417,3448,276,553,8866,0,6610,1264,1245,8296,405,670,6025,7934,6025,2,494,5,7604,3076,1520,1722,272,5825,7,2287,2171,6584,6,5,4,77,16039,39,6907,4634,330,39,7318,5338,1,3,4865,4840,893,1,3024,0,16,5743,0,4931,6,1723,323,1649,2901,1824,9626,66,5125,1,9478,5808,31817,9109,70703,275,646,138,1684,774,2548,412,1050,4101,75,164,215,597,49,222,60,754,2,547,1,9418,165,40586,0,0,25,5,278,0,18,0,642,2214,13,28031,61,6369,40,91,0,187,1014,0,0,11,2832,0,0,484,2255,128,4868,2069,167,2,765,0,5,0,1048,7,10,120,1303,1141,160,5738,653,92,2,0,5868,0,1901,942,5443,4517,438,175,3159,0,13319,0,1782,566,3,34,22297,5131,15,2832,5037,9639,1652,0,1176,8720,8,0,10,37,2868,177,0,152,5305,59,93,4152,19703,2,11526,576,20854,397,45,24,1115,9651,18,767,113,21489,5,0,36,20,2,50,2033,0,132,3,47,1304,0,0,13,535,3,0,0,0,6,17,0,1463,0,511,503,17,104,10,0,0,3,143,0,0,6508,787,19,0,336,2,250,31,10,2,0,1,0,40,222,3280,7298,14,416,458,771,10982,105,0,0,2507,3748,44,218,0,29,928,0,1459,0,2387,0,798,35,872,609,4395,273,1010,404,9592,148,7323,2252,1,19,12,1027,419,5877,19,13036,9099,202,1175,976,0,18,10834,1014,26393,3802,248,3247,47,608,3283,410,8151,120,87,2,46,831,80,8,26,1355,265,192,20,107,79,2515,21183,0,1072,0,0,825,1,0,88,117,690,514,8753,0,1811,150,24,3445,3,0,401,81,216,78,296,7,559,420,0,1069,430,5608,1198,2046,0,1,0,109,2824,140,133,152,1,246,88,73,4631,16,6973,1700,258,561,1756,7278,527,5287,32,19,308,226,7580,0,30,10,2222,260,191,10,972,0,605,7,13,18,3095,2,291,3675,5,4254,0,6471,2891,382,126,7896,3935,3,193,1373,98,10705,3772,717,312,1982,1133,169,2667,6434,1,0,20,883,1752,9219,3,22312,589,15,657,3225,0,0,0,64,8,0,101,1060,7365,37,11,1722,17,121,4593,44,287,12,4690,8299,4216,4,159,12,93,6447,0,723,183,311,3906,4861,887,10432,0,21,2482,402,4455,15,0,402,305,738,607,148,179,796,386,4516,7784,10,1497,168,1764,5530,142,1686,346,0,115,0,616,1137,0,318,3144,4082,1416,756,20,0,3853,83,23,3387,582,4948,25744,134,32,798,176,199,0,1309,5562,0,4630,61,3,1208,31,4533,4356,10035,103,0,0,295,2326,457,1664,11,10613,2,7,155,258,5467,1204,15,1773,902,8151,19639,2,151,589,10335,2,15,0,1223,293,1963,2982,43329,464,2508,265,91,7,1708,5606,10,637,699,11,6,4000,6216,10,4,0,4,10,257,0,0,10877,2243,30,0,19239,7587,0,441,502,418,99,1,0,0,0,0,0,0,0,0,5564,0,0,0,0,956,33874,0,9624,1,0,0,0,0,124,26,1010,1389,1,45,0,1,2,0,0,170,0,18058,570,40,459,2163,0,13,1,1,0,0,1,2,0,0,73,441,0,188,166,269,11,0,0,0,0,0,0,7397,1,5928,586,19,1518,892,0,1174,5,0,1893,47,0,0,0,0,0,281,0,2,13,746,0,499,1,1,105,3633,39,0,25,102,944,0,443,0,13502,3804,0,207,0,0,0,5815,4,1,0,0,0,23,0,0,14,1440,0,360,0,3063,74,0,18,216,363,6162,2,79,0,2,12286,3846,0,0,0,19,79,1,21,145,322,0,72,167,0,2473,0,2,4365,19,0,407,0,0,0,172,0,0,1,961,0,1,1,6978
"gene_1192",6449,5763,9355,188,8295,10795,15366,5905,504,1168,2909,7379,16137,12534,1861,1325,933,574,7304,15019,76,8704,9552,888,1878,3200,545,2715,1423,4573,7666,3668,1298,7817,1073,6092,638,7002,56,4381,7971,4641,2714,7560,3758,4189,8101,1711,4643,2549,5333,10902,1269,3849,1252,2071,2577,2020,2335,2322,20423,3445,5899,4860,18871,6539,1472,7509,14205,33204,11764,6975,317,1230,10935,17145,1550,14799,6450,13832,18954,3110,1829,13724,4772,1988,107,10421,17608,941,39218,7494,39917,29331,6446,2642,1799,518,21917,3822,36633,11291,700,47733,185,34990,15379,5425,549,852,6077,27,241,4512,87,24880,676,190,11740,6150,161,5202,2221,1,42,7134,35,14933,4318,382,0,190,7550,20,2071,3705,551,8246,724,12602,155,7586,113,8238,20326,5212,48838,545,10066,22311,15429,15855,13444,15299,6861,21009,21111,1908,17200,16,42555,15114,2670,1030,30327,8296,69,52174,33,3,348,70502,31215,12531,86098,951,709,144,0,4206,3114,2053,570,1738,20591,83436,33939,2448,12290,4398,24,1713,118396,0,2852,0,2935,0,230,3182,195,71,6430,81,399,3473,470,5760,0,399,40,2321,376,175,346,1604,36,7465,32,188,7,12427,40,3601,2185,6814,71,31,20599,0,150,37,39,0,85,457,9206,515,1,0,15618,13183,1009,0,705,8446,4740,3306,4216,0,559,0,10784,410,4714,9382,3327,4,26,1,11235,9505,16161,171,5069,6782,380,28,1701,7061,37,8366,102,2354,2322,1482,2135,30,2312,451,719,118,8,2951,966,1078,666,142,0,1369,3889,5183,4095,11387,109,1839,159,994,2088,10,587,91,4905,792,16113,377,2,57,2791,523,18425,762,1369,1133,43,970,370,190,4078,8181,1029,1326,1585,2001,153,1838,3,46,4073,4,6157,1088,7745,11153,2818,405,519,1430,5364,269,63,22,543,8919,8007,1106,1563,387,175,425,29,4301,519,2712,1199,526,23534,1,2945,145,4153,0,774,1446,361,3996,23,224,3335,1011,3388,5717,230,969,8614,656,2376,334,2735,173,7739,1191,4831,380,41,6,16,1529,2383,162,1372,140,119,435,2437,170,241,2536,980,892,8835,858,7,161,246,202,2039,63,790,1452,1642,5233,934,3229,1813,2,0,2721,1573,579,441,3435,1892,1216,70,20735,2057,0,0,3653,1625,17006,1289,4401,55,167,1877,997,5294,805,625,861,788,10604,320,3881,12169,3026,6518,20964,4687,7652,34,1669,594,541,562,163,1005,9554,7852,115,2221,369,104,10969,2090,7295,61,798,207,3520,544,239,5222,39,2827,3184,430,208,2029,21811,9,163,670,6124,3831,3160,412,2417,204,4715,2367,1380,1236,1329,1752,101,233,190,184,759,29,2788,12101,1640,12618,4120,5365,1576,34,506,689,1138,22,743,2930,12880,5706,1236,373,496,276,416,43,594,351,4589,6342,154,558,3444,93,72,5966,176,11702,4319,2310,3372,67,798,1211,354,13289,29,0,321,1030,7267,2876,2447,100,1022,473,7634,1441,11594,1338,164,123,1084,14,200,5286,4409,3433,235,914,286,12185,1,1533,0,604,331,652,1534,9520,11606,291,141,13395,449,0,898,0,3361,398,311,3377,14,1,3754,443,1589,298,8853,25,10,97,15435,3053,177,4389,10008,0,75,13413,168,6,0,50,2065,21,3,3920,2101,1254,1539,676,83,32,159,8861,443,6,2917,787,52,0,107,11,515,6522,13,838,67,4166,1874,5997,466,0,977,7246,332,372,6374,644,0,11453,2175,2910,2028,928,261,807,2965,2,7582,9324,8,255,2849,776,0,995,1047,3324,6766,0,19,16,600,9,101,0,2674,0,3,1337,1120,5,4123,353,1841,88,4,273,2894,2237,7,9,2261,0,0,0,19,1040,4751,24,18,1758,20,0,3,6479,0,432,88,2,2065,0,55,33,0,0,69,0,238,0,0,103,1,1641,15183,182,237,0,61,5,0,3,251,2070,9,0,0,0,10594,106,7,467,0,379,232,931,22,22,22084,130,2073,844,9,2372,431,905,12
"gene_1193",20334,126,4746,27,5,546,8452,35,3495,178,5,0,4222,10,3461,172,3922,265,0,572,1428,355,12799,0,36,3468,225,11879,133,583,24,1488,225,379,28,30,116,3759,14,528,46,8248,0,1796,17,87,17,2,231,929,186,3069,427,1092,228,4881,206,1,8633,0,1071,3,3859,83,1,3096,523,19717,265,124,817,5,15,4,2924,3400,2536,0,1,62,1589,125,23,117,5758,641,7,80,0,15,230,9,1716,34,0,263,330,350,15017,2,0,0,9,2758,0,136,1917,0,0,21,120,14,1,1,29,0,874,25,3771,0,74,82,3,3,28,3820,0,35,622,4,79,0,2330,0,0,0,0,8725,418,0,123,2227,7715,1,201,1379,1127,0,0,5312,191,3763,0,1,6,4,0,14844,680,1,488,0,1024,116,0,762,0,3,2,124,17,0,0,0,5693,0,0,1639,7235,256,8261,0,4996,692,0,487,11985,12572,54,0,90,344,10346,0,0,140,1046,94,99,15,70,280,4349,1156,840,1,1050,1645,4759,7,1894,33,420,0,623,207,0,2238,6437,4560,602,6,5235,289,43,24,13,42298,0,11822,6762,3771,308,1590,277,8034,1750,36,1696,0,1222,121,1876,39,566,4525,1263,0,133,620,248,0,4,2659,8627,44710,168,0,342,1336,493,0,6311,2,0,73,0,7866,296,1491,1772,4,0,1,3745,0,0,1,74,1,32,25,1287,30,706,258,3932,5000,0,346,490,5,534,2,728,8636,565,161,1,0,45,625,2335,17658,750,6763,1314,1558,77,11,2400,1150,0,1495,2652,2,60,0,13,0,0,152,0,3,1356,2758,1684,1385,175,1157,0,1264,5051,0,651,0,150,0,789,388,2489,18,305,0,25399,5,139,3010,4034,3,0,203,0,8126,5600,0,4,3576,267,550,2143,3,7757,8,1371,0,80,5,27,0,0,179,1052,0,4,292,23343,2178,25,794,197,1,2,1884,22,3387,86,0,78,1510,0,519,0,187,1964,8626,4676,0,0,0,946,877,677,7,9,0,9,1074,3,23,8443,212,13090,101,51,5191,13,184,9017,1643,2066,965,0,2774,0,31627,16,0,18148,337,57,1723,860,4537,937,11222,3107,370,1598,12530,1904,8727,3752,16693,10445,4849,9513,1960,19156,25460,7882,783,672,3399,6868,7640,4195,2235,2216,709,1830,10559,21566,6927,43,2854,10245,3936,12141,1528,13330,12949,18184,3290,5431,49,7560,3153,17802,3502,2867,6733,4183,2586,252,7492,1303,1542,968,1437,2456,6770,2969,16570,6396,4997,1260,7356,9486,13105,631,11279,23291,9791,20530,24166,466,10740,6659,762,6516,5274,229,4011,10371,6774,3634,5126,29438,9980,306,14934,3192,4259,478,10093,2901,106,3480,5998,76119,2913,5399,37649,1073,3064,22752,20235,24967,11319,2641,8743,3437,3121,1570,10901,1960,4062,4088,1552,5286,3680,1389,2517,2874,13649,9084,7801,503,338,399,13681,8357,26318,10663,4462,7166,2764,3267,2524,13264,2921,1479,1166,28792,463,0,4013,1314,2865,3512,16575,27,0,3238,96281,66327,33,7982,2171,2119,4805,3298,1404,1596,916,13749,17859,453,9446,5322,33257,30293,18361,13808,368,24874,7149,7664,2684,4557,3262,187,10697,8594,2181,10052,18,23278,123,3061,1077,3721,13771,1373,6002,9658,3747,2582,42487,3174,10659,41186,21755,0,1922,16328,18,167,1953,212,29948,15657,31506,34311,15011,12138,1860,11620,538,4241,1296,413,255,75,12775,2211,4489,2439,677,2107,204,9906,1306,1310,356,33795,2800,37,6406,75,3655,7756,9991,58,5,9,17030,30930,25207,228,1958,263,3381,4592,11129,2156,4063,4190,8081,25992,6035,99,2587,11,82727,2079,182,0,208,33181,5823,11688,50,28,55115,92,19,651,14124,1567,210,6093,0,3706,30,584,1004,9423,32,1004,13964,13002,343,1091,17307,48,1526,4971,2706,30,1178,78,300,11983,1559,28071,212,208,9751,8241,21446,260,3320,712,440,643,11313,1,176405,2,201883,39,952,10433,16480,587,46672
"gene_1194",186,3,4,42,2396,1354,3822,24,0,133,686,5664,684,194,4,2686,0,0,2383,2669,255,721,3258,19,57,5,10842,2435,49,37,60,290,903,37607,37,19,13,138,4264,3,1,2250,120,455,969,4005,1307,2338,206,4252,29,195,124,29,148,91,134,2092,2268,58,1809,9,219,161,8906,226,10,343,403,83,9282,1917,21,5078,145,16,175,33,7927,1150,229,317,3683,0,88,138,385,25131,7,22,9078,15,0,0,1,22,3736,99,6,887,383,511,0,54,3159,6454,138,0,364,1,407,121,20,727,93,2791,19,21,876,639,4163,87,49,1653,257,38900,4,6527,0,0,181,815,54,0,2174,859,3973,14269,18,67,492,6,1623,18,9,161,23,4071,7,62,55,46,6890,22363,0,3591,0,4045,0,1167,0,0,15,231,1196,20,0,14901,3397,585,0,24534,0,2223,0,20,7,0,5818,2524,21526,0,336,1007,13363,161,0,1582,50308,2485,312,404,10,18,2073,106,69,2,8978,131,64,0,1509,367,318,4540,184,4868,0,6188,0,262,2838,179,420,793,115,6163,1,20,4,440,6,3102,0,2944,555,151,13,0,216,2061,422,677,111,2909,96,50,0,0,5681,9474,54,487,2198,3,913,241,1245,1704,471,0,0,0,1326,728,10029,1513,23,2707,889,319,382,11,229,6438,7,3766,1576,647,1213,257,2550,328,15,10260,2709,61,6762,693,846,2389,346,3,2289,6,6751,8,711,289,3305,0,64,141,2004,4,37,1041,5181,16,121,2963,1234,58,0,51,2760,158,316,12,45,0,20,29,417,6016,1487,1026,8524,482,0,11363,1,4722,2375,3481,4,12,278,2959,1227,37,1469,1449,0,6216,0,110,75,185,353,194,2567,3326,0,18,8190,62,2299,4,92,267,244,638,1240,1743,490,1,3,17,964,209,0,1062,370,1376,1912,4245,318,5,1121,25,15781,8,124,972,1180,162,837,1050,0,591,3280,1105,484,204,10,3496,27,15,231,2932,125,1827,37,9,0,0,255,4317,1668,5556,1778,20,0,88,809,33185,882,43,585,35,36,81,416,6624,1943,610,361,5218,0,1800,651,8,402,0,29,130,1,27,16,7000,909,437,405,3691,332,202,299,3693,1025,4201,6557,1033,302,0,7100,1102,375,1682,1,456,101,1680,2359,3171,1322,239,4219,2430,1,1754,113,700,3,122,407,231,29275,2269,4038,2699,3857,24,947,1036,154,74,1713,1890,1651,2027,784,269,2996,4849,5615,34,1186,47,323,5899,1882,8,3,131,297,227,2726,1454,1556,21,270,2553,2812,251,851,12,15594,12074,39,23,0,72,2397,1076,1112,5051,4041,6472,547,10,1519,81,6,428,7265,5713,1257,156,354,8088,373,3587,5,120,915,251,724,6002,589,425,75,69,8,14,1350,685,2577,1234,21,24,497,2168,1463,854,44,4328,472,755,223,9283,14,1308,149,1132,1497,3365,3611,494,4421,185,72,679,78,0,9,3,0,0,66,4971,6,1812,8892,0,8142,0,3556,0,0,5555,372,5096,917,0,47,0,111,0,4834,93,2473,4645,16,108,1067,196,746,272,131,177,32,1062,0,46,1068,744,50,130,0,450,137,164,7733,661,127,1,0,667,2,0,6,482,260,238,127,238,1305,582,70,562,28,210,15,46,0,5111,7217,0,13,0,3062,66,0,1852,2,8617,31,3,3521,494,128,3166,1672,125,0,0,0,20,186,75,31,3039,39007,0,0,4513,0,169,18,369,35,1642,4,0,0,46,14775,14045,19,0,72,277,2893,398,172,8443,9,0,62,1176,15,233,769,32,39,241,400,28,5,7491,1090,694,3,144,147,1043,2230,1,778,1317,731,930,2142,0,2924,703,1,971,2359,0,3,188,72,17,37,14,2280,6,3635,21,3291,546,0,321,580,0,1,2,649,6,620,0,468,0,0,392
"gene_1195",5307,2155,1219,20,36,1010,5,401,431,1007,163,6466,7475,254,10654,275,184,744,124,1131,9,78,6482,2141,1955,4,4223,2282,2466,1032,87,50,70,127,0,3576,897,998,76,353,256,1875,51,625,1171,411,438,292,3008,19,203,1105,366,1,492,1607,77,5,488,1,283,294,866,1074,2094,599,746,783,52,4,44,633,129,11,106,1839,492,17,1002,371,1218,71,186,1360,177,114,45,489,537,573,2872,2539,89,5,5,0,2110,94,613,1277,10,2571,1046,0,2028,0,9,83,0,540,0,0,302,0,0,564,1000,0,531,0,217,1958,4,33,2624,31,19,94,48,294,0,0,0,2059,166,15,182,135,1275,6217,1736,0,52,11,0,694,1504,0,138,57,5112,974,0,184,2947,0,0,0,76,1,10307,43,402,3542,11,0,47,0,0,271,254,4289,607,5,1,2431,0,1353,3019,516,44,998,652,1750,0,137,225,1782,2615,6400,4181,53,110,1922,535,533,831,148,511,2990,4228,340,8,279,161,0,1151,194,585,1738,2560,201,624,102,3399,193,174,148,119,25,161,2,575,14,412,4,971,117,652,539,7,3789,1214,152,259,449,119,1060,2455,0,2375,738,754,557,748,980,21,2998,126,860,630,2833,2473,655,18,550,475,42,1068,1440,1113,500,877,28,248,1557,2099,1,681,234,544,134,1120,6995,1883,2849,157,735,332,3274,97,108,2307,326,186,1369,2803,914,1828,304,1966,2057,920,392,630,503,429,0,709,430,834,237,171,249,725,3376,600,1912,41,559,1538,901,55,972,252,425,1589,5194,2285,136,101,0,3097,3092,2438,560,281,54,2156,94,411,66,160,40,1415,23,727,51,26,1216,6,318,6315,57,6586,420,5532,904,193,2533,1256,354,435,100,151,617,1591,249,498,5971,4140,629,924,621,653,726,1447,897,2063,4632,338,1806,1750,1499,1407,3158,34,1005,1237,35,1844,108,3778,341,49,1795,443,202,4265,479,3552,568,134,429,396,101,1220,70,1140,275,1431,189,533,506,27,38,8478,617,1479,343,1613,204,121,614,2945,2300,506,473,955,5163,30,858,2,22,701,9278,3254,6,290,857,993,2363,351,58,1484,149,783,465,110,153,227,121,639,315,3119,399,6,172,220,424,822,408,34,1200,3,63,1753,62,25,127,268,0,289,1154,1015,306,448,22,2823,344,3194,32,2295,126,690,939,336,2254,132,1152,163,17,179,51,291,443,1241,2157,2376,283,1015,970,2913,180,2,1,3088,754,48,761,1120,422,127,262,1676,560,0,2518,6,12,618,32,1244,24,651,218,825,648,5614,113,20,3589,541,149,813,285,314,731,49,1,1292,1428,375,1355,131,4,625,1485,1442,1835,72,7,317,500,1189,315,2044,57,1268,1,145,282,872,105,2881,1854,953,1365,2,2305,1,12,343,228,84,1720,352,1901,563,489,320,84,234,217,89,393,782,40,927,5,1,175,148,1262,0,448,333,5,1,15,371,191,0,53,21,31,92,400,8252,1780,32,337,2540,64,821,140,95,253,116,0,456,27,19,1,1,120,69,1273,1419,0,1670,0,142,93,892,0,44,0,34,412,2609,1,6237,237,488,2398,610,1185,364,610,103,518,6,80,73,8,2059,1257,885,395,0,1249,3,4,22,89,615,1237,18,156,792,101,16,0,68,1536,288,16,89,372,269,0,434,1657,0,3431,28,974,57,273,126,314,19,179,1219,1038,304,2,2357,48,1,10,12,3213,117,180,237,205,0,4,839,614,1099,808,0,15,172,11540,0,954,73,4,154,1025,1481,707,0,2,1596,550,714,212,567,394,0,0,0,2118,434,3,0,11,14,0,211,13,2217,48,17,3313,47,744,2709,367,24,94,106,1169,64,282,13,97,5,541,2,4195,27,4743
"gene_1196",0,0,9,0,0,0,0,0,7,0,0,0,0,8,75,0,0,0,0,88,0,0,0,0,29,0,123,0,0,0,0,0,0,0,1021,0,0,0,622,0,0,0,49,0,0,0,0,0,0,0,0,2,63,0,0,0,1,0,336,0,123,8,0,6,0,0,0,0,0,0,0,0,292,0,0,0,0,74,3,0,0,0,0,0,0,1296,0,0,0,0,0,0,0,0,0,0,0,0,0,0,0,0,0,0,0,0,0,7,0,0,0,1,0,0,0,7,0,0,0,0,0,0,0,0,0,3,0,0,0,0,0,8,0,0,0,0,3,0,0,0,0,183,0,0,0,0,0,0,1,0,0,1,0,0,0,0,0,0,0,0,0,0,0,7,0,0,0,0,0,0,0,0,0,0,0,0,0,0,0,0,1,0,0,0,0,0,0,0,0,0,0,0,0,0,0,0,0,0,0,0,0,0,0,0,0,0,0,0,0,0,0,0,0,0,0,0,0,0,0,0,0,0,0,0,0,0,0,0,0,0,0,11,0,0,0,0,0,0,0,0,0,0,0,0,0,0,0,0,0,1,0,0,0,0,4,0,0,0,0,0,0,0,1,0,0,0,2,22,0,185,0,2942,0,0,0,0,229,232,0,0,0,0,0,0,0,0,3,0,0,0,69,0,0,0,0,0,0,0,0,0,0,0,0,10,0,0,34,25,0,0,0,0,0,0,0,0,0,0,0,0,0,267,0,0,0,0,0,0,14,0,0,0,0,0,0,0,0,0,0,0,0,0,1,40,0,0,0,2,8,0,4,1,15,0,0,27,0,0,0,0,0,0,20,0,0,0,0,0,0,0,0,0,0,0,0,76,0,0,0,0,0,0,0,0,0,0,0,0,0,0,0,0,0,144,0,0,0,0,0,0,13,0,0,0,0,0,21,0,0,0,17,0,57,0,0,0,0,0,0,0,0,0,0,0,0,0,0,0,598,0,0,0,0,24,0,0,0,0,0,0,0,0,0,46,0,0,0,0,0,0,14,0,0,117,0,0,0,0,0,0,0,0,0,0,6,26,0,0,0,0,0,0,9,0,0,27,0,0,0,24,0,0,0,97,0,0,44,0,0,0,0,0,0,78,1,0,0,0,0,0,0,179,0,3,342,0,0,0,0,0,0,0,3,0,0,0,0,0,0,241,0,0,0,0,38,0,0,0,0,10,22,0,0,0,13,0,0,0,2056,0,16,0,0,0,0,0,0,0,0,0,0,0,0,0,0,0,0,0,0,0,0,1,0,1,0,0,0,0,0,0,0,0,0,0,0,0,0,0,20,0,0,0,0,0,0,1769,0,0,0,0,0,0,0,0,0,0,0,439,0,0,0,77,0,0,0,0,0,0,0,0,0,0,0,0,0,0,0,0,1,0,0,0,0,0,0,0,0,0,0,0,0,0,0,0,0,0,0,0,0,0,0,0,0,0,0,0,0,0,40,0,0,0,0,0,0,0,1,0,0,0,0,0,0,0,0,0,0,0,0,0,0,0,0,0,0,0,0,0,0,0,0,0,0,0,0,0,0,0,0,0,0,0,0,0,0,0,0,0,0,0,0,0,0,0,0,0,0,0,0,0,0,0,0,0,0,0,0,0,0,0,0,0,0,0,0,0,0,0,0,0,0,0,0,678,0,0,0,0,0,0,0,0,0,0,0,0,0,0,60,0,0,0,0,0,0,0,0,0
"gene_1197",2905,0,0,0,139,0,2236,89,199,48,816,25,0,0,0,0,56,0,53,0,0,0,7,0,0,0,83,241,0,18,0,2,0,3,0,0,0,1135,1,10,253,13,781,97,0,0,144,3,16,0,0,1493,23,7,38,0,158,0,243,137,19,0,467,0,60,0,17,0,96,7,703,0,40,33,9,2075,0,0,0,0,2,1,936,2226,517,1231,0,752,2021,19,0,6,0,0,0,0,0,0,0,0,3816,0,0,0,0,0,0,0,217,0,0,0,0,0,0,0,41,0,0,0,0,0,90,0,0,0,0,54,785,0,0,0,617,9597,0,0,0,0,0,167,0,0,1087,7019,0,61,0,0,0,0,0,0,0,0,0,0,727,0,0,0,0,0,0,0,0,0,0,0,0,0,14,530,0,0,0,7,0,0,0,0,0,0,0,0,0,0,0,0,0,0,2974,0,0,1,2,341,0,0,0,0,428,3,3,1,0,0,0,0,0,795,637,572,0,405,0,0,0,0,0,0,0,2,315,2238,0,375,292,0,20,0,0,6,0,0,627,3492,0,2972,0,270,0,257,0,0,1,0,144,0,16,0,33,0,0,0,3685,0,0,0,0,0,0,0,0,0,8,0,0,0,0,0,136,0,9465,822,0,70,0,77,0,284,0,0,0,18,2224,0,0,0,140,0,17,0,0,242,455,0,0,0,0,3,60,0,0,0,0,0,183,0,0,0,0,0,247,0,22,0,0,0,42,9,0,0,74,0,1280,6,0,1,721,0,27,9,0,16,0,223,0,0,0,1,0,0,0,0,1812,0,410,0,2,0,195,0,612,20,0,0,0,0,0,0,0,0,0,31,0,50,2,0,0,0,1646,0,0,0,3,615,600,2,0,0,0,2,398,0,142,0,83,0,464,0,347,0,652,1840,712,0,1086,0,4,32,0,0,0,0,7,0,18,37,0,0,0,0,381,0,4990,0,0,0,25,58,4,0,0,0,8,0,528,69,9,0,51,0,1799,0,0,0,0,10,0,5,0,0,0,0,1509,0,0,0,18,0,898,0,0,0,0,0,0,34,58,0,370,9,0,0,59,37,0,0,99,0,0,0,66,0,0,143,34,0,0,0,0,215,903,178,0,480,167,0,0,0,0,0,3310,0,0,1,0,1701,0,0,0,0,301,0,0,0,0,0,5,0,0,0,0,16,7,1,0,53,0,8,0,0,0,104,0,0,1909,0,0,0,0,1323,2,8,0,180,0,0,0,1,0,98,872,0,0,0,357,2,0,156,1050,18,4,3,0,0,957,0,0,5,0,3,21,1,0,562,0,4,1100,0,0,631,0,0,0,0,0,0,6,0,0,0,1,0,0,0,0,0,0,0,0,3,0,0,0,0,0,30,0,15,0,0,0,0,0,699,0,0,0,4,0,0,0,0,0,78,0,0,0,0,279,0,0,0,0,16,0,18,0,0,0,0,0,0,0,0,0,0,0,0,0,0,0,127,0,1660,0,0,0,0,0,27,0,0,0,0,38,0,0,0,0,0,0,0,0,0,0,0,1,0,0,228,0,0,62,0,0,0,0,0,2139,0,0,0,0,0,0,0,0,518,37,0,0,0,0,0,0,0,0,0,0,0,0,23,0,1545,0,137,0,0,0,0,49,0,0,0,0,0,0,0,0,0,7,450,0,0,0,0,0,0,0,1,0,0,0,1175,0,0,0,0,0,0,0,0,0,0,9,0,0,32,0,0,0,539,0,0,0,0
"gene_1198",0,0,0,0,0,24,12,969,0,427,0,0,1,0,0,0,0,0,0,0,4,0,0,0,0,0,106,0,0,30,0,37,95,0,0,3,0,2310,9,63,0,0,0,0,0,0,0,0,0,0,23,4,0,0,0,0,0,8,0,0,0,1552,0,0,0,0,0,46,1,5,22,57,0,773,0,402,157,1,0,3,0,0,9,0,56,0,0,1387,177,0,0,0,0,0,0,0,0,0,138,0,708,0,0,0,0,690,0,0,0,0,0,0,34,0,0,4,0,0,0,0,0,0,0,0,272,8106,15,153,0,0,0,11,709,68,613,0,6,0,0,0,0,0,109,0,0,1735,0,3,0,0,0,0,0,16,0,0,1,164,0,0,0,0,0,0,4998,0,1011,0,0,0,73,0,56,3,0,0,1035,0,0,0,0,0,0,0,0,0,0,0,0,0,4228,1,0,0,0,0,0,0,0,0,0,0,0,0,6401,0,0,1682,36,0,0,1357,0,0,0,0,2,0,0,0,0,0,0,0,1,0,0,0,3,0,0,1040,184,0,2590,0,0,0,736,0,0,0,4,480,676,0,4118,93,14,0,11,127,0,0,6,319,1410,0,2,2388,75,246,637,0,571,2,30,0,0,3,561,0,21,0,0,0,0,0,0,12,0,883,0,0,0,0,0,1,1430,24,551,192,9,1618,0,8,0,349,2,245,14,5,0,12,246,0,10,84,0,0,0,0,59,14,0,0,123,209,0,0,0,0,0,1136,18,13,0,98,0,0,512,1,0,0,545,0,0,0,0,3,0,25,2,1804,2379,48,9,1,77,0,0,250,134,2,3,0,6,0,0,15,0,875,0,0,1549,0,64,130,0,0,67,7,164,14,381,0,317,0,216,0,2,0,0,1103,0,0,41,338,57,0,203,0,0,6,5,43,108,203,0,2582,441,55,42,0,0,3,613,154,2,10,0,36,658,318,254,7,2268,0,1,129,99,424,32,547,0,0,101,0,454,0,0,0,8,0,78,8,98,0,0,0,0,0,48,96,0,0,0,0,0,265,1,0,0,0,0,0,0,0,0,6,0,0,0,0,11,2,0,0,29,0,2,0,0,33,0,318,0,0,0,0,0,0,0,11,0,0,0,0,1,0,6,4,247,0,0,0,0,0,4,23,0,0,0,0,132,1,1,0,4,0,4,0,9,0,107,0,0,105,1475,0,0,0,66,0,0,13,105,168,0,151,0,1263,0,76,81,0,0,0,0,23,0,7,0,0,0,8,5,334,0,0,0,1,1,0,0,48,0,35,0,0,0,0,0,0,1,0,0,0,0,3,0,228,0,0,20,0,1,41,0,0,0,0,517,0,0,0,0,0,0,1,0,0,4,0,0,0,0,0,0,0,0,2108,0,0,0,0,0,0,0,0,0,0,0,0,0,0,0,0,0,53,0,0,0,22,0,0,0,0,0,0,0,0,0,0,0,0,0,0,0,0,0,0,0,0,0,0,0,0,0,0,0,0,0,0,0,140,0,0,0,0,0,0,0,0,0,0,0,0,0,0,0,0,623,0,0,789,0,0,0,0,0,0,1,0,0,0,0,0,2,2,2,0,203,0,0,0,0,0,1538,3,1761,0,0,0,0,0,0,28,210,0,0,0,0,0,29,0,0,0,0,0,1,0,0,422,0,0,0,0,121,1,0,0,572,0,0,0,188,0,76,0,0,1385,0,10,307,0,1,0,0,0,0,0,0,0,0,0,0,0
"gene_1199",7685,6741,1195,14147,5497,558,624,245,569,9214,1529,2127,4119,78,1430,647,509,270,728,292,2,59,9091,749,0,2070,1399,0,2,7875,78,1494,765,14,793,0,28,2993,0,691,117,2,1358,1072,263,356,0,0,672,82,24,39,491,1030,1905,9193,1129,9598,1232,962,148,20970,465,436,3367,56,0,39,2486,68,1475,75,125,153,10,28,209,1569,4197,13576,32,20,121,27,2979,970,12,4880,1244,725,158,363,334,1,10678,113,2129,2969,855,867,1061,271,3940,20957,1633,19534,8900,9080,5664,173,6160,4067,6999,831,4243,2661,5069,5139,1729,5615,1916,4889,1534,1,94,923,3340,130,8218,116,44,7271,136,5570,26547,7660,2362,63946,1223,27533,6597,12898,2090,1301,110212,9104,482,12601,10674,2921,2688,3785,16347,6501,2675,12568,23350,93,30413,1916,4719,3377,0,1576,10706,5289,17043,4893,390,6696,1378,1065,6164,5839,48096,3466,13624,2406,16266,65638,6632,1980,738,1835,11663,1201,1830,995,117,53782,7134,1392,8435,48,2746,1243,991,935,2650,2252,6776,546,6173,956,3298,2739,4,1346,0,3244,6864,450,21,11029,25,3758,10072,2245,1820,3530,1852,24,7328,145,6646,102,7685,16633,650,886,282,788,1169,1,433,26364,45488,2026,2905,107,5348,1102,455,1506,3549,303,5453,26,160,1247,34644,3623,1105,190,4241,11418,2864,194,3407,13835,11576,307,685,168,3625,3618,5342,276,2000,2545,2513,9627,7283,247,812,4023,7962,4098,3914,1681,118,8065,527,51,1871,2610,3614,1857,1976,1188,3208,592,95,7783,11383,6000,568,850,5642,846,269,849,1615,28,22357,7267,4380,9031,527,228,4686,1905,3467,1377,1674,3667,1784,1761,820,847,788,656,7780,2450,1850,4297,2229,3080,21171,507,1220,689,990,997,1660,2226,96,293,3722,8249,360,257,568,2092,2191,22,321,9967,5232,51,192,2159,507,485,145,3370,1609,4263,311,522,2272,2708,4518,6433,5818,8285,8760,9487,117,1131,1598,5202,1518,3360,4278,12217,8848,5663,8200,2782,7796,4227,1551,259,321,992,1082,11139,16674,2196,8581,4320,21,17011,23011,5185,274,256,747,930,3466,11146,252,5161,2665,4854,1382,3776,8723,2982,2924,750,475,2023,957,4,11412,13252,560,863,4849,2802,6282,17047,3255,13470,4782,106,818,5324,7907,7346,3292,497,1714,3001,10860,620,4698,1812,5679,864,7067,10673,2571,8550,498,5050,2688,2126,2228,34,848,349,2227,7130,400,896,376,442,2488,2997,1234,1213,2823,12017,2494,1405,601,2431,9233,7187,3942,603,10692,4425,3173,491,3050,683,2058,6979,818,1606,405,4929,5496,3782,522,756,752,1271,3289,5240,300,517,2448,4494,4186,383,256,2341,358,11749,1329,2954,4639,4292,2003,580,2593,378,2785,8176,2304,2979,1086,847,20249,6916,3236,3127,3994,978,4089,1246,100,5156,2909,7506,15831,1580,5472,239,1221,1132,7570,9644,1638,2584,4119,3811,357,7200,2799,14250,4640,6568,232,2478,2439,5045,1762,4416,1017,3462,156,1075,1623,10913,616,4084,8498,4683,158,11211,1581,17666,2171,655,13217,678,12077,6560,6836,468,5794,5665,4760,402,6,24723,6144,8520,29229,3385,2811,6292,9180,404,26,3791,3366,2175,3871,66,17203,6976,5856,26222,238,8332,4028,1284,1563,1228,5836,2041,12891,7945,5836,25982,168,2110,6757,6042,9991,1513,155,8585,2325,25543,3555,8131,17111,1593,827,1554,856,207,99,91,1478,12256,132,676,957,710,9044,5859,9405,1489,1927,6165,2691,27974,22214,4206,19170,11255,6156,699,2943,818,805,1462,33734,136,5,2205,447,4407,3221,9981,52036,5331,5574,3664,198,13209,400,205,2926,281,9243,1764,2619,40177,9997,3831,2786,17433,5960,1517,781,3659,1529,2369,8389,9402,3280,15011,3819,2437,37920,30,4744,1828,2755,237,7141,12033,2714,447,15096,7505,2612,2,13320,2468,4020,11827,17749,2895,3628,44560,4405,1175,93,6154,6901,1296,2341,2586,1377,12404,1656,7575,250,44117,5878,4748,3244,228,2479,1233,653,13298,5515,16537,423,3419,3809,2879,1746,45280,7,5971,3910,6709,24218,12,1141,12261,18786,23211,2957,1694
"gene_1200",196,3380,67,37,17,338,43,1392,847,1566,1,625,1540,172,352,72,271,329,278,185,1154,552,17,1,18,81,243,99,396,1449,0,78,21,1014,371,10,261,105,114,1567,33,654,21,105,485,117,185,77,512,946,1783,983,312,28,437,1031,0,12,31,417,1072,183,1207,10,284,46,337,545,634,640,486,256,150,735,332,1433,760,421,1987,28,93,275,24,486,1537,53,340,64,5114,0,409,10,42,3,2,0,3,11,0,2479,0,16,1350,4496,0,561,0,1,124,0,10,24,46,18,563,15,0,1,938,0,0,150,1,275,0,20,0,0,578,180,0,262,5,1387,71,121,23,220,181,0,149,40,22,0,25,80,71,1,818,348,0,5,33,2,2,0,57,0,1,32,0,2,0,0,15,160,0,94,0,0,0,0,137,13,4,165,87,1,1539,30,0,188,1,1,180,76,20,32,3274,162,0,1,0,47,0,97,520,1009,2,410,289,508,764,3280,3959,42,19,2042,43,136,116,294,1253,8,175,215,134,645,4,594,1,4,194,666,1048,5,14,1309,24,2217,0,2,105,811,374,90,1158,451,12,198,176,600,0,753,1,122,549,120,212,201,151,1362,0,0,1292,11,4,1385,917,150,3273,446,660,224,92,70,591,97,857,0,1969,1055,263,250,2421,2519,682,326,102,475,684,569,993,1455,2714,3821,122,1065,95,15,36,3088,24,1089,0,740,1167,344,1428,165,519,56,4877,1285,3785,367,3191,1,1,2154,61,4126,2928,328,2673,539,160,20,150,1344,8,639,3,23,508,425,1812,2109,331,163,773,211,331,245,6275,13,439,23,1126,919,239,93,1332,7638,86,10,927,1301,497,2554,8249,1385,310,60,363,615,2738,2727,7,26,534,208,3878,117,3275,6090,1067,1918,95,1148,166,2761,2768,14,510,3268,297,901,1090,6226,234,3270,1005,327,1430,1900,346,2596,408,2588,22,2217,1,194,1911,2261,388,2067,2224,270,1299,519,2117,1779,1256,1044,5569,188,5500,2865,310,1344,247,25,381,654,169,13342,1005,470,472,865,440,5,715,1528,950,25,418,296,322,38117,0,2368,2,240,90,226,521,750,9,1,292,772,1161,5556,0,135,2002,539,72,0,75,9,2368,14,29,1286,1107,98,4274,712,158,33,145,890,3127,6,83,1862,3,1358,717,111,1805,19,2501,625,306,490,346,345,236,0,294,552,4,173,29,2787,53,106,6,8,44,454,79,3506,3,1,26,31,625,10216,1619,65,701,8,358,2,147,1118,1172,207,24,4,1,132,1484,1611,17,27,579,2510,0,1,0,7303,0,3,151,13,0,125,344,6757,667,1022,1519,156,423,17,1155,28,54,3069,805,14,313,336,778,2102,475,24,143,2237,1243,2857,451,51,539,840,289,3487,29,1543,11896,1,0,403,776,44,1960,2439,15,23,115,70,61,0,18423,1940,87,5857,4,9,48,6064,19,0,216,87,333,428,1570,78,105,7,31,4,1,3,914,258,0,1354,1,4270,538,26,9,297,203,150,715,4,2454,84,80,712,651,2,43,1300,6188,0,36,63,14,2362,2562,458,1317,964,11815,170,9093,15,5,1809,271,373,12,2361,11414,2148,1548,393,32,112,168,685,673,0,0,29,3,1213,29,104,2,250,265,1115,7865,936,0,1480,2,1478,289,96,954,0,8,5852,16,4496,2089,3646,10,288,0,112,1066,21,15,24,0,20,114,0,0,305,1,5887,347,202,712,642,204,60,14,0,131,8519,4,4,0,93,191,1420,111,9,16,160,0,0,1,40,2905,13,206,651,23,1706,1950,0,1763,62,1,362,1,2,63,1,2426,1392,43,0,213,7545,9,212,1225,1403,39,957,22,4,2,3264,130,201,5,196,51,630
