,True,Pred
0,0,1
1,0,1
2,0,1
3,0,1
4,0,7
5,0,1
6,0,1
7,0,1
8,0,1
9,0,7
10,0,1
11,0,1
12,0,4
13,0,1
14,0,1
15,0,7
16,0,1
17,0,1
18,0,1
19,0,1
20,0,7
21,0,1
22,0,1
23,0,7
24,0,1
25,0,1
26,0,1
27,0,1
28,0,1
29,0,1
30,0,7
31,0,7
32,0,7
33,0,1
34,0,1
35,0,1
36,0,1
37,0,1
38,0,7
39,0,1
40,0,1
41,0,1
42,0,1
43,0,1
44,0,1
45,0,1
46,0,1
47,0,1
48,0,1
49,0,1
50,0,1
51,0,1
52,0,1
53,0,1
54,0,1
55,0,1
56,0,1
57,0,1
58,0,1
59,0,1
60,0,1
61,0,7
62,0,1
63,0,1
64,0,1
65,0,1
66,0,7
67,0,1
68,0,1
69,0,1
70,0,1
71,0,1
72,0,1
73,0,7
74,0,1
75,0,1
76,0,1
77,0,1
78,0,7
79,0,1
80,0,7
81,0,1
82,0,1
83,0,1
84,0,1
85,0,1
86,0,1
87,0,7
88,0,1
89,0,1
90,0,1
91,0,1
92,0,1
93,0,1
94,0,7
95,0,7
96,0,7
97,0,1
98,0,1
99,0,7
100,0,1
101,0,1
102,0,1
103,0,1
104,0,1
105,0,1
106,0,1
107,0,0
108,0,7
109,0,1
110,0,1
111,0,1
112,0,1
113,0,1
114,0,1
115,0,1
116,0,1
117,0,1
118,0,1
119,0,1
120,0,1
121,0,1
122,0,1
123,0,1
124,0,7
125,0,1
126,0,1
127,0,1
128,0,1
129,0,0
130,0,1
131,0,1
132,0,1
133,0,7
134,0,1
135,0,7
136,0,1
137,0,7
138,0,1
139,0,1
140,0,1
141,0,1
142,0,7
143,0,1
144,0,7
145,0,1
146,0,1
147,0,7
148,0,7
149,0,1
150,0,1
151,0,1
152,0,7
153,0,1
154,0,1
155,0,1
156,0,7
157,0,1
158,0,1
159,0,1
160,0,1
161,0,1
162,0,7
163,0,1
164,0,1
165,0,7
166,0,7
167,0,7
168,0,1
169,0,4
170,0,7
171,0,1
172,0,1
173,0,6
174,0,1
175,0,1
176,0,1
177,0,1
178,0,1
179,0,1
180,0,1
181,0,1
182,0,1
183,0,1
184,0,7
185,0,1
186,0,1
187,0,1
188,0,7
189,0,1
190,0,1
191,0,1
192,0,1
193,0,1
194,0,5
195,0,1
196,0,7
197,0,1
198,0,4
199,0,7
200,0,1
201,0,1
202,0,7
203,0,7
204,0,1
205,0,1
206,0,1
207,0,1
208,0,1
209,0,7
210,0,7
211,0,7
212,0,1
213,0,1
214,0,1
215,0,1
216,0,1
217,0,1
218,0,0
219,0,1
220,0,1
221,0,1
222,0,1
223,0,1
224,0,7
225,0,1
226,0,1
227,0,1
228,0,1
229,0,1
230,0,1
231,0,1
232,0,7
233,0,1
234,0,7
235,0,1
236,0,1
237,0,1
238,0,1
239,0,1
240,0,1
241,0,1
242,0,1
243,0,1
244,0,1
245,0,1
246,0,1
247,0,1
248,0,1
249,0,1
250,0,1
251,0,1
252,0,1
253,0,7
254,0,1
255,0,7
256,0,1
257,0,1
258,0,1
259,0,1
260,0,1
261,0,1
262,0,1
263,0,1
264,0,1
265,0,7
266,0,1
267,0,1
268,0,7
269,0,1
270,0,1
271,0,7
272,0,1
273,0,1
274,0,7
275,0,7
276,0,1
277,0,1
278,0,7
279,0,1
280,0,1
281,0,1
282,0,1
283,0,1
284,0,1
285,0,1
286,0,7
287,0,1
288,0,1
289,0,7
290,0,1
291,0,7
292,0,1
293,0,1
294,0,1
295,0,1
296,0,1
297,0,1
298,0,1
299,0,1
300,0,1
301,0,1
302,0,1
303,0,1
304,0,1
305,0,1
306,0,1
307,0,1
308,0,1
309,0,1
310,0,7
311,0,1
312,0,1
313,0,1
314,0,1
315,0,1
316,0,1
317,0,2
318,0,1
319,0,1
320,0,1
321,0,1
322,0,7
323,0,7
324,0,7
325,0,1
326,0,7
327,0,7
328,0,1
329,0,1
330,0,1
331,0,1
332,0,1
333,0,1
334,0,1
335,0,1
336,0,1
337,0,1
338,0,1
339,0,1
340,0,1
341,0,1
342,0,7
343,0,1
344,0,1
345,0,1
346,0,1
347,0,1
348,0,1
349,0,1
350,0,7
351,0,7
352,0,7
353,0,1
354,0,1
355,0,1
356,0,1
357,0,1
358,0,1
359,0,1
360,0,1
361,0,7
362,0,7
363,0,1
364,0,1
365,0,1
366,0,7
367,0,1
368,0,1
369,0,7
370,0,7
371,0,1
372,0,7
373,0,1
374,0,1
375,0,1
376,0,1
377,0,1
378,0,1
379,0,1
380,0,1
381,0,1
382,0,1
383,0,4
384,0,1
385,0,1
386,0,7
387,0,1
388,0,7
389,0,1
390,0,1
391,0,1
392,0,1
393,0,7
394,0,1
395,0,1
396,0,7
397,0,1
398,0,1
399,0,1
400,0,7
401,0,1
402,0,1
403,0,1
404,0,1
405,0,7
406,0,1
407,0,1
408,0,1
409,0,1
410,0,1
411,0,1
412,0,1
413,0,7
414,0,1
415,0,1
416,0,1
417,0,1
418,0,1
419,0,1
420,0,1
421,0,7
422,0,0
423,0,7
424,0,1
425,0,2
426,0,1
427,0,7
428,0,7
429,0,1
430,0,1
431,0,1
432,0,1
433,0,1
434,0,7
435,0,1
436,0,1
437,0,1
438,0,1
439,0,1
440,0,7
441,0,7
442,0,7
443,0,1
444,0,1
445,0,1
446,0,1
447,0,1
448,0,1
449,0,1
450,0,1
451,0,1
452,0,1
453,0,1
454,0,1
455,0,1
456,0,1
457,0,1
458,0,1
459,0,7
460,0,1
461,0,1
462,0,1
463,0,1
464,0,7
465,0,1
466,0,1
467,0,1
468,0,1
469,0,7
470,0,1
471,0,7
472,0,1
473,0,1
474,0,7
475,0,1
476,0,1
477,0,1
478,0,7
479,0,1
480,0,1
481,0,1
482,0,1
483,0,7
484,0,1
485,0,1
486,0,1
487,0,7
488,0,1
489,0,7
490,0,1
491,0,1
492,0,1
493,0,1
494,0,7
495,0,1
496,0,1
497,0,7
498,0,1
499,0,1
500,0,1
501,0,1
502,0,7
503,0,1
504,0,1
505,0,1
506,0,0
507,0,1
508,0,1
509,0,1
510,0,1
511,0,1
512,0,1
513,1,4
514,1,0
515,1,4
516,1,2
517,1,4
518,1,4
519,1,4
520,1,0
521,1,0
522,1,4
523,1,2
524,1,4
525,1,4
526,1,4
527,1,4
528,1,0
529,1,4
530,1,4
531,1,4
532,1,0
533,1,2
534,1,4
535,1,4
536,1,4
537,1,2
538,1,0
539,1,4
540,1,4
541,1,0
542,1,4
543,1,4
544,1,0
545,1,4
546,1,4
547,1,4
548,1,4
549,1,4
550,1,0
551,1,4
552,1,4
553,1,4
554,1,4
555,1,4
556,1,4
557,1,4
558,1,4
559,1,4
560,1,4
561,1,4
562,1,4
563,1,4
564,1,4
565,1,4
566,1,4
567,1,4
568,1,0
569,1,4
570,1,4
571,1,4
572,1,4
573,1,4
574,1,4
575,1,4
576,1,4
577,1,0
578,1,2
579,1,4
580,1,4
581,1,4
582,1,4
583,1,4
584,1,0
585,1,0
586,1,0
587,1,4
588,1,4
589,1,4
590,1,4
591,1,4
592,1,2
593,1,2
594,1,4
595,1,4
596,1,4
597,1,4
598,1,7
599,1,4
600,1,2
601,1,4
602,1,4
603,1,4
604,1,5
605,1,4
606,1,4
607,1,4
608,1,0
609,1,0
610,1,0
611,1,4
612,1,0
613,1,4
614,1,0
615,1,4
616,1,0
617,1,4
618,1,0
619,1,4
620,1,4
621,1,4
622,1,4
623,1,4
624,1,4
625,1,4
626,1,0
627,1,4
628,1,4
629,1,0
630,1,4
631,1,0
632,1,0
633,1,4
634,1,0
635,1,4
636,1,4
637,1,4
638,1,4
639,1,4
640,1,4
641,1,4
642,1,4
643,1,4
644,1,4
645,1,2
646,1,4
647,1,4
648,1,4
649,1,4
650,1,2
651,1,0
652,1,4
653,1,0
654,1,4
655,1,4
656,1,4
657,1,4
658,1,4
659,1,4
660,1,4
661,1,4
662,1,4
663,1,4
664,1,4
665,1,4
666,1,4
667,1,4
668,1,0
669,1,4
670,1,4
671,1,0
672,1,4
673,1,4
674,1,4
675,1,4
676,1,4
677,1,4
678,1,4
679,1,4
680,1,0
681,1,4
682,1,0
683,1,2
684,1,4
685,1,2
686,1,0
687,1,4
688,1,2
689,1,0
690,1,0
691,1,4
692,1,4
693,1,4
694,1,4
695,1,4
696,1,2
697,1,0
698,1,4
699,1,4
700,1,0
701,1,4
702,1,2
703,1,0
704,1,4
705,1,4
706,1,4
707,1,2
708,1,2
709,1,4
710,1,4
711,1,4
712,1,4
713,1,0
714,1,0
715,1,2
716,1,4
717,1,4
718,1,4
719,1,0
720,1,4
721,1,4
722,1,4
723,1,4
724,1,4
725,1,4
726,1,0
727,1,4
728,1,4
729,1,2
730,1,4
731,1,2
732,1,4
733,1,4
734,1,4
735,1,0
736,1,0
737,1,0
738,1,4
739,1,4
740,1,4
741,1,4
742,1,4
743,1,4
744,1,4
745,1,4
746,1,0
747,1,2
748,1,4
749,1,0
750,1,4
751,1,0
752,1,4
753,1,0
754,1,4
755,1,4
756,1,4
757,1,4
758,1,4
759,1,4
760,1,4
761,1,4
762,1,4
763,1,4
764,1,4
765,1,4
766,1,4
767,1,4
768,1,4
769,1,4
770,1,4
771,1,0
772,1,4
773,1,0
774,1,0
775,1,4
776,1,4
777,1,2
778,1,4
779,1,0
780,1,4
781,1,4
782,1,4
783,1,0
784,1,2
785,1,4
786,1,2
787,1,4
788,1,4
789,1,4
790,1,4
791,1,4
792,1,4
793,1,4
794,1,4
795,1,2
796,1,4
797,1,4
798,1,4
799,1,4
800,1,4
801,1,2
802,1,0
803,1,4
804,1,0
805,1,4
806,1,4
807,1,4
808,1,4
809,1,4
810,1,4
811,1,0
812,1,4
813,1,2
814,1,2
815,1,0
816,1,2
817,1,4
818,1,4
819,1,2
820,1,4
821,1,4
822,1,4
823,1,4
824,1,4
825,1,4
826,1,4
827,1,4
828,1,0
829,1,2
830,1,0
831,1,4
832,1,4
833,1,4
834,1,4
835,1,4
836,1,7
837,1,4
838,1,0
839,1,4
840,1,0
841,1,4
842,1,4
843,1,0
844,1,4
845,1,4
846,1,4
847,1,4
848,1,0
849,1,2
850,1,4
851,1,4
852,1,4
853,1,4
854,1,4
855,1,0
856,1,0
857,1,0
858,1,4
859,1,4
860,1,2
861,1,4
862,1,0
863,1,0
864,1,4
865,1,4
866,1,4
867,1,4
868,1,4
869,1,0
870,1,4
871,1,4
872,1,4
873,1,4
874,1,4
875,1,4
876,1,4
877,1,0
878,1,2
879,1,0
880,1,0
881,1,2
882,1,4
883,1,4
884,1,4
885,1,4
886,1,0
887,1,4
888,1,4
889,1,0
890,1,4
891,1,4
892,1,4
893,1,4
894,1,4
895,1,4
896,1,4
897,1,4
898,1,4
899,1,4
900,1,4
901,1,4
902,1,4
903,1,2
904,1,4
905,1,4
906,1,0
907,1,4
908,1,4
909,2,3
910,2,1
911,2,1
912,2,3
913,2,3
914,2,3
915,2,3
916,2,3
917,2,3
918,2,3
919,2,3
920,2,3
921,2,3
922,2,3
923,2,3
924,2,3
925,2,3
926,2,3
927,2,3
928,2,3
929,2,1
930,2,3
931,2,3
932,2,3
933,2,3
934,2,3
935,2,3
936,2,3
937,2,3
938,2,3
939,2,3
940,2,3
941,2,3
942,2,3
943,2,3
944,2,3
945,2,3
946,2,3
947,2,3
948,2,3
949,2,3
950,2,5
951,2,3
952,2,3
953,2,3
954,2,3
955,2,3
956,2,3
957,2,3
958,2,4
959,2,3
960,2,3
961,2,3
962,2,3
963,2,3
964,2,3
965,2,3
966,2,3
967,2,1
968,2,3
969,2,3
970,2,3
971,2,3
972,2,3
973,2,3
974,2,0
975,2,3
976,2,3
977,2,4
978,2,3
979,2,3
980,2,3
981,2,3
982,2,3
983,2,3
984,2,3
985,2,3
986,2,3
987,2,3
988,2,3
989,2,3
990,2,3
991,2,3
992,2,1
993,2,3
994,2,3
995,2,3
996,2,3
997,2,3
998,2,3
999,2,3
1000,2,3
1001,2,3
1002,2,3
1003,2,0
1004,2,3
1005,2,3
1006,2,3
1007,2,3
1008,2,3
1009,2,3
1010,2,3
1011,2,3
1012,2,3
1013,2,3
1014,2,3
1015,2,3
1016,2,3
1017,2,3
1018,2,3
1019,2,3
1020,2,3
1021,2,3
1022,2,3
1023,2,3
1024,2,3
1025,2,3
1026,2,3
1027,2,3
1028,2,3
1029,2,3
1030,2,3
1031,2,3
1032,2,3
1033,2,3
1034,2,1
1035,2,3
1036,2,0
1037,2,3
1038,2,3
1039,2,3
1040,2,1
1041,2,3
1042,2,3
1043,2,3
1044,2,3
1045,2,3
1046,2,3
1047,2,3
1048,2,3
1049,2,7
1050,2,3
1051,2,3
1052,2,3
1053,2,3
1054,2,3
1055,2,3
1056,2,3
1057,2,3
1058,2,3
1059,2,3
1060,2,3
1061,2,3
1062,2,3
1063,2,3
1064,2,3
1065,2,3
1066,2,3
1067,2,3
1068,2,3
1069,2,3
1070,2,3
1071,2,3
1072,2,3
1073,2,3
1074,2,3
1075,2,1
1076,2,3
1077,2,3
1078,2,3
1079,2,5
1080,2,3
1081,2,3
1082,2,3
1083,2,3
1084,2,3
1085,2,3
1086,2,3
1087,2,3
1088,2,3
1089,2,3
1090,2,3
1091,2,0
1092,2,3
1093,2,3
1094,2,1
1095,2,3
1096,2,3
1097,2,3
1098,2,3
1099,2,3
1100,2,3
1101,2,3
1102,2,3
1103,2,3
1104,2,3
1105,2,3
1106,2,3
1107,2,3
1108,2,7
1109,2,3
1110,2,3
1111,2,1
1112,2,3
1113,2,3
1114,2,6
1115,2,3
1116,2,3
1117,2,0
1118,2,3
1119,2,3
1120,2,3
1121,2,3
1122,2,3
1123,2,3
1124,2,3
1125,2,3
1126,2,7
1127,2,3
1128,2,3
1129,2,3
1130,2,3
1131,2,3
1132,2,3
1133,2,3
1134,2,3
1135,2,3
1136,2,3
1137,2,3
1138,2,3
1139,2,3
1140,2,3
1141,2,3
1142,2,3
1143,2,3
1144,2,3
1145,2,3
1146,2,3
1147,2,3
1148,2,3
1149,2,3
1150,2,3
1151,2,3
1152,2,3
1153,2,3
1154,2,3
1155,2,3
1156,2,3
1157,2,2
1158,2,3
1159,2,3
1160,2,3
1161,2,3
1162,2,3
1163,2,7
1164,2,3
1165,2,3
1166,2,3
1167,2,3
1168,2,3
1169,2,3
1170,2,3
1171,2,3
1172,2,3
1173,2,3
1174,2,3
1175,2,3
1176,2,3
1177,2,3
1178,2,3
1179,2,3
1180,2,3
1181,2,3
1182,2,3
1183,2,3
1184,2,3
1185,2,3
1186,2,3
1187,2,3
1188,2,3
1189,2,3
1190,2,3
1191,2,3
1192,2,3
1193,2,3
1194,2,3
1195,2,3
1196,2,3
1197,2,3
1198,2,3
1199,2,1
1200,2,1
1201,2,3
1202,2,3
1203,2,3
1204,2,3
1205,2,3
1206,2,3
1207,2,3
1208,2,1
1209,2,3
1210,2,3
1211,3,0
1212,3,4
1213,3,0
1214,3,0
1215,3,0
1216,3,0
1217,3,5
1218,3,0
1219,3,4
1220,3,0
1221,3,0
1222,3,0
1223,3,0
1224,3,0
1225,3,0
1226,3,4
1227,3,0
1228,3,0
1229,3,0
1230,3,0
1231,3,0
1232,3,0
1233,3,0
1234,3,0
1235,3,0
1236,3,0
1237,3,0
1238,3,0
1239,3,4
1240,3,0
1241,3,0
1242,3,4
1243,3,0
1244,3,0
1245,3,4
1246,3,0
1247,3,0
1248,3,0
1249,3,0
1250,3,0
1251,3,0
1252,3,0
1253,3,0
1254,3,0
1255,3,0
1256,3,4
1257,3,0
1258,3,0
1259,3,0
1260,3,5
1261,3,0
1262,3,0
1263,3,0
1264,3,4
1265,3,0
1266,3,4
1267,3,0
1268,3,0
1269,3,0
1270,3,0
1271,3,4
1272,3,0
1273,3,0
1274,3,4
1275,3,0
1276,3,0
1277,3,0
1278,3,4
1279,3,4
1280,3,0
1281,3,0
1282,3,0
1283,3,4
1284,3,0
1285,3,0
1286,3,0
1287,3,0
1288,3,0
1289,3,0
1290,3,4
1291,3,0
1292,3,0
1293,3,0
1294,3,0
1295,3,0
1296,3,0
1297,3,0
1298,3,0
1299,3,4
1300,3,0
1301,3,0
1302,3,1
1303,3,4
1304,3,0
1305,3,0
1306,3,0
1307,3,0
1308,3,0
1309,3,0
1310,3,0
1311,3,0
1312,3,4
1313,3,0
1314,3,0
1315,3,0
1316,3,0
1317,3,4
1318,3,0
1319,3,0
1320,3,0
1321,3,0
1322,3,4
1323,3,4
1324,3,0
1325,3,0
1326,3,4
1327,3,0
1328,3,4
1329,3,0
1330,3,4
1331,3,0
1332,3,0
1333,3,0
1334,3,0
1335,3,4
1336,3,4
1337,3,0
1338,3,0
1339,3,0
1340,3,0
1341,3,4
1342,3,0
1343,3,0
1344,3,0
1345,3,0
1346,3,0
1347,3,0
1348,3,0
1349,3,0
1350,3,0
1351,3,0
1352,3,0
1353,3,0
1354,3,0
1355,3,4
1356,3,0
1357,3,0
1358,3,0
1359,3,0
1360,3,0
1361,3,0
1362,3,0
1363,3,0
1364,3,0
1365,3,0
1366,3,0
1367,3,4
1368,3,4
1369,3,0
1370,3,4
1371,3,4
1372,3,0
1373,3,0
1374,3,0
1375,3,0
1376,3,4
1377,3,0
1378,3,1
1379,3,0
1380,3,0
1381,3,0
1382,3,0
1383,3,0
1384,3,0
1385,3,0
1386,3,5
1387,3,0
1388,3,0
1389,3,0
1390,3,4
1391,3,0
1392,3,0
1393,3,4
1394,3,0
1395,3,4
1396,3,0
1397,3,0
1398,3,4
1399,3,0
1400,3,0
1401,3,4
1402,3,0
1403,3,0
1404,3,0
1405,3,0
1406,3,4
1407,3,0
1408,3,0
1409,3,4
1410,3,0
1411,3,0
1412,3,0
1413,3,0
1414,3,0
1415,3,0
1416,3,0
1417,3,0
1418,3,0
1419,3,0
1420,3,0
1421,3,4
1422,3,0
1423,3,0
1424,3,0
1425,3,0
1426,3,0
1427,3,0
1428,3,0
1429,3,0
1430,3,0
1431,3,0
1432,3,0
1433,3,0
1434,3,0
1435,3,0
1436,3,0
1437,3,0
1438,3,0
1439,3,4
1440,3,4
1441,3,4
1442,3,0
1443,3,0
1444,3,4
1445,3,0
1446,3,0
1447,3,0
1448,3,4
1449,3,0
1450,3,0
1451,3,0
1452,3,0
1453,3,0
1454,3,0
1455,3,0
1456,3,0
1457,3,0
1458,3,0
1459,3,0
1460,3,0
1461,3,0
1462,3,0
1463,3,4
1464,3,0
1465,3,4
1466,3,6
1467,3,1
1468,3,4
1469,3,0
1470,3,0
1471,3,4
1472,3,0
1473,3,4
1474,3,0
1475,3,0
1476,3,0
1477,3,0
1478,3,0
1479,3,0
1480,3,0
1481,3,0
1482,3,0
1483,3,4
1484,3,4
1485,3,0
1486,3,0
1487,3,0
1488,3,0
1489,3,0
1490,3,0
1491,3,4
1492,3,0
1493,3,0
1494,3,0
1495,3,4
1496,3,0
1497,3,0
1498,3,0
1499,3,0
1500,3,0
1501,3,0
1502,3,4
1503,3,0
1504,3,0
1505,3,0
1506,3,0
1507,3,0
1508,3,4
1509,3,0
1510,3,4
1511,3,0
1512,3,0
1513,3,4
1514,3,0
1515,3,0
1516,3,0
1517,3,0
1518,3,0
1519,3,0
1520,3,0
1521,3,4
1522,3,0
1523,3,0
1524,3,0
1525,3,0
1526,3,0
1527,3,4
1528,3,0
1529,3,0
1530,3,4
1531,3,0
1532,3,0
1533,3,0
1534,3,4
1535,3,4
1536,3,0
1537,3,0
1538,3,0
1539,3,0
1540,3,0
1541,3,0
1542,3,0
1543,3,0
1544,3,4
1545,3,0
1546,3,4
1547,3,0
1548,3,0
1549,3,0
1550,3,0
1551,3,0
1552,3,0
1553,3,0
1554,3,4
1555,3,7
1556,3,4
1557,3,0
1558,3,4
1559,3,0
1560,3,0
1561,3,4
1562,3,0
1563,3,0
1564,3,0
1565,3,4
1566,3,4
1567,3,5
1568,3,0
1569,3,0
1570,3,0
1571,3,0
1572,3,0
1573,3,0
1574,3,4
1575,3,0
1576,3,0
1577,3,0
1578,3,0
1579,3,4
1580,3,0
1581,3,0
1582,3,0
1583,3,4
1584,3,0
1585,3,0
1586,3,0
1587,3,0
1588,3,4
1589,3,4
1590,3,4
1591,3,0
1592,3,0
1593,3,0
1594,3,0
1595,3,0
1596,3,0
1597,3,0
1598,3,0
1599,3,0
1600,3,0
1601,3,0
1602,3,0
1603,3,0
1604,3,0
1605,3,0
1606,3,0
1607,3,0
1608,3,4
1609,3,0
1610,3,0
1611,3,0
1612,3,0
1613,3,0
1614,3,1
1615,3,0
1616,3,0
1617,3,0
1618,3,0
1619,3,0
1620,3,0
1621,3,4
1622,3,0
1623,3,0
1624,3,4
1625,3,0
1626,3,0
1627,3,5
1628,3,0
1629,3,0
1630,3,4
1631,3,0
1632,3,0
1633,3,0
1634,3,0
1635,3,0
1636,3,0
1637,3,0
1638,3,0
1639,3,4
1640,3,0
1641,3,0
1642,3,0
1643,3,4
1644,3,0
1645,3,0
1646,3,4
1647,3,0
1648,3,4
1649,3,0
1650,3,0
1651,3,0
1652,3,0
1653,3,0
1654,3,0
1655,3,4
1656,3,0
1657,3,0
1658,3,0
1659,3,0
1660,3,0
1661,3,0
1662,3,0
1663,3,0
1664,3,0
1665,3,0
1666,3,0
1667,3,0
1668,3,0
1669,3,0
1670,3,0
1671,3,0
1672,3,0
1673,3,0
1674,3,0
1675,3,0
1676,3,0
1677,3,0
1678,3,0
1679,3,6
1680,3,4
1681,3,0
1682,3,0
1683,3,0
1684,3,0
1685,3,0
1686,3,0
1687,3,0
1688,3,0
1689,3,0
1690,3,4
1691,3,0
1692,3,0
1693,3,0
1694,3,0
1695,3,0
1696,3,0
1697,3,0
1698,3,4
1699,3,0
1700,3,4
1701,3,0
1702,3,0
1703,3,0
1704,3,0
1705,3,0
1706,3,4
1707,3,0
1708,3,0
1709,3,0
1710,3,4
1711,3,4
1712,3,4
1713,3,0
1714,3,0
1715,3,4
1716,3,0
1717,3,4
1718,3,4
1719,3,0
1720,3,0
1721,3,0
1722,3,0
1723,3,4
1724,3,0
1725,3,0
1726,3,0
1727,5,5
1728,5,7
1729,5,5
1730,5,5
1731,5,5
1732,5,1
1733,5,5
1734,5,5
1735,5,1
1736,5,5
1737,5,5
1738,5,1
1739,5,5
1740,5,1
1741,5,5
1742,5,7
1743,5,5
1744,5,1
1745,5,7
1746,5,5
1747,5,5
1748,5,1
1749,5,1
1750,5,7
1751,5,5
1752,5,1
1753,5,5
1754,5,5
1755,5,5
1756,5,1
1757,5,7
1758,5,5
1759,5,5
1760,5,5
1761,5,1
1762,5,5
1763,5,1
1764,5,5
1765,5,1
1766,5,7
1767,5,5
1768,5,7
1769,5,1
1770,5,7
1771,5,1
1772,5,5
1773,5,5
1774,5,5
1775,5,5
1776,5,7
1777,5,5
1778,5,5
1779,5,5
1780,5,5
1781,5,5
1782,5,7
1783,5,7
1784,5,5
1785,5,5
1786,5,5
1787,5,5
1788,5,5
1789,5,5
1790,5,5
1791,5,7
1792,5,5
1793,5,7
1794,5,5
1795,5,5
1796,5,5
1797,5,5
1798,5,5
1799,5,5
1800,5,5
1801,5,5
1802,5,1
1803,5,2
1804,5,5
1805,5,5
1806,5,5
1807,5,5
1808,5,5
1809,5,5
1810,5,5
1811,5,1
1812,5,7
1813,5,5
1814,5,5
1815,5,5
1816,5,5
1817,5,5
1818,5,1
1819,5,5
1820,5,5
1821,5,5
1822,5,5
1823,5,5
1824,5,2
1825,5,5
1826,5,5
1827,5,5
1828,5,7
1829,5,1
1830,5,7
1831,5,5
1832,5,5
1833,5,5
1834,5,5
1835,5,5
1836,5,5
1837,5,7
1838,5,1
1839,5,5
1840,5,5
1841,5,5
1842,5,5
1843,5,5
1844,5,1
1845,5,5
1846,5,5
1847,5,5
1848,5,5
1849,5,5
1850,5,5
1851,5,5
1852,5,5
1853,5,5
1854,5,5
1855,5,5
1856,5,5
1857,5,1
1858,5,7
1859,5,7
1860,5,5
1861,5,1
1862,5,7
1863,5,0
1864,5,7
1865,5,0
1866,5,5
1867,5,2
1868,5,5
1869,5,5
1870,5,5
1871,5,5
1872,5,5
1873,5,5
1874,5,1
1875,5,7
1876,5,7
1877,5,5
1878,5,1
1879,5,5
1880,5,1
1881,5,1
1882,5,7
1883,5,5
1884,5,1
1885,5,5
1886,5,5
1887,5,1
1888,5,0
1889,5,5
1890,5,5
1891,5,5
1892,5,7
1893,5,5
1894,5,5
1895,5,5
1896,5,7
1897,5,1
1898,5,5
1899,5,5
1900,5,5
1901,5,7
1902,5,5
1903,5,5
1904,5,7
1905,5,1
1906,5,7
1907,5,5
1908,5,5
1909,5,5
1910,5,1
1911,5,5
1912,5,7
1913,5,7
1914,5,5
1915,5,5
1916,5,5
1917,5,1
1918,5,5
1919,5,5
1920,5,5
1921,5,5
1922,5,5
1923,5,5
1924,5,0
1925,5,7
1926,5,5
1927,5,7
1928,5,5
1929,5,5
1930,5,1
1931,5,5
1932,5,5
1933,5,1
1934,5,5
1935,5,5
1936,5,5
1937,5,1
1938,5,1
1939,5,5
1940,5,7
1941,5,5
1942,5,7
1943,5,7
1944,5,1
1945,5,5
1946,5,5
1947,5,5
1948,5,5
1949,5,5
1950,5,5
1951,4,6
1952,4,0
1953,4,6
1954,4,6
1955,4,7
1956,4,6
1957,4,6
1958,4,7
1959,4,7
1960,4,7
1961,4,7
1962,4,6
1963,4,6
1964,4,6
1965,4,6
1966,4,6
1967,4,1
1968,4,6
1969,4,6
1970,4,1
1971,4,7
1972,4,6
1973,4,0
1974,4,6
1975,4,6
1976,4,7
1977,4,6
1978,4,7
1979,4,7
1980,4,6
1981,4,6
1982,4,6
1983,4,6
1984,4,6
1985,4,6
1986,4,7
1987,4,6
1988,4,7
1989,4,6
1990,4,6
1991,4,6
1992,4,6
1993,4,6
1994,4,6
1995,4,7
1996,4,7
1997,4,6
1998,4,6
1999,4,6
2000,4,6
2001,4,0
2002,4,6
2003,4,1
2004,4,4
2005,4,6
2006,4,6
2007,4,6
2008,4,6
2009,4,6
2010,4,6
2011,4,3
2012,4,7
2013,4,6
2014,4,6
2015,4,6
2016,4,6
2017,4,4
2018,4,6
2019,4,6
2020,4,7
2021,4,6
2022,4,1
2023,4,1
2024,4,7
2025,4,6
2026,4,6
2027,4,6
2028,4,6
2029,4,6
2030,4,6
2031,4,6
2032,4,6
2033,4,6
2034,4,7
2035,4,4
2036,4,6
2037,4,7
2038,4,6
2039,4,6
2040,4,6
2041,4,1
2042,4,6
2043,4,6
2044,4,6
2045,4,6
2046,4,6
2047,4,6
2048,4,6
2049,4,6
2050,4,6
2051,4,6
2052,4,6
2053,4,7
2054,4,7
2055,4,1
2056,4,6
2057,4,6
2058,4,6
2059,4,7
2060,4,6
2061,4,6
2062,4,6
2063,4,6
2064,4,6
2065,4,7
2066,4,1
2067,4,6
2068,4,6
2069,4,6
2070,4,6
2071,4,1
2072,4,6
2073,4,6
2074,4,7
2075,4,7
2076,4,6
2077,4,7
2078,4,6
2079,4,6
2080,4,6
2081,4,1
2082,4,6
2083,4,6
2084,4,6
2085,4,7
2086,4,6
2087,4,7
2088,4,7
2089,4,6
2090,4,6
2091,4,7
2092,4,6
2093,4,7
2094,4,6
2095,4,6
2096,4,7
2097,4,6
2098,4,7
2099,4,6
2100,4,6
2101,4,6
2102,4,6
2103,4,6
2104,4,6
2105,4,6
2106,4,6
2107,4,6
2108,4,6
2109,4,7
2110,4,7
2111,4,6
2112,4,6
2113,4,1
2114,4,6
2115,4,6
2116,4,6
2117,4,6
2118,4,6
2119,4,6
2120,4,6
2121,4,6
2122,4,6
2123,4,6
2124,4,6
2125,4,7
2126,4,6
2127,4,6
2128,4,6
2129,4,7
2130,4,6
2131,4,6
2132,4,6
2133,4,4
2134,4,7
2135,4,2
2136,4,7
2137,4,6
2138,4,6
2139,4,7
2140,4,6
2141,4,6
2142,4,7
2143,4,6
2144,4,6
2145,4,6
2146,4,7
2147,4,1
2148,4,6
2149,4,6
2150,4,6
2151,4,7
2152,4,6
2153,4,6
2154,4,6
2155,4,6
2156,4,1
2157,4,6
2158,4,6
2159,4,6
2160,4,6
2161,4,6
2162,4,6
2163,4,5
2164,4,6
2165,4,6
2166,4,6
2167,4,6
2168,4,6
2169,4,6
2170,4,6
2171,4,6
2172,4,7
2173,4,6
2174,4,6
2175,4,6
2176,4,6
2177,4,6
2178,4,6
2179,4,6
2180,4,6
2181,4,7
2182,4,6
2183,4,6
2184,4,6
2185,4,6
2186,4,4
2187,4,6
2188,4,6
2189,4,6
2190,4,6
2191,4,6
2192,4,6
2193,4,6
2194,4,6
2195,4,7
2196,4,6
2197,4,2
2198,4,1
2199,4,7
2200,4,6
2201,4,6
2202,4,6
2203,4,6
2204,4,6
2205,4,6
2206,4,5
2207,4,6
2208,4,5
2209,4,6
2210,4,6
2211,4,4
2212,4,7
2213,4,6
2214,4,6
2215,4,7
2216,4,6
2217,4,6
2218,4,6
2219,4,6
2220,4,6
2221,4,7
2222,4,6
2223,4,6
2224,4,6
2225,4,2
2226,4,6
2227,4,7
2228,4,6
2229,4,6
2230,4,6
2231,4,1
2232,4,6
2233,4,6
2234,4,6
2235,4,1
2236,4,7
2237,4,6
2238,4,6
2239,4,6
2240,4,7
2241,4,1
2242,4,7
2243,4,6
2244,4,7
2245,4,6
2246,4,6
2247,4,6
2248,4,6
2249,4,7
2250,4,6
2251,4,6
2252,4,6
2253,4,6
2254,4,6
2255,4,7
2256,4,1
2257,4,7
2258,4,7
2259,4,6
2260,4,6
2261,4,1
2262,4,6
2263,4,6
2264,4,7
2265,4,6
2266,4,7
2267,4,6
2268,4,7
2269,4,7
2270,4,6
2271,4,7
2272,4,7
2273,4,6
2274,4,6
2275,4,6
2276,4,7
2277,4,6
2278,4,6
2279,4,6
2280,4,6
2281,4,6
2282,4,6
2283,4,6
2284,4,7
2285,4,6
2286,4,1
2287,4,7
2288,4,6
2289,4,6
2290,4,6
2291,4,6
2292,4,6
2293,4,6
2294,4,7
2295,4,7
2296,4,6
2297,4,6
2298,4,6
2299,4,7
2300,4,6
2301,4,6
2302,4,6
2303,4,7
2304,4,7
2305,4,7
2306,4,6
2307,4,6
2308,4,6
2309,4,6
2310,4,7
2311,4,6
2312,4,6
2313,4,6
2314,4,6
2315,4,6
2316,4,6
2317,4,6
2318,4,6
2319,4,6
2320,4,6
2321,4,6
2322,4,6
2323,4,7
2324,4,6
2325,4,6
2326,4,6
2327,4,6
2328,4,7
2329,4,6
2330,4,7
2331,4,7
2332,4,6
2333,4,6
2334,4,6
2335,4,6
2336,4,6
2337,4,6
2338,4,7
2339,4,6
2340,4,6
2341,4,6
2342,4,4
2343,4,5
2344,4,6
2345,4,6
2346,4,6
2347,4,6
2348,4,6
2349,4,7
2350,4,6
2351,4,6
2352,4,4
2353,4,6
2354,4,6
2355,4,1
2356,4,6
2357,4,6
2358,4,7
2359,4,1
2360,4,7
2361,4,6
2362,4,6
2363,4,4
2364,4,6
2365,4,6
2366,4,6
2367,4,7
2368,4,6
2369,4,6
2370,4,6
2371,4,7
2372,4,6
2373,4,6
2374,4,6
2375,4,6
2376,4,6
2377,4,7
2378,4,6
2379,4,7
2380,4,1
2381,4,7
2382,4,7
2383,4,6
2384,4,7
2385,4,6
2386,4,7
2387,4,4
2388,4,6
2389,4,6
2390,4,6
2391,4,6
2392,4,6
2393,4,6
2394,4,7
2395,4,6
2396,4,6
2397,4,1
2398,4,6
2399,4,6
2400,4,6
2401,4,6
2402,4,6
2403,4,6
2404,4,6
2405,4,7
2406,4,6
2407,4,6
2408,4,6
2409,4,6
2410,4,7
2411,4,6
2412,4,7
2413,4,6
2414,4,6
2415,4,6
2416,4,6
2417,4,6
2418,4,6
2419,4,6
2420,4,6
2421,4,6
2422,4,7
2423,4,6
2424,4,7
2425,4,0
2426,4,6
2427,4,6
2428,4,6
2429,4,7
2430,4,6
2431,4,6
2432,4,7
2433,4,7
2434,4,7
2435,4,6
2436,4,6
2437,4,1
2438,4,1
2439,4,6
2440,4,7
2441,4,6
2442,4,6
2443,4,6
2444,4,6
2445,4,6
2446,4,6
2447,4,6
2448,4,6
2449,4,7
2450,4,6
2451,4,6
2452,4,6
2453,4,6
2454,4,6
2455,4,6
2456,4,6
2457,4,6
2458,4,6
2459,4,6
2460,4,7
2461,4,7
2462,4,5
2463,4,6
2464,4,7
2465,4,6
2466,4,6
2467,4,0
2468,4,6
2469,4,6
2470,4,6
2471,4,6
2472,4,6
2473,4,6
2474,4,6
2475,4,6
2476,4,7
2477,4,6
2478,4,7
2479,4,6
2480,4,0
2481,4,6
2482,4,6
2483,4,7
2484,4,6
2485,4,6
2486,4,6
2487,4,6
2488,4,6
2489,4,6
2490,4,6
2491,4,6
2492,4,6
2493,4,6
2494,4,1
2495,4,6
2496,4,6
2497,4,7
2498,4,6
2499,4,6
2500,4,7
2501,4,6
2502,4,6
2503,4,1
2504,4,6
2505,4,6
2506,4,6
2507,4,1
2508,4,6
2509,4,6
2510,4,6
2511,4,7
2512,4,6
2513,4,5
2514,4,6
2515,4,6
2516,4,7
2517,4,6
2518,4,7
2519,4,6
2520,4,6
2521,4,6
2522,4,6
2523,4,6
2524,4,6
2525,4,6
2526,4,7
2527,4,7
2528,4,7
2529,4,6
2530,4,6
2531,4,6
2532,4,6
2533,4,7
2534,4,6
2535,4,6
2536,4,6
2537,4,6
2538,4,4
2539,4,6
2540,4,6
2541,4,6
2542,4,6
2543,4,6
2544,4,6
2545,4,6
2546,4,6
2547,4,6
2548,4,7
2549,4,6
2550,4,6
2551,4,7
2552,4,6
2553,4,6
2554,4,6
2555,4,7
2556,4,6
2557,4,6
2558,4,1
2559,4,6
2560,4,6
2561,4,6
2562,4,1
2563,4,6
2564,4,6
2565,4,7
2566,4,7
2567,4,6
2568,6,7
2569,6,7
2570,6,7
2571,6,0
2572,6,7
2573,6,7
2574,6,7
2575,6,7
2576,6,7
2577,6,7
2578,6,1
2579,6,7
2580,6,7
2581,6,7
2582,6,7
2583,6,1
2584,6,7
2585,6,7
2586,6,7
2587,6,7
2588,6,1
2589,6,7
2590,6,7
2591,6,7
2592,6,7
2593,6,7
2594,6,7
2595,6,1
2596,6,7
2597,6,7
2598,6,1
2599,6,7
2600,6,7
2601,6,7
2602,6,7
2603,6,7
2604,6,7
2605,6,1
2606,6,7
2607,6,7
2608,6,7
2609,6,7
2610,6,1
2611,6,7
2612,6,1
2613,6,7
2614,6,7
2615,6,7
2616,6,7
2617,6,7
2618,6,1
2619,6,7
2620,6,2
2621,6,1
2622,6,7
2623,6,7
2624,6,1
2625,6,7
2626,6,7
2627,6,1
2628,6,7
2629,6,7
2630,6,7
2631,6,7
2632,6,1
2633,6,7
2634,6,7
2635,6,7
2636,6,1
2637,6,7
2638,6,7
2639,6,7
2640,6,7
2641,6,7
2642,6,5
2643,6,7
2644,6,7
2645,6,7
2646,6,7
2647,6,7
2648,6,7
2649,6,7
2650,6,7
2651,6,7
2652,6,1
2653,6,1
2654,6,7
2655,6,7
2656,6,7
2657,6,1
2658,6,7
2659,6,7
2660,6,1
2661,6,7
2662,6,1
2663,6,7
2664,6,7
2665,6,7
2666,6,1
2667,6,7
2668,6,7
2669,6,1
2670,6,7
2671,6,7
2672,6,1
2673,6,7
2674,6,2
2675,6,1
2676,6,7
2677,6,7
2678,6,1
2679,6,1
2680,6,1
2681,6,7
2682,6,7
2683,6,7
2684,6,7
2685,6,1
2686,6,7
2687,6,7
2688,6,7
2689,6,7
2690,6,7
2691,6,7
2692,6,7
2693,6,7
2694,6,1
2695,6,7
2696,6,1
2697,6,1
2698,6,7
2699,6,1
2700,6,7
2701,6,7
2702,6,7
2703,6,7
2704,6,7
2705,6,7
2706,6,7
2707,6,7
2708,6,7
2709,6,7
2710,6,7
2711,6,7
2712,6,7
2713,6,7
2714,6,7
2715,6,7
2716,6,7
2717,6,7
2718,6,7
2719,6,7
2720,6,7
2721,6,1
2722,6,7
2723,6,7
2724,6,7
2725,6,1
2726,6,1
2727,6,7
2728,6,7
2729,6,7
2730,6,1
2731,6,7
2732,6,7
2733,6,7
2734,6,7
2735,6,7
2736,6,1
2737,6,7
2738,6,4
2739,6,7
2740,6,7
2741,6,1
2742,6,7
2743,6,1
2744,6,7
2745,6,7
2746,6,7
2747,6,1
2748,6,7
2749,6,7
2750,6,1
2751,6,7
2752,6,7
2753,6,7
2754,6,7
2755,6,7
2756,6,7
2757,6,7
2758,6,7
2759,6,7
2760,6,7
2761,6,2
2762,6,1
2763,6,7
2764,6,7
2765,6,4
2766,6,1
2767,6,1
2768,6,7
2769,6,7
2770,6,1
2771,6,7
2772,6,7
2773,6,7
2774,6,7
2775,6,7
2776,6,7
2777,6,7
2778,6,7
2779,6,7
2780,6,7
2781,6,7
2782,6,7
2783,6,4
2784,6,7
2785,6,7
2786,6,5
2787,6,4
2788,6,7
2789,6,7
2790,6,7
2791,6,7
2792,6,7
2793,6,7
2794,6,7
2795,6,7
2796,6,7
2797,6,7
2798,6,7
2799,6,7
2800,6,7
2801,6,7
2802,6,1
2803,6,7
2804,6,7
2805,6,7
2806,6,7
2807,6,7
2808,6,7
2809,6,7
2810,6,7
2811,6,7
2812,6,7
2813,6,7
2814,6,5
2815,6,7
2816,6,7
2817,6,7
2818,6,0
2819,6,7
2820,6,7
2821,6,7
2822,6,7
2823,6,1
2824,6,7
2825,6,7
2826,6,7
2827,6,7
2828,6,7
2829,6,7
2830,6,7
2831,6,7
2832,6,7
2833,6,7
2834,6,1
2835,6,7
2836,6,7
2837,6,7
2838,6,7
2839,6,7
2840,6,7
2841,6,7
2842,6,7
2843,6,1
2844,6,1
2845,6,7
2846,6,1
2847,6,7
2848,6,1
2849,6,1
2850,6,7
2851,6,7
2852,6,7
2853,6,7
2854,6,7
2855,6,1
2856,6,7
2857,6,7
2858,6,7
2859,6,7
2860,6,7
2861,6,7
2862,6,7
2863,6,7
2864,6,7
2865,6,7
2866,6,1
2867,6,7
2868,6,7
2869,6,7
2870,6,7
2871,6,7
2872,6,7
2873,6,7
2874,6,7
2875,6,7
2876,6,1
2877,6,7
2878,6,7
2879,6,1
2880,6,7
2881,6,4
2882,6,7
2883,6,0
2884,6,7
2885,6,1
2886,6,2
2887,6,1
2888,6,1
2889,6,1
2890,6,7
2891,6,7
2892,6,7
2893,6,7
2894,6,1
2895,6,7
2896,6,1
2897,6,7
2898,6,7
2899,6,7
2900,6,7
2901,6,1
2902,6,7
2903,6,7
2904,6,7
2905,6,7
2906,6,7
2907,6,7
2908,6,7
2909,6,7
2910,6,7
2911,6,7
2912,6,7
2913,6,7
2914,6,1
2915,6,7
2916,6,7
2917,6,7
2918,6,7
2919,6,7
2920,6,7
2921,6,1
2922,6,7
2923,6,7
2924,6,7
2925,6,7
2926,6,7
2927,6,7
2928,6,7
2929,6,7
2930,6,7
2931,6,7
2932,6,1
2933,6,7
2934,6,1
2935,6,7
2936,6,7
2937,6,5
2938,6,4
2939,6,7
2940,6,7
2941,6,7
2942,6,1
2943,6,7
2944,6,7
2945,6,7
2946,6,7
2947,6,7
2948,6,1
2949,6,7
2950,6,7
2951,6,7
2952,6,7
2953,6,7
2954,6,7
2955,6,7
2956,6,7
2957,6,4
2958,6,7
2959,6,1
2960,6,7
2961,6,7
2962,6,6
2963,6,7
2964,6,7
2965,6,7
2966,6,0
2967,6,7
2968,6,1
2969,6,7
2970,6,7
2971,6,7
2972,6,7
2973,6,7
2974,6,7
2975,6,1
2976,6,7
2977,6,7
2978,6,1
2979,6,1
2980,6,7
2981,6,7
2982,6,7
2983,6,7
2984,6,1
2985,6,7
2986,6,7
2987,6,7
2988,6,7
2989,6,7
2990,6,7
2991,6,7
2992,6,7
2993,6,7
2994,6,1
2995,6,7
2996,6,1
2997,6,7
2998,6,7
2999,6,1
3000,6,1
3001,6,7
3002,6,7
3003,6,7
3004,6,4
3005,6,7
3006,6,1
3007,6,7
3008,6,7
3009,6,7
3010,6,7
3011,6,7
3012,6,7
3013,6,7
3014,6,7
3015,6,5
3016,6,7
3017,6,7
3018,6,7
3019,6,7
3020,6,7
3021,6,7
3022,6,7
3023,6,7
3024,6,7
3025,6,7
3026,6,7
3027,6,7
3028,6,7
3029,6,1
3030,6,7
3031,7,2
3032,7,2
3033,7,2
3034,7,2
3035,7,2
3036,7,2
3037,7,2
3038,7,2
3039,7,2
3040,7,2
3041,7,2
3042,7,2
3043,7,2
3044,7,2
3045,7,2
3046,7,2
3047,7,2
3048,7,2
3049,7,2
3050,7,2
3051,7,2
3052,7,2
3053,7,2
3054,7,2
3055,7,2
3056,7,2
3057,7,2
3058,7,2
3059,7,2
3060,7,2
3061,7,2
3062,7,2
3063,7,2
3064,7,2
3065,7,2
3066,7,2
3067,7,2
3068,7,2
3069,7,2
3070,7,5
3071,7,2
3072,7,2
3073,7,2
3074,7,2
3075,7,2
3076,7,2
3077,7,2
3078,7,2
3079,7,2
3080,7,2
3081,7,2
3082,7,2
3083,7,2
3084,7,2
3085,7,2
3086,7,2
3087,7,2
3088,7,2
3089,7,2
3090,7,2
3091,7,2
3092,7,2
3093,7,2
3094,7,2
3095,7,2
3096,7,2
3097,7,2
3098,7,2
3099,7,2
3100,7,2
3101,7,2
3102,7,2
3103,7,2
3104,7,2
3105,7,2
3106,7,2
3107,7,2
3108,7,2
3109,7,2
3110,7,2
3111,7,2
3112,7,2
3113,7,2
3114,7,2
3115,7,2
3116,7,2
3117,7,2
3118,7,2
3119,7,2
3120,7,2
3121,7,2
3122,7,2
3123,7,2
3124,7,2
3125,7,2
3126,7,2
3127,7,2
3128,7,2
3129,7,2
3130,7,2
3131,7,2
3132,7,2
3133,7,2
3134,7,2
3135,7,2
3136,7,2
3137,7,2
3138,7,2
3139,7,2
3140,7,2
3141,7,2
3142,7,2
3143,7,2
3144,7,2
3145,7,2
3146,7,2
3147,7,2
3148,7,2
3149,7,2
3150,7,2
3151,7,2
3152,7,2
3153,7,2
3154,7,2
3155,7,2
3156,7,2
3157,7,2
3158,7,2
3159,7,2
3160,7,2
3161,7,2
3162,7,4
3163,7,2
3164,7,2
3165,7,2
3166,7,2
3167,7,2
3168,7,2
3169,7,2
3170,7,2
3171,7,2
3172,7,2
3173,7,2
3174,7,2
3175,7,2
3176,7,2
3177,7,2
3178,7,2
3179,7,2
3180,7,7
3181,7,2
3182,7,2
3183,7,2
3184,7,2
3185,7,2
3186,7,2
3187,7,2
3188,7,2
3189,7,2
3190,7,2
3191,7,2
3192,7,2
3193,7,2
3194,7,2
3195,7,2
3196,7,2
3197,7,2
3198,7,2
3199,7,2
3200,7,2
3201,7,2
3202,7,4
3203,7,2
3204,7,2
3205,7,2
3206,7,2
3207,7,2
3208,7,2
3209,7,2
3210,7,2
3211,7,2
3212,7,2
3213,7,2
3214,7,2
3215,7,2
3216,7,2
3217,7,2
3218,7,2
3219,7,2
3220,7,2
3221,7,2
3222,7,5
3223,7,2
3224,7,2
3225,7,2
3226,7,2
3227,7,2
3228,7,2
3229,7,2
3230,7,2
3231,7,2
3232,7,2
3233,7,2
3234,7,2
3235,7,2
3236,7,2
3237,7,2
3238,7,2
3239,7,2
3240,7,2
3241,7,2
3242,7,2
3243,7,2
3244,7,2
3245,7,2
3246,7,2
3247,7,4
3248,7,2
3249,7,2
3250,7,2
3251,7,2
3252,7,2
3253,7,2
3254,7,2
3255,7,2
3256,7,2
3257,7,2
3258,7,2
3259,7,2
3260,7,2
3261,7,2
3262,7,2
3263,7,2
3264,7,2
3265,7,2
3266,7,2
3267,7,2
3268,7,2
3269,7,2
3270,7,2
3271,7,2
3272,7,2
3273,7,2
3274,7,2
3275,7,2
3276,7,2
3277,7,2
3278,7,2
3279,7,2
3280,7,2
3281,7,2
3282,7,2
3283,7,2
3284,7,4
3285,7,2
3286,7,2
3287,7,2
3288,7,2
3289,7,2
3290,7,2
3291,7,2
3292,7,2
3293,7,2
3294,7,2
3295,7,2
3296,7,2
3297,7,2
3298,7,2
3299,7,2
3300,7,2
3301,7,2
3302,7,2
3303,7,2
3304,7,2
3305,7,2
3306,7,2
3307,7,2
3308,7,2
3309,7,2
3310,7,2
3311,7,2
3312,7,2
3313,7,2
3314,7,2
3315,7,2
3316,7,2
3317,7,2
3318,7,2
3319,7,2
3320,7,2
3321,7,2
3322,7,2
3323,7,2
3324,7,2
3325,7,2
3326,7,2
3327,7,2
3328,7,2
3329,7,2
3330,7,2
3331,7,2
3332,7,2
3333,7,4
3334,7,2
3335,7,2
3336,7,2
3337,7,2
3338,7,2
3339,7,2
3340,7,2
3341,7,2
3342,7,2
3343,7,2
3344,7,2
3345,7,2
3346,7,2
3347,7,2
3348,7,2
3349,7,2
3350,7,2
3351,7,2
3352,7,2
3353,7,2
3354,7,2
3355,7,2
3356,7,2
3357,7,2
3358,7,2
3359,7,2
3360,7,2
3361,7,2
3362,7,2
3363,7,2
3364,7,2
3365,7,2
3366,7,2
3367,7,2
3368,7,2
3369,7,2
3370,7,2
3371,7,2
3372,7,2
3373,7,2
3374,7,2
3375,7,2
3376,7,2
3377,7,2
3378,7,2
3379,7,2
3380,7,2
3381,7,2
3382,7,2
3383,7,2
3384,7,2
3385,7,2
3386,7,2
3387,7,2
3388,7,2
3389,7,2
3390,7,2
3391,7,2
3392,7,2
3393,7,2
3394,7,2
3395,7,2
3396,7,2
3397,7,2
3398,7,2
3399,7,2
3400,7,2
3401,7,2
3402,7,2
3403,7,2
3404,7,2
3405,7,2
3406,7,2
3407,7,2
3408,7,2
3409,7,2
3410,7,2
3411,7,2
3412,7,2
3413,7,2
3414,7,2
3415,7,2
3416,7,2
3417,7,2
3418,7,4
3419,7,2
3420,7,2
3421,7,2
3422,7,2
3423,7,2
3424,7,2
3425,7,2
3426,7,2
3427,7,2
3428,7,2
3429,7,2
3430,7,2
3431,7,2
3432,7,2
3433,7,2
3434,7,2
3435,7,2
3436,7,2
3437,7,2
3438,7,2
3439,7,2
3440,7,2
3441,7,2
3442,7,5
3443,7,2
3444,7,5
3445,7,5
3446,7,5
3447,7,5
3448,7,5
3449,7,7
3450,7,5
3451,7,5
3452,7,5
3453,7,2
3454,7,5
3455,7,5
3456,7,5
3457,7,5
3458,7,5
3459,7,5
3460,7,2
3461,7,5
3462,7,7
3463,7,5
3464,7,5
3465,7,7
3466,7,5
3467,7,5
3468,7,5
3469,7,5
3470,7,5
3471,7,2
3472,7,5
3473,7,7
3474,7,5
3475,7,5
3476,7,5
3477,7,5
3478,7,5
3479,7,7
3480,7,7
3481,7,4
3482,7,7
3483,7,5
3484,7,2
3485,7,2
3486,7,4
3487,7,5
3488,7,2
3489,7,4
3490,7,2
3491,7,5
3492,7,7
3493,7,5
3494,7,7
3495,7,2
3496,7,5
3497,7,5
3498,7,5
3499,7,5
3500,7,7
3501,7,5
3502,7,5
3503,7,2
3504,7,5
3505,7,5
3506,7,2
3507,7,7
3508,7,5
3509,7,5
3510,7,2
3511,7,5
3512,7,5
3513,7,5
3514,7,7
3515,7,7
3516,7,5
3517,7,5
3518,7,5
3519,7,5
3520,7,2
3521,7,7
3522,7,2
3523,7,7
3524,7,7
3525,7,0
3526,7,4
3527,7,5
3528,7,7
3529,7,5
3530,7,5
3531,7,4
3532,7,5
3533,7,5
3534,7,5
3535,7,5
3536,7,5
3537,7,5
3538,7,5
3539,7,7
3540,7,5
3541,7,5
3542,7,7
3543,7,7
3544,7,5
3545,7,5
3546,7,5
3547,7,5
3548,7,5
3549,7,2
3550,7,5
3551,7,5
3552,7,5
3553,7,5
3554,7,5
3555,7,5
3556,7,5
3557,7,7
3558,7,7
3559,7,5
3560,7,2
3561,7,2
3562,7,2
3563,7,4
3564,7,7
3565,7,7
3566,7,2
3567,7,5
3568,7,5
3569,7,2
3570,7,5
3571,7,5
3572,7,2
3573,7,5
3574,7,5
3575,7,7
3576,7,5
3577,7,5
3578,7,5
3579,7,7
3580,7,5
3581,7,2
3582,7,5
3583,7,5
3584,7,5
3585,7,5
3586,7,4
3587,7,2
3588,7,2
3589,7,5
3590,7,7
3591,7,2
3592,7,5
3593,7,7
3594,7,5
3595,7,5
3596,7,5
3597,7,7
3598,7,5
3599,7,7
3600,7,5
3601,7,5
3602,7,5
3603,7,5
3604,7,5
3605,7,5
3606,7,2
3607,7,5
3608,7,5
3609,7,5
3610,7,7
3611,7,5
3612,7,5
3613,7,5
3614,7,7
3615,7,2
3616,7,1
3617,7,5
3618,7,0
3619,7,5
3620,7,5
3621,7,7
3622,7,2
3623,7,5
3624,7,5
3625,7,2
3626,7,5
3627,7,5
3628,7,5
3629,7,7
3630,7,5
3631,7,5
3632,7,7
3633,7,7
3634,7,5
3635,7,5
3636,7,5
3637,7,5
3638,7,4
3639,7,5
3640,7,7
3641,7,7
3642,7,7
3643,7,5
3644,7,2
3645,7,5
3646,7,7
3647,7,5
3648,7,5
3649,7,2
3650,7,4
3651,7,2
3652,7,2
3653,7,5
3654,7,5
3655,7,2
3656,7,5
3657,7,7
3658,7,5
3659,7,5
